left,boolean,ranking,id,score,distanceScore,equipmentScore,serviceScore,roomScore,locationScore,bathScore,mealScore,chargeScore,kinnennScore
left,0,0,135973,0.0127353657537,0.901728395062,0.8,0.7825,0.7925,0.8975,0.745,0.6675,0.8492414058,1
left,0,1,570,0.00870226659349,0.946172839506,0.755,0.7825,0.8625,0.8775,0.735,0.8575,0.765700019205,1
left,0,2,54491,0.00669882468262,0.952098765432,0.77,0.7775,0.7975,0.9025,0.945,0.705,0.868945650086,0
left,0,3,140984,0.00589344381243,0.916049382716,0.755,0.7425,0.7625,0.8925,0.6925,0.645,0.885730747071,1
left,0,4,67160,0.00241446495274,0.88,0.815,0.775,0.85,0.8625,0.76,0.68,0.830036489341,0
left,0,5,4805,0.00226298321179,0.94024691358,0.74,0.7725,0.84,0.9125,0.6975,0.7675,0.775302477434,0
left,0,6,107870,0.00203476848644,0.907160493827,0.8125,0.815,0.8225,0.91,0.735,0.72,0.765815248704,0
left,0,7,28024,0.0015601488461,0.856296296296,0.9,1.0,0.85,1.0,1.0,0.9175,0.658382946034,1
left,0,8,610,0.00152907828355,0.89975308642,0.6875,0.725,0.7825,0.9175,0.615,0.8225,0.880929517957,0
left,0,9,80513,0.00137252931879,0.820740740741,0.7075,0.7825,0.76,0.825,0.5975,0.76,0.84831956981,1
left,0,10,67905,0.00134846941676,0.8,0.765,0.7975,0.8,0.845,0.75,0.6675,0.786863837142,1
left,0,11,14112,0.000547431636773,0.869135802469,0.75,0.755,0.77,0.8175,0.705,0.715,0.77722296908,0
left,0,12,7343,0.000414169303331,0.961975308642,0.6875,0.7075,0.715,0.9125,0.665,0.6325,0.85596312656,0
left,0,13,101,0.000316682256504,0.97975308642,0.655,0.73,0.6,0.94,0.625,0.6975,0.929710005761,1
left,0,14,76496,0.000238420839322,0.804444444444,0.9175,0.835,0.8975,0.9325,0.805,0.89,0.660072978683,0
left,0,15,27972,0.000160965219914,0.77975308642,0.7025,0.7525,0.7775,0.8275,0.6675,0.6675,0.850240061456,0
left,0,16,568,0.000134311194325,0.943209876543,0.685,0.7975,0.6625,0.945,0.865,0.5675,0.786863837142,1
left,0,17,68565,0.000113470727255,0.895802469136,0.695,0.7175,0.7575,0.8575,0.665,0.5775,0.802189360476,1
left,0,18,11275,0.000102580403177,0.874074074074,0.7875,0.8225,0.8775,0.8775,0.82,0.825,0.45938160169,1
left,0,19,29764,5.61209879276e-05,0.82962962963,0.68,0.7425,0.7225,0.775,0.5875,0.6,0.848281159977,1
left,0,20,31557,5.05701990901e-05,0.862716049383,0.5575,0.725,0.7925,0.9275,0.5825,1.0,0.793777607067,1
left,0,21,19718,4.86566283566e-05,0.844444444444,0.6925,0.9225,0.77,0.905,0.635,0.875,0.640868062224,0
left,0,22,2876,4.44060676197e-05,0.886913580247,0.795,0.84,0.8175,0.955,0.89,0.6075,0.602458229307,0
left,0,23,41069,4.28852989949e-05,0.810864197531,0.8525,0.8275,0.845,0.81,0.8025,0.7725,0.600537737661,0
left,0,24,108411,1.1867001993e-05,0.93037037037,0.6175,0.67,0.6575,0.875,0.7075,0.515,0.874323026695,1
left,0,25,4819,6.2581569435e-06,0.884444444444,0.6725,0.6725,0.715,0.7225,0.56,0.6025,0.875168043019,0
left,3,26,129429,1.06116391317e-06,0.817283950617,0.5775,0.68,0.5875,0.7925,0.54,0.76,0.793777607067,1
left,0,27,51734,8.23543750832e-07,0.85037037037,0.6,0.6825,0.7225,0.7275,0.56,0.56,0.927021317457,0
left,0,28,136820,2.65144670965e-07,0.852345679012,0.6275,0.6175,0.655,0.655,0.565,0.6025,0.938544267332,1
left,0,29,2465,2.51847756954e-07,0.815308641975,0.7775,0.7225,0.6675,0.7225,0.555,-0.25,0.937007874016,1
left,0,30,8961,6.99701481496e-08,0.835555555556,0.6325,0.6625,0.6025,0.9075,0.5325,0.535,0.733090071058,0
left,3,31,28894,1.79156967657e-08,0.785185185185,0.62,0.6475,0.67,0.705,0.46,0.5,0.909775302477,1
left,3,32,15812,3.07062301268e-09,0.822222222222,0.575,0.62,0.5675,0.7125,0.5,0.5475,0.765738429038,1
left,0,33,70225,9.80733646722e-10,0.795555555556,0.58,0.5925,0.64,0.805,0.5375,-0.25,0.91165738429,1
left,3,34,79313,7.39136184575e-10,0.788641975309,0.515,0.6175,0.56,0.765,0.4125,0.7,0.921759170348,1
left,3,35,104599,6.52491212261e-11,0.88049382716,0.5725,0.61,0.595,0.6875,0.47,-0.25,0.858075667371,1
left,3,36,70358,9.80909215104e-12,0.829135802469,0.475,0.5425,0.48,0.75,0.545,0.5325,0.955252544651,1
left,0,37,20639,1.52056229628e-15,0.972345679012,0.4425,0.5275,0.415,0.81,0.3375,0.5825,0.864298060303,1
left,3,38,137869,3.48532504566e-20,0.977283950617,0.875,0.87,0.905,0.9725,0.8625,0.815,0.0,0
left,3,39,129672,5.04228520235e-24,0.901234567901,0.485,0.405,0.38,0.725,0.435,-0.25,0.839408488573,1
left,3,40,17938,5.66345306476e-29,0.908148148148,0.3125,0.4375,0.2625,0.7125,0.4575,0.5,0.955867101978,1
left,3,41,29229,2.38243221408e-31,0.849382716049,0.3475,0.3675,0.3475,0.7725,0.3075,0.4375,0.846360668331,0
left,3,42,2605,7.85926042855e-36,0.803456790123,0.3025,0.34,0.34,0.59,0.355,-0.25,0.876742846169,1
left,2,43,839,0.0132503181661,1.0,0.7875,0.815,0.845,0.925,0.7275,0.735,0.782024198195,1
left,2,44,930,1.64265936896e-05,0.75012345679,0.75,0.78,0.7925,0.885,0.685,0.7125,0.560245822931,1
left,2,45,630,2.67149893208e-06,0.762962962963,0.6375,0.68,0.74,0.6875,0.5575,0.7725,0.940503168811,0
left,2,46,1725,2.46017917637e-06,0.760987654321,0.6,0.685,0.6475,0.7425,0.625,0.615,0.842519685039,1
left,2,47,147193,2.06395292683e-06,0.643950617284,0.7825,0.7975,0.7825,0.75,0.85,0.75,0.752294987517,1
left,1,48,41615,1.28032193844e-07,0.544691358025,0.7425,0.92,0.8475,0.8775,0.81,0.9675,0.820741309775,1
left,2,49,7903,5.60160283239e-08,0.671604938272,0.6425,0.68,0.645,0.64,0.5375,0.75,0.885730747071,1
left,2,50,1186,5.39711715621e-08,0.712592592593,0.6175,0.7225,0.6625,0.67,0.65,0.575,0.798770885347,0
left,2,51,1770,2.10589673989e-08,0.722962962963,0.5775,0.6025,0.64,0.835,0.5525,0.635,0.785327443826,0
left,1,52,143324,1.33155870481e-08,0.697283950617,0.66,0.625,0.5725,0.6775,0.59,0.575,0.863683502977,1
left,1,53,134922,1.1805522894e-08,0.679012345679,0.6925,0.6775,0.725,0.79,0.635,0.4375,0.857922028039,0
left,1,54,41708,7.1595154319e-09,0.64987654321,0.645,0.6725,0.735,0.665,0.51,0.6775,0.784904935664,1
left,1,55,1357,2.98105682578e-09,0.608395061728,0.78,0.8025,0.8075,0.835,0.72,0.76,0.283887075091,0
left,1,56,10672,1.70462470006e-12,0.723950617284,0.535,0.6075,0.6425,0.9275,0.5,-0.25,0.813750720184,0
left,1,57,74635,1.25024291928e-12,0.769382716049,0.5575,0.5375,0.675,0.605,0.655,0.3825,0.82527367006,0
left,1,58,922,1.24391309174e-12,0.583703703704,0.595,0.605,0.575,0.6825,0.455,0.4525,0.917418859228,1
left,1,59,659,5.77050836068e-13,0.622222222222,0.5925,0.6125,0.645,0.65,0.4775,0.62,0.531745726906,0
left,1,60,9191,5.78275374916e-15,0.280987654321,0.605,0.685,0.63,0.6825,0.5925,0.5825,0.890531976186,0
left,1,61,15877,8.70548933244e-16,0.741728395062,0.47,0.545,0.44,0.765,0.4325,0.375,0.978913001728,1
