left,boolean,ranking,id,score,distanceScore,chargeScore,mealScore,serviceScore,equipmentScore,locationScore,roomScore,bathScore,kinnennScore
left,0,0,18246,0.0490275504527,0.962469135802,0.9107355483,0.775,0.7525,0.785,0.8725,0.78,0.77,1
left,0,1,141356,0.0134501862802,0.850864197531,0.811791818706,0.7025,0.84,0.795,0.9475,0.825,0.8425,1
left,0,2,56917,0.00203622196585,0.82962962963,0.869444977914,0.7325,0.73,0.72,0.83,0.77,0.6575,1
left,0,3,8290,0.00173099128865,0.88987654321,0.783022853851,0.8925,0.77,0.7825,0.83,0.8325,0.75,0
left,0,4,462,0.00137245921941,0.810864197531,0.965469560207,0.7075,0.83,0.7975,0.79,0.68,0.64,1
left,0,5,74604,0.00117517680591,0.78962962963,0.822969080085,0.795,0.9125,0.83,0.805,0.8275,0.9075,0
left,0,6,9518,0.000699995179221,0.919012345679,0.870674092568,0.75,0.7,0.625,0.85,0.725,0.675,1
left,0,7,38608,0.000258984003053,0.802469135802,0.928980218936,0.75,0.7275,0.74,0.7875,0.67,0.765,0
left,0,8,79388,0.000202759636941,0.806913580247,0.909775302477,0.7925,0.77,0.7325,0.725,0.75,0.715,0
left,0,9,4977,0.000146973448284,0.797037037037,0.794507393893,0.64,0.71,0.725,0.85,0.685,0.705,1
left,0,10,15878,7.61462599648e-05,0.86962962963,0.769541002497,0.6925,0.75,0.6975,0.8,0.7025,0.65,0
left,0,11,1764,4.91464264253e-05,0.880987654321,0.73074707125,0.7725,0.7075,0.67,0.8575,0.7425,0.645,0
left,0,12,4778,1.74024876055e-05,0.941234567901,0.594814672556,0.7875,0.6875,0.7125,0.94,0.775,0.6575,1
left,0,13,129459,1.6406961793e-05,0.838024691358,0.896331860956,0.605,0.6875,0.6725,0.705,0.6925,0.6375,1
left,0,14,2877,1.38446507392e-05,0.845432098765,0.748454004225,0.6875,0.635,0.75,0.8075,0.6725,0.635,1
left,0,15,50703,1.19417456896e-05,0.856296296296,0.735394661033,0.675,0.7325,0.7125,0.74,0.7,0.645,0
left,0,16,5024,1.06305015569e-05,0.903209876543,0.928980218936,0.67,0.7,0.6525,0.7425,0.7625,0.495,1
left,0,17,78211,8.70226467554e-06,0.874074074074,0.525676973305,0.8025,0.83,0.81,0.795,0.86,0.8275,1
left,0,18,32060,2.73157901851e-06,0.947654320988,0.821432686768,0.75,0.65,0.65,1.0,0.55,0.5625,1
left,0,19,28484,1.40429177965e-06,0.935802469136,0.839446898406,0.605,0.6375,0.625,0.86,0.5675,0.61,1
left,0,20,54885,1.13321087351e-06,0.952592592593,0.945265988093,0.625,0.68,0.585,0.85,0.55,0.5625,1
left,0,21,50830,6.91868449648e-07,0.896790123457,0.827539850202,0.6375,0.655,0.565,0.81,0.66,0.5725,0
left,0,22,146877,6.08153913654e-07,0.863209876543,0.573689264452,0.8075,0.5625,0.715,0.865,0.865,0.84,1
left,0,23,80873,5.79971717726e-07,0.818271604938,0.95970808527,0.5,0.7775,0.735,0.6325,0.7075,0.705,0
left,3,24,44938,4.4466349442e-07,0.834567901235,0.717687728058,0.8125,0.75,0.6075,0.9275,0.6425,0.465,1
left,0,25,5385,2.5529283894e-07,0.944691358025,0.902093335894,0.7625,0.6075,0.5875,0.8425,0.6,0.5075,0
left,0,26,2335,9.01353617061e-08,0.884444444444,0.905934319186,0.75,0.675,0.5825,0.69,0.64,0.485,0
left,3,27,1667,8.27663197472e-08,0.902222222222,0.660072978683,0.75,0.68,0.6625,0.8,0.6175,0.49,0
left,3,28,1872,5.51248026534e-08,0.786666666667,0.683272517765,0.6075,0.66,0.6075,0.9475,0.6475,0.52,0
left,0,29,146557,4.25388528972e-08,0.90024691358,0.897484155944,-0.25,0.6825,0.72,0.74,0.73,0.57,0
left,0,30,30094,8.71403601946e-09,0.821234567901,0.919377760707,0.625,0.675,0.62,0.63,0.5625,0.5825,0
left,3,31,18312,7.56263727479e-09,0.789135802469,0.938966775495,1.0,0.6525,0.4825,0.9025,0.5275,0.4825,1
left,0,32,108417,6.76751843664e-09,0.973333333333,0.860149798348,0.52,0.5325,0.5825,0.8,0.6325,0.605,1
left,3,33,1927,6.48984476242e-09,0.817283950617,0.814518916843,0.5,0.66,0.5775,0.84,0.5775,0.52,0
left,0,34,146993,3.82528795604e-09,0.852839506173,0.375840215095,0.8125,1.0,1.0,0.8,1.0,0.95,1
left,3,35,29184,1.76289153329e-09,0.822222222222,0.862684847321,0.5375,0.62,0.57,0.775,0.5725,0.45,1
left,0,36,17703,1.85980379173e-10,0.982716049383,0.925100825811,0.0,0.605,0.635,0.595,0.76,0.4275,1
left,3,37,70793,2.06409496536e-11,0.808395061728,0.889302861533,0.3925,0.66,0.545,0.6125,0.59,0.5275,0
left,3,38,18319,6.20920934269e-13,0.853827160494,0.934818513539,0.4775,0.4825,0.485,0.7525,0.53,0.615,0
left,3,39,76409,2.54933968128e-13,0.885432098765,0.936662185519,0.25,0.5775,0.51,0.7175,0.5325,0.52,0
left,3,40,104560,7.27675177673e-15,0.917037037037,0.850240061456,0.515,0.485,0.4,0.85,0.48,0.4075,0
left,0,41,5562,5.79695747016e-19,0.911111111111,0.256769733052,0.6875,0.8025,0.775,0.9575,0.82,0.7575,0
left,2,42,69292,3.17411857695e-05,0.753580246914,0.751603610524,0.75,0.76,0.74,0.74,0.815,0.7875,0
left,2,43,10630,6.05463424606e-06,0.76987654321,0.680084501632,0.58,0.7275,0.6675,0.8675,0.7225,0.7075,1
left,2,44,1556,7.80267802333e-07,0.675555555556,0.788745918955,0.705,0.675,0.6625,0.7825,0.705,0.6525,1
left,1,45,17979,4.35013130796e-07,0.752592592593,0.878663337814,0.7125,0.7325,0.6525,0.6775,0.6825,0.49,1
left,2,46,142811,5.28279340283e-08,0.714567901235,0.813750720184,0.635,0.675,0.58,0.7825,0.595,0.535,1
left,2,47,1799,4.85367336795e-08,0.761481481481,0.434415210294,0.825,0.81,0.84,0.8,0.885,0.85,0
left,2,48,67423,3.50009214456e-08,0.652839506173,0.938544267332,0.59,0.705,0.6375,0.6825,0.6875,0.6775,0
left,2,49,129907,8.76082061702e-09,0.725432098765,0.905895909353,0.6075,0.65,0.65,0.65,0.63,0.54,0
left,1,50,1511,6.19003704529e-09,0.724444444444,0.863645093144,0.6075,0.6125,0.52,0.87,0.54,0.5925,1
left,1,51,107778,3.48564680066e-09,0.589135802469,0.833877472633,0.78,0.7375,0.68,0.685,0.7175,0.6,1
left,1,52,141053,1.92609772278e-09,0.611358024691,1.0,0.625,0.7025,0.65,0.7025,0.645,0.5,1
left,1,53,67299,6.42828598118e-10,0.709135802469,0.932821202228,0.5,0.6775,0.6775,0.545,0.6825,0.6625,1
left,1,54,1997,4.05156062235e-10,0.493827160494,0.890570386019,0.7775,0.69,0.6625,0.67,0.685,0.59,1
left,1,55,1501,3.07869597221e-10,0.775308641975,0.852160553102,0.55,0.6425,0.505,0.945,0.6025,0.4,0
left,1,56,18392,1.60695629777e-10,0.655308641975,0.812944113693,0.5775,0.5975,0.5775,0.725,0.595,0.52,1
left,1,57,109008,7.49800695779e-11,0.681975308642,0.813750720184,0.595,0.63,0.5275,0.695,0.5325,0.5,1
left,1,58,858,1.84201013602e-11,0.631604938272,0.771461494143,0.5675,0.61,0.635,0.6475,0.65,0.5525,0
left,1,59,108652,1.05808949976e-15,0.556049382716,0.945265988093,0.5625,0.565,0.5075,0.525,0.6425,0.44,0
