left,boolean,ranking,id,score,roomScore,equipmentScore,bathScore,serviceScore,chargeScore,mealScore,locationScore,kinnennScore,distanceScore
left,0,0,570,0.46524378318,0.8625,0.755,0.735,0.7825,0.765700019205,0.8575,0.8775,1,0.946172839506
left,0,1,141356,0.432617420696,0.825,0.795,0.8425,0.84,0.811791818706,0.7025,0.9475,1,0.850864197531
left,3,2,18246,0.421812990998,0.78,0.785,0.77,0.7525,0.9107355483,0.775,0.8725,1,0.962469135802
left,0,3,109067,0.336818598221,0.795,0.7625,0.71,0.7525,0.787785673132,0.75,0.8,1,0.847901234568
left,0,4,135973,0.329130594332,0.7925,0.8,0.745,0.7825,0.8492414058,0.6675,0.8975,1,0.901728395062
left,3,5,140984,0.268962196539,0.7625,0.755,0.6925,0.7425,0.885730747071,0.645,0.8925,1,0.916049382716
left,0,6,8290,0.213019949673,0.8325,0.7825,0.75,0.77,0.783022853851,0.8925,0.83,0,0.88987654321
left,0,7,54491,0.212305347308,0.7975,0.77,0.945,0.7775,0.868945650086,0.705,0.9025,0,0.952098765432
left,0,8,18270,0.193574765936,0.765,0.6775,0.6275,0.7425,0.779181870559,0.645,0.7925,1,0.95012345679
left,0,9,4805,0.185979556703,0.84,0.74,0.6975,0.7725,0.775302477434,0.7675,0.9125,0,0.94024691358
left,0,10,1356,0.182591766509,0.8125,0.775,0.73,0.7575,0.704513155368,0.79,0.925,0,0.831604938272
left,3,11,1680,0.179698767223,0.7275,0.695,0.6975,0.7925,0.897484155944,0.785,0.87,1,0.875061728395
left,0,12,67160,0.174162312593,0.85,0.815,0.76,0.775,0.830036489341,0.68,0.8625,0,0.88
left,0,13,74696,0.144935949454,0.7175,0.7125,0.695,0.6975,0.863645093144,0.6675,0.7825,1,0.892839506173
left,0,14,104688,0.12677806777,0.73,0.7275,0.7225,0.6625,0.657384290378,0.75,0.8125,1,0.743209876543
left,0,15,80513,0.124645116803,0.76,0.7075,0.5975,0.7825,0.84831956981,0.76,0.825,1,0.820740740741
left,0,16,19718,0.0844677601926,0.77,0.6925,0.635,0.9225,0.640868062224,0.875,0.905,0,0.844444444444
left,0,17,28512,0.0823750309118,0.725,0.6775,0.635,0.765,0.814518916843,0.8275,0.7525,0,0.990617283951
left,0,18,69292,0.0811068936524,0.815,0.74,0.7875,0.76,0.751603610524,0.75,0.74,0,0.753580246914
left,3,19,79388,0.0662212601685,0.75,0.7325,0.715,0.77,0.909775302477,0.7925,0.725,0,0.806913580247
left,0,20,1799,0.0648018727042,0.885,0.84,0.85,0.81,0.434415210294,0.825,0.8,0,0.761481481481
left,0,21,41615,0.0454351919143,0.8475,0.7425,0.81,0.92,0.820741309775,0.9675,0.8775,1,0.544691358025
left,0,22,136846,0.022555511476,0.7925,0.8075,0.875,0.805,0.722681006338,0.7625,0.6525,0,0.607407407407
left,3,23,134922,0.00306948178248,0.725,0.6925,0.635,0.6775,0.857922028039,0.4375,0.79,0,0.679012345679
left,2,24,11230,0.0792696376838,0.695,0.6725,0.6125,0.74,0.775686575763,0.6825,0.8975,1,0.83012345679
left,1,25,1128,0.0544021977887,0.6775,0.6925,0.6025,0.7425,0.858882273862,0.87,0.7725,1,0.793580246914
left,2,26,146993,0.0542253804521,1.0,1.0,0.95,1.0,0.375840215095,0.8125,0.8,1,0.852839506173
left,1,27,2877,0.036940950403,0.6725,0.75,0.635,0.635,0.748454004225,0.6875,0.8075,1,0.845432098765
left,1,28,767,0.0331330695266,0.7,0.6625,0.5975,0.695,0.759938544267,0.7325,0.8725,0,0.900740740741
left,1,29,67423,0.0317150630106,0.6875,0.6375,0.6775,0.705,0.938544267332,0.59,0.6825,0,0.652839506173
left,1,30,39495,0.0283124885644,0.69,0.7225,0.5525,0.765,0.852160553102,0.66,0.75,1,0.873580246914
left,1,31,1997,0.0213522608527,0.685,0.6625,0.59,0.69,0.890570386019,0.7775,0.67,1,0.493827160494
left,1,32,70659,0.0187427896043,0.685,0.6025,0.55,0.695,0.904974073363,0.5275,0.565,1,0.783209876543
left,1,33,17743,0.013775005796,0.6825,0.6725,0.6625,0.665,0.836796619935,0.5,0.785,0,0.875555555556
left,1,34,29338,0.0078125,0.69,0.6525,0.62,0.7,0.951987708853,-0.25,0.615,1,0.602962962963
left,1,35,147026,0.00753705870795,0.655,0.615,0.52,0.625,0.862684847321,0.5,0.645,1,0.815802469136
left,1,36,4819,0.00685261978391,0.715,0.6725,0.56,0.6725,0.875168043019,0.6025,0.7225,0,0.884444444444
left,1,37,51734,0.00685222136951,0.7225,0.6,0.56,0.6825,0.927021317457,0.56,0.7275,0,0.85037037037
left,1,38,28894,0.0065083582144,0.67,0.62,0.46,0.6475,0.909775302477,0.5,0.705,1,0.785185185185
left,1,39,630,0.00598923011342,0.74,0.6375,0.5575,0.68,0.940503168811,0.7725,0.6875,0,0.762962962963
left,1,40,223,0.00597633393833,0.605,0.6375,0.5575,0.6775,0.87136546956,0.5825,0.605,0,0.81037037037
left,1,41,108388,0.00501704009352,0.64,0.5475,0.6,0.5875,0.840637603226,0.58,0.69,1,0.819259259259
left,1,42,44938,0.00416198565978,0.6425,0.6075,0.465,0.75,0.717687728058,0.8125,0.9275,1,0.834567901235
left,1,43,143324,0.00304462213794,0.5725,0.66,0.59,0.625,0.863683502977,0.575,0.6775,1,0.697283950617
left,1,44,129907,0.00207346677136,0.63,0.65,0.54,0.65,0.905895909353,0.6075,0.65,0,0.725432098765
left,1,45,32060,0.00143924689356,0.55,0.65,0.5625,0.65,0.821432686768,0.75,1.0,1,0.947654320988
left,1,46,7599,0.00119431058717,0.5675,0.5625,0.5325,0.6,0.8646437488,0.75,0.95,1,0.945679012346
left,1,47,1872,0.00047132273785,0.6475,0.6075,0.52,0.66,0.683272517765,0.6075,0.9475,0,0.786666666667
left,1,48,104598,0.000310412712587,0.645,0.5825,0.515,0.685,0.826963702708,0.5,0.67,0,0.854320987654
left,1,49,1511,0.00027362954429,0.54,0.52,0.5925,0.6125,0.863645093144,0.6075,0.87,1,0.724444444444
left,1,50,15812,8.95148783054e-05,0.5675,0.575,0.5,0.62,0.765738429038,0.5475,0.7125,1,0.822222222222
left,1,51,109008,3.92920059398e-05,0.5325,0.5275,0.5,0.63,0.813750720184,0.595,0.695,1,0.681975308642
left,1,52,108143,3.58127441264e-05,0.695,0.485,0.73,0.625,0.876742846169,0.5625,0.7225,0,0.882469135802
left,1,53,922,2.61040105352e-05,0.575,0.595,0.455,0.605,0.917418859228,0.4525,0.6825,1,0.583703703704
left,1,54,18319,7.00731925655e-07,0.53,0.485,0.615,0.4825,0.934818513539,0.4775,0.7525,0,0.853827160494
left,1,55,5303,4.07506218327e-09,0.5,0.4725,0.695,0.75,0.865603994623,0.25,0.86,1,0.787160493827
left,1,56,72086,1.22748606167e-09,0.545,0.565,0.4175,0.585,0.87136546956,0.4075,0.8475,0,0.515061728395
left,1,57,9191,7.77402815927e-11,0.63,0.605,0.5925,0.685,0.890531976186,0.5825,0.6825,0,0.280987654321
left,1,58,5729,1.80784782378e-11,0.545,0.5225,0.41,0.5,0.696216631458,0.5,0.6375,0,0.826172839506
left,1,59,25302,1.66503932666e-13,0.5625,0.4875,0.39,0.5125,0.719108891876,0.5,0.725,0,0.925925925926
left,1,60,41042,8.96466827767e-20,0.445,0.3475,0.515,0.5425,0.909775302477,-0.25,0.8325,1,0.820740740741
