user,id,chargeScore,chargeScore_pdf,chargeScore_cdf,serviceScore,serviceScore_pdf,serviceScore_cdf,equipmentScore,equipmentScore_pdf,equipmentScore_cdf,roomScore,roomScore_pdf,roomScore_cdf,bathScore,bathScore_pdf,bathScore_cdf,mealScore,mealScore_pdf,mealScore_cdf,distanceScore,distanceScore_pdf,distanceScore_cdf,locationScore,locationScore_pdf,locationScore_cdf,kinnennScore,kinnennScore_pdf,kinnennScore_cdf
11,101,0.9297100057614741,3.07289550033,0.9117587307059843,0.73,4.44999260475,0.7310161093695674,0.655,4.49267157994,0.5415794963031102,0.6000000000000001,2.94472300328,0.20858354258388057,0.625,3.55713041534,0.5544428829082295,0.6975,1.67668116964,0.6434737392175535,0.9797530864197531,1.35038304177,0.9118522447780897,0.9400000000000001,1.1801636597,0.9315360813739434,1.0,nan,0.0
11,192,0.8213942769348951,5.61167615807,0.20963552738441432,0.66,5.0884692235,0.37179772155204144,0.63,4.46058775682,0.42890106177711196,0.6775,4.09172314629,0.4936525477179444,0.5325,2.81464637935,0.24333490595216323,0.6675,1.74825734812,0.5920269497968689,0.755061728395061,2.89992038168,0.29326981840834054,0.745,3.52609112757,0.38683070710503886,1.0,nan,0.0
11,223,0.8713654695602071,7.93019155272,0.5758894380549284,0.6775,5.34903556892,0.46353058988530205,0.6375000000000001,4.50863189394,0.46255595014450057,0.605,3.06642639286,0.2236126820869004,0.5575,3.2131612986,0.3188932732859392,0.5825,1.77723680333,0.4402967404500949,0.8103703703703701,3.35476595293,0.4690967150711433,0.605,1.05577323175,0.057275161385268454,0.0,nan,0.0
11,388,0.713885154599577,0.165429777545,0.003318275146927766,0.7675000000000001,2.86932762181,0.8690075431265708,0.7575000000000001,2.01242739773,0.8948162607269504,0.7675000000000001,2.69688436523,0.8170413794901614,0.675,3.01475137925,0.721182728934025,0.7825000000000001,1.34648068564,0.7730363409651662,0.851358024691358,3.24750250025,0.605748158946736,0.915,1.6153387546,0.8967351132337193,1.0,nan,0.0
11,398,0.8828884194353751,7.36430406069,0.6643974591567623,0.66,5.0884692235,0.37179772155204144,0.635,4.49623480979,0.45129910745219914,0.6325000000000001,3.65387816136,0.3164007035255557,0.545,3.02655442882,0.27986515170556703,0.847499999999999,1.03161690729,0.8504108019311332,0.720493827160493,2.37090970562,0.20183206823777963,0.61,1.13449658306,0.06274943889967743,0.0,nan,0.0
11,462,0.965469560207413,0.937628072626,0.978081487754552,0.8300000000000001,0.780767069523,0.9753040026789079,0.7975000000000001,1.04070752972,0.9546734870980105,0.68,4.09159147777,0.5038822573606031,0.64,3.45829717151,0.6071360119275631,0.7075,1.64662686052,0.6600926955162061,0.810864197530864,3.35584197339,0.47075365768301825,0.79,3.63248243864,0.5502353704179196,1.0,nan,0.0
11,509,0.6792778951411561,0.0298649964548,0.0005105761255023787,0.6950000000000001,5.31894989895,0.5573091428245448,0.6375000000000001,4.50863189394,0.46255595014450057,0.6950000000000001,4.03416848202,0.5649458897989372,0.5125000000000001,2.44063994078,0.19072876733365524,0.8225,1.15432298205,0.8230872658247355,0.9125925925925921,2.47482898884,0.7838101025362976,0.919999999999999,1.52300439646,0.9045799956870119,0.0,nan,0.0
11,568,0.786863837142308,2.50935665398,0.07205180818604998,0.7975000000000001,1.67915046813,0.9365633616187545,0.685,4.0722873038,0.671195664291625,0.6625,4.03577485665,0.4325755171665213,0.865,0.264631889892,0.988319953742415,0.5675,1.75467526558,0.413797387727763,0.9432098765432091,1.95414586636,0.8516755062863952,0.9450000000000001,1.10190379409,0.9372399297764028,1.0,nan,0.0
11,570,0.765700019204916,1.28747805128,0.032938223287565245,0.7825000000000001,2.24053350009,0.9072678778892713,0.754999999999999,2.0840875958,0.8896958217763185,0.8625,0.703518983574,0.968763846167735,0.735,1.89224794695,0.8693057363850154,0.857499999999999,0.982888784166,0.86048300204063,0.946172839506172,1.90320849775,0.8573900716969575,0.8775000000000001,2.35715718437,0.8224303249426985,1.0,nan,0.0
11,610,0.880929517956596,7.48828760072,0.6498483830072124,0.725,4.62761117476,0.7083163810070522,0.6875,4.01811691894,0.6813091885946687,0.7825000000000001,2.31742380879,0.8546492008648702,0.615,3.58762331289,0.5186948939580761,0.8225,1.15432298205,0.8230872658247355,0.899753086419753,2.67865092728,0.7507108499557518,0.9175000000000001,1.56887893256,0.9007152665504916,0.0,nan,0.0
11,630,0.9405031688112151,2.2354819251,0.9402574330119717,0.68,5.36295795755,0.47692184018339556,0.6375000000000001,4.50863189394,0.46255595014450057,0.74,3.35235001586,0.7336465825951883,0.5575,3.2131612986,0.3188932732859392,0.7725000000000001,1.39230508776,0.7593413797575198,0.7629629629629631,3.00059692844,0.3165868564219637,0.6875,2.63455382428,0.20672328262523199,0.0,nan,0.0
11,658,0.656270405223737,0.00801132917348,0.00012382016031635117,0.5775,1.90918685422,0.07562268602965116,0.54,2.20167585196,0.11414381856800229,0.59,2.69412414856,0.18038301261920991,0.47750000000000004,1.75955086803,0.1172749695290441,0.63,1.79407712591,0.5254491070210359,0.65679012345679,1.31051626529,0.08514131788029619,0.665,2.17514205526,0.1525830552033129,0.0,nan,0.0
11,659,0.531745726906087,4.40549765959e-07,4.401653591387327e-09,0.6125,3.36080942369,0.1671202387545076,0.5925,3.78441039723,0.2722544095202524,0.645,3.85302744217,0.36337295124393604,0.47750000000000004,1.75955086803,0.1172749695290441,0.62,1.79755357142,0.507487829148924,0.622222222222222,0.842653870917,0.04826212421685448,0.65,1.86859319876,0.12226453501261517,0.0,nan,0.0
11,716,0.7945073938928361,3.10038551814,0.09344189266895227,0.7225,4.71100805485,0.6966423096963982,0.715,3.29171790553,0.7822849305989781,0.8325,1.18518472811,0.9408554855246314,0.645,3.41196850708,0.6243143433662193,0.8025,1.25170800994,0.7990241210460034,0.819259259259259,3.36523483473,0.49897736820346605,0.735,3.42113561212,0.35207228248359956,0.0,nan,0.0
11,767,0.7599385442673321,1.05394923423,0.026211499216760047,0.6950000000000001,5.31894989895,0.5573091428245448,0.6625,4.43156352837,0.5750651644399146,0.7000000000000001,3.99396771741,0.5850204933483578,0.5975,3.57038614203,0.4559310049306665,0.7325,1.55965836881,0.7002045144267126,0.9007407407407401,2.66350574232,0.7533489602530373,0.8725,2.45780583725,0.8103926271647532,0.0,nan,0.0
11,839,0.782024198194737,2.17610932754,0.06072692599939303,0.8150000000000001,1.13871037523,0.9610277308577504,0.7875000000000001,1.24871317346,0.9432470991839099,0.845,0.963941301161,0.954257087495689,0.7275,2.03748792592,0.8545704728828891,0.735,1.55011991118,0.7040917667032371,1.0,1.05609004995,0.936151295065003,0.925,1.43312521141,0.9119692508225621,1.0,nan,0.0
11,858,0.7714614941425001,1.56097385581,0.04112383826507191,0.61,3.25138408052,0.15885497725921494,0.635,4.49623480979,0.45129910745219914,0.65,3.91739717486,0.3828028798112565,0.5525,3.14198945679,0.30300335240762405,0.5675,1.75467526558,0.413797387727763,0.631604938271604,0.957903366437,0.05670198991229508,0.6475000000000001,1.8184666967,0.11765578873104589,0.0,nan,0.0
11,864,0.8713654695602071,7.93019155272,0.5758894380549284,0.6900000000000001,5.35785941013,0.5306071285806325,0.6375000000000001,4.50863189394,0.46255595014450057,0.71,3.88380810194,0.6244415378794842,0.5625,3.27922826274,0.3351264559750069,0.75,1.49008281616,0.726899088262869,0.899753086419753,2.67865092728,0.7507108499557518,0.919999999999999,1.52300439646,0.9045799956870119,0.0,nan,0.0
11,922,0.9174188592279621,4.20278046746,0.8672042429580717,0.605,3.0328644676,0.14314480853875888,0.595,3.84822996198,0.2817956433935164,0.5750000000000001,2.31138236142,0.14284080768634588,0.454999999999999,1.35403383018,0.08232965739683726,0.4525,1.36248937095,0.23140411729193422,0.5837037037037031,0.466592630123,0.023543745872020162,0.6825,2.53424782002,0.19380058202850045,1.0,nan,0.0
11,930,0.56024582293067,6.23485608641e-06,6.785888764364645e-08,0.78,2.34150240764,0.9015407158353118,0.75,2.23015727095,0.8789116458551898,0.7925000000000001,2.06794409998,0.8765709985310586,0.685,2.84624102022,0.7504994013025189,0.7125,1.63053592341,0.6682858896899095,0.750123456790123,2.83233628502,0.27911471174221564,0.885,2.20543757406,0.8395402532571865,1.0,nan,0.0
11,995,0.8674860764355671,8.02406304736,0.5449262485813973,0.5775,1.90918685422,0.07562268602965116,0.51,1.37317850795,0.06097851014554888,0.5325,1.31720914708,0.06651664579210623,0.52,2.58449430538,0.20957502600532557,0.7875000000000001,1.32313366795,0.7797104873201823,0.7664197530864191,3.04149052213,0.32703054993007163,0.65,1.86859319876,0.12226453501261517,1.0,nan,0.0
11,996,0.8703668139043591,7.95930195814,0.5679550896955572,0.65,4.8236338121,0.322174193310539,0.6000000000000001,3.96928415735,0.30134323817779496,0.6375000000000001,3.73973194069,0.3348879986372624,0.5325,2.81464637935,0.24333490595216323,0.625,1.79628401918,0.5164728142364416,0.8390123456790121,3.32102065518,0.5651666850413042,0.725,3.29083025053,0.318492557815776,0.0,nan,0.0
11,1119,0.8574227002112541,8.02083435412,0.4638927280081691,0.6000000000000001,2.81635290789,0.12852297692773473,0.545,2.35478518434,0.12553379820893323,0.58,2.43892841232,0.15471633648244582,0.5075000000000001,2.34328073133,0.1787686034438532,0.5,1.56338683561,0.30105156730065324,0.8874074074074071,2.85855216775,0.7165116276265271,0.7325,3.3908220693,0.34355700944640116,0.0,nan,0.0
11,1128,0.858882273862108,8.04348372891,0.47561716055877895,0.7425,3.95555999624,0.7836148661310312,0.6925,3.90262150544,0.7011148658512263,0.6775,4.09172314629,0.4936525477179444,0.6025,3.58448977234,0.4738212324784232,0.8700000000000001,0.922678134276,0.8723918327998912,0.7935802469135801,3.28428933338,0.413270252271069,0.7725000000000001,3.66549242047,0.4862392135063106,1.0,nan,0.0
11,1186,0.7987708853466481,3.46202182611,0.10742369955229275,0.7225,4.71100805485,0.6966423096963982,0.6175,4.31044510587,0.3739936881995004,0.6625,4.03577485665,0.4325755171665213,0.65,3.35938597225,0.641245271967869,0.5750000000000001,1.76695731373,0.4270047484795803,0.712592592592592,2.23745790956,0.18362455173031417,0.67,2.27832180091,0.16371671513470504,0.0,nan,0.0
11,1356,0.704513155367774,0.107196119287,0.0020582340181009486,0.7575000000000001,3.30744919174,0.8381286163556789,0.774999999999999,1.54299543275,0.9258375635968354,0.8125,1.59727510285,0.9131437431565849,0.73,1.98886036497,0.8596033713209407,0.79,1.31136443314,0.7830036226005503,0.8316049382716041,3.34842301824,0.5404571306721553,0.925,1.43312521141,0.9119692508225621,0.0,nan,0.0
11,1357,0.283887075091223,1.67844272303e-21,9.73972862036038e-24,0.8025,1.51137704173,0.9445353527853222,0.78,1.42084229005,0.9332447525957412,0.8075000000000001,1.71026589252,0.9048763767205326,0.72,2.18410852376,0.838739956497397,0.76,1.44764805327,0.7415892201198879,0.6083950617283951,0.689769054872,0.037691011528263534,0.835,3.14984074799,0.7047674340159134,0.0,nan,0.0
11,1386,0.694680238140964,0.0664416333563,0.001218774720967501,0.6975,5.29057751652,0.5705722763586063,0.7025,3.64673814778,0.7388868920911111,0.7425,3.29740681213,0.7419590419234068,0.6525000000000001,3.33084707426,0.6496083682703528,0.5825,1.77723680333,0.4402967404500949,0.866666666666666,3.11128531328,0.6544807437870949,0.8600000000000001,2.70433651692,0.7781193501658272,0.0,nan,0.0
11,1404,0.41317457269060803,5.4106157497e-13,4.021840254942048e-15,0.6725,5.30322354332,0.4368900376272309,0.6725,4.30250072056,0.6187792033819174,0.7875000000000001,2.19192728682,0.865922067571418,0.77,1.26395444367,0.924237357546227,0.75,1.49008281616,0.726899088262869,0.575802469135802,0.408028668891,0.0200923643476571,0.75,3.56823469847,0.404569491754211,0.0,nan,0.0
11,1500,0.9097753024774341,4.96239010589,0.8321911592753342,0.73,4.44999260475,0.7310161093695674,0.5675,3.05959134237,0.18643721614129852,0.5825,2.50284238038,0.16089354487101432,0.387499999999999,0.487129043346,0.023419979715347622,0.6875,1.70374679025,0.6265690362033315,0.8859259259259251,2.87883177262,0.7122616758296076,0.9375,1.22046919362,0.9285354512768307,0.0,nan,0.0
11,1501,0.8521605531015941,7.87854902401,0.42201925740837815,0.6425000000000001,4.57939706412,0.28689086525565044,0.505,1.25489814335,0.05441098488133484,0.6025,3.00595449803,0.21602203760879796,0.4,0.604315909732,0.030221859001010605,0.55,1.71849033375,0.3833921195607822,0.775308641975308,3.13696766851,0.35450103045062364,0.9450000000000001,1.10190379409,0.9372399297764028,0.0,nan,0.0
11,1511,0.8636450931438441,8.06516070183,0.5140103344611868,0.6125,3.36080942369,0.1671202387545076,0.52,1.62830431732,0.075965936309905,0.54,1.47466306511,0.07698013730061984,0.5925,3.54904335787,0.43812943880299143,0.6075,1.79661662338,0.48501814703943,0.724444444444444,2.43654584873,0.2113285620671013,0.8700000000000001,2.507811458,0.8041855512297105,1.0,nan,0.0
11,1556,0.788745918955252,2.64767145925,0.07690402513260242,0.675,5.32910106515,0.4501816729984829,0.6625,4.43156352837,0.5750651644399146,0.705,3.94371331656,0.6048688066653518,0.6525000000000001,3.33084707426,0.6496083682703528,0.705,1.65441081254,0.6559663615819771,0.675555555555555,1.607802608,0.11248466050625049,0.7825000000000001,3.65828484323,0.5228841798762924,1.0,nan,0.0
11,1630,0.888611484540042,6.94695124087,0.7053864732580932,0.6525000000000001,4.89682388641,0.3343256808778825,0.6325000000000001,4.48020813465,0.44007780100438787,0.6825,4.0887428612,0.5141082408310388,0.6075,3.59126790302,0.4917636909497727,0.8525,1.00720358709,0.8555078168985939,0.6335802469135801,0.983329998579,0.05861919167736712,0.64,1.6706471675,0.10457420554169725,0.0,nan,0.0
11,1667,0.660072978682542,0.0100609681653,0.0001580447607282122,0.68,5.36295795755,0.47692184018339556,0.6625,4.43156352837,0.5750651644399146,0.6175,3.35398756668,0.2637689134941424,0.49,2.00011233571,0.1407651882316617,0.75,1.49008281616,0.726899088262869,0.902222222222222,2.64060363301,0.7572779570351942,0.8,3.57166235177,0.5862807619396451,0.0,nan,0.0
11,1680,0.8974841559439211,6.17204707254,0.7636816418860428,0.7925000000000001,1.85705613237,0.9277269502855516,0.6950000000000001,3.84155822554,0.7107955277893965,0.7275,3.60554287389,0.6901195851311752,0.6975,2.6188412553,0.7846723275984824,0.784999999999999,1.33484031803,0.7763880064144434,0.875061728395061,3.01753784078,0.6802154409105952,0.8700000000000001,2.507811458,0.8041855512297105,1.0,nan,0.0
11,1725,0.84251968503937,7.39102910942,0.3481930923434776,0.685,5.37259168871,0.5037708623603837,0.6000000000000001,3.96928415735,0.30134323817779496,0.6475000000000001,3.88637245085,0.37304767797609606,0.625,3.55713041534,0.5544428829082295,0.615,1.79788369143,0.4984988443275683,0.760987654320987,2.97634183917,0.3106836030724922,0.7425,3.50238007528,0.3780447575950121,1.0,nan,0.0
11,1764,0.7307470712502401,0.343301298598,0.0074478694256094515,0.7075,5.1200631719,0.6226997937195973,0.67,4.33964380001,0.6079758661992261,0.7425,3.29740681213,0.7419590419234068,0.645,3.41196850708,0.6243143433662193,0.7725000000000001,1.39230508776,0.7593413797575198,0.880987654320987,2.94414341262,0.6978824773826324,0.857499999999999,2.75229214446,0.7712984473070257,0.0,nan,0.0
11,1770,0.785327443825619,2.40004759462,0.06828083694211715,0.6025,2.9242450507,0.13569855034752182,0.5775,3.36431924409,0.2185679809384199,0.64,3.77963717209,0.34428764315591,0.5525,3.14198945679,0.30300335240762405,0.635,1.79093650536,0.5344120291993439,0.722962962962963,2.41203468642,0.20773700496276548,0.835,3.14984074799,0.7047674340159134,0.0,nan,0.0
11,1799,0.434415210293835,8.41794319715e-12,6.559324578768857e-14,0.81,1.27962537725,0.9549864448502802,0.8400000000000001,0.423418202749,0.9843304328183902,0.885,0.449360499202,0.9815722139332714,0.8500000000000001,0.353971296722,0.9837067209064461,0.8250000000000001,1.14205616573,0.825957742081608,0.7614814814814811,2.98246466811,0.312154914927373,0.8,3.57166235177,0.5862807619396451,0.0,nan,0.0
11,1872,0.683272517764547,0.036971923417,0.0006436135914325218,0.66,5.0884692235,0.37179772155204144,0.6075,4.13241983909,0.33173929803551727,0.6475000000000001,3.88637245085,0.37304767797609606,0.52,2.58449430538,0.20957502600532557,0.6075,1.79661662338,0.48501814703943,0.7866666666666661,3.23677483499,0.39072231300230054,0.9475,1.06397308672,0.93994710752164,0.0,nan,0.0
11,1927,0.814518916842711,4.9400006372,0.17335783879524627,0.66,5.0884692235,0.37179772155204144,0.5775,3.36431924409,0.2185679809384199,0.5775,2.37508092431,0.14869884734340943,0.52,2.58449430538,0.20957502600532557,0.5,1.56338683561,0.30105156730065324,0.8172839506172841,3.3645411651,0.4923305219654044,0.8400000000000001,3.0679373777,0.7203136812544559,0.0,nan,0.0
11,1996,0.8560015363933161,7.99167288125,0.4525137045091101,0.67,5.27149198166,0.42367043418683525,0.525,1.76448984698,0.08444566840832216,0.495,0.686714694389,0.029781934172151837,0.6000000000000001,3.57834930934,0.464867302810038,0.62,1.79755357142,0.507487829148924,0.7866666666666661,3.23677483499,0.39072231300230054,0.7325,3.3908220693,0.34355700944640116,0.0,nan,0.0
11,1997,0.8905703860188201,6.78749112069,0.7188399283003923,0.6900000000000001,5.35785941013,0.5306071285806325,0.6625,4.43156352837,0.5750651644399146,0.685,4.08318395178,0.5243237129375515,0.59,3.53569653278,0.4292731456179343,0.7775000000000001,1.36954773733,0.7662461470671167,0.493827160493827,0.0784495918022,0.0030798353859385103,0.67,2.27832180091,0.16371671513470504,1.0,nan,0.0
11,2335,0.9059343191857111,5.347755348,0.8123900689535744,0.675,5.32910106515,0.4501816729984829,0.5825,3.51046189603,0.2357570717627379,0.64,3.77963717209,0.34428764315591,0.485,1.90302387,0.13100773331408894,0.75,1.49008281616,0.726899088262869,0.884444444444444,2.89880122973,0.7079819088684736,0.6900000000000001,2.68401727417,0.21337160318820175,0.0,nan,0.0
11,2465,0.937007874015748,2.48846304413,0.9320068723060577,0.7225,4.71100805485,0.6966423096963982,0.7775000000000001,1.48119722834,0.9296175071836773,0.6675,4.06513919401,0.45283220568823634,0.555,3.17818858572,0.31090382514846915,-0.25,0.00173397884349,0.00011028137767843931,0.8153086419753081,3.3629130648,0.48568596900415595,0.7225,3.25464990416,0.3103104234892986,1.0,nan,0.0
11,2605,0.8767428461686191,7.71672092755,0.6180011868449646,0.339999999999999,0.000138577643672,2.194199030368482e-06,0.3025,0.00249161541164,5.597383416092558e-05,0.339999999999999,0.0107602104548,0.0002961985699496106,0.355,0.263433151127,0.01151707481932027,-0.25,0.00173397884349,0.00011028137767843931,0.803456790123456,3.33365549969,0.4459697659214794,0.59,0.840220934097,0.04309439369656232,1.0,nan,0.0
11,2876,0.602458229306702,0.000202861610295,2.5419022595753365e-06,0.8400000000000001,0.593418710502,0.9821425179493919,0.794999999999999,1.09037562975,0.9520099580389787,0.8174999999999991,1.48801064749,0.920855341221523,0.889999999999999,0.15733130083,0.9934974643672612,0.6075,1.79661662338,0.48501814703943,0.886913580246913,2.86534597389,0.7150983180575963,0.9550000000000001,0.955085305076,0.9475139453917915,0.0,nan,0.0
11,2877,0.748454004225081,0.692346467596,0.01630597005647511,0.635,4.3035556338,0.25356229491937854,0.75,2.23015727095,0.8789116458551898,0.6725,4.08383644582,0.4732091258912587,0.635,3.49809011301,0.5897422665967957,0.6875,1.70374679025,0.6265690362033315,0.845432098765432,3.2870397104,0.5863827490251263,0.8075000000000001,3.50712977307,0.6128360409341002,1.0,nan,0.0
11,2958,0.8905703860188201,6.78749112069,0.7188399283003923,0.65,4.8236338121,0.322174193310539,0.59,3.71858064181,0.2628752666417856,0.5325,1.31720914708,0.06651664579210623,0.7475,1.65640321207,0.8914748119076037,0.6825,1.71610562978,0.6180190720782831,0.9797530864197531,1.35038304177,0.9118522447780897,0.8775000000000001,2.35715718437,0.8224303249426985,0.0,nan,0.0
11,4771,0.7637795275590551,1.20537325366,0.030545173991469412,0.705,5.17098088632,0.6098348744664079,0.635,4.49623480979,0.45129910745219914,0.705,3.94371331656,0.6048688066653518,0.5175000000000001,2.53690873796,0.20317318613857965,0.6025,1.79459904714,0.4760397176041119,0.79753086419753,3.30670068118,0.42629064650687165,0.8975000000000001,1.95411920893,0.8655330605190794,1.0,nan,0.0
11,4778,0.594814672556174,0.000112292653392,1.3696941186436976e-06,0.6875,5.36826726413,0.5171982056083535,0.7125,3.36508986277,0.773963718670802,0.774999999999999,2.50720358935,0.8365574860416363,0.6575000000000001,3.26948658767,0.6661115323381741,0.7875000000000001,1.32313366795,0.7797104873201823,0.941234567901234,1.9881666917,0.8477818705059834,0.9400000000000001,1.1801636597,0.9315360813739434,1.0,nan,0.0
11,4801,0.8214326867678121,5.61539293319,0.20985114231066282,0.735,4.25974040458,0.7527952463989307,0.625,4.41075351439,0.4067168829103741,0.64,3.77963717209,0.34428764315591,0.6725,3.05454286137,0.7135958990432427,0.7075,1.64662686052,0.6600926955162061,0.8103703703703701,3.35476595293,0.4690967150711433,0.764999999999999,3.65035320523,0.4587938129619774,1.0,nan,0.0
11,4805,0.7753024774342231,1.76712525869,0.047509149281243945,0.7725000000000001,2.65431181154,0.8828149118622253,0.74,2.53082008529,0.8551145411592083,0.8400000000000001,1.04892811707,0.9492268777876094,0.6975,2.6188412553,0.7846723275984824,0.7675000000000001,1.41472294563,0.7523236620109431,0.940246913580246,2.00518905055,0.8458098434762809,0.9125000000000001,1.66235300731,0.8926381106998392,0.0,nan,0.0
11,4819,0.8751680430190121,7.7889009153,0.6057910137320168,0.6725,5.30322354332,0.4368900376272309,0.6725,4.30250072056,0.6187792033819174,0.715,3.81472580033,0.6436915889455884,0.56,3.24685742947,0.3269685677828332,0.6025,1.79459904714,0.4760397176041119,0.884444444444444,2.89880122973,0.7079819088684736,0.7225,3.25464990416,0.3103104234892986,0.0,nan,0.0
11,4977,0.7945073938928361,3.10038551814,0.09344189266895227,0.71,5.06388420953,0.6354308055031404,0.725,2.9906184387,0.8137049155405147,0.685,4.08318395178,0.5243237129375515,0.705,2.47621507167,0.8037809934584239,0.64,1.78686728359,0.5433569243226648,0.7970370370370371,3.30409157683,0.4246583498465287,0.8500000000000001,2.89235705318,0.7501271591750971,1.0,nan,0.0
11,5024,0.9289802189360471,3.13529332455,0.9094934449258927,0.7000000000000001,5.25637953727,0.5837571752069219,0.6525000000000001,4.50592434674,0.5303304993561401,0.7625000000000001,2.8221308603,0.8032432394387923,0.495,2.09794604121,0.15101010002176635,0.67,1.74342445241,0.5963915966354587,0.9032098765432091,2.6252165805,0.7598783697657061,0.7425,3.50238007528,0.3780447575950121,1.0,nan,0.0
11,5041,0.7061647781832141,0.115891155111,0.0022423789000303026,0.41000000000000003,0.00634385694818,0.00012251750889451815,0.454999999999999,0.427433987308,0.01497942362402593,0.47750000000000004,0.482545743291,0.019629775769857867,0.36250000000000004,0.305678259503,0.013648042036911782,0.75,1.49008281616,0.726899088262869,0.8246913580246911,3.36232177192,0.517252943676469,0.6375000000000001,1.62236146015,0.10045805687322848,0.0,nan,0.0
11,5303,0.865603994622623,8.05071811205,0.5297972654261247,0.75,3.63561936664,0.8120892554406679,0.47250000000000003,0.646069922759,0.02427095841086232,0.5,0.755256935861,0.0333849068746195,0.6950000000000001,2.66550490867,0.7780667895505262,0.25,0.460090211798,0.051805591806695445,0.78716049382716,3.24051116833,0.39232164501395317,0.8600000000000001,2.70433651692,0.7781193501658272,1.0,nan,0.0
11,5309,0.8444785865181481,7.51174994449,0.36279129402732324,0.6975,5.29057751652,0.5705722763586063,0.6900000000000001,3.96151859945,0.691284225498569,0.6950000000000001,4.03416848202,0.5649458897989372,0.585,3.5037544159,0.4116716282276556,0.6950000000000001,1.68373461987,0.6392731802625419,0.9041975308641971,2.60973747677,0.7624635397287478,0.7675000000000001,3.65735041264,0.4679288474911944,0.0,nan,0.0
11,5385,0.9020933358939881,5.72870838857,0.7911155141381653,0.6075,3.14198840145,0.15086329339475635,0.5875,3.65088281429,0.2536630630990472,0.6000000000000001,2.94472300328,0.20858354258388057,0.5075000000000001,2.34328073133,0.1787686034438532,0.7625000000000001,1.43677152843,0.7451947657638018,0.9446913580246911,1.92866014711,0.8545516551486338,0.8425,3.02542345981,0.7279305888941028,0.0,nan,0.0
11,5562,0.256769733051661,1.46971113617e-23,8.15353210208103e-26,0.8025,1.51137704173,0.9445353527853222,0.774999999999999,1.54299543275,0.9258375635968354,0.8200000000000001,1.43486736244,0.9245087262154006,0.7575000000000001,1.47599531738,0.9071296589572511,0.6875,1.70374679025,0.6265690362033315,0.9111111111111111,2.4990324463,0.7801257417084559,0.9575,0.920444880682,0.9498581845769531,0.0,nan,0.0
11,5627,0.8681774534280771,8.01114799691,0.5504695328263155,0.59,2.39612907327,0.10247824469156278,0.5225000000000001,1.69572104052,0.08012068034762423,0.66,4.0171607281,0.422508807342901,0.5675,3.33980713565,0.3516764075969005,0.6675,1.74825734812,0.5920269497968689,0.7688888888888881,3.06944501969,0.33457513453999194,0.59,0.840220934097,0.04309439369656232,1.0,nan,0.0
11,5729,0.696216631457653,0.0717130898602,0.0013248585409852125,0.5,0.251014210395,0.006731017922339977,0.5225000000000001,1.69572104052,0.08012068034762423,0.545,1.58480779635,0.0846271643026465,0.41000000000000003,0.711990498273,0.03679283395291348,0.5,1.56338683561,0.30105156730065324,0.826172839506172,3.36030173453,0.522232729523358,0.6375000000000001,1.62236146015,0.10045805687322848,0.0,nan,0.0
11,7055,0.8713654695602071,7.93019155272,0.5758894380549284,0.54,0.816991548592,0.026362253959077264,0.47250000000000003,0.646069922759,0.02427095841086232,0.5675,2.12196588777,0.12621768256782048,0.464999999999999,1.52877518368,0.09673549817849306,0.8075000000000001,1.22753517474,0.805222290878331,0.7412345679012341,2.70281259164,0.2545070435443917,0.6375000000000001,1.62236146015,0.10045805687322848,0.0,nan,0.0
11,7341,0.8636835029767621,8.0650084007,0.5143201130280457,0.7000000000000001,5.25637953727,0.5837571752069219,0.6125,4.22744315922,0.35264378960011256,0.754999999999999,3.00636450566,0.7813830410418481,0.6025,3.58448977234,0.4738212324784232,0.5,1.56338683561,0.30105156730065324,0.8864197530864191,2.87210594714,0.713681661863493,0.7675000000000001,3.65735041264,0.4679288474911944,0.0,nan,0.0
11,7342,0.8137507201843671,4.86483804445,0.1695918229785555,0.5875,2.29482508545,0.0966149166649192,0.545,2.35478518434,0.12553379820893323,0.56,1.93659965786,0.1110011733643974,0.52,2.58449430538,0.20957502600532557,0.59,1.78547657836,0.4536582006365685,0.9061728395061721,2.57851387453,0.7675877956611434,0.847499999999999,2.93757224631,0.7428395791018875,1.0,nan,0.0
11,7343,0.8559631265603991,7.99078821666,0.4522067626627399,0.7075,5.1200631719,0.6226997937195973,0.6875,4.01811691894,0.6813091885946687,0.715,3.81472580033,0.6436915889455884,0.665,3.16743015916,0.69025716724352,0.6325000000000001,1.79262324646,0.5299325310648026,0.9619753086419751,1.63572912047,0.8853402169755451,0.9125000000000001,1.66235300731,0.8926381106998392,0.0,nan,0.0
11,7588,0.8559631265603991,7.99078821666,0.4522067626627399,0.6950000000000001,5.31894989895,0.5573091428245448,0.6725,4.30250072056,0.6187792033819174,0.6175,3.35398756668,0.2637689134941424,0.845,0.388618963578,0.9818513151786294,0.6025,1.79459904714,0.4760397176041119,0.958024691358024,1.70169297715,0.8787480245476152,0.8150000000000001,3.42741580994,0.638849738757714,1.0,nan,0.0
11,7599,0.8646437487996921,8.05949828851,0.5220621200630979,0.6000000000000001,2.81635290789,0.12852297692773473,0.5625,2.90333826553,0.1715292089885518,0.5675,2.12196588777,0.12621768256782048,0.5325,2.81464637935,0.24333490595216323,0.75,1.49008281616,0.726899088262869,0.9456790123456791,1.91168813163,0.8564481220962652,0.9500000000000001,1.02685486138,0.9425604723225904,1.0,nan,0.0
11,7903,0.8857307470712501,7.16670055205,0.6850531727987621,0.68,5.36295795755,0.47692184018339556,0.6425000000000001,4.52243875409,0.4851397503731701,0.645,3.85302744217,0.36337295124393604,0.5375,2.90200104959,0.2576278374390941,0.75,1.49008281616,0.726899088262869,0.6716049382716051,1.54325414545,0.10626064977350522,0.64,1.6706471675,0.10457420554169725,1.0,nan,0.0
11,8207,0.8859612060687531,7.14981275432,0.6867028598543953,0.6975,5.29057751652,0.5705722763586063,0.7375,2.60718742374,0.8486920986941603,0.6575000000000001,3.99597207274,0.41249185910464514,0.54,2.94443947101,0.26493607007911135,0.6625,1.75727638331,0.5832627541118276,0.7046913580246911,2.10220089779,0.1664794583150507,0.7775000000000001,3.66580106384,0.5045707132486692,0.0,nan,0.0
11,8290,0.783022853850585,2.24221173734,0.06293300115310771,0.77,2.76130066659,0.8760456336974335,0.7825000000000001,1.36196058601,0.9367229464609637,0.8325,1.18518472811,0.9408554855246314,0.75,1.61051233638,0.8955583542980836,0.8925000000000001,0.81722562512,0.8919575523943146,0.8898765432098761,2.82408673445,0.723527399534736,0.8300000000000001,3.22718583264,0.6888228718132163,0.0,nan,0.0
11,8961,0.73309007105819,0.378103872953,0.008292420942349506,0.6625,5.14234960136,0.38458733355305663,0.6325000000000001,4.48020813465,0.44007780100438787,0.6025,3.00595449803,0.21602203760879796,0.5325,2.81464637935,0.24333490595216323,0.535,1.67952513823,0.35789818407529983,0.835555555555555,3.33540294673,0.5536609567956415,0.9075000000000001,1.75791202271,0.8840882599191149,0.0,nan,0.0
11,9191,0.8905319761859031,6.79068994171,0.7185791604585031,0.685,5.37259168871,0.5037708623603837,0.605,4.0806699108,0.32147236712203947,0.63,3.60809007488,0.30732286022305355,0.5925,3.54904335787,0.43812943880299143,0.5825,1.77723680333,0.4402967404500949,0.28098765432098705,0.000124122442192,3.1639544894901853e-06,0.6825,2.53424782002,0.19380058202850045,0.0,nan,0.0
11,9518,0.8706740925676971,7.95070618742,0.5703995009632348,0.7000000000000001,5.25637953727,0.5837571752069219,0.625,4.41075351439,0.4067168829103741,0.725,3.65124082691,0.6810482288468507,0.675,3.01475137925,0.721182728934025,0.75,1.49008281616,0.726899088262869,0.919012345679012,2.36833519776,0.7993573673704997,0.8500000000000001,2.89235705318,0.7501271591750971,1.0,nan,0.0
11,10630,0.6800845016324181,0.0311913697798,0.00053519684636655,0.7275,4.54051761836,0.7197772847877082,0.6675,4.37359075927,0.5970836480097257,0.7225,3.69508885785,0.6718649226709321,0.7075,2.42798270044,0.8099112990160334,0.58,1.77403525451,0.43585760328046597,0.7698765432098761,3.08032494187,0.33761207235303825,0.867499999999999,2.55752697001,0.7978538116090583,1.0,nan,0.0
11,10672,0.8137507201843671,4.86483804445,0.1695918229785555,0.6075,3.14198840145,0.15086329339475635,0.535,2.05177898927,0.103511680769032,0.6425000000000001,3.81742630418,0.35378442098358287,0.5,2.19615032063,0.1617452674391055,-0.25,0.00173397884349,0.00011028137767843931,0.72395061728395,2.42838988712,0.21012734276183787,0.9275,1.38917288821,0.9154969820697737,0.0,nan,0.0
11,11039,0.7560975609756091,0.918605075606,0.022428181650879474,0.735,4.25974040458,0.7527952463989307,0.7625000000000001,1.87223928081,0.9045261082045687,0.8425,1.00584553729,0.9517950997736659,0.72,2.18410852376,0.838739956497397,0.715,1.62223503698,0.6723518883276627,0.0,2.261263903e-10,3.9257552756070126e-12,0.8125,3.45560709266,0.6302456301575803,1.0,nan,0.0
11,11140,0.865565584789706,8.05113200082,0.5294880307231776,0.6975,5.29057751652,0.5705722763586063,0.5775,3.36431924409,0.2185679809384199,0.6325000000000001,3.65387816136,0.3164007035255557,0.55,3.10461540691,0.29519485699879466,0.5275000000000001,1.65746762525,0.34538342638635866,0.245432098765432,3.12684189943e-05,7.526247920704104e-07,0.7825000000000001,3.65828484323,0.5228841798762924,1.0,nan,0.0
11,11230,0.7756865757633951,1.78882633517,0.04819206042122338,0.74,4.05908265139,0.7735961686261308,0.6725,4.30250072056,0.6187792033819174,0.6950000000000001,4.03416848202,0.5649458897989372,0.6125,3.5906798193,0.5097216319232818,0.6825,1.71610562978,0.6180190720782831,0.8301234567901231,3.35235736049,0.535493525538965,0.8975000000000001,1.95411920893,0.8655330605190794,1.0,nan,0.0
11,11275,0.45938160169003206,1.78632788866e-10,1.4755141132961183e-12,0.8225,0.947753006568,0.968836744612872,0.7875000000000001,1.24871317346,0.9432470991839099,0.8775000000000001,0.524590207469,0.9779255522029235,0.8200000000000001,0.603223480141,0.9696028537650925,0.8250000000000001,1.14205616573,0.825957742081608,0.8740740740740741,3.02920900022,0.6772293794800264,0.8775000000000001,2.35715718437,0.8224303249426985,1.0,nan,0.0
11,12534,0.8021893604762821,3.76649859142,0.11977553930651857,0.665,5.19091888971,0.3975050431974362,0.6475000000000001,4.52152278399,0.5077557914911879,0.6525000000000001,3.94604164721,0.3926326801855192,0.5625,3.27922826274,0.3351264559750069,0.6900000000000001,1.69727006002,0.6308203481277824,0.895308641975308,2.74551062258,0.7386563519906357,0.735,3.42113561212,0.35207228248359956,0.0,nan,0.0
11,14112,0.777222969080084,1.87763626053,0.051008212779322805,0.754999999999999,3.41730228932,0.8297226261287098,0.75,2.23015727095,0.8789116458551898,0.77,2.633810002,0.8237047944763771,0.705,2.47621507167,0.8037809934584239,0.715,1.62223503698,0.6723518883276627,0.869135802469135,3.08502368481,0.662130739392417,0.8174999999999991,3.39766338641,0.6473814081988685,0.0,nan,0.0
11,15812,0.7657384290378331,1.28916504923,0.0329877074973597,0.62,3.68671999422,0.19355191553008094,0.5750000000000001,3.28947168968,0.2102505212449221,0.5675,2.12196588777,0.12621768256782048,0.5,2.19615032063,0.1617452674391055,0.5475,1.7124902906,0.3791033516639935,0.8222222222222221,3.36452207944,0.508947897931247,0.7125,3.09712368998,0.2785352368321585,1.0,nan,0.0
11,15877,0.9789130017284421,0.550458982428,0.9878872224471266,0.545,0.928205693475,0.03072094481951796,0.47000000000000003,0.610486224387,0.02270057965004046,0.43999999999999906,0.204482480553,0.007345585736779461,0.4325,1.0013070283,0.05594468371754018,0.375,0.987280848822,0.14022582560712085,0.741728395061728,2.71024908091,0.2558436030685825,0.764999999999999,3.65035320523,0.4587938129619774,1.0,nan,0.0
11,15878,0.769541002496639,1.46515365325,0.03821877247000982,0.75,3.63561936664,0.8120892554406679,0.6975,3.77846428063,0.7203209646904749,0.7025,3.97007377508,0.5949760642601521,0.65,3.35938597225,0.641245271967869,0.6925,1.69059847101,0.6350552241192338,0.8696296296296291,3.07963731009,0.6636528797287602,0.8,3.57166235177,0.5862807619396451,0.0,nan,0.0
11,16373,0.880929517956596,7.48828760072,0.6498483830072124,0.6925,5.34140211462,0.543982460886995,0.6925,3.90262150544,0.7011148658512263,0.65,3.91739717486,0.3828028798112565,0.5975,3.57038614203,0.4559310049306665,0.6675,1.74825734812,0.5920269497968689,0.6641975308641971,1.42488896513,0.0952698092596797,0.7000000000000001,2.87579943669,0.24117962831743564,1.0,nan,0.0
11,17703,0.9251008258114071,3.47796201183,0.8966715430417396,0.605,3.0328644676,0.14314480853875888,0.635,4.49623480979,0.45129910745219914,0.76,2.88412023546,0.796110321450032,0.42750000000000005,0.93136447964,0.051114336901185074,0.0,0.0448196033386,0.003642199783712619,0.9827160493827161,1.3050533287,0.9157860479449976,0.595,0.90858100243,0.04746493321145298,1.0,nan,0.0
11,17743,0.8367966199347031,6.98429370272,0.3070215181163013,0.665,5.19091888971,0.3975050431974362,0.6725,4.30250072056,0.6187792033819174,0.6825,4.0887428612,0.5141082408310388,0.6625,3.2027202718,0.6822942229916801,0.5,1.56338683561,0.30105156730065324,0.8755555555555551,3.01164054326,0.6817041286148369,0.784999999999999,3.65160898545,0.5320219506339504,0.0,nan,0.0
11,17938,0.9558671019781061,1.33611489323,0.9672565347002762,0.4375,0.0226524322681,0.00047863384722731956,0.3125,0.00378204998501,8.692201999359599e-05,0.262499999999999,0.000590949875084,1.3817789868192889e-05,0.4575,1.39678349817,0.0857680431826253,0.5,1.56338683561,0.30105156730065324,0.908148148148148,2.546954367,0.7726500400357341,0.7125,3.09712368998,0.2785352368321585,1.0,nan,0.0
11,17979,0.87866333781448,7.61835193557,0.6327284126979532,0.7325,4.35630788834,0.7420246145818714,0.6525000000000001,4.50592434674,0.5303304993561401,0.6825,4.0887428612,0.5141082408310388,0.49,2.00011233571,0.1407651882316617,0.7125,1.63053592341,0.6682858896899095,0.752592592592592,2.86654948838,0.28615054244825167,0.6775,2.43251845421,0.18138317611765847,1.0,nan,0.0
11,18166,0.8275398502016511,6.19354688401,0.2459256096103336,0.64,4.4906063541,0.2755526561767483,0.5875,3.65088281429,0.2536630630990472,0.6625,4.03577485665,0.4325755171665213,0.5625,3.27922826274,0.3351264559750069,0.6125,1.7976962287,0.4940043204683082,0.997037037037037,1.09677584812,0.9329620772469788,0.8825000000000001,2.25603692591,0.8339634140015892,0.0,nan,0.0
11,18246,0.9107355483003641,4.86598765253,0.8369099809595475,0.7525000000000001,3.52678074184,0.8210424169167805,0.784999999999999,1.30457733993,0.9400558043686456,0.78,2.38055688961,0.8487767652087104,0.77,1.26395444367,0.924237357546227,0.774999999999999,1.3809669866,0.7628079871443344,0.9624691358024691,1.62753794442,0.8861459614069498,0.8725,2.45780583725,0.8103926271647532,1.0,nan,0.0
11,18248,0.9520261186863831,1.52917627993,0.961760276752567,0.8625,0.299445576258,0.9918872212914672,0.7475,2.30439775169,0.8732436040635434,0.7725000000000001,2.57055405454,0.8302102782322738,0.8174999999999991,0.628749904413,0.9680630480760235,0.9175000000000001,0.706125910668,0.910984280547265,0.8562962962962961,3.20877573632,0.6216917055319064,0.9075000000000001,1.75791202271,0.8840882599191149,0.0,nan,0.0
11,18270,0.779181870558863,1.9955610499,0.05480095621758133,0.7425,3.95555999624,0.7836148661310312,0.6775,4.21900093138,0.640087966421391,0.764999999999999,2.75968819664,0.8102205980464553,0.6275000000000001,3.54500089862,0.5633209175956122,0.645,1.78187608466,0.5522791653244417,0.9501234567901231,1.83556045081,0.8647751741884668,0.7925000000000001,3.62006527815,0.5593014480626769,1.0,nan,0.0
11,18297,0.7647397733819851,1.24587832312,0.03172198912524589,0.745,3.8502871612,0.7933725101642215,0.745,2.37932071279,0.8673890882233408,0.7525000000000001,3.0664297067,0.7737918849001522,0.7275,2.03748792592,0.8545704728828891,0.75,1.49008281616,0.726899088262869,0.853333333333333,3.2326304411,0.6121484273830631,0.8525,2.84636413728,0.7573007162608466,0.0,nan,0.0
11,18311,0.814518916842711,4.9400006372,0.17335783879524627,0.58,2.00240560002,0.08051170602527419,0.382499999999999,0.0517339315035,0.001424078649695855,0.42000000000000004,0.122307315016,0.0041375430347391565,0.41750000000000004,0.801149213553,0.04246256384900736,0.75,1.49008281616,0.726899088262869,0.838024691358024,3.32541249107,0.5618844772965531,0.8300000000000001,3.22718583264,0.6888228718132163,1.0,nan,0.0
11,18312,0.9389667754945261,2.34446995972,0.9367395757173635,0.6525000000000001,4.89682388641,0.3343256808778825,0.48250000000000004,0.803985852712,0.03150013595469197,0.5275000000000001,1.21775105326,0.060181135424372964,0.48250000000000004,1.85486992346,0.12631042767939152,1.0,0.401880738551,0.9559730019749684,0.7891358024691351,3.25493505044,0.3987370383659441,0.9025000000000001,1.85527186604,0.8750559874673809,1.0,nan,0.0
11,18319,0.9348185135394661,2.65598200336,0.9263766063110042,0.48250000000000004,0.137099292203,0.0034202034938891615,0.485,0.847473404264,0.03356412010015482,0.53,1.26691303427,0.06328672713776701,0.615,3.58762331289,0.5186948939580761,0.47750000000000004,1.47322557663,0.26687012894808804,0.8538271604938271,3.2287827289,0.6137438401654272,0.7525000000000001,3.58660220509,0.41351341869839325,0.0,nan,0.0
11,18392,0.812944113693105,4.78604422753,0.1656996009423521,0.5975,2.7094001577,0.12161600267005027,0.5775,3.36431924409,0.2185679809384199,0.595,2.82036754855,0.19416987153149112,0.52,2.58449430538,0.20957502600532557,0.5775,1.77060829894,0.4314267520189869,0.655308641975308,1.28816921939,0.08321638828270858,0.725,3.29083025053,0.318492557815776,1.0,nan,0.0
11,18476,0.8598041098521221,8.05394182195,0.4830369833346422,0.784999999999999,2.14147447247,0.9127449752606009,0.7075,3.50856698264,0.7567776036063052,0.73,3.5580798327,0.6990744722442346,0.6875,2.80205987804,0.7575599307044606,0.75,1.49008281616,0.726899088262869,0.8730864197530861,3.04071370014,0.6742318729958814,0.8925000000000001,2.05411244065,0.8555128840621361,1.0,nan,0.0
11,18739,0.869829076243518,7.97356744814,0.5636711933226115,0.745,3.8502871612,0.7933725101642215,0.6925,3.90262150544,0.7011148658512263,0.754999999999999,3.00636450566,0.7813830410418481,0.5875,3.5205925016,0.4204524205514363,0.6875,1.70374679025,0.6265690362033315,0.7308641975308641,2.54109879714,0.22730772739292143,0.847499999999999,2.93757224631,0.7428395791018875,0.0,nan,0.0
11,18763,0.928596120606875,3.16840608978,0.9082828306699338,0.5825,2.09782991658,0.085636552356215,0.29250000000000004,0.00162417715824,3.568548301030724e-05,0.29250000000000004,0.00193401177809,4.801875873745907e-05,0.5,2.19615032063,0.1617452674391055,-0.25,0.00173397884349,0.00011028137767843931,0.955555555555555,1.74327754364,0.8744950268004037,0.9575,0.920444880682,0.9498581845769531,1.0,nan,0.0
11,19718,0.640868062223929,0.00305078357391,4.423408246728481e-05,0.9225000000000001,0.0308173084238,0.9993434083187791,0.6925,3.90262150544,0.7011148658512263,0.77,2.633810002,0.8237047944763771,0.635,3.49809011301,0.5897422665967957,0.875,0.89887961023,0.876945650718649,0.8444444444444441,3.29287437233,0.5831333907611003,0.905,1.80638574831,0.8796329776764409,0.0,nan,0.0
11,19745,0.6714038793931241,0.0193576206019,0.00031949462438519814,0.8925000000000001,0.104238867246,0.9975117222583036,0.857499999999999,0.276112298065,0.9903762216002214,0.857499999999999,0.772097268323,0.9650767205004637,0.625,3.55713041534,0.5544428829082295,-0.25,0.00173397884349,0.00011028137767843931,0.6167901234567901,0.780168287331,0.04385587628225477,0.857499999999999,2.75229214446,0.7712984473070257,1.0,nan,0.0
11,20639,0.864298060303437,8.0618589965,0.5192756239699174,0.5275000000000001,0.582417287919,0.017678527880766313,0.4425,0.310837542994,0.01039645281583906,0.41500000000000004,0.106918458343,0.003565227192199735,0.3375,0.183274325158,0.007643636855471083,0.5825,1.77723680333,0.4402967404500949,0.972345679012345,1.46668735373,0.9014211761418363,0.81,3.48219256987,0.6215730415267071,1.0,nan,0.0
11,25302,0.7191088918763201,0.208820488463,0.004291876857595089,0.5125000000000001,0.374130848168,0.010595945756168745,0.48750000000000004,0.892599690701,0.035738868681743835,0.5625,1.99782428026,0.11591907462095807,0.39,0.509067261681,0.024665072238682743,0.5,1.56338683561,0.30105156730065324,0.925925925925925,2.251348248,0.8153277702613737,0.725,3.29083025053,0.318492557815776,0.0,nan,0.0
11,27972,0.850240061455732,7.80379612572,0.40695845891448795,0.7525000000000001,3.52678074184,0.8210424169167805,0.7025,3.64673814778,0.7388868920911111,0.7775000000000001,2.44384361045,0.8427462883129955,0.6675,3.13093577608,0.6981303701937493,0.6675,1.74825734812,0.5920269497968689,0.779753086419753,3.17912177658,0.36853821901078637,0.827499999999999,3.26400567254,0.6807086153856738,0.0,nan,0.0
11,28024,0.658382946034184,0.00909684593642,0.00014186866906060633,1.0,0.000623954758032,0.9999896194721387,0.899999999999999,0.0854286281939,0.9973918802139838,0.8500000000000001,0.883674921748,0.9588741602948601,1.0,0.0097109612479,0.999684601694097,0.9175000000000001,0.706125910668,0.910984280547265,0.8562962962962961,3.20877573632,0.6216917055319064,1.0,0.457096966151,0.9783074679392714,1.0,nan,0.0
11,28466,0.7730362972921061,1.64312710762,0.04364632470780946,0.665,5.19091888971,0.3975050431974362,0.68,4.17284771005,0.6505783702040564,0.68,4.09159147777,0.5038822573606031,0.5875,3.5205925016,0.4204524205514363,0.61,1.79727381644,0.48951055897798557,0.9456790123456791,1.91168813163,0.8564481220962652,0.9575,0.920444880682,0.9498581845769531,1.0,nan,0.0
11,28484,0.8394468984059921,7.18203735794,0.32579724189697445,0.6375000000000001,4.39856791449,0.26444054007803164,0.625,4.41075351439,0.4067168829103741,0.5675,2.12196588777,0.12621768256782048,0.61,3.59189538551,0.5007430290583649,0.605,1.79572491376,0.4805276712942112,0.9358024691358021,2.08181608552,0.8367276066772769,0.8600000000000001,2.70433651692,0.7781193501658272,1.0,nan,0.0
11,28512,0.814518916842711,4.9400006372,0.17335783879524627,0.764999999999999,2.97818233851,0.8616983054826794,0.6775,4.21900093138,0.640087966421391,0.725,3.65124082691,0.6810482288468507,0.635,3.49809011301,0.5897422665967957,0.827499999999999,1.12977986851,0.828797538753637,0.9906172839506171,1.18782894037,0.9256308647966849,0.7525000000000001,3.58660220509,0.41351341869839325,0.0,nan,0.0
11,28570,0.957787593623967,1.24708429634,0.9697362582789373,0.4625,0.0643261630955,0.0014857569434363663,0.5,1.14310250716,0.04841871639376775,0.47500000000000003,0.457676593707,0.018454710896376278,0.4325,1.0013070283,0.05594468371754018,0.7225,1.59634837404,0.6844224836401005,0.7214814814814811,2.38739866833,0.2041818542824757,0.6375000000000001,1.62236146015,0.10045805687322848,0.0,nan,0.0
11,28894,0.9097753024774341,4.96239010589,0.8321911592753342,0.6475000000000001,4.74616836372,0.3102110749268157,0.62,4.34719278848,0.3848164114135756,0.67,4.07583219596,0.4630089781366944,0.459999999999999,1.44017362905,0.08931410865553041,0.5,1.56338683561,0.30105156730065324,0.7851851851851851,3.22525600535,0.38593556629490866,0.705,2.96715976416,0.25578846046182824,1.0,nan,0.0
11,29183,0.8598041098521221,8.05394182195,0.4830369833346422,0.6900000000000001,5.35785941013,0.5306071285806325,0.635,4.49623480979,0.45129910745219914,0.6475000000000001,3.88637245085,0.37304767797609606,0.5825,3.48520802828,0.4029350721273116,0.5825,1.77723680333,0.4402967404500949,0.84,3.31640405695,0.5684444441005811,0.8225,3.33366403947,0.6642121695501934,1.0,nan,0.0
11,29184,0.8626848473209141,8.06726466375,0.5062645252569997,0.62,3.68671999422,0.19355191553008094,0.5700000000000001,3.13696163182,0.1941830371117817,0.5725,2.24791263957,0.13714174476117316,0.449999999999999,1.27054545392,0.07576934976529143,0.5375,1.68650505656,0.3621057612993161,0.8222222222222221,3.36452207944,0.508947897931247,0.774999999999999,3.66662657825,0.4954047705863469,1.0,nan,0.0
11,29229,0.846360668331092,7.61785353687,0.37703043211779874,0.36750000000000005,0.000687571785226,1.171719466249779e-05,0.34750000000000003,0.0149708166174,0.00037464010088310035,0.34750000000000003,0.0138538634942,0.0003880517577925208,0.3075,0.0935614683098,0.0036198667229934735,0.4375,1.29219260917,0.2114911132964445,0.8493827160493821,3.26153555155,0.5993193403233086,0.7725000000000001,3.66549242047,0.4862392135063106,0.0,nan,0.0
11,29338,0.9519877088534661,1.5312104076,0.9617015022885607,0.7000000000000001,5.25637953727,0.5837571752069219,0.6525000000000001,4.50592434674,0.5303304993561401,0.6900000000000001,4.06398912355,0.5446961132289707,0.62,3.57601028558,0.5366070247176669,-0.25,0.00173397884349,0.00011028137767843931,0.602962962962962,0.635257711665,0.0340935833627706,0.615,1.21651946726,0.06862562808001571,1.0,nan,0.0
11,29381,0.7350105627040521,0.408894290927,0.009047795485566688,0.625,3.89936177254,0.21251927056736092,0.595,3.84822996198,0.2817956433935164,0.67,4.07583219596,0.4630089781366944,0.55,3.10461540691,0.29519485699879466,0.5325,1.67235707474,0.3537082923975695,0.5051851851851851,0.101378408692,0.004096280651766926,0.66,2.07218145154,0.14196492810814978,1.0,nan,0.0
11,29764,0.8482811599769541,7.71558956739,0.3917560510864203,0.7425,3.95555999624,0.7836148661310312,0.68,4.17284771005,0.6505783702040564,0.7225,3.69508885785,0.6718649226709321,0.5875,3.5205925016,0.4204524205514363,0.6000000000000001,1.79323947813,0.4715548708131375,0.829629629629629,3.35355329739,0.53383774274979,0.774999999999999,3.66662657825,0.4954047705863469,1.0,nan,0.0
11,30094,0.91937776070674,4.01306513345,0.875250798542643,0.675,5.32910106515,0.4501816729984829,0.62,4.34719278848,0.3848164114135756,0.5625,1.99782428026,0.11591907462095807,0.5825,3.48520802828,0.4029350721273116,0.625,1.79628401918,0.5164728142364416,0.8212345679012341,3.36499342656,0.5056246611618318,0.63,1.48097589202,0.0888239537466479,0.0,nan,0.0
11,31557,0.7937776070674091,3.04067549765,0.09120110037840026,0.725,4.62761117476,0.7083163810070522,0.5575,2.74599836463,0.15740564218715253,0.7925000000000001,2.06794409998,0.8765709985310586,0.5825,3.48520802828,0.4029350721273116,1.0,0.401880738551,0.9559730019749684,0.8627160493827161,3.15091854974,0.6421099760591584,0.9275,1.38917288821,0.9154969820697737,1.0,nan,0.0
11,32060,0.8214326867678121,5.61539293319,0.20985114231066282,0.65,4.8236338121,0.322174193310539,0.65,4.5155506518,0.519052896867187,0.55,1.69875480963,0.092834555406728,0.5625,3.27922826274,0.3351264559750069,0.75,1.49008281616,0.726899088262869,0.9476543209876541,1.8777983911,0.8601908119551283,1.0,0.457096966151,0.9783074679392714,1.0,nan,0.0
11,38608,0.9289802189360471,3.13529332455,0.9094934449258927,0.7275,4.54051761836,0.7197772847877082,0.74,2.53082008529,0.8551145411592083,0.67,4.07583219596,0.4630089781366944,0.764999999999999,1.34680238913,0.9177116060470235,0.75,1.49008281616,0.726899088262869,0.802469135802469,3.32972566308,0.44267918866606015,0.7875000000000001,3.64300310461,0.5411406163649068,0.0,nan,0.0
11,38649,0.8565776838870751,8.00433490954,0.4571217891964263,0.7925000000000001,1.85705613237,0.9277269502855516,0.7525000000000001,2.15669151612,0.8843950361659816,0.78,2.38055688961,0.8487767652087104,0.867499999999999,0.251717775037,0.9889652799306687,0.8225,1.15432298205,0.8230872658247355,0.811851851851851,3.35782014439,0.4740690654753802,0.7575000000000001,3.61778718399,0.43152750367630655,0.0,nan,0.0
11,39144,0.9097753024774341,4.96239010589,0.8321911592753342,0.6425000000000001,4.57939706412,0.28689086525565044,0.5575,2.74599836463,0.15740564218715253,0.63,3.60809007488,0.30732286022305355,0.5,2.19615032063,0.1617452674391055,0.6675,1.74825734812,0.5920269497968689,0.6666666666666661,1.46392936423,0.09883616242408572,0.655,1.96986507626,0.13186016559249938,0.0,nan,0.0
11,39247,0.8508162089494911,7.82746053692,0.41146146405768114,0.5750000000000001,1.81827542487,0.07096384864377682,0.65,4.5155506518,0.519052896867187,0.5525,1.75704676685,0.09715413238292392,0.595,3.56061248634,0.4470168809180104,0.5175000000000001,1.62555658743,0.3289659891357062,0.9037037037037031,2.61748836705,0.7611728657546037,0.847499999999999,2.93757224631,0.7428395791018875,0.0,nan,0.0
11,39495,0.8521605531015941,7.87854902401,0.42201925740837815,0.764999999999999,2.97818233851,0.8616983054826794,0.7225,3.06675892481,0.8061331065824229,0.6900000000000001,4.06398912355,0.5446961132289707,0.5525,3.14198945679,0.30300335240762405,0.66,1.7614589162,0.5788642892725662,0.87358024691358,3.03498229772,0.6757320465770167,0.75,3.56823469847,0.404569491754211,1.0,nan,0.0
11,39581,0.8943729594776261,6.45796419115,0.7440310871169611,0.735,4.25974040458,0.7527952463989307,0.6175,4.31044510587,0.3739936881995004,0.6675,4.06513919401,0.45283220568823634,0.47000000000000003,1.61962069351,0.10460560198062033,-0.25,0.00173397884349,0.00011028137767843931,0.8029629629629621,3.331718916,0.4443239921266391,0.9575,0.920444880682,0.9498581845769531,1.0,nan,0.0
11,40799,0.8536969464182831,7.92971938085,0.4341641128956463,0.735,4.25974040458,0.7527952463989307,0.68,4.17284771005,0.6505783702040564,0.6225,3.46030217835,0.2808070295861866,0.5725,3.39454163708,0.3685147850178856,0.75,1.49008281616,0.726899088262869,0.96395061728395,1.60304219307,0.8885389691251449,0.9550000000000001,0.955085305076,0.9475139453917915,1.0,nan,0.0
11,40956,0.988937968119838,0.360693327223,0.9923954313538634,0.7825000000000001,2.24053350009,0.9072678778892713,0.625,4.41075351439,0.4067168829103741,0.72,3.73700474463,0.6625743947574859,0.6575000000000001,3.26948658767,0.6661115323381741,-0.25,0.00173397884349,0.00011028137767843931,0.6474074074074071,1.17219582685,0.07350006699597646,0.595,0.90858100243,0.04746493321145298,1.0,nan,0.0
11,41042,0.9097753024774341,4.96239010589,0.8321911592753342,0.5425,0.871307896958,0.028472094807022175,0.34750000000000003,0.0149708166174,0.00037464010088310035,0.444999999999999,0.231119095396,0.008433451166770805,0.515,2.48893846664,0.19689080288790295,-0.25,0.00173397884349,0.00011028137767843931,0.8207407407407401,3.3651414482,0.503962897059348,0.8325,3.18911202522,0.6968434995401668,1.0,nan,0.0
11,41069,0.6005377376608411,0.000175134545756,2.1795520065430375e-06,0.827499999999999,0.833823964681,0.9732862989477253,0.8525,0.313033422329,0.988904961055661,0.845,0.963941301161,0.954257087495689,0.8025,0.798427280401,0.9573949374324714,0.7725000000000001,1.39230508776,0.7593413797575198,0.810864197530864,3.35584197339,0.47075365768301825,0.81,3.48219256987,0.6215730415267071,0.0,nan,0.0
11,41615,0.820741309775302,5.54838699052,0.20599193959870615,0.919999999999999,0.034324305436,0.999262052366493,0.7425,2.45482888023,0.8613465126915839,0.847499999999999,0.923217765211,0.9566157902619656,0.81,0.71001608176,0.9630471000533248,0.9675,0.509184971763,0.9412140045376423,0.544691358024691,0.230619049379,0.010364404260383556,0.8775000000000001,2.35715718437,0.8224303249426985,1.0,nan,0.0
11,41703,0.7849433454964471,2.37322979383,0.06736413954659547,0.6925,5.34140211462,0.543982460886995,0.735,2.68381944082,0.8420783833543379,0.7875000000000001,2.19192728682,0.865922067571418,0.685,2.84624102022,0.7504994013025189,0.6975,1.67668116964,0.6434737392175535,0.7925925925925921,3.27814143937,0.4100295279229691,0.77,3.66239912284,0.47707894118934,1.0,nan,0.0
11,41708,0.784904935663529,2.3705592534,0.06727303548078856,0.6725,5.30322354332,0.4368900376272309,0.645,4.52382202713,0.4964483439407178,0.735,3.45820929552,0.7166178427528422,0.51,2.39206899207,0.1846878301829888,0.6775,1.72765560825,0.6094093280722013,0.6498765432098761,1.20784036297,0.0764382688284545,0.665,2.17514205526,0.1525830552033129,1.0,nan,0.0
11,41851,0.9193393508738231,4.01675717059,0.8750965864798836,0.6425000000000001,4.57939706412,0.28689086525565044,0.6000000000000001,3.96928415735,0.30134323817779496,0.635,3.69778603333,0.32559068410712977,0.3275,0.147505731268,0.005995233340826574,-0.25,0.00173397884349,0.00011028137767843931,0.8898765432098761,2.82408673445,0.723527399534736,0.65,1.86859319876,0.12226453501261517,1.0,nan,0.0
11,43759,0.934741693873631,2.66198436899,0.9261723441647499,0.8625,0.299445576258,0.9918872212914672,0.8174999999999991,0.698791325851,0.9719061935312916,0.75,3.12566270414,0.7660515860022677,0.7675000000000001,1.30503622735,0.9210262637902222,0.75,1.49008281616,0.726899088262869,0.7056790123456791,2.11916266414,0.1685640830749271,0.6975,2.82889157303,0.23404860500814356,1.0,nan,0.0
11,44059,0.9020933358939881,5.72870838857,0.7911155141381653,0.6575000000000001,5.02945643133,0.3591492648735193,0.5125000000000001,1.43469086858,0.06448802254910774,0.605,3.06642639286,0.2236126820869004,0.5325,2.81464637935,0.24333490595216323,-0.25,0.00173397884349,0.00011028137767843931,0.9565432098765431,1.72661334811,0.8762085499400145,0.8225,3.33366403947,0.6642121695501934,0.0,nan,0.0
11,44938,0.7176877280583821,0.196118744241,0.004004217826817994,0.75,3.63561936664,0.8120892554406679,0.6075,4.13241983909,0.33173929803551727,0.6425000000000001,3.81742630418,0.35378442098358287,0.464999999999999,1.52877518368,0.09673549817849306,0.8125,1.20322804901,0.8112992489986319,0.834567901234567,3.33900132257,0.5503649359143923,0.9275,1.38917288821,0.9154969820697737,1.0,nan,0.0
11,50703,0.735394661033224,0.41530853886,0.009206080160629274,0.7325,4.35630788834,0.7420246145818714,0.7125,3.36508986277,0.773963718670802,0.7000000000000001,3.99396771741,0.5850204933483578,0.645,3.41196850708,0.6243143433662193,0.675,1.73312153604,0.6050833133327878,0.8562962962962961,3.20877573632,0.6216917055319064,0.74,3.4769573358,0.36932023320572227,0.0,nan,0.0
11,50830,0.8275398502016511,6.19354688401,0.2459256096103336,0.655,4.96550522879,0.34665455513388194,0.5650000000000001,2.98166972205,0.17888553978121116,0.66,4.0171607281,0.422508807342901,0.5725,3.39454163708,0.3685147850178856,0.6375000000000001,1.78901759053,0.538887020110882,0.8967901234567901,2.72346724075,0.7427074776468012,0.81,3.48219256987,0.6215730415267071,0.0,nan,0.0
11,50921,0.8290762435183401,6.33347635854,0.2555491815657344,0.64,4.4906063541,0.2755526561767483,0.5925,3.78441039723,0.2722544095202524,0.68,4.09159147777,0.5038822573606031,0.5975,3.57038614203,0.4559310049306665,0.8325,1.10521202454,0.8343850233257548,0.9397530864197531,2.01370220544,0.8448175246918594,0.7025,2.9219098468,0.2484269376386944,0.0,nan,0.0
11,51734,0.9270213174572691,3.30607916585,0.9031852092557434,0.6825,5.37081941444,0.49034032832493674,0.6000000000000001,3.96928415735,0.30134323817779496,0.7225,3.69508885785,0.6718649226709321,0.56,3.24685742947,0.3269685677828332,0.56,1.74043485702,0.4006895159613044,0.8503703703703701,3.25462462956,0.6025372146445904,0.7275,3.32562014855,0.3267634159869037,0.0,nan,0.0
11,52992,0.748454004225081,0.692346467596,0.01630597005647511,0.71,5.06388420953,0.6354308055031404,0.75,2.23015727095,0.8789116458551898,0.705,3.94371331656,0.6048688066653518,0.6725,3.05454286137,0.7135958990432427,0.6725,1.73837851274,0.6007438945200492,0.928395061728395,2.20915495358,0.820834599842763,0.8225,3.33366403947,0.6642121695501934,0.0,nan,0.0
11,54491,0.8689456500864221,7.99484391633,0.5566175388899806,0.7775000000000001,2.4442319002,0.8955588983419424,0.77,1.67077727947,0.9178054126591243,0.7975000000000001,1.94601809195,0.8866049399312946,0.9450000000000001,0.0431452063057,0.9984321783686347,0.705,1.65441081254,0.6559663615819771,0.952098765432098,1.80189026272,0.8683676989101475,0.9025000000000001,1.85527186604,0.8750559874673809,0.0,nan,0.0
11,54885,0.945265988092951,1.91986536154,0.950139649217113,0.68,5.36295795755,0.47692184018339556,0.585,3.58146123299,0.24462228907847183,0.55,1.69875480963,0.092834555406728,0.5625,3.27922826274,0.3351264559750069,0.625,1.79628401918,0.5164728142364416,0.9525925925925921,1.79349157974,0.8692554471868276,0.8500000000000001,2.89235705318,0.7501271591750971,1.0,nan,0.0
11,56634,0.429652391012099,4.60240261543e-12,3.5478418160186895e-14,0.8300000000000001,0.780767069523,0.9753040026789079,0.8525,0.313033422329,0.988904961055661,0.845,0.963941301161,0.954257087495689,0.7575000000000001,1.47599531738,0.9071296589572511,0.764999999999999,1.42579525568,0.7487729946385322,0.8646913580246911,3.13147491032,0.6483149331844897,0.9400000000000001,1.1801636597,0.9315360813739434,0.0,nan,0.0
11,56758,0.73808334933743,0.462718088336,0.010385449579532633,0.77,2.76130066659,0.8760456336974335,0.7725000000000001,1.60620206081,0.9219013561948675,0.8225,1.38275905894,0.9280305406066786,0.745,1.70276735722,0.8872759437989763,0.8125,1.20322804901,0.8112992489986319,0.7827160493827161,3.20503707326,0.3779966721978454,0.68,2.48353019827,0.18752829184520714,0.0,nan,0.0
11,56917,0.869444977914346,7.98314898329,0.5606067030031427,0.73,4.44999260475,0.7310161093695674,0.72,3.14241336511,0.7983715258836123,0.77,2.633810002,0.8237047944763771,0.6575000000000001,3.26948658767,0.6661115323381741,0.7325,1.55965836881,0.7002045144267126,0.829629629629629,3.35355329739,0.53383774274979,0.8300000000000001,3.22718583264,0.6888228718132163,1.0,nan,0.0
11,56975,0.9289802189360471,3.13529332455,0.9094934449258927,0.6975,5.29057751652,0.5705722763586063,0.68,4.17284771005,0.6505783702040564,0.7325,3.50893888561,0.7079085859819592,0.7175,2.23306799688,0.8332184827793723,0.6000000000000001,1.79323947813,0.4715548708131375,0.776296296296296,3.14666853222,0.3576040761391661,0.8,3.57166235177,0.5862807619396451,1.0,nan,0.0
11,67160,0.830036489341271,6.41945484431,0.2616722520804549,0.774999999999999,2.54855991347,0.8893182238842396,0.8150000000000001,0.73626018401,0.9701126832747269,0.8500000000000001,0.883674921748,0.9588741602948601,0.76,1.43230484183,0.9107649079470881,0.68,1.72198289294,0.6137214190490037,0.88,2.9567650491,0.6949684360559505,0.8625,2.65584980254,0.7848196873292099,0.0,nan,0.0
11,67299,0.9328212022277701,2.81473872805,0.9209141690698042,0.6775,5.34903556892,0.46353058988530205,0.6775,4.21900093138,0.640087966421391,0.6825,4.0887428612,0.5141082408310388,0.6625,3.2027202718,0.6822942229916801,0.5,1.56338683561,0.30105156730065324,0.7091358024691351,2.17842866148,0.17599207153807972,0.545,0.37853177224,0.016676140656940466,1.0,nan,0.0
11,67423,0.9385442673324371,2.37505186404,0.9357425667124128,0.705,5.17098088632,0.6098348744664079,0.6375000000000001,4.50863189394,0.46255595014450057,0.6875,4.07492686321,0.5345219119568502,0.6775,2.97396947437,0.7286688305661105,0.59,1.78547657836,0.4536582006365685,0.652839506172839,1.25133714018,0.08008130274755906,0.6825,2.53424782002,0.19380058202850045,0.0,nan,0.0
11,67905,0.786863837142308,2.50935665398,0.07205180818604998,0.7975000000000001,1.67915046813,0.9365633616187545,0.764999999999999,1.80384861293,0.9091209703897688,0.8,1.88598313724,0.8913948023132676,0.75,1.61051233638,0.8955583542980836,0.6675,1.74825734812,0.5920269497968689,0.8,3.31891310954,0.43447070309181157,0.845,2.9819481395,0.7354399973686101,1.0,nan,0.0
11,68565,0.8021893604762821,3.76649859142,0.11977553930651857,0.7175,4.86569162223,0.6726935571981753,0.6950000000000001,3.84155822554,0.7107955277893965,0.7575000000000001,2.94556293037,0.7888230937992293,0.665,3.16743015916,0.69025716724352,0.5775,1.77060829894,0.4314267520189869,0.8958024691358021,2.738190732,0.7400103534847046,0.857499999999999,2.75229214446,0.7712984473070257,1.0,nan,0.0
11,68688,0.8899942385250621,6.83517764782,0.71491556449863,0.78,2.34150240764,0.9015407158353118,0.685,4.0722873038,0.671195664291625,0.8025,1.82664408638,0.8960354356273641,0.62,3.57601028558,0.5366070247176669,0.79,1.31136443314,0.7830036226005503,0.883456790123456,2.91193773819,0.7051123963885688,0.8075000000000001,3.50712977307,0.6128360409341002,0.0,nan,0.0
11,69217,0.777222969080084,1.87763626053,0.051008212779322805,0.7675000000000001,2.86932762181,0.8690075431265708,0.7000000000000001,3.71347762507,0.7296862718799425,0.74,3.35235001586,0.7336465825951883,0.6425000000000001,3.43593303067,0.6157541367362049,0.7675000000000001,1.41472294563,0.7523236620109431,0.9125925925925921,2.47482898884,0.7838101025362976,0.72,3.21713293805,0.30222042218905554,0.0,nan,0.0
11,69292,0.751603610524294,0.77905391547,0.01862084771273641,0.76,3.19747956546,0.8462597752025938,0.74,2.53082008529,0.8551145411592083,0.8150000000000001,1.54215795475,0.9170678362032356,0.7875000000000001,0.996899357661,0.9439660030685477,0.75,1.49008281616,0.726899088262869,0.75358024691358,2.8800011233,0.28898835641575216,0.74,3.4769573358,0.36932023320572227,0.0,nan,0.0
11,70225,0.9116573842903781,4.77356674075,0.841353012922758,0.5925,2.49910494895,0.1085969556193052,0.58,3.43803196345,0.22707117177933828,0.64,3.77963717209,0.34428764315591,0.5375,2.90200104959,0.2576278374390941,-0.25,0.00173397884349,0.00011028137767843931,0.795555555555555,3.29593343859,0.41976938129278957,0.804999999999999,3.53037854387,0.6040387997555767,1.0,nan,0.0
11,70358,0.9552525446514301,1.3656454233,0.9664263675171257,0.5425,0.871307896958,0.028472094807022175,0.47500000000000003,0.683186445998,0.02593220667974457,0.48,0.508448638676,0.02086830109141021,0.545,3.02655442882,0.27986515170556703,0.5325,1.67235707474,0.3537082923975695,0.8291358024691351,3.35469137454,0.5321813836583924,0.75,3.56823469847,0.404569491754211,1.0,nan,0.0
11,70659,0.90497407336278,5.44362263061,0.8072088557788457,0.6950000000000001,5.31894989895,0.5573091428245448,0.6025,4.02625020573,0.3113381734403696,0.685,4.08318395178,0.5243237129375515,0.55,3.10461540691,0.29519485699879466,0.5275000000000001,1.65746762525,0.34538342638635866,0.7832098765432091,3.20918200122,0.3795804320623146,0.5650000000000001,0.550770105028,0.02588682776772304,1.0,nan,0.0
11,70707,0.853082389091607,7.91018596641,0.4292967837404587,0.67,5.27149198166,0.42367043418683525,0.6675,4.37359075927,0.5970836480097257,0.7525000000000001,3.0664297067,0.7737918849001522,0.6425000000000001,3.43593303067,0.6157541367362049,0.7225,1.59634837404,0.6844224836401005,0.8493827160493821,3.26153555155,0.5993193403233086,0.8825000000000001,2.25603692591,0.8339634140015892,1.0,nan,0.0
11,70749,0.8905703860188201,6.78749112069,0.7188399283003923,0.39,0.00231694007174,4.210756819445284e-05,0.36,0.0236850143418,0.0006124337228651464,0.39,0.0526847539774,0.0016401721521257322,0.365,0.320923028581,0.014431168849711552,0.65,1.77597101197,0.5611741619653461,0.8661728395061721,3.11640178173,0.6529430413869439,0.6575000000000001,2.02091710919,0.1368485939008363,0.0,nan,0.0
11,70793,0.8893028615325521,6.89154654937,0.7101703392591443,0.66,5.0884692235,0.37179772155204144,0.545,2.35478518434,0.12553379820893323,0.59,2.69412414856,0.18038301261920991,0.5275000000000001,2.72437129556,0.22948624117435099,0.392499999999999,1.07288727302,0.15825093240945443,0.808395061728395,3.34988367115,0.46247468678073467,0.6125,1.17510272583,0.06563626755367133,0.0,nan,0.0
11,70852,0.90013443441521,5.91948509337,0.7797061925275479,0.6975,5.29057751652,0.5705722763586063,0.6900000000000001,3.96151859945,0.691284225498569,0.705,3.94371331656,0.6048688066653518,0.595,3.56061248634,0.4470168809180104,0.5925,1.78776452188,0.45812480003179035,0.799012345679012,3.31419527343,0.43119507561735143,0.6975,2.82889157303,0.23404860500814356,0.0,nan,0.0
11,72086,0.8713654695602071,7.93019155272,0.5758894380549284,0.585,2.19534543604,0.0910025986303997,0.5650000000000001,2.98166972205,0.17888553978121116,0.545,1.58480779635,0.0846271643026465,0.41750000000000004,0.801149213553,0.04246256384900736,0.40750000000000003,1.14663145335,0.17489736870044242,0.515061728395061,0.125779339203,0.0052143510353070775,0.847499999999999,2.93757224631,0.7428395791018875,0.0,nan,0.0
11,74604,0.8229690800845011,5.76341992963,0.21859247710273116,0.9125000000000001,0.0471059021655,0.9989589568954822,0.8300000000000001,0.532644450145,0.9795666838747016,0.827499999999999,1.28175539099,0.9346900144581054,0.9075000000000001,0.10656073507,0.9957817043079198,0.794999999999999,1.28765294169,0.7895012580799798,0.789629629629629,3.25840973589,0.4003452738187617,0.804999999999999,3.53037854387,0.6040387997555767,0.0,nan,0.0
11,74635,0.8252736700595351,5.9825429822,0.23212805413039225,0.5375,0.765212835173,0.024385022215405616,0.5575,2.74599836463,0.15740564218715253,0.675,4.08913669566,0.4834259068810336,0.655,3.30086581932,0.6578983053237968,0.382499999999999,1.02385176252,0.14776743256480213,0.769382716049382,3.07490681319,0.3360922602407497,0.605,1.05577323175,0.057275161385268454,0.0,nan,0.0
11,74688,0.8560015363933161,7.99167288125,0.4525137045091101,0.774999999999999,2.54855991347,0.8893182238842396,0.7000000000000001,3.71347762507,0.7296862718799425,0.75,3.12566270414,0.7660515860022677,0.625,3.55713041534,0.5544428829082295,0.75,1.49008281616,0.726899088262869,0.580246913580246,0.440238994623,0.0219767145508791,0.5,0.144638642512,0.005589137172963735,1.0,nan,0.0
11,74696,0.8636450931438441,8.06516070183,0.5140103344611868,0.6975,5.29057751652,0.5705722763586063,0.7125,3.36508986277,0.773963718670802,0.7175,3.77690913539,0.6531815752812007,0.6950000000000001,2.66550490867,0.7780667895505262,0.6675,1.74825734812,0.5920269497968689,0.892839506172839,2.78167835989,0.7318325118685264,0.7825000000000001,3.65828484323,0.5228841798762924,1.0,nan,0.0
11,76409,0.9366621855194931,2.51445441743,0.9311421517901526,0.5775,1.90918685422,0.07562268602965116,0.51,1.37317850795,0.06097851014554888,0.5325,1.31720914708,0.06651664579210623,0.52,2.58449430538,0.20957502600532557,0.25,0.460090211798,0.051805591806695445,0.885432098765432,2.88552313652,0.7108383768965645,0.7175,3.1783347753,0.29422582650337104,0.0,nan,0.0
11,76496,0.660072978682542,0.0100609681653,0.0001580447607282122,0.835,0.682230284717,0.9789573457755625,0.9175000000000001,0.0498967746522,0.9985512922227144,0.8975000000000001,0.343102301814,0.9865013097529982,0.804999999999999,0.768156378499,0.9593529998011601,0.889999999999999,0.828716310599,0.889900138026089,0.8044444444444441,3.33735825681,0.44926411242477815,0.9325000000000001,1.30335962002,0.9222271276054838,0.0,nan,0.0
11,78211,0.525676973305166,2.42902009634e-07,2.3851408293658847e-09,0.8300000000000001,0.780767069523,0.9753040026789079,0.81,0.815631207496,0.9662354406564897,0.8600000000000001,0.73723362306,0.9669631436105205,0.827499999999999,0.531223156472,0.9738527774096073,0.8025,1.25170800994,0.7990241210460034,0.8740740740740741,3.02920900022,0.6772293794800264,0.794999999999999,3.60577291319,0.5683341340566355,1.0,nan,0.0
11,79262,0.786863837142308,2.50935665398,0.07205180818604998,0.7575000000000001,3.30744919174,0.8381286163556789,0.7275,2.91412535929,0.821085905029121,0.8150000000000001,1.54215795475,0.9170678362032356,0.827499999999999,0.531223156472,0.9738527774096073,0.66,1.7614589162,0.5788642892725662,0.897283950617283,2.71606430102,0.744050572973447,0.8400000000000001,3.0679373777,0.7203136812544559,1.0,nan,0.0
11,79313,0.9217591703476091,3.78659862221,0.8845369149219808,0.6175,3.57873901469,0.18446990872352562,0.515,1.49774248021,0.06815324734839455,0.56,1.93659965786,0.1110011733643974,0.41250000000000003,0.740902670735,0.03860878274419531,0.7000000000000001,1.66944084794,0.6476564303827865,0.7886419753086421,3.25140766902,0.3971305318259126,0.764999999999999,3.65035320523,0.4587938129619774,1.0,nan,0.0
11,79388,0.9097753024774341,4.96239010589,0.8321911592753342,0.77,2.76130066659,0.8760456336974335,0.7325,2.76060034178,0.8352728773060831,0.75,3.12566270414,0.7660515860022677,0.715,2.28198728408,0.8275746499701071,0.7925000000000001,1.2995363,0.7862672604042904,0.8069135802469131,3.34561669898,0.45751499297268516,0.725,3.29083025053,0.318492557815776,0.0,nan,0.0
11,80513,0.8483195698098711,7.71743222775,0.39205244099497866,0.7825000000000001,2.24053350009,0.9072678778892713,0.7075,3.50856698264,0.7567776036063052,0.76,2.88412023546,0.796110321450032,0.5975,3.57038614203,0.4559310049306665,0.76,1.44764805327,0.7415892201198879,0.8207407407407401,3.3651414482,0.503962897059348,0.8250000000000001,3.29951633567,0.6725039344708004,1.0,nan,0.0
11,80619,0.869406568081428,7.9840791778,0.5603000537039352,0.77,2.76130066659,0.8760456336974335,0.7775000000000001,1.48119722834,0.9296175071836773,0.8250000000000001,1.33171351738,0.9314234072319333,0.6975,2.6188412553,0.7846723275984824,0.7625000000000001,1.43677152843,0.7451947657638018,0.9777777777777771,1.38099314012,0.9091546395916421,0.8150000000000001,3.42741580994,0.638849738757714,1.0,nan,0.0
11,80759,0.854042634914538,7.9401542423,0.4369071407748883,0.6675,5.23401472937,0.4105373663157338,0.6675,4.37359075927,0.5970836480097257,0.7825000000000001,2.31742380879,0.8546492008648702,0.845,0.388618963578,0.9818513151786294,0.5575,1.73526148284,0.3963448515834264,0.6167901234567901,0.780168287331,0.04385587628225477,0.605,1.05577323175,0.057275161385268454,0.0,nan,0.0
11,80766,0.8905703860188201,6.78749112069,0.7188399283003923,0.6975,5.29057751652,0.5705722763586063,0.645,4.52382202713,0.4964483439407178,0.7225,3.69508885785,0.6718649226709321,0.645,3.41196850708,0.6243143433662193,0.6000000000000001,1.79323947813,0.4715548708131375,0.8197530864197531,3.36526215437,0.5006392217171539,0.6375000000000001,1.62236146015,0.10045805687322848,1.0,nan,0.0
11,80873,0.9597080852698291,1.16287267158,0.9720496497866575,0.7775000000000001,2.4442319002,0.8955588983419424,0.735,2.68381944082,0.8420783833543379,0.7075,3.91493904502,0.6146926192087829,0.705,2.47621507167,0.8037809934584239,0.5,1.56338683561,0.30105156730065324,0.8182716049382711,3.36500486248,0.49565377380465186,0.6325000000000001,1.52749241072,0.09258440612784034,0.0,nan,0.0
11,84558,0.8444785865181481,7.51174994449,0.36279129402732324,0.7775000000000001,2.4442319002,0.8955588983419424,0.7925000000000001,1.14160248684,0.9492203098809152,0.837499999999999,1.09318421561,0.9465494811846431,0.75,1.61051233638,0.8955583542980836,0.6275000000000001,1.7952975499,0.5209623399840988,0.8256790123456791,3.3610333326,0.5205731382218883,0.7775000000000001,3.66580106384,0.5045707132486692,0.0,nan,0.0
11,104560,0.850240061455732,7.80379612572,0.40695845891448795,0.485,0.149963067132,0.0037788237809611904,0.4,0.0912320861958,0.002646147261569644,0.48,0.508448638676,0.02086830109141021,0.40750000000000003,0.683881055494,0.03504816128228023,0.515,1.61715219894,0.32491256856867345,0.9170370370370371,2.40135746374,0.7946465257175533,0.8500000000000001,2.89235705318,0.7501271591750971,0.0,nan,0.0
11,104598,0.8269637027078931,6.14038739786,0.24237250997933107,0.685,5.37259168871,0.5037708623603837,0.5825,3.51046189603,0.2357570717627379,0.645,3.85302744217,0.36337295124393604,0.515,2.48893846664,0.19689080288790295,0.5,1.56338683561,0.30105156730065324,0.8543209876543211,3.22488352294,0.6153373401204394,0.67,2.27832180091,0.16371671513470504,0.0,nan,0.0
11,104599,0.8580756673708471,8.03188642559,0.4691337585344598,0.61,3.25138408052,0.15885497725921494,0.5725,3.21363689865,0.20212144516387698,0.595,2.82036754855,0.19416987153149112,0.47000000000000003,1.61962069351,0.10460560198062033,-0.25,0.00173397884349,0.00011028137767843931,0.8804938271604931,2.95047314948,0.6964270149521885,0.6875,2.63455382428,0.20672328262523199,1.0,nan,0.0
11,104688,0.657384290378336,0.00856785550075,0.00013305061914141656,0.6625,5.14234960136,0.38458733355305663,0.7275,2.91412535929,0.821085905029121,0.73,3.5580798327,0.6990744722442346,0.7225,2.13515936528,0.8441390340270213,0.75,1.49008281616,0.726899088262869,0.743209876543209,2.7323978178,0.259875223434975,0.8125,3.45560709266,0.6302456301575803,1.0,nan,0.0
11,104824,0.882081812944113,7.4166108478,0.6584361520303319,0.6175,3.57873901469,0.18446990872352562,0.6325000000000001,4.48020813465,0.44007780100438787,0.6000000000000001,2.94472300328,0.20858354258388057,0.5675,3.33980713565,0.3516764075969005,0.5,1.56338683561,0.30105156730065324,0.8222222222222221,3.36452207944,0.508947897931247,0.875,2.40756856937,0.8164743874025988,0.0,nan,0.0
11,107778,0.833877472632994,6.74999527196,0.28697138704955427,0.7375,4.16057091366,0.7633211481967714,0.68,4.17284771005,0.6505783702040564,0.7175,3.77690913539,0.6531815752812007,0.6000000000000001,3.57834930934,0.464867302810038,0.78,1.35805106363,0.7696556613107106,0.589135802469135,0.510364425231,0.02619589018486812,0.685,2.58460976358,0.200199234564866,1.0,nan,0.0
11,107870,0.765815248703668,1.29254438487,0.03308687047976967,0.8150000000000001,1.13871037523,0.9610277308577504,0.8125,0.77519991781,0.968223666821012,0.8225,1.38275905894,0.9280305406066786,0.735,1.89224794695,0.8693057363850154,0.72,1.60513806228,0.6804205926572539,0.90716049382716,2.56277476157,0.7701267104303535,0.909999999999999,1.7098889613,0.888422913394286,0.0,nan,0.0
11,107898,0.9443057422700211,1.98078773381,0.9482669655959466,0.6975,5.29057751652,0.5705722763586063,0.7025,3.64673814778,0.7388868920911111,0.794999999999999,2.00669184592,0.8816641794320172,0.6075,3.59126790302,0.4917636909497727,0.605,1.79572491376,0.4805276712942112,0.7614814814814811,2.98246466811,0.312154914927373,0.6175,1.25873017776,0.0717195265840448,1.0,nan,0.0
11,108143,0.8767428461686191,7.71672092755,0.6180011868449646,0.625,3.89936177254,0.21251927056736092,0.485,0.847473404264,0.03356412010015482,0.6950000000000001,4.03416848202,0.5649458897989372,0.73,1.98886036497,0.8596033713209407,0.5625,1.74539624538,0.4050468492113001,0.8824691358024691,2.92493019169,0.7022299805150439,0.7225,3.25464990416,0.3103104234892986,0.0,nan,0.0
11,108336,0.8269637027078931,6.14038739786,0.24237250997933107,0.595,2.60358773835,0.11497502553995329,0.535,2.05177898927,0.103511680769032,0.56,1.93659965786,0.1110011733643974,0.387499999999999,0.487129043346,0.023419979715347622,0.41750000000000004,1.19562000887,0.18660886112408107,0.8469135802469131,3.27787971245,0.5912457125475636,0.5575,0.480356530248,0.02202463220088477,0.0,nan,0.0
11,108341,0.8097560975609751,4.47668093097,0.15093577946294023,0.595,2.60358773835,0.11497502553995329,0.5825,3.51046189603,0.2357570717627379,0.52,1.07724687131,0.05158150857774278,0.52,2.58449430538,0.20957502600532557,0.595,1.78982152481,0.4625968307929025,0.9516049382716051,1.81029674912,0.8674758011983873,0.8075000000000001,3.50712977307,0.6128360409341002,1.0,nan,0.0
11,108351,0.839408488573074,7.17928230368,0.3255214339418068,0.615,3.47001382497,0.17565884047256014,0.65,4.5155506518,0.519052896867187,0.685,4.08318395178,0.5243237129375515,0.64,3.45829717151,0.6071360119275631,0.665,1.75287527335,0.5876504890392114,0.598518518518518,0.592962799537,0.031364968325067154,0.6825,2.53424782002,0.19380058202850045,1.0,nan,0.0
11,108388,0.8406376032264261,7.26573903237,0.3343990909440929,0.5875,2.29482508545,0.0966149166649192,0.5475,2.43228977684,0.13151752869254685,0.64,3.77963717209,0.34428764315591,0.6000000000000001,3.57834930934,0.464867302810038,0.58,1.77403525451,0.43585760328046597,0.819259259259259,3.36523483473,0.49897736820346605,0.6900000000000001,2.68401727417,0.21337160318820175,1.0,nan,0.0
11,108411,0.8743230266948331,7.8243874883,0.5991941104251837,0.67,5.27149198166,0.42367043418683525,0.6175,4.31044510587,0.3739936881995004,0.6575000000000001,3.99597207274,0.41249185910464514,0.7075,2.42798270044,0.8099112990160334,0.515,1.61715219894,0.32491256856867345,0.9303703703703701,2.17528849628,0.8251649287724987,0.875,2.40756856937,0.8164743874025988,1.0,nan,0.0
11,108416,0.8364893412713651,6.96040590647,0.3048790588954132,0.804999999999999,1.43143438754,0.9482133115512421,0.71,3.43742030402,0.765460349189361,0.8174999999999991,1.48801064749,0.920855341221523,0.74,1.79677706817,0.8785277547398086,0.7125,1.63053592341,0.6682858896899095,0.807407407407407,3.34709652441,0.4591675171199411,0.804999999999999,3.53037854387,0.6040387997555767,1.0,nan,0.0
11,108417,0.860149798348377,8.05709177667,0.48582169497277994,0.5325,0.66906610844,0.020803381509423274,0.5825,3.51046189603,0.2357570717627379,0.6325000000000001,3.65387816136,0.3164007035255557,0.605,3.58879814651,0.4827882248517007,0.52,1.63379340352,0.3330402118607602,0.973333333333333,1.45094782152,0.9028619780229137,0.8,3.57166235177,0.5862807619396451,1.0,nan,0.0
11,108652,0.945265988092951,1.91986536154,0.950139649217113,0.5650000000000001,1.4793060298,0.054509740231639556,0.5075000000000001,1.31323837349,0.057620819673679796,0.6425000000000001,3.81742630418,0.35378442098358287,0.43999999999999906,1.11214274163,0.06386573272864157,0.5625,1.74539624538,0.4050468492113001,0.5560493827160491,0.286264191883,0.013290610858729575,0.525,0.251825142199,0.010441675623608466,0.0,nan,0.0
11,109008,0.8137507201843671,4.86483804445,0.1695918229785555,0.63,4.10572432129,0.23253506995750212,0.5275000000000001,1.83454972271,0.08894420563412384,0.5325,1.31720914708,0.06651664579210623,0.5,2.19615032063,0.1617452674391055,0.595,1.78982152481,0.4625968307929025,0.6819753086419751,1.7144648782,0.12314765156369861,0.6950000000000001,2.78124959357,0.2270357822197545,1.0,nan,0.0
11,109067,0.7877856731323211,2.5764991966,0.07439588133266437,0.7525000000000001,3.52678074184,0.8210424169167805,0.7625000000000001,1.87223928081,0.9045261082045687,0.794999999999999,2.00669184592,0.8816641794320172,0.71,2.37949777312,0.8159206965184558,0.75,1.49008281616,0.726899088262869,0.8479012345679011,3.27150286068,0.594479993266555,0.8,3.57166235177,0.5862807619396451,1.0,nan,0.0
11,129429,0.7937776070674091,3.04067549765,0.09120110037840026,0.68,5.36295795755,0.47692184018339556,0.5775,3.36431924409,0.2185679809384199,0.5875,2.63052828147,0.1737271471809091,0.54,2.94443947101,0.26493607007911135,0.76,1.44764805327,0.7415892201198879,0.8172839506172841,3.3645411651,0.4923305219654044,0.7925000000000001,3.62006527815,0.5593014480626769,1.0,nan,0.0
11,129459,0.896331860956404,6.27942451654,0.7565076017018114,0.6875,5.36826726413,0.5171982056083535,0.6725,4.30250072056,0.6187792033819174,0.6925,4.05039361272,0.5548396426188171,0.6375000000000001,3.47902679824,0.5984640130385748,0.605,1.79572491376,0.4805276712942112,0.838024691358024,3.32541249107,0.5618844772965531,0.705,2.96715976416,0.25578846046182824,1.0,nan,0.0
11,129490,0.8252736700595351,5.9825429822,0.23212805413039225,0.6975,5.29057751652,0.5705722763586063,0.6575000000000001,4.47582892594,0.5527908654415042,0.754999999999999,3.00636450566,0.7813830410418481,0.625,3.55713041534,0.5544428829082295,0.7000000000000001,1.66944084794,0.6476564303827865,0.9654320987654321,1.57866766479,0.8908957759187143,0.889999999999999,2.10442459151,0.8503147483471766,1.0,nan,0.0
11,129672,0.839408488573074,7.17928230368,0.3255214339418068,0.405,0.00496345198355,9.438018887019875e-05,0.485,0.847473404264,0.03356412010015482,0.38,0.0390524270675,0.00118453212527778,0.43500000000000005,1.0374706379,0.058492991417055454,-0.25,0.00173397884349,0.00011028137767843931,0.901234567901234,2.65589594878,0.7546623937784936,0.725,3.29083025053,0.318492557815776,1.0,nan,0.0
11,129907,0.9058959093527941,5.35159586975,0.8121845888058666,0.65,4.8236338121,0.322174193310539,0.65,4.5155506518,0.519052896867187,0.63,3.60809007488,0.30732286022305355,0.54,2.94443947101,0.26493607007911135,0.6075,1.79661662338,0.48501814703943,0.725432098765432,2.45281283173,0.21374306518569322,0.65,1.86859319876,0.12226453501261517,0.0,nan,0.0
11,129987,0.9306702515844051,2.99184250026,0.9146704540060684,0.6575000000000001,5.02945643133,0.3591492648735193,0.6575000000000001,4.47582892594,0.5527908654415042,0.6875,4.07492686321,0.5345219119568502,0.6575000000000001,3.26948658767,0.6661115323381741,0.5,1.56338683561,0.30105156730065324,0.6869135802469131,1.79773658625,0.13181937453917242,0.5625,0.526491662357,0.024540420797795753,0.0,nan,0.0
11,130043,0.8598041098521221,8.05394182195,0.4830369833346422,0.764999999999999,2.97818233851,0.8616983054826794,0.8300000000000001,0.532644450145,0.9795666838747016,0.899999999999999,0.324507711177,0.9873356470554848,0.6950000000000001,2.66550490867,0.7780667895505262,0.804999999999999,1.23964015333,0.8021383143558365,0.942716049382716,1.96264736895,0.8507083969608753,0.865,2.60689308581,0.7913982075232698,0.0,nan,0.0
11,130166,0.918225465719224,4.12432252882,0.8705625601543121,0.9325000000000001,0.0197996777964,0.9995928187822811,0.7875000000000001,1.24871317346,0.9432470991839099,0.9325000000000001,0.149200318528,0.9947273102098249,0.875,0.216064659705,0.9907166377956544,0.875,0.89887961023,0.876945650718649,0.8681481481481481,3.09566316591,0.6590785336727264,0.8600000000000001,2.70433651692,0.7781193501658272,0.0,nan,0.0
11,130586,0.892452467831764,6.62745021925,0.7314649321647873,0.35750000000000004,0.000389775677066,6.463164647286334e-06,0.20750000000000002,2.80756760468e-05,5.197283958320979e-07,0.28500000000000003,0.00144849181725,3.541683145915436e-05,0.25,0.0217229144096,0.0007401415691096733,-0.25,0.00173397884349,0.00011028137767843931,0.741728395061728,2.71024908091,0.2558436030685825,0.42750000000000005,0.0220292794485,0.0007134555598217688,0.0,nan,0.0
11,134922,0.857922028039178,8.02941955604,0.4678999333217967,0.6775,5.34903556892,0.46353058988530205,0.6925,3.90262150544,0.7011148658512263,0.725,3.65124082691,0.6810482288468507,0.635,3.49809011301,0.5897422665967957,0.4375,1.29219260917,0.2114911132964445,0.679012345679012,1.6649866475,0.11814115559612151,0.79,3.63248243864,0.5502353704179196,0.0,nan,0.0
11,134923,0.879969272133666,7.54519872207,0.6426302534622099,0.7025,5.2164698214,0.5968494137458376,0.6825,4.12390451345,0.660949879843999,0.725,3.65124082691,0.6810482288468507,0.68,2.93225282286,0.7360517973327875,0.6725,1.73837851274,0.6007438945200492,0.77037037037037,3.08569913954,0.3391345492481851,0.735,3.42113561212,0.35207228248359956,0.0,nan,0.0
11,135551,0.823314768580756,5.79653253947,0.22059055063522331,0.7725000000000001,2.65431181154,0.8828149118622253,0.7575000000000001,2.01242739773,0.8948162607269504,0.8250000000000001,1.33171351738,0.9314234072319333,0.6425000000000001,3.43593303067,0.6157541367362049,0.7825000000000001,1.34648068564,0.7730363409651662,0.7629629629629631,3.00059692844,0.3165868564219637,0.774999999999999,3.66662657825,0.4954047705863469,1.0,nan,0.0
11,135973,0.849241405799884,7.76030829804,0.39918660964113506,0.7825000000000001,2.24053350009,0.9072678778892713,0.8,0.992598279759,0.9572147948281476,0.7925000000000001,2.06794409998,0.8765709985310586,0.745,1.70276735722,0.8872759437989763,0.6675,1.74825734812,0.5920269497968689,0.9017283950617281,2.64826180067,0.7559720633539591,0.8975000000000001,1.95411920893,0.8655330605190794,1.0,nan,0.0
11,136122,0.8521605531015941,7.87854902401,0.42201925740837815,0.745,3.8502871612,0.7933725101642215,0.78,1.42084229005,0.9332447525957412,0.745,3.24124739141,0.7501326031216557,0.61,3.59189538551,0.5007430290583649,0.5225000000000001,1.64185954166,0.3371348139202263,0.653827160493827,1.26600721009,0.08132442881462527,0.8325,3.18911202522,0.6968434995401668,1.0,nan,0.0
11,136139,0.7495678893796811,0.722018535498,0.01709359139987277,0.784999999999999,2.14147447247,0.9127449752606009,0.8025,0.946044414955,0.9596377747445513,0.837499999999999,1.09318421561,0.9465494811846431,0.76,1.43230484183,0.9107649079470881,0.8225,1.15432298205,0.8230872658247355,0.9422222222222221,1.97115153106,0.8497370886940913,0.845,2.9819481395,0.7354399973686101,1.0,nan,0.0
11,136288,0.852506241597849,7.89073953045,0.4247448994801306,0.7925000000000001,1.85705613237,0.9277269502855516,0.7375,2.60718742374,0.8486920986941603,0.8125,1.59727510285,0.9131437431565849,0.6225,3.56747230509,0.5455367552840167,0.7425,1.52068149168,0.7156080271257454,0.93679012345679,2.06479032677,0.8387753139259756,0.827499999999999,3.26400567254,0.6807086153856738,1.0,nan,0.0
11,136820,0.9385442673324371,2.37505186404,0.9357425667124128,0.6175,3.57873901469,0.18446990872352562,0.6275000000000001,4.43741841281,0.41777781993321805,0.655,3.97225028522,0.40253105805846706,0.5650000000000001,3.31022665195,0.3433635653463176,0.6025,1.79459904714,0.4760397176041119,0.852345679012345,3.24017060883,0.6089519653402425,0.655,1.96986507626,0.13186016559249938,1.0,nan,0.0
11,136846,0.7226810063376221,0.244010715584,0.005099219586327102,0.804999999999999,1.43143438754,0.9482133115512421,0.8075000000000001,0.857572358956,0.9641442524939621,0.7925000000000001,2.06794409998,0.8765709985310586,0.875,0.216064659705,0.9907166377956544,0.7625000000000001,1.43677152843,0.7451947657638018,0.6074074074074071,0.679625997004,0.037014775563184735,0.6525000000000001,1.91907459062,0.12699905051646582,0.0,nan,0.0
11,137085,0.660418667178797,0.0102693913797,0.00016155863332813504,0.8775000000000001,0.180324689112,0.9954222903513545,0.8400000000000001,0.423418202749,0.9843304328183902,0.875,0.551711881155,0.9765803926129991,0.8500000000000001,0.353971296722,0.9837067209064461,0.847499999999999,1.03161690729,0.8504108019311332,0.8148148148148141,3.362360185,0.4840254053086428,0.9400000000000001,1.1801636597,0.9315360813739434,0.0,nan,0.0
11,137869,0.0,9.76815221284e-48,3.8379944026308967e-50,0.8700000000000001,0.233565297362,0.9938774868980643,0.875,0.174284324866,0.9942595218937381,0.905,0.28977962797,0.9888700257229868,0.8625,0.278085760221,0.9876416706844746,0.8150000000000001,1.19103293496,0.8142920803932531,0.9772839506172831,1.38869301006,0.9084707672374783,0.972499999999999,0.7301436738,0.9622000247819515,0.0,nan,0.0
11,138039,0.8560015363933161,7.99167288125,0.4525137045091101,0.6375000000000001,4.39856791449,0.26444054007803164,0.6975,3.77846428063,0.7203209646904749,0.63,3.60809007488,0.30732286022305355,0.6075,3.59126790302,0.4917636909497727,0.655,1.76916162571,0.5700373681753471,0.716049382716049,2.29614233964,0.19146051910148015,0.7325,3.3908220693,0.34355700944640116,0.0,nan,0.0
11,140859,0.9577491837910501,1.24881720254,0.9696883247053356,0.6000000000000001,2.81635290789,0.12852297692773473,0.5975,3.90989993667,0.2914937679152174,0.65,3.91739717486,0.3828028798112565,0.59,3.53569653278,0.4292731456179343,0.4375,1.29219260917,0.2114911132964445,0.6948148148148141,1.93252085493,0.1465551996281249,0.59,0.840220934097,0.04309439369656232,1.0,nan,0.0
11,140984,0.8857307470712501,7.16670055205,0.6850531727987621,0.7425,3.95555999624,0.7836148661310312,0.754999999999999,2.0840875958,0.8896958217763185,0.7625000000000001,2.8221308603,0.8032432394387923,0.6925,2.71163423616,0.7713452483203846,0.645,1.78187608466,0.5522791653244417,0.9160493827160491,2.41778828492,0.7922666960671938,0.8925000000000001,2.05411244065,0.8555128840621361,1.0,nan,0.0
11,141053,1.0,0.220834859265,0.9955554754463172,0.7025,5.2164698214,0.5968494137458376,0.65,4.5155506518,0.519052896867187,0.645,3.85302744217,0.36337295124393604,0.5,2.19615032063,0.1617452674391055,0.625,1.79628401918,0.5164728142364416,0.611358024691358,0.720819076268,0.039780541578253614,0.7025,2.9219098468,0.2484269376386944,1.0,nan,0.0
11,141356,0.811791818705588,4.67378840803,0.16024938130811775,0.8400000000000001,0.593418710502,0.9821425179493919,0.794999999999999,1.09037562975,0.9520099580389787,0.8250000000000001,1.33171351738,0.9314234072319333,0.8425,0.406919557169,0.9808570300686001,0.7025,1.66201644513,0.6518207900546298,0.8508641975308641,3.25108987645,0.6041435660746031,0.9475,1.06397308672,0.93994710752164,1.0,nan,0.0
11,142811,0.8137507201843671,4.86483804445,0.1695918229785555,0.675,5.32910106515,0.4501816729984829,0.58,3.43803196345,0.22707117177933828,0.595,2.82036754855,0.19416987153149112,0.535,2.8587175915,0.25042676904074757,0.635,1.79093650536,0.5344120291993439,0.714567901234567,2.27104111087,0.18807741047545734,0.7825000000000001,3.65828484323,0.5228841798762924,1.0,nan,0.0
11,142951,0.8876896485500281,7.01926716131,0.6989490526911822,0.7375,4.16057091366,0.7633211481967714,0.764999999999999,1.80384861293,0.9091209703897688,0.804999999999999,1.76805480581,0.9005286476445877,0.68,2.93225282286,0.7360517973327875,0.6475000000000001,1.77903721887,0.5567303544398441,0.929382716049382,2.19223266843,0.8230081264998211,0.784999999999999,3.65160898545,0.5320219506339504,0.0,nan,0.0
11,143324,0.8636835029767621,8.0650084007,0.5143201130280457,0.625,3.89936177254,0.21251927056736092,0.66,4.45544165476,0.5639556868491689,0.5725,2.24791263957,0.13714174476117316,0.59,3.53569653278,0.4292731456179343,0.5750000000000001,1.76695731373,0.4270047484795803,0.6972839506172831,1.97488934713,0.1513791471854269,0.6775,2.43251845421,0.18138317611765847,1.0,nan,0.0
11,145305,0.9097753024774341,4.96239010589,0.8321911592753342,0.6875,5.36826726413,0.5171982056083535,0.745,2.37932071279,0.8673890882233408,0.7675000000000001,2.69688436523,0.8170413794901614,0.6575000000000001,3.26948658767,0.6661115323381741,0.605,1.79572491376,0.4805276712942112,0.7970370370370371,3.30409157683,0.4246583498465287,0.725,3.29083025053,0.318492557815776,1.0,nan,0.0
11,145335,0.693796811983867,0.0635704201358,0.001161355071312495,0.5,0.251014210395,0.006731017922339977,0.5425,2.27787858944,0.11974310429876511,0.55,1.69875480963,0.092834555406728,0.5875,3.5205925016,0.4204524205514363,0.5225000000000001,1.64185954166,0.3371348139202263,0.79753086419753,3.30670068118,0.42629064650687165,0.8,3.57166235177,0.5862807619396451,0.0,nan,0.0
11,145444,0.8017284424812751,3.72475807544,0.11804911964025264,0.6925,5.34140211462,0.543982460886995,0.754999999999999,2.0840875958,0.8896958217763185,0.8525,0.845310505822,0.9610351469533309,0.7975000000000001,0.861379522245,0.9532467602167551,0.725,1.5874022285,0.6884022041451765,0.861728395061728,3.1603557891,0.6389932816281201,0.794999999999999,3.60577291319,0.5683341340566355,1.0,nan,0.0
11,146557,0.8974841559439211,6.17204707254,0.7636816418860428,0.6825,5.37081941444,0.49034032832493674,0.72,3.14241336511,0.7983715258836123,0.73,3.5580798327,0.6990744722442346,0.5700000000000001,3.36792604988,0.3600613829970415,-0.25,0.00173397884349,0.00011028137767843931,0.9002469135802461,2.67109084661,0.7520317748871901,0.74,3.4769573358,0.36932023320572227,0.0,nan,0.0
11,146877,0.5736892644516991,2.0015517371e-05,2.2739104926039312e-07,0.5625,1.40102933028,0.05090987342874281,0.715,3.29171790553,0.7822849305989781,0.865,0.670941466985,0.9704816861748107,0.8400000000000001,0.425889438779,0.979816159642769,0.8075000000000001,1.22753517474,0.805222290878331,0.863209876543209,3.14612842698,0.6436648044267147,0.865,2.60689308581,0.7913982075232698,1.0,nan,0.0
11,146928,0.837718455924716,7.05479070818,0.31349252079617623,0.8174999999999991,1.07234790534,0.963790986113259,0.8600000000000001,0.259059855303,0.9910449973230074,0.855,0.808120104567,0.9631016912261119,0.8150000000000001,0.65505304483,0.9664584569557415,0.7000000000000001,1.66944084794,0.6476564303827865,0.803456790123456,3.33365549969,0.4459697659214794,0.885,2.20543757406,0.8395402532571865,1.0,nan,0.0
11,146993,0.37584021509506405,3.14300465584e-15,2.161087704756963e-17,1.0,0.000623954758032,0.9999896194721387,1.0,0.00257813622341,0.9999395178334329,1.0,0.0219122044562,0.999351966092126,0.9500000000000001,0.0379786654511,0.9986347409912921,0.8125,1.20322804901,0.8112992489986319,0.8528395061728391,3.23642646507,0.6105511272504835,0.8,3.57166235177,0.5862807619396451,1.0,nan,0.0
11,147026,0.8626848473209141,8.06726466375,0.5062645252569997,0.625,3.89936177254,0.21251927056736092,0.615,4.27049757129,0.36326685263025427,0.655,3.97225028522,0.40253105805846706,0.52,2.58449430538,0.20957502600532557,0.5,1.56338683561,0.30105156730065324,0.815802469135802,3.36340762804,0.48734679132874936,0.645,1.76873907712,0.11317186907565277,1.0,nan,0.0
11,147101,0.861724601497983,8.06609289552,0.498518268617953,0.6825,5.37081941444,0.49034032832493674,0.7225,3.06675892481,0.8061331065824229,0.865,0.670941466985,0.9704816861748107,0.8600000000000001,0.292094308312,0.9869290627084581,0.625,1.79628401918,0.5164728142364416,0.9007407407407401,2.66350574232,0.7533489602530373,0.8525,2.84636413728,0.7573007162608466,0.0,nan,0.0
11,147111,0.9010946802381411,5.82634239504,0.7853456949438172,0.6225,3.79368604004,0.2029026630460747,0.774999999999999,1.54299543275,0.9258375635968354,0.735,3.45820929552,0.7166178427528422,0.605,3.58879814651,0.4827882248517007,0.595,1.78982152481,0.4625968307929025,0.852345679012345,3.24017060883,0.6089519653402425,0.837499999999999,3.10942964736,0.7125917533992737,1.0,nan,0.0
11,147193,0.752294987516804,0.799275477454,0.0191664326995278,0.7975000000000001,1.67915046813,0.9365633616187545,0.7825000000000001,1.36196058601,0.9367229464609637,0.7825000000000001,2.31742380879,0.8546492008648702,0.8500000000000001,0.353971296722,0.9837067209064461,0.75,1.49008281616,0.726899088262869,0.6439506172839501,1.12324236238,0.06953296608119322,0.75,3.56823469847,0.404569491754211,1.0,nan,0.0
11,819,0.8252736700595351,5.9825429822,0.23212805413039225,0.7225,4.71100805485,0.6966423096963982,0.7075,3.50856698264,0.7567776036063052,0.7025,3.97007377508,0.5949760642601521,0.7775000000000001,1.14499313149,0.9332668185647448,0.725,1.5874022285,0.6884022041451765,0.7214814814814811,2.38739866833,0.2041818542824757,0.8300000000000001,3.22718583264,0.6888228718132163,0.0,nan,0.0
11,1942,0.8467447666602651,7.63826857158,0.3799603713135481,0.6075,3.14198840145,0.15086329339475635,0.5925,3.78441039723,0.2722544095202524,0.6725,4.08383644582,0.4732091258912587,0.585,3.5037544159,0.4116716282276556,0.715,1.62223503698,0.6723518883276627,0.755061728395061,2.89992038168,0.29326981840834054,0.784999999999999,3.65160898545,0.5320219506339504,0.0,nan,0.0
11,1993,0.8857307470712501,7.16670055205,0.6850531727987621,0.835,0.682230284717,0.9789573457755625,0.7525000000000001,2.15669151612,0.8843950361659816,0.7375,3.4059821354,0.7251983844418258,0.63,3.53110277139,0.5721664134846702,0.6625,1.75727638331,0.5832627541118276,0.905679012345679,2.58635210817,0.766312519238974,0.905,1.80638574831,0.8796329776764409,0.0,nan,0.0
