left,cluster,weight,distanceScore,equipmentScore,serviceScore,locationScore,roomScore,mealScore,bathScore,chargeScore,kinnennScore,copula
left,0,0.4661016949152542,"{'cv_num': 3, 'search_list': array([ 0.1       ,  0.001     ,  0.00109142,  0.00118285,  0.00127427,
        0.00139078,  0.00150728,  0.00162378,  0.00177223,  0.00192068,
        0.00206914,  0.00225831,  0.00244748,  0.00263665,  0.00287771,
        0.00311876,  0.00335982,  0.00366699,  0.00397416,  0.00428133,
        0.00467275,  0.00506417,  0.00545559,  0.00595437,  0.00645315,
        0.00695193,  0.00758751,  0.00822309,  0.00885867,  0.00966857,
        0.01047848,  0.01128838,  0.01232042,  0.01335246,  0.0143845 ,
        0.0156996 ,  0.0170147 ,  0.01832981,  0.02000561,  0.02168141,
        0.02335721,  0.02549265,  0.02762808,  0.02976351,  0.03248464,
        0.03520577,  0.0379269 ,  0.04139437,  0.04486184,  0.0483293 ,
        0.05274781,  0.05716631,  0.06158482,  0.06721521,  0.07284561,
        0.078476  ,  0.08565066,  0.09282533,  0.03372254,  0.03571972]), 'bw': 0.044861835559585846, 'best_bw': 0.044861835559585846, 'kernel': 'gaussian', 'score_type': 'distanceScore'}","{'cv_num': 3, 'search_list': array([ 0.1       ,  0.001     ,  0.00109142,  0.00118285,  0.00127427,
        0.00139078,  0.00150728,  0.00162378,  0.00177223,  0.00192068,
        0.00206914,  0.00225831,  0.00244748,  0.00263665,  0.00287771,
        0.00311876,  0.00335982,  0.00366699,  0.00397416,  0.00428133,
        0.00467275,  0.00506417,  0.00545559,  0.00595437,  0.00645315,
        0.00695193,  0.00758751,  0.00822309,  0.00885867,  0.00966857,
        0.01047848,  0.01128838,  0.01232042,  0.01335246,  0.0143845 ,
        0.0156996 ,  0.0170147 ,  0.01832981,  0.02000561,  0.02168141,
        0.02335721,  0.02549265,  0.02762808,  0.02976351,  0.03248464,
        0.03520577,  0.0379269 ,  0.04139437,  0.04486184,  0.0483293 ,
        0.05274781,  0.05716631,  0.06158482,  0.06721521,  0.07284561,
        0.078476  ,  0.08565066,  0.09282533,  0.03857657,  0.04086122]), 'bw': 0.057166314866307577, 'best_bw': 0.057166314866307577, 'kernel': 'gaussian', 'score_type': 'equipmentScore'}","{'cv_num': 3, 'search_list': array([ 0.1       ,  0.001     ,  0.00109142,  0.00118285,  0.00127427,
        0.00139078,  0.00150728,  0.00162378,  0.00177223,  0.00192068,
        0.00206914,  0.00225831,  0.00244748,  0.00263665,  0.00287771,
        0.00311876,  0.00335982,  0.00366699,  0.00397416,  0.00428133,
        0.00467275,  0.00506417,  0.00545559,  0.00595437,  0.00645315,
        0.00695193,  0.00758751,  0.00822309,  0.00885867,  0.00966857,
        0.01047848,  0.01128838,  0.01232042,  0.01335246,  0.0143845 ,
        0.0156996 ,  0.0170147 ,  0.01832981,  0.02000561,  0.02168141,
        0.02335721,  0.02549265,  0.02762808,  0.02976351,  0.03248464,
        0.03520577,  0.0379269 ,  0.04139437,  0.04486184,  0.0483293 ,
        0.05274781,  0.05716631,  0.06158482,  0.06721521,  0.07284561,
        0.078476  ,  0.08565066,  0.09282533,  0.03205632,  0.03395482]), 'bw': 0.037926901907322501, 'best_bw': 0.037926901907322501, 'kernel': 'gaussian', 'score_type': 'serviceScore'}","{'cv_num': 3, 'search_list': array([ 0.1       ,  0.001     ,  0.00109142,  0.00118285,  0.00127427,
        0.00139078,  0.00150728,  0.00162378,  0.00177223,  0.00192068,
        0.00206914,  0.00225831,  0.00244748,  0.00263665,  0.00287771,
        0.00311876,  0.00335982,  0.00366699,  0.00397416,  0.00428133,
        0.00467275,  0.00506417,  0.00545559,  0.00595437,  0.00645315,
        0.00695193,  0.00758751,  0.00822309,  0.00885867,  0.00966857,
        0.01047848,  0.01128838,  0.01232042,  0.01335246,  0.0143845 ,
        0.0156996 ,  0.0170147 ,  0.01832981,  0.02000561,  0.02168141,
        0.02335721,  0.02549265,  0.02762808,  0.02976351,  0.03248464,
        0.03520577,  0.0379269 ,  0.04139437,  0.04486184,  0.0483293 ,
        0.05274781,  0.05716631,  0.06158482,  0.06721521,  0.07284561,
        0.078476  ,  0.08565066,  0.09282533,  0.03953108,  0.04187226]), 'bw': 0.035205772743652726, 'best_bw': 0.035205772743652726, 'kernel': 'gaussian', 'score_type': 'locationScore'}","{'cv_num': 3, 'search_list': array([ 0.1       ,  0.001     ,  0.00109142,  0.00118285,  0.00127427,
        0.00139078,  0.00150728,  0.00162378,  0.00177223,  0.00192068,
        0.00206914,  0.00225831,  0.00244748,  0.00263665,  0.00287771,
        0.00311876,  0.00335982,  0.00366699,  0.00397416,  0.00428133,
        0.00467275,  0.00506417,  0.00545559,  0.00595437,  0.00645315,
        0.00695193,  0.00758751,  0.00822309,  0.00885867,  0.00966857,
        0.01047848,  0.01128838,  0.01232042,  0.01335246,  0.0143845 ,
        0.0156996 ,  0.0170147 ,  0.01832981,  0.02000561,  0.02168141,
        0.02335721,  0.02549265,  0.02762808,  0.02976351,  0.03248464,
        0.03520577,  0.0379269 ,  0.04139437,  0.04486184,  0.0483293 ,
        0.05274781,  0.05716631,  0.06158482,  0.06721521,  0.07284561,
        0.078476  ,  0.08565066,  0.09282533,  0.03667699,  0.03884914]), 'bw': 0.035205772743652726, 'best_bw': 0.035205772743652726, 'kernel': 'gaussian', 'score_type': 'roomScore'}","{'cv_num': 3, 'search_list': array([ 0.1       ,  0.001     ,  0.00109142,  0.00118285,  0.00127427,
        0.00139078,  0.00150728,  0.00162378,  0.00177223,  0.00192068,
        0.00206914,  0.00225831,  0.00244748,  0.00263665,  0.00287771,
        0.00311876,  0.00335982,  0.00366699,  0.00397416,  0.00428133,
        0.00467275,  0.00506417,  0.00545559,  0.00595437,  0.00645315,
        0.00695193,  0.00758751,  0.00822309,  0.00885867,  0.00966857,
        0.01047848,  0.01128838,  0.01232042,  0.01335246,  0.0143845 ,
        0.0156996 ,  0.0170147 ,  0.01832981,  0.02000561,  0.02168141,
        0.02335721,  0.02549265,  0.02762808,  0.02976351,  0.03248464,
        0.03520577,  0.0379269 ,  0.04139437,  0.04486184,  0.0483293 ,
        0.05274781,  0.05716631,  0.06158482,  0.06721521,  0.07284561,
        0.078476  ,  0.08565066,  0.09282533,  0.09241387,  0.09788697]), 'bw': 0.057166314866307577, 'best_bw': 0.057166314866307577, 'kernel': 'gaussian', 'score_type': 'mealScore'}","{'cv_num': 3, 'search_list': array([ 0.1       ,  0.001     ,  0.00109142,  0.00118285,  0.00127427,
        0.00139078,  0.00150728,  0.00162378,  0.00177223,  0.00192068,
        0.00206914,  0.00225831,  0.00244748,  0.00263665,  0.00287771,
        0.00311876,  0.00335982,  0.00366699,  0.00397416,  0.00428133,
        0.00467275,  0.00506417,  0.00545559,  0.00595437,  0.00645315,
        0.00695193,  0.00758751,  0.00822309,  0.00885867,  0.00966857,
        0.01047848,  0.01128838,  0.01232042,  0.01335246,  0.0143845 ,
        0.0156996 ,  0.0170147 ,  0.01832981,  0.02000561,  0.02168141,
        0.02335721,  0.02549265,  0.02762808,  0.02976351,  0.03248464,
        0.03520577,  0.0379269 ,  0.04139437,  0.04486184,  0.0483293 ,
        0.05274781,  0.05716631,  0.06158482,  0.06721521,  0.07284561,
        0.078476  ,  0.08565066,  0.09282533,  0.05258119,  0.05569525]), 'bw': 0.067215213082783776, 'best_bw': 0.067215213082783776, 'kernel': 'gaussian', 'score_type': 'bathScore'}","{'cv_num': 3, 'search_list': array([ 0.1       ,  0.001     ,  0.00109142,  0.00118285,  0.00127427,
        0.00139078,  0.00150728,  0.00162378,  0.00177223,  0.00192068,
        0.00206914,  0.00225831,  0.00244748,  0.00263665,  0.00287771,
        0.00311876,  0.00335982,  0.00366699,  0.00397416,  0.00428133,
        0.00467275,  0.00506417,  0.00545559,  0.00595437,  0.00645315,
        0.00695193,  0.00758751,  0.00822309,  0.00885867,  0.00966857,
        0.01047848,  0.01128838,  0.01232042,  0.01335246,  0.0143845 ,
        0.0156996 ,  0.0170147 ,  0.01832981,  0.02000561,  0.02168141,
        0.02335721,  0.02549265,  0.02762808,  0.02976351,  0.03248464,
        0.03520577,  0.0379269 ,  0.04139437,  0.04486184,  0.0483293 ,
        0.05274781,  0.05716631,  0.06158482,  0.06721521,  0.07284561,
        0.078476  ,  0.08565066,  0.09282533,  0.05732276,  0.06071763]), 'bw': 0.10000000000000001, 'best_bw': 0.10000000000000001, 'kernel': 'gaussian', 'score_type': 'chargeScore'}","{'cv_num': 3, 'search_list': array([ 0.1]), 'bw': 0.10000000000000001, 'best_bw': 0.10000000000000001, 'kernel': 'tophat', 'score_type': 'kinnennScore'}","{'trained_param': 999.999899789899, 'dimension': 9}"
,1,0.5338983050847458,"{'cv_num': 3, 'search_list': array([ 0.1       ,  0.001     ,  0.00109142,  0.00118285,  0.00127427,
        0.00139078,  0.00150728,  0.00162378,  0.00177223,  0.00192068,
        0.00206914,  0.00225831,  0.00244748,  0.00263665,  0.00287771,
        0.00311876,  0.00335982,  0.00366699,  0.00397416,  0.00428133,
        0.00467275,  0.00506417,  0.00545559,  0.00595437,  0.00645315,
        0.00695193,  0.00758751,  0.00822309,  0.00885867,  0.00966857,
        0.01047848,  0.01128838,  0.01232042,  0.01335246,  0.0143845 ,
        0.0156996 ,  0.0170147 ,  0.01832981,  0.02000561,  0.02168141,
        0.02335721,  0.02549265,  0.02762808,  0.02976351,  0.03248464,
        0.03520577,  0.0379269 ,  0.04139437,  0.04486184,  0.0483293 ,
        0.05274781,  0.05716631,  0.06158482,  0.06721521,  0.07284561,
        0.078476  ,  0.08565066,  0.09282533,  0.03789878,  0.0401433 ]), 'bw': 0.027628081174509187, 'best_bw': 0.027628081174509187, 'kernel': 'gaussian', 'score_type': 'distanceScore'}","{'cv_num': 3, 'search_list': array([ 0.1       ,  0.001     ,  0.00109142,  0.00118285,  0.00127427,
        0.00139078,  0.00150728,  0.00162378,  0.00177223,  0.00192068,
        0.00206914,  0.00225831,  0.00244748,  0.00263665,  0.00287771,
        0.00311876,  0.00335982,  0.00366699,  0.00397416,  0.00428133,
        0.00467275,  0.00506417,  0.00545559,  0.00595437,  0.00645315,
        0.00695193,  0.00758751,  0.00822309,  0.00885867,  0.00966857,
        0.01047848,  0.01128838,  0.01232042,  0.01335246,  0.0143845 ,
        0.0156996 ,  0.0170147 ,  0.01832981,  0.02000561,  0.02168141,
        0.02335721,  0.02549265,  0.02762808,  0.02976351,  0.03248464,
        0.03520577,  0.0379269 ,  0.04139437,  0.04486184,  0.0483293 ,
        0.05274781,  0.05716631,  0.06158482,  0.06721521,  0.07284561,
        0.078476  ,  0.08565066,  0.09282533,  0.03780695,  0.04004602]), 'bw': 0.061584821106602607, 'best_bw': 0.061584821106602607, 'kernel': 'gaussian', 'score_type': 'equipmentScore'}","{'cv_num': 3, 'search_list': array([ 0.1       ,  0.001     ,  0.00109142,  0.00118285,  0.00127427,
        0.00139078,  0.00150728,  0.00162378,  0.00177223,  0.00192068,
        0.00206914,  0.00225831,  0.00244748,  0.00263665,  0.00287771,
        0.00311876,  0.00335982,  0.00366699,  0.00397416,  0.00428133,
        0.00467275,  0.00506417,  0.00545559,  0.00595437,  0.00645315,
        0.00695193,  0.00758751,  0.00822309,  0.00885867,  0.00966857,
        0.01047848,  0.01128838,  0.01232042,  0.01335246,  0.0143845 ,
        0.0156996 ,  0.0170147 ,  0.01832981,  0.02000561,  0.02168141,
        0.02335721,  0.02549265,  0.02762808,  0.02976351,  0.03248464,
        0.03520577,  0.0379269 ,  0.04139437,  0.04486184,  0.0483293 ,
        0.05274781,  0.05716631,  0.06158482,  0.06721521,  0.07284561,
        0.078476  ,  0.08565066,  0.09282533,  0.03759595,  0.03982253]), 'bw': 0.023357214690901212, 'best_bw': 0.023357214690901212, 'kernel': 'gaussian', 'score_type': 'serviceScore'}","{'cv_num': 3, 'search_list': array([ 0.1       ,  0.001     ,  0.00109142,  0.00118285,  0.00127427,
        0.00139078,  0.00150728,  0.00162378,  0.00177223,  0.00192068,
        0.00206914,  0.00225831,  0.00244748,  0.00263665,  0.00287771,
        0.00311876,  0.00335982,  0.00366699,  0.00397416,  0.00428133,
        0.00467275,  0.00506417,  0.00545559,  0.00595437,  0.00645315,
        0.00695193,  0.00758751,  0.00822309,  0.00885867,  0.00966857,
        0.01047848,  0.01128838,  0.01232042,  0.01335246,  0.0143845 ,
        0.0156996 ,  0.0170147 ,  0.01832981,  0.02000561,  0.02168141,
        0.02335721,  0.02549265,  0.02762808,  0.02976351,  0.03248464,
        0.03520577,  0.0379269 ,  0.04139437,  0.04486184,  0.0483293 ,
        0.05274781,  0.05716631,  0.06158482,  0.06721521,  0.07284561,
        0.078476  ,  0.08565066,  0.09282533,  0.03823816,  0.04050277]), 'bw': 0.048329302385717518, 'best_bw': 0.048329302385717518, 'kernel': 'gaussian', 'score_type': 'locationScore'}","{'cv_num': 3, 'search_list': array([ 0.1       ,  0.001     ,  0.00109142,  0.00118285,  0.00127427,
        0.00139078,  0.00150728,  0.00162378,  0.00177223,  0.00192068,
        0.00206914,  0.00225831,  0.00244748,  0.00263665,  0.00287771,
        0.00311876,  0.00335982,  0.00366699,  0.00397416,  0.00428133,
        0.00467275,  0.00506417,  0.00545559,  0.00595437,  0.00645315,
        0.00695193,  0.00758751,  0.00822309,  0.00885867,  0.00966857,
        0.01047848,  0.01128838,  0.01232042,  0.01335246,  0.0143845 ,
        0.0156996 ,  0.0170147 ,  0.01832981,  0.02000561,  0.02168141,
        0.02335721,  0.02549265,  0.02762808,  0.02976351,  0.03248464,
        0.03520577,  0.0379269 ,  0.04139437,  0.04486184,  0.0483293 ,
        0.05274781,  0.05716631,  0.06158482,  0.06721521,  0.07284561,
        0.078476  ,  0.08565066,  0.09282533,  0.04224444,  0.04474632]), 'bw': 0.078475997035146114, 'best_bw': 0.078475997035146114, 'kernel': 'gaussian', 'score_type': 'roomScore'}","{'cv_num': 3, 'search_list': array([ 0.1       ,  0.001     ,  0.00109142,  0.00118285,  0.00127427,
        0.00139078,  0.00150728,  0.00162378,  0.00177223,  0.00192068,
        0.00206914,  0.00225831,  0.00244748,  0.00263665,  0.00287771,
        0.00311876,  0.00335982,  0.00366699,  0.00397416,  0.00428133,
        0.00467275,  0.00506417,  0.00545559,  0.00595437,  0.00645315,
        0.00695193,  0.00758751,  0.00822309,  0.00885867,  0.00966857,
        0.01047848,  0.01128838,  0.01232042,  0.01335246,  0.0143845 ,
        0.0156996 ,  0.0170147 ,  0.01832981,  0.02000561,  0.02168141,
        0.02335721,  0.02549265,  0.02762808,  0.02976351,  0.03248464,
        0.03520577,  0.0379269 ,  0.04139437,  0.04486184,  0.0483293 ,
        0.05274781,  0.05716631,  0.06158482,  0.06721521,  0.07284561,
        0.078476  ,  0.08565066,  0.09282533,  0.10408242,  0.11024658]), 'bw': 0.078475997035146114, 'best_bw': 0.078475997035146114, 'kernel': 'gaussian', 'score_type': 'mealScore'}","{'cv_num': 3, 'search_list': array([ 0.1       ,  0.001     ,  0.00109142,  0.00118285,  0.00127427,
        0.00139078,  0.00150728,  0.00162378,  0.00177223,  0.00192068,
        0.00206914,  0.00225831,  0.00244748,  0.00263665,  0.00287771,
        0.00311876,  0.00335982,  0.00366699,  0.00397416,  0.00428133,
        0.00467275,  0.00506417,  0.00545559,  0.00595437,  0.00645315,
        0.00695193,  0.00758751,  0.00822309,  0.00885867,  0.00966857,
        0.01047848,  0.01128838,  0.01232042,  0.01335246,  0.0143845 ,
        0.0156996 ,  0.0170147 ,  0.01832981,  0.02000561,  0.02168141,
        0.02335721,  0.02549265,  0.02762808,  0.02976351,  0.03248464,
        0.03520577,  0.0379269 ,  0.04139437,  0.04486184,  0.0483293 ,
        0.05274781,  0.05716631,  0.06158482,  0.06721521,  0.07284561,
        0.078476  ,  0.08565066,  0.09282533,  0.05156296,  0.05461672]), 'bw': 0.078475997035146114, 'best_bw': 0.078475997035146114, 'kernel': 'gaussian', 'score_type': 'bathScore'}","{'cv_num': 3, 'search_list': array([ 0.1       ,  0.001     ,  0.00109142,  0.00118285,  0.00127427,
        0.00139078,  0.00150728,  0.00162378,  0.00177223,  0.00192068,
        0.00206914,  0.00225831,  0.00244748,  0.00263665,  0.00287771,
        0.00311876,  0.00335982,  0.00366699,  0.00397416,  0.00428133,
        0.00467275,  0.00506417,  0.00545559,  0.00595437,  0.00645315,
        0.00695193,  0.00758751,  0.00822309,  0.00885867,  0.00966857,
        0.01047848,  0.01128838,  0.01232042,  0.01335246,  0.0143845 ,
        0.0156996 ,  0.0170147 ,  0.01832981,  0.02000561,  0.02168141,
        0.02335721,  0.02549265,  0.02762808,  0.02976351,  0.03248464,
        0.03520577,  0.0379269 ,  0.04139437,  0.04486184,  0.0483293 ,
        0.05274781,  0.05716631,  0.06158482,  0.06721521,  0.07284561,
        0.078476  ,  0.08565066,  0.09282533,  0.05154635,  0.05459912]), 'bw': 0.044861835559585846, 'best_bw': 0.044861835559585846, 'kernel': 'gaussian', 'score_type': 'chargeScore'}","{'cv_num': 3, 'search_list': array([ 0.1]), 'bw': 0.10000000000000001, 'best_bw': 0.10000000000000001, 'kernel': 'tophat', 'score_type': 'kinnennScore'}","{'trained_param': 999.999912623222, 'dimension': 9}"
