left,boolean,ranking,id,score,distanceScore,roomScore,mealScore,serviceScore,equipmentScore,kinnennScore,locationScore,bathScore
left,0,0,130043,0.600630044423,0.942716049383,0.9,0.805,0.765,0.83,1,0.865,0.695
left,0,1,78211,0.223300970874,0.874074074074,0.86,0.8025,0.83,0.81,0,0.795,0.8275
left,0,2,1667,0.14364019182,0.902222222222,0.6175,0.75,0.68,0.6625,1,0.8,0.49
left,3,3,129907,0.132422321318,0.725432098765,0.63,0.6075,0.65,0.65,1,0.65,0.54
left,3,4,129429,0.095117574345,0.817283950617,0.5875,0.76,0.68,0.5775,0,0.7925,0.54
left,0,5,1996,0.0789111475223,0.786666666667,0.495,0.62,0.67,0.525,1,0.7325,0.6
left,0,6,32060,0.0612325294731,0.947654320988,0.55,0.75,0.65,0.65,0,1.0,0.5625
left,0,7,5729,0.050995228795,0.826172839506,0.545,0.5,0.5,0.5225,1,0.6375,0.41
left,0,8,1501,0.0451232032098,0.775308641975,0.6025,0.55,0.6425,0.505,1,0.945,0.4
left,3,9,28570,0.0421873679159,0.721481481481,0.475,0.7225,0.4625,0.5,1,0.6375,0.4325
left,0,10,70749,0.0171977528195,0.866172839506,0.39,0.65,0.39,0.36,1,0.6575,0.365
left,0,11,18311,0.0090501639487,0.838024691358,0.42,0.75,0.58,0.3825,0,0.83,0.4175
left,3,12,41851,2.12147383958e-35,0.88987654321,0.635,-0.25,0.6425,0.6,0,0.65,0.3275
left,1,13,4805,0.600232983965,0.94024691358,0.84,0.7675,0.7725,0.74,1,0.9125,0.6975
left,1,14,107870,0.561167177313,0.907160493827,0.8225,0.72,0.815,0.8125,1,0.91,0.735
left,1,15,56634,0.551081649985,0.864691358025,0.845,0.765,0.83,0.8525,1,0.94,0.7575
left,2,16,54491,0.547974192107,0.952098765432,0.7975,0.705,0.7775,0.77,1,0.9025,0.945
left,1,17,18248,0.537471735753,0.856296296296,0.7725,0.9175,0.8625,0.7475,1,0.9075,0.8175
left,1,18,5562,0.53133643343,0.911111111111,0.82,0.6875,0.8025,0.775,1,0.9575,0.7575
left,1,19,1764,0.515326489716,0.880987654321,0.7425,0.7725,0.7075,0.67,1,0.8575,0.645
left,2,20,610,0.504023817895,0.89975308642,0.7825,0.8225,0.725,0.6875,1,0.9175,0.615
left,2,21,1993,0.504021202626,0.905679012346,0.7375,0.6625,0.835,0.7525,1,0.905,0.63
left,2,22,142951,0.450964639729,0.929382716049,0.805,0.6475,0.7375,0.765,1,0.785,0.68
left,2,23,27972,0.34624294513,0.77975308642,0.7775,0.6675,0.7525,0.7025,1,0.8275,0.6675
left,1,24,69292,0.270104461076,0.753580246914,0.815,0.75,0.76,0.74,1,0.74,0.7875
left,1,25,51734,0.2574512723,0.85037037037,0.7225,0.56,0.6825,0.6,1,0.7275,0.56
left,2,26,996,0.242891387067,0.839012345679,0.6375,0.625,0.65,0.6,1,0.725,0.5325
left,2,27,1942,0.237547575566,0.755061728395,0.6725,0.715,0.6075,0.5925,1,0.785,0.585
left,2,28,50830,0.226283087441,0.896790123457,0.66,0.6375,0.655,0.565,1,0.81,0.5725
left,1,29,388,0.223300970874,0.851358024691,0.7675,0.7825,0.7675,0.7575,0,0.915,0.675
left,1,30,18246,0.223300970874,0.962469135802,0.78,0.775,0.7525,0.785,0,0.8725,0.77
left,2,31,141356,0.223300970874,0.850864197531,0.825,0.7025,0.84,0.795,0,0.9475,0.8425
left,2,32,145444,0.223300970841,0.861728395062,0.8525,0.725,0.6925,0.755,0,0.795,0.7975
left,1,33,79262,0.223298791593,0.897283950617,0.815,0.66,0.7575,0.7275,0,0.84,0.8275
left,2,34,4778,0.22239183997,0.941234567901,0.775,0.7875,0.6875,0.7125,0,0.94,0.6575
left,2,35,129490,0.220406312686,0.965432098765,0.755,0.7,0.6975,0.6575,0,0.89,0.625
left,1,36,18270,0.20881067634,0.95012345679,0.765,0.645,0.7425,0.6775,0,0.7925,0.6275
left,1,37,56758,0.183749497592,0.782716049383,0.8225,0.8125,0.77,0.7725,1,0.68,0.745
left,2,38,7341,0.158297535404,0.886419753086,0.755,0.5,0.7,0.6125,1,0.7675,0.6025
left,1,39,41703,0.158124097098,0.792592592593,0.7875,0.6975,0.6925,0.735,0,0.77,0.685
left,1,40,145305,0.135317950112,0.797037037037,0.7675,0.605,0.6875,0.745,0,0.725,0.6575
left,1,41,56975,0.134631986678,0.776296296296,0.7325,0.6,0.6975,0.68,0,0.8,0.7175
left,2,42,10630,0.125904122863,0.76987654321,0.7225,0.58,0.7275,0.6675,0,0.8675,0.7075
left,1,43,147111,0.120936308879,0.852345679012,0.735,0.595,0.6225,0.775,0,0.8375,0.605
left,2,44,1725,0.114354750778,0.760987654321,0.6475,0.615,0.685,0.6,0,0.7425,0.625
left,1,45,129459,0.113540044083,0.838024691358,0.6925,0.605,0.6875,0.6725,0,0.705,0.6375
left,2,46,658,0.0981953851881,0.656790123457,0.59,0.63,0.5775,0.54,1,0.665,0.4775
left,2,47,134922,0.094475147486,0.679012345679,0.725,0.4375,0.6775,0.6925,1,0.79,0.635
left,1,48,67423,0.0936819123374,0.652839506173,0.6875,0.59,0.705,0.6375,1,0.6825,0.6775
left,2,49,108143,0.0878821832165,0.882469135802,0.695,0.5625,0.625,0.485,1,0.7225,0.73
left,1,50,4771,0.0853698313665,0.797530864198,0.705,0.6025,0.705,0.635,0,0.8975,0.5175
left,2,51,147026,0.06366894809,0.815802469136,0.655,0.5,0.625,0.615,0,0.645,0.52
left,1,52,43759,0.0574587151199,0.705679012346,0.75,0.75,0.8625,0.8175,0,0.6975,0.7675
left,2,53,80759,0.0480768010923,0.616790123457,0.7825,0.5575,0.6675,0.6675,1,0.605,0.845
left,1,54,107898,0.0412245138485,0.761481481481,0.795,0.605,0.6975,0.7025,0,0.6175,0.6075
left,2,55,10672,0.0194174757539,0.723950617284,0.6425,-0.25,0.6075,0.535,1,0.9275,0.5
left,2,56,72086,0.0140241571886,0.515061728395,0.545,0.4075,0.585,0.565,1,0.8475,0.4175
left,2,57,108351,0.00912202832183,0.598518518519,0.685,0.665,0.615,0.65,0,0.6825,0.64
left,2,58,107778,0.0074345083112,0.589135802469,0.7175,0.78,0.7375,0.68,0,0.685,0.6
left,2,59,9191,1.8544435413e-05,0.280987654321,0.63,0.5825,0.685,0.605,1,0.6825,0.5925
left,2,60,11140,1.38180556096e-10,0.245432098765,0.6325,0.5275,0.6975,0.5775,0,0.7825,0.55
left,1,61,40956,2.12147395065e-35,0.647407407407,0.72,-0.25,0.7825,0.625,0,0.595,0.6575
