n_clusters,cluster,bathAverage,bathScore,chargeScore,description,distance,distanceScore,equipmentAverage,equipmentScore,hotelMiddleCharge,id,kinnennScore,locationAverage,locationScore,mealAverage,mealScore,name,nearestStation,roomAverage,roomScore,serviceAverage,serviceScore,tag,url
2,0,3.23,0.5575,0.87136546956,ＪＲ蒲田駅西口徒歩５分！毎朝4:00発から６便！羽田空港へ送りバス有（予約定員制）全館Ｗｉ-Ｆｉ完備,0.443,0.81037037037,3.55,0.6375,5000.0,223,0.0,3.42,0.605,3.33,0.5825,アーヴェストホテル（蒲田駅西口）,蒲田,3.42,0.605,3.71,0.6775,true3,http://img.travel.rakuten.co.jp/image/tr/api/hs/dQ4dX/?f_no=223
2,1,3.7,0.675,0.7138851546,駅至近にもかかわらず、館内は街の喧騒から一線を画し、またインターナショナルな雰囲気です。,0.36,0.851358024691,4.03,0.7575,9100.0,388,1.0,4.66,0.915,4.13,0.7825,ホテルメトロポリタン,池袋,4.07,0.7675,4.07,0.7675,true0,http://img.travel.rakuten.co.jp/image/tr/api/hs/dQ4dX/?f_no=388
2,0,3.18,0.545,0.882888419435,羽田空港までモノレールで20分★観光・ビジネスにアクセス抜群！！ 全室無料Wi-F完備！,0.625,0.72049382716,3.54,0.635,4700.0,398,0.0,3.44,0.61,4.39,0.8475,チサンホテル浜松町,浜松町,3.53,0.6325,3.64,0.66,true3,http://img.travel.rakuten.co.jp/image/tr/api/hs/dQ4dX/?f_no=398
2,1,3.56,0.64,0.965469560207,東京ドームまですぐという至便な立地ながら大通りより一本入った閑静なたたずまいのホテル。朝食サービス付,0.442,0.810864197531,4.19,0.7975,2550.0,462,1.0,4.16,0.79,3.83,0.7075,ホテルウィングインターナショナル後楽園,水道橋,3.72,0.68,4.32,0.83,true1,http://img.travel.rakuten.co.jp/image/tr/api/hs/dQ4dX/?f_no=462
2,0,3.46,0.615,0.880929517957,池袋駅東口徒歩2分と絶好のロケーション。全室LAN接続無料。館内24時間営業のコンビニあり。,0.262,0.89975308642,3.75,0.6875,4751.0,610,0.0,4.67,0.9175,4.29,0.8225,第一イン池袋,池袋,4.13,0.7825,3.9,0.725,true0,http://img.travel.rakuten.co.jp/image/tr/api/hs/dQ4dX/?f_no=610
2,0,3.23,0.5575,0.940503168811,客室の窓からは浅草寺の境内がのぞめる部屋もあり散策が楽しめる。,0.539,0.762962962963,3.55,0.6375,3200.0,630,0.0,3.75,0.6875,4.09,0.7725,ヴィアイン浅草,浅草,3.96,0.74,3.72,0.68,true0,http://img.travel.rakuten.co.jp/image/tr/api/hs/dQ4dX/?f_no=630
2,0,3.58,0.645,0.794507393893,ビジネスや観光の拠点として幅広くご利用いただけます。ご宿泊頂きましたお客様に朝食バイキングサービス,0.425,0.819259259259,3.86,0.715,7001.0,716,0.0,3.94,0.735,4.21,0.8025,アートホテルズ浜松町,浜松町,4.33,0.8325,3.89,0.7225,true1,http://img.travel.rakuten.co.jp/image/tr/api/hs/dQ4dX/?f_no=716
2,0,3.25,0.5625,0.87136546956,新橋駅から徒歩３分。銀座８丁目に有る立地条件の良いビジネスホテル。,0.262,0.89975308642,3.55,0.6375,5000.0,864,0.0,4.68,0.92,4.0,0.75,銀座国際ホテル,新橋,3.84,0.71,3.76,0.69,true3,http://img.travel.rakuten.co.jp/image/tr/api/hs/dQ4dX/?f_no=864
2,1,3.74,0.685,0.560245822931,高層階からは、新宿の夜景満喫。東京ディズニーリゾート（R）へ無料バス有。全室Wi-Fi無料！,0.565,0.75012345679,4.0,0.75,13100.0,930,1.0,4.54,0.885,3.85,0.7125,京王プラザホテル,新宿,4.17,0.7925,4.12,0.78,true3,http://img.travel.rakuten.co.jp/image/tr/api/hs/dQ4dX/?f_no=930
2,1,3.08,0.52,0.867486076436,池袋駅西口に近く、けやき並木の中に建ち、安価で清潔。シングルルームには、テンピュールの枕を使用,0.532,0.766419753086,3.04,0.51,5101.0,995,1.0,3.6,0.65,4.15,0.7875,ホテルニュースター池袋,池袋,3.13,0.5325,3.31,0.5775,true1,http://img.travel.rakuten.co.jp/image/tr/api/hs/dQ4dX/?f_no=995
2,0,3.13,0.5325,0.870366813904,東京メトロ副都心線池袋駅から徒歩１分で交通至便。シングルルームには、テンピュールの枕を使用。,0.385,0.839012345679,3.4,0.6,5026.0,996,0.0,3.9,0.725,3.5,0.625,ホテルスタープラザ池袋,池袋,3.55,0.6375,3.6,0.65,true3,http://img.travel.rakuten.co.jp/image/tr/api/hs/dQ4dX/?f_no=996
2,0,3.03,0.5075,0.857422700211,全室インターネット接続  ウォッシュレット付　24H営業、蒲田駅徒歩3分。,0.287,0.887407407407,3.18,0.545,5363.0,1119,0.0,3.93,0.7325,3.0,0.5,ビジネスホテルソーシャル蒲田,蒲田,3.32,0.58,3.4,0.6,true3,http://img.travel.rakuten.co.jp/image/tr/api/hs/dQ4dX/?f_no=1119
2,1,3.41,0.6025,0.858882273862,【池袋東口5分！サンシャイン60近く】新鮮野菜と手作り料理の朝食が自慢。wifiルータ貸し出し中♪,0.477,0.793580246914,3.77,0.6925,5325.0,1128,1.0,4.09,0.7725,4.48,0.87,ホテルグランドシティ,池袋,3.71,0.6775,3.97,0.7425,true3,http://img.travel.rakuten.co.jp/image/tr/api/hs/dQ4dX/?f_no=1128
2,0,3.6,0.65,0.798770885347,都会に息づく静寂の趣きゆったりとくつろげる和風旅館,0.641,0.712592592593,3.47,0.6175,6890.0,1186,0.0,3.68,0.67,3.3,0.575,ホテル江戸屋,御茶ノ水,3.65,0.6625,3.89,0.7225,true0,http://img.travel.rakuten.co.jp/image/tr/api/hs/dQ4dX/?f_no=1186
2,0,2.55,0.3875,0.909775302477,上野駅正面に位置し、交通至便。全室無料Wi－Fi接続。空調は個別温度調整可能。,0.29,0.885925925926,3.27,0.5675,4000.0,1500,0.0,4.75,0.9375,3.75,0.6875,ツーリストホテル,上野,3.33,0.5825,3.92,0.73,true0,http://img.travel.rakuten.co.jp/image/tr/api/hs/dQ4dX/?f_no=1500
2,1,3.37,0.5925,0.863645093144,浅草駅から徒歩１分！観光、ビジネスに好立地。最上階の男性展望風呂から隅田川を一望。,0.617,0.724444444444,3.08,0.52,5201.0,1511,1.0,4.48,0.87,3.43,0.6075,ホテルニュー魚眠荘,浅草,3.16,0.54,3.45,0.6125,true0,http://img.travel.rakuten.co.jp/image/tr/api/hs/dQ4dX/?f_no=1511
2,1,3.5,0.625,0.842519685039,駅チカ 都心にありながら自然のやすらぎに恵まれたホテル（JR東日本ホテルズ）,0.543,0.760987654321,3.4,0.6,5751.0,1725,1.0,3.97,0.7425,3.46,0.615,シーサイドホテル芝弥生＜ＪＲ東日本ホテルズ＞,浜松町,3.59,0.6475,3.74,0.685,true0,http://img.travel.rakuten.co.jp/image/tr/api/hs/dQ4dX/?f_no=1725
2,0,4.4,0.85,0.434415210294,六本木まで約17分/東京ディズニーリゾート(R)まで約50分/お台場まで約10分/銀座まで約10分,0.542,0.761481481481,4.36,0.84,16376.0,1799,0.0,4.2,0.8,4.3,0.825,ホテル　インターコンチネンタル東京ベイ,浜松町,4.54,0.885,4.24,0.81,true1,http://img.travel.rakuten.co.jp/image/tr/api/hs/dQ4dX/?f_no=1799
2,0,3.08,0.52,0.683272517765,全客室をリニューアル。デザイン、機能を一新し、より快適で機能的な空間に生まれ変わりました。,0.491,0.786666666667,3.43,0.6075,9897.0,1872,0.0,4.79,0.9475,3.43,0.6075,新宿プリンスホテル,新宿,3.59,0.6475,3.64,0.66,true0,http://img.travel.rakuten.co.jp/image/tr/api/hs/dQ4dX/?f_no=1872
2,0,3.08,0.52,0.814518916843,羽田空港や東京駅へのアクセスに最高の立地です。全室インターネット無料（光回線）利用可能,0.429,0.817283950617,3.31,0.5775,6480.0,1927,0.0,4.36,0.84,3.0,0.5,芝大門ホテル,浜松町,3.31,0.5775,3.64,0.66,true3,http://img.travel.rakuten.co.jp/image/tr/api/hs/dQ4dX/?f_no=1927
2,0,3.4,0.6,0.856001536393,アットホームで比較的静かな落ち着いた雰囲気のホテル,0.491,0.786666666667,3.1,0.525,5400.0,1996,0.0,3.93,0.7325,3.48,0.62,ビジネスホテル　山陽会館,渋谷,2.98,0.495,3.68,0.67,true1,http://img.travel.rakuten.co.jp/image/tr/api/hs/dQ4dX/?f_no=1996
2,1,3.22,0.555,0.937007874016,全室ルームシアター無料！◇全室バス・トイレ完備◇ベッドはデュベスタイルで衛生です。,0.433,0.815308641975,4.11,0.7775,3291.0,2465,1.0,3.89,0.7225,0.0,-0.25,ビジネスホテル　サンパレス＜東京都＞,南千住,3.67,0.6675,3.89,0.7225,true0,http://img.travel.rakuten.co.jp/image/tr/api/hs/dQ4dX/?f_no=2465
2,1,3.07,0.5175,0.763779527559,新宿駅の西口から一番近いGoodロケーションホテル、副都心新宿はビジネス、レジャーに便利！,0.469,0.797530864198,3.54,0.635,7801.0,4771,1.0,4.59,0.8975,3.41,0.6025,イビス東京新宿,新宿,3.82,0.705,3.82,0.705,true0,http://img.travel.rakuten.co.jp/image/tr/api/hs/dQ4dX/?f_no=4771
2,0,3.24,0.56,0.875168043019,楽天トラベルアワード受賞記念プラン、クオカードプランなど嬉しい特典付きプランが人気☆駅から3分♪,0.293,0.884444444444,3.69,0.6725,4901.0,4819,0.0,3.89,0.7225,3.41,0.6025,アーバイン東京・羽田　蒲田,蒲田,3.86,0.715,3.69,0.6725,true1,http://img.travel.rakuten.co.jp/image/tr/api/hs/dQ4dX/?f_no=4819
2,1,3.82,0.705,0.794507393893,ＪＲ上野駅より徒歩3分！上野公園上野動物園徒歩でいけます。,0.47,0.797037037037,3.9,0.725,7001.0,4977,1.0,4.4,0.85,3.56,0.64,ホテル　丸谷,上野,3.74,0.685,3.84,0.71,true1,http://img.travel.rakuten.co.jp/image/tr/api/hs/dQ4dX/?f_no=4977
2,0,2.64,0.41,0.696216631458,JR上野駅から徒歩5分、低料金でお泊まりいただけます全室20インチ液晶テレビ、全室Wi-Fi接続可能,0.411,0.826172839506,3.09,0.5225,9560.0,5729,0.0,3.55,0.6375,3.0,0.5,ホテル　ニュー東北,上野,3.18,0.545,3.0,0.5,true0,http://img.travel.rakuten.co.jp/image/tr/api/hs/dQ4dX/?f_no=5729
2,0,2.86,0.465,0.87136546956,池袋駅徒歩7分！羽根布団使用。全館WiFi接続OK高速ＬＡＮ回線完備。,0.583,0.741234567901,2.89,0.4725,5000.0,7055,0.0,3.55,0.6375,4.23,0.8075,ホテル　オーエド＜HOTEL　OHEDO＞,池袋,3.27,0.5675,3.16,0.54,true3,http://img.travel.rakuten.co.jp/image/tr/api/hs/dQ4dX/?f_no=7055
2,0,3.41,0.6025,0.863683502977,神田明神近くに在り、都心にありながら閑静な環境を誇ります。,0.289,0.886419753086,3.45,0.6125,5200.0,7341,0.0,4.07,0.7675,3.0,0.5,坂のホテル　トレティオ　お茶の水,御茶ノ水,4.02,0.755,3.8,0.7,true1,http://img.travel.rakuten.co.jp/image/tr/api/hs/dQ4dX/?f_no=7341
2,0,3.16,0.54,0.885961206069,モットーは笑顔。1つ1つの接客を大切に本物のサービスを目指すホテル。,0.657,0.704691358025,3.95,0.7375,4620.0,8207,0.0,4.11,0.7775,3.65,0.6625,シティホテル　ロンスター,新宿,3.63,0.6575,3.79,0.6975,true1,http://img.travel.rakuten.co.jp/image/tr/api/hs/dQ4dX/?f_no=8207
2,0,4.0,0.75,0.783022853851,JR御茶ノ水駅徒歩２分、JR秋葉原駅まで徒歩６分、東京ドーム・日本武道館も至近の好立地！,0.282,0.88987654321,4.13,0.7825,7300.0,8290,0.0,4.32,0.83,4.57,0.8925,お茶の水ホテルジュラク,御茶ノ水,4.33,0.8325,4.08,0.77,true0,http://img.travel.rakuten.co.jp/image/tr/api/hs/dQ4dX/?f_no=8290
2,0,3.13,0.5325,0.733090071058,東京駅徒歩３分、自然をモチーフにしたスタイリシュな癒しの空間。2004年7月リニューアル。,0.392,0.835555555556,3.53,0.6325,8600.0,8961,0.0,4.63,0.9075,3.14,0.535,八重洲ターミナルホテル,東京,3.41,0.6025,3.65,0.6625,true0,http://img.travel.rakuten.co.jp/image/tr/api/hs/dQ4dX/?f_no=8961
2,1,3.83,0.7075,0.680084501632,JR上野駅から5分、京成上野から1分。客室は広めの設計です。コンビニへは10秒！全室無線LAN無料！,0.525,0.76987654321,3.67,0.6675,9980.0,10630,1.0,4.47,0.8675,3.32,0.58,ホテル　レインボー,上野,3.89,0.7225,3.91,0.7275,true0,http://img.travel.rakuten.co.jp/image/tr/api/hs/dQ4dX/?f_no=10630
2,0,3.0,0.5,0.813750720184,銀座線京橋駅6番出口より1分・都営浅草線宝町駅A6番出口より徒歩2分の立地,0.618,0.723950617284,3.14,0.535,6500.0,10672,0.0,4.71,0.9275,0.0,-0.25,浦島館,東京,3.57,0.6425,3.43,0.6075,true3,http://img.travel.rakuten.co.jp/image/tr/api/hs/dQ4dX/?f_no=10672
2,1,3.45,0.6125,0.775686575763,新宿駅西口徒歩３分、高速バスターミナルより徒歩3分　空港リムジンバス乗り場より徒歩5分　,0.403,0.83012345679,3.69,0.6725,7491.0,11230,1.0,4.59,0.8975,3.73,0.6825,かどやホテル＜東京都＞,新宿,3.78,0.695,3.96,0.74,true1,http://img.travel.rakuten.co.jp/image/tr/api/hs/dQ4dX/?f_no=11230
2,1,4.28,0.82,0.45938160169,全室19階以上の高層階から広がる、素晴らしい眺望をお楽しみください。,0.314,0.874074074074,4.15,0.7875,15726.0,11275,1.0,4.51,0.8775,4.3,0.825,セルリアンタワー東急ホテル,渋谷,4.51,0.8775,4.29,0.8225,true0,http://img.travel.rakuten.co.jp/image/tr/api/hs/dQ4dX/?f_no=11275
2,0,3.25,0.5625,0.802189360476,リーズナブルな料金で清潔感のある客室をご提供。,0.271,0.895308641975,3.59,0.6475,6801.0,12534,0.0,3.94,0.735,3.76,0.69,ビジネスホテル　オーク・イン３　蒲田東口,蒲田,3.61,0.6525,3.66,0.665,true3,http://img.travel.rakuten.co.jp/image/tr/api/hs/dQ4dX/?f_no=12534
2,0,3.82,0.705,0.77722296908,JR渋谷駅新南口直結！！ビジネスでのご利用はもちろん、観光スポットへのアクセスも抜群です！,0.324,0.869135802469,4.0,0.75,7451.0,14112,0.0,4.27,0.8175,3.86,0.715,ホテルメッツ渋谷　東京,渋谷,4.08,0.77,4.02,0.755,true0,http://img.travel.rakuten.co.jp/image/tr/api/hs/dQ4dX/?f_no=14112
2,1,2.73,0.4325,0.978913001728,東京メトロ銀座線4番出口・都営浅草線A5番出口・東武線正面出口・各徒歩1分,0.582,0.741728395062,2.88,0.47,2200.0,15877,1.0,4.06,0.765,2.5,0.375,ホテル　カワセ,浅草,2.76,0.44,3.18,0.545,true1,http://img.travel.rakuten.co.jp/image/tr/api/hs/dQ4dX/?f_no=15877
2,0,3.6,0.65,0.769541002497,都内主要地へ行くにも交通便利。絶好のロケーション。,0.323,0.86962962963,3.79,0.6975,7651.0,15878,0.0,4.2,0.8,3.77,0.6925,ホテル東京ガーデンパレス,御茶ノ水,3.81,0.7025,4.0,0.75,true1,http://img.travel.rakuten.co.jp/image/tr/api/hs/dQ4dX/?f_no=15878
2,0,3.65,0.6625,0.836796619935,　シングルルームもダブルベッド使用　全室大型の浴槽です。,0.311,0.875555555556,3.69,0.6725,5900.0,17743,0.0,4.14,0.785,3.0,0.5,ホテル　アーバン＜ＨＯＴＥＬ　ＵＲＢＡＮ＞,池袋,3.73,0.6825,3.66,0.665,true3,http://img.travel.rakuten.co.jp/image/tr/api/hs/dQ4dX/?f_no=17743
2,1,2.96,0.49,0.878663337814,池袋駅徒歩５分♪朝食無料♪１階にミニスーパーまいばすけっと有り♪,0.56,0.752592592593,3.61,0.6525,4810.0,17979,1.0,3.71,0.6775,3.85,0.7125,スーパーホテルＩｎｎ池袋駅北口（旧　スーパーホテルＣｉｔｙ池袋北口）,池袋,3.73,0.6825,3.93,0.7325,true0,http://img.travel.rakuten.co.jp/image/tr/api/hs/dQ4dX/?f_no=17979
2,0,4.27,0.8175,0.952026118686,女性に安心してお泊り頂けるホテルです。駅から徒歩3分、無線ＬＡＮ接続ご利用いただけます。,0.35,0.856296296296,3.99,0.7475,2900.0,18248,0.0,4.63,0.9075,4.67,0.9175,ビジネスホテル福千,南千住,4.09,0.7725,4.45,0.8625,true1,http://img.travel.rakuten.co.jp/image/tr/api/hs/dQ4dX/?f_no=18248
2,0,3.91,0.7275,0.764739773382,☆全客室禁煙☆全客室にWifi無料完備♪新宿駅南口から徒歩3分！空港リムジンバスも発着！,0.356,0.853333333333,3.98,0.745,7776.0,18297,0.0,4.41,0.8525,4.0,0.75,ホテルサンルートプラザ新宿,新宿,4.01,0.7525,3.98,0.745,true0,http://img.travel.rakuten.co.jp/image/tr/api/hs/dQ4dX/?f_no=18297
2,1,2.67,0.4175,0.814518916843,　創業８０年、スタッフ一同家庭的な下町のホテルを目指しております。,0.387,0.838024691358,2.53,0.3825,6480.0,18311,1.0,4.32,0.83,4.0,0.75,ビジネスホテル　やなぎや＜東京都＞,上野,2.68,0.42,3.32,0.58,true1,http://img.travel.rakuten.co.jp/image/tr/api/hs/dQ4dX/?f_no=18311
2,1,2.93,0.4825,0.938966775495,夫婦で40年夫婦善哉風に経営してきました。3丁目の夕日の映画のようなレトロな和室です。　　　,0.486,0.789135802469,2.93,0.4825,3240.0,18312,1.0,4.61,0.9025,5.0,1.0,一富士旅館＜東京都＞,浅草,3.11,0.5275,3.61,0.6525,true0,http://img.travel.rakuten.co.jp/image/tr/api/hs/dQ4dX/?f_no=18312
2,0,3.46,0.615,0.934818513539,宿泊者無料の露天風呂・大浴場・サウナを男性用・女性用共に完備。池袋駅西口から徒歩3分。,0.355,0.853827160494,2.94,0.485,3348.0,18319,0.0,4.01,0.7525,2.91,0.4775,池袋ロイヤルホテル,池袋,3.12,0.53,2.93,0.4825,true1,http://img.travel.rakuten.co.jp/image/tr/api/hs/dQ4dX/?f_no=18319
2,0,3.54,0.635,0.640868062224,　,0.374,0.844444444444,3.77,0.6925,11001.0,19718,0.0,4.62,0.905,4.5,0.875,山の上ホテル＜東京都＞,御茶ノ水,4.08,0.77,4.69,0.9225,true1,http://img.travel.rakuten.co.jp/image/tr/api/hs/dQ4dX/?f_no=19718
2,0,3.67,0.6675,0.850240061456,泊まり心地にこだわった隠れ家のようなホテルです！３種類の焼立てパンと飲み物の軽朝食が無料！,0.505,0.77975308642,3.81,0.7025,5550.0,27972,0.0,4.31,0.8275,3.67,0.6675,京王プレッソイン池袋,池袋,4.11,0.7775,4.01,0.7525,true0,http://img.travel.rakuten.co.jp/image/tr/api/hs/dQ4dX/?f_no=27972
2,1,5.0,1.0,0.658382946034,仲見世から近い、純和風のお宿です。,0.35,0.856296296296,4.6,0.9,10545.0,28024,1.0,5.0,1.0,4.67,0.9175,旅館　加茂川,浅草,4.4,0.85,5.0,1.0,true3,http://img.travel.rakuten.co.jp/image/tr/api/hs/dQ4dX/?f_no=28024
2,0,2.73,0.4325,0.957787593624,昔ながらの韓国家庭料理をご提供しております。是非ご賞味下さいませ。,0.623,0.721481481481,3.0,0.5,2750.0,28570,0.0,3.55,0.6375,3.89,0.7225,ビジネスホテル韓国館,池袋,2.9,0.475,2.85,0.4625,true1,http://img.travel.rakuten.co.jp/image/tr/api/hs/dQ4dX/?f_no=28570
2,1,2.84,0.46,0.909775302477,☆★2014年4月1日リブランドオープン★☆全館でWi-Fiがご利用頂けます(無料）,0.494,0.785185185185,3.48,0.62,4000.0,28894,1.0,3.82,0.705,3.0,0.5,ホテルマイステイズ上野　入谷口,上野,3.68,0.67,3.59,0.6475,true3,http://img.travel.rakuten.co.jp/image/tr/api/hs/dQ4dX/?f_no=28894
2,1,3.33,0.5825,0.859804109852,上野駅より徒歩４分！無線ＬＡＮ（ＷｉＦｉ）全室対応！！ビジネスにも観光にもご利用下さい！！！,0.383,0.84,3.54,0.635,5301.0,29183,1.0,4.29,0.8225,3.33,0.5825,ホテル　ニューパーク,上野,3.59,0.6475,3.76,0.69,true0,http://img.travel.rakuten.co.jp/image/tr/api/hs/dQ4dX/?f_no=29183
2,1,2.8,0.45,0.862684847321,上野駅から徒歩５分。アメ横、上野動物園にも近い。ディスニーランドへも電車で３０分圏内です！,0.419,0.822222222222,3.28,0.57,5226.0,29184,1.0,4.1,0.775,3.15,0.5375,ホテルサンターガス　上野店,上野,3.29,0.5725,3.48,0.62,true3,http://img.travel.rakuten.co.jp/image/tr/api/hs/dQ4dX/?f_no=29184
2,1,3.35,0.5875,0.848281159977,渋谷駅から徒歩5分。小さいけれど小粋な、パリっとしたプチホテル☆青山大学まで1本道で徒歩5分,0.404,0.82962962963,3.72,0.68,5601.0,29764,1.0,4.1,0.775,3.4,0.6,サクラ・フルール　青山,渋谷,3.89,0.7225,3.97,0.7425,true3,http://img.travel.rakuten.co.jp/image/tr/api/hs/dQ4dX/?f_no=29764
2,0,3.33,0.5825,0.919377760707,２０１２年５月１８日リニューアルオープン！浅草寺すぐ！ビジネス・観光拠点に！女性専用フロアあり,0.421,0.821234567901,3.48,0.62,3750.0,30094,0.0,3.52,0.63,3.5,0.625,浅草ホテル　和草(旧　ホテル栃木屋本店）,浅草,3.25,0.5625,3.7,0.675,true1,http://img.travel.rakuten.co.jp/image/tr/api/hs/dQ4dX/?f_no=30094
2,1,3.33,0.5825,0.793777607067,お嬢様御一人でも御安心なお宿,0.337,0.862716049383,3.23,0.5575,7020.0,31557,1.0,4.71,0.9275,5.0,1.0,景雲荘,新宿,4.17,0.7925,3.9,0.725,true3,http://img.travel.rakuten.co.jp/image/tr/api/hs/dQ4dX/?f_no=31557
2,0,4.06,0.765,0.928980218936,ビジネス・観光に　駅チカ!!24時間OPEN!! 便利・安心・快適・**大浴場完備**,0.459,0.802469135802,3.96,0.74,3500.0,38608,0.0,4.15,0.7875,4.0,0.75,ホテル丸忠　ＣＥＮＴＲＯ（チェントロ）　（旧：ホテル丸忠）,南千住,3.68,0.67,3.91,0.7275,true3,http://img.travel.rakuten.co.jp/image/tr/api/hs/dQ4dX/?f_no=38608
2,1,3.21,0.5525,0.852160553102,全室有線ＬＡＮインターネット接続無料。全室ビデオ・ＤＶＤデッキを完備。２４時間フロント対応。,0.315,0.873580246914,3.89,0.7225,5500.0,39495,1.0,4.0,0.75,3.64,0.66,ミヤビイン蒲田,蒲田,3.76,0.69,4.06,0.765,true3,http://img.travel.rakuten.co.jp/image/tr/api/hs/dQ4dX/?f_no=39495
2,1,2.88,0.47,0.894372959478,雷門の真横！スカイツリーを一望。下町情緒を満喫できる浅草観光に最適な和風宿。,0.458,0.802962962963,3.47,0.6175,4401.0,39581,1.0,4.83,0.9575,0.0,-0.25,ホテル　雷門,浅草,3.67,0.6675,3.94,0.735,true0,http://img.travel.rakuten.co.jp/image/tr/api/hs/dQ4dX/?f_no=39581
2,0,4.21,0.8025,0.600537737661,JR新橋駅より徒歩5分。銀座で唯一のタワー型デザインホテル。こだわり空間と眺望を堪能できます。,0.442,0.810864197531,4.41,0.8525,12051.0,41069,0.0,4.24,0.81,4.09,0.7725,三井ガーデンホテル銀座プレミア,新橋,4.38,0.845,4.31,0.8275,true0,http://img.travel.rakuten.co.jp/image/tr/api/hs/dQ4dX/?f_no=41069
2,1,2.31,0.3275,0.919339350874,都内各所へのアクセス抜群！！清潔でおしゃれなお部屋！自宅感覚でゆっくりとお過ごしください。,0.282,0.88987654321,3.4,0.6,3751.0,41851,1.0,3.6,0.65,0.0,-0.25,ホテルマイステイズ神田,神田（東京）,3.54,0.635,3.57,0.6425,true1,http://img.travel.rakuten.co.jp/image/tr/api/hs/dQ4dX/?f_no=41851
2,1,2.86,0.465,0.717687728058,■東京スカイツリー(R)の見える部屋あり■仲見世商店街のすぐ横に位置し、浅草寺や雷門へ好アクセス！,0.394,0.834567901235,3.43,0.6075,9001.0,44938,1.0,4.71,0.9275,4.25,0.8125,旅館　三河屋本店,浅草,3.57,0.6425,4.0,0.75,true3,http://img.travel.rakuten.co.jp/image/tr/api/hs/dQ4dX/?f_no=44938
2,0,3.58,0.645,0.735394661033,上野駅より徒歩３分の好立地！人気の秘密は、無料朝食と選べる枕♪,0.35,0.856296296296,3.85,0.7125,8540.0,50703,0.0,3.96,0.74,3.7,0.675,スーパーホテルＪＲ上野入谷口,上野,3.8,0.7,3.93,0.7325,true0,http://img.travel.rakuten.co.jp/image/tr/api/hs/dQ4dX/?f_no=50703
2,0,3.29,0.5725,0.827539850202,■最新型ＶＯＤ・液晶ＴＶ完備■焼きたてパンと香り高いコーヒー＆オレンジジュースの朝食無料サービス！,0.268,0.896790123457,3.26,0.565,6141.0,50830,0.0,4.24,0.81,3.55,0.6375,Ｒ＆Ｂホテル　蒲田東口,蒲田,3.64,0.66,3.62,0.655,true1,http://img.travel.rakuten.co.jp/image/tr/api/hs/dQ4dX/?f_no=50830
2,0,4.03,0.7575,0.429652391012,贅沢を感じる東京夜景を満喫、東京駅上空の天空ホテル【12時チェックアウト】ワンランク上の東京ステイ,0.333,0.864691358025,4.41,0.8525,16500.0,56634,0.0,4.76,0.94,4.06,0.765,ホテルメトロポリタン丸の内,東京,4.38,0.845,4.32,0.83,true1,http://img.travel.rakuten.co.jp/image/tr/api/hs/dQ4dX/?f_no=56634
2,0,3.98,0.745,0.738083349337,汐留シオサイト、『イタリア街』に建つスタイリッシュホテル。最上階には宿泊者専用の大浴場も完備,0.499,0.782716049383,4.09,0.7725,8470.0,56758,0.0,3.72,0.68,4.25,0.8125,三井ガーデンホテル汐留イタリア街（２０１４年４月リニューアル）,浜松町,4.29,0.8225,4.08,0.77,true1,http://img.travel.rakuten.co.jp/image/tr/api/hs/dQ4dX/?f_no=56758
2,1,3.63,0.6575,0.869444977914,JR御茶ノ水駅、秋葉原駅、東京メトロから徒歩圏内。１階にコンビニとレストランを併設。損保会館至近。,0.404,0.82962962963,3.88,0.72,5050.0,56917,1.0,4.32,0.83,3.93,0.7325,ホテルマイステイズ御茶ノ水,御茶ノ水,4.08,0.77,3.92,0.73,true0,http://img.travel.rakuten.co.jp/image/tr/api/hs/dQ4dX/?f_no=56917
2,1,3.87,0.7175,0.928980218936,禁煙・喫煙をフロアー毎にわけております。門限を１時で設定しております。,0.512,0.776296296296,3.72,0.68,3500.0,56975,1.0,4.2,0.8,3.4,0.6,ホテルＮＥＯ東京,南千住,3.93,0.7325,3.79,0.6975,true3,http://img.travel.rakuten.co.jp/image/tr/api/hs/dQ4dX/?f_no=56975
2,0,4.04,0.76,0.830036489341,全室に洗濯乾燥機・電子レンジを完備！連泊に便利なホテルです。,0.302,0.88,4.26,0.815,6076.0,67160,0.0,4.45,0.8625,3.72,0.68,東急ステイ水道橋,水道橋,4.4,0.85,4.1,0.775,true0,http://img.travel.rakuten.co.jp/image/tr/api/hs/dQ4dX/?f_no=67160
2,1,3.65,0.6625,0.932821202228,お部屋は狭いかもしれませんが、必要な物を取り揃え、コンパクトにまとめてさせて頂いております♪,0.648,0.709135802469,3.71,0.6775,3400.0,67299,1.0,3.18,0.545,3.0,0.5,ホテル丸忠　ＣＬＡＳＳＩＣＯ,南千住,3.73,0.6825,3.71,0.6775,true3,http://img.travel.rakuten.co.jp/image/tr/api/hs/dQ4dX/?f_no=67299
2,1,3.66,0.665,0.802189360476,新橋駅烏森口から徒歩3分。ビジネス・銀座やお台場観光の拠点として最適。,0.27,0.895802469136,3.78,0.695,6801.0,68565,1.0,4.43,0.8575,3.31,0.5775,ホテルサンルート新橋,新橋,4.03,0.7575,3.87,0.7175,true0,http://img.travel.rakuten.co.jp/image/tr/api/hs/dQ4dX/?f_no=68565
2,0,3.48,0.62,0.889994238525,クチコミ件数が物語るコストパフォーマンス！蒲田駅西口徒歩約３分！羽田空港へのアクセスも便利,0.295,0.883456790123,3.74,0.685,4515.0,68688,0.0,4.23,0.8075,4.16,0.79,スーパーホテル東京・ＪＲ蒲田西口,蒲田,4.21,0.8025,4.12,0.78,true0,http://img.travel.rakuten.co.jp/image/tr/api/hs/dQ4dX/?f_no=68688
2,0,4.15,0.7875,0.751603610524,世界８０カ国４，２００軒以上の世界最大級ホテルチェーンベストウェスタン！,0.558,0.753580246914,3.96,0.74,8118.0,69292,0.0,3.96,0.74,4.0,0.75,ベストウェスタン新宿　アスティナホテル東京,新宿,4.26,0.815,4.04,0.76,true1,http://img.travel.rakuten.co.jp/image/tr/api/hs/dQ4dX/?f_no=69292
2,1,3.15,0.5375,0.91165738429,当ホテルは、全館禁煙・非喫煙者専用ホテル　ＪＲ上野駅より徒歩３分　ビジネス観光に最高です,0.473,0.795555555556,3.32,0.58,3951.0,70225,1.0,4.22,0.805,0.0,-0.25,ノンスモーカーズホテル（旧：キューブホテル　上野・御徒町）,上野,3.56,0.64,3.37,0.5925,true0,http://img.travel.rakuten.co.jp/image/tr/api/hs/dQ4dX/?f_no=70225
2,1,3.57,0.6425,0.853082389092,高速インターネット/ＬＡＮケーブル（無料）,0.364,0.849382716049,3.67,0.6675,5476.0,70707,1.0,4.53,0.8825,3.89,0.7225,ザ・ビー池袋,池袋,4.01,0.7525,3.68,0.67,true1,http://img.travel.rakuten.co.jp/image/tr/api/hs/dQ4dX/?f_no=70707
2,0,3.11,0.5275,0.889302861533,【蒲田駅徒歩５分】★軽朝食付き★全室高速ＬＡＮ完備★地デジ BSデジタル無料★VOD１泊/５００円,0.447,0.808395061728,3.18,0.545,4533.0,70793,0.0,3.45,0.6125,2.57,0.3925,東横イン蒲田１,蒲田,3.36,0.59,3.64,0.66,true1,http://img.travel.rakuten.co.jp/image/tr/api/hs/dQ4dX/?f_no=70793
2,0,3.38,0.595,0.900134434415,◆ビジネスやレジャーに便利な新橋駅より徒歩約５分の好立地◆,0.466,0.799012345679,3.76,0.69,4251.0,70852,0.0,3.79,0.6975,3.37,0.5925,スーパーホテル新橋・烏森口,新橋,3.82,0.705,3.79,0.6975,true1,http://img.travel.rakuten.co.jp/image/tr/api/hs/dQ4dX/?f_no=70852
2,0,4.63,0.9075,0.822969080085,平成２１年６月新装オープン。大浴場、サウナあり。洋室の他、和室、露天風呂付など客室１０タイプ。,0.485,0.78962962963,4.32,0.83,6260.0,74604,0.0,4.22,0.805,4.18,0.795,お茶の水ホテル昇龍館,御茶ノ水,4.31,0.8275,4.65,0.9125,true1,http://img.travel.rakuten.co.jp/image/tr/api/hs/dQ4dX/?f_no=74604
2,0,3.62,0.655,0.82527367006,ＪＲ浜松町駅、ゆりかもめ日の出駅近く！羽田空港、東京都心へのアクセスに大変便利です！,0.526,0.769382716049,3.23,0.5575,6200.0,74635,0.0,3.42,0.605,2.53,0.3825,くれたけインプレミアム浜松町,浜松町,3.7,0.675,3.15,0.5375,true3,http://img.travel.rakuten.co.jp/image/tr/api/hs/dQ4dX/?f_no=74635
2,0,3.08,0.52,0.936662185519,浅草随一の安さ！つくばエクスプレス浅草駅徒歩5分。観光、ビジネスにアクセス◎浅草寺・場外馬券場至近♪,0.291,0.885432098765,3.04,0.51,3300.0,76409,0.0,3.87,0.7175,2.0,0.25,ホテルニュー栃木屋,浅草,3.13,0.5325,3.31,0.5775,true3,http://img.travel.rakuten.co.jp/image/tr/api/hs/dQ4dX/?f_no=76409
2,1,4.31,0.8275,0.525676973305,贅沢さより上質さにこだわった美しい和のホテルです。,0.314,0.874074074074,4.24,0.81,14000.0,78211,1.0,4.18,0.795,4.21,0.8025,庭のホテル　東京,水道橋,4.44,0.86,4.32,0.83,true1,http://img.travel.rakuten.co.jp/image/tr/api/hs/dQ4dX/?f_no=78211
2,1,2.65,0.4125,0.921759170348,ＪＲ水道橋駅徒歩５分。古書店街や東京ドーム徒歩圏。全館無線ＬＡＮ。韓国・洋食の朝食２００円。,0.487,0.788641975309,3.06,0.515,3688.0,79313,1.0,4.06,0.765,3.8,0.7,ＹＭＣＡアジア青少年センター,水道橋,3.24,0.56,3.47,0.6175,true3,http://img.travel.rakuten.co.jp/image/tr/api/hs/dQ4dX/?f_no=79313
2,0,3.86,0.715,0.909775302477,近所にコンビニ、銀座や汐留・お台場・丸の内どこへ行くにも絶好の立地。観光やビジネスに最適,0.45,0.806913580247,3.93,0.7325,4000.0,79388,0.0,3.9,0.725,4.17,0.7925,日比谷シティホテル,新橋,4.0,0.75,4.08,0.77,true3,http://img.travel.rakuten.co.jp/image/tr/api/hs/dQ4dX/?f_no=79388
2,1,3.39,0.5975,0.84831956981,同チェーンで女性客比率№１ホテル！池袋駅構内Ｃ１出口を出て後ろを振り返るとすぐ♪,0.422,0.820740740741,3.83,0.7075,5600.0,80513,1.0,4.3,0.825,4.04,0.76,スーパーホテル　ＪＲ池袋西口,池袋,4.04,0.76,4.13,0.7825,true0,http://img.travel.rakuten.co.jp/image/tr/api/hs/dQ4dX/?f_no=80513
2,1,3.58,0.645,0.890570386019,羽田空港からのアクセス至便。明日の元気をくれる安らぎの時間。,0.424,0.81975308642,3.58,0.645,4500.0,80766,1.0,3.55,0.6375,3.4,0.6,ヴィラフォンテーヌ浜松町,浜松町,3.89,0.7225,3.79,0.6975,true3,http://img.travel.rakuten.co.jp/image/tr/api/hs/dQ4dX/?f_no=80766
2,0,3.82,0.705,0.95970808527,２００９年８月改装オープン！★PC、モバイルから明月までの道案内をご覧いただけるようになりました★,0.427,0.818271604938,3.94,0.735,2700.0,80873,0.0,3.53,0.6325,3.0,0.5,ホテル明月,南千住,3.83,0.7075,4.11,0.7775,true0,http://img.travel.rakuten.co.jp/image/tr/api/hs/dQ4dX/?f_no=80873
2,0,4.0,0.75,0.844478586518,２０１０年４月開業！全室洗濯乾燥機付きのホテル。夜洗って朝着られる快適なステイをお楽しみ下さい,0.412,0.825679012346,4.17,0.7925,5700.0,84558,0.0,4.11,0.7775,3.51,0.6275,東急ステイ池袋,池袋,4.35,0.8375,4.11,0.7775,true1,http://img.travel.rakuten.co.jp/image/tr/api/hs/dQ4dX/?f_no=84558
2,1,2.88,0.47,0.858075667371,ＪＲ蒲田東口徒歩５分、京急蒲田西口徒歩８分。羽田空港、横浜、ＴＤＬ、お台場、どこへ行くにも便利。,0.301,0.88049382716,3.29,0.5725,5346.0,104599,1.0,3.75,0.6875,0.0,-0.25,ビジネスホテル新力　４号館,蒲田,3.38,0.595,3.44,0.61,true1,http://img.travel.rakuten.co.jp/image/tr/api/hs/dQ4dX/?f_no=104599
2,0,3.27,0.5675,0.882081812944,アメ横に近く食事や買物に便利。スカイライナーで成田空港へ４４分、海外旅行の前泊や後泊にもご利用下さい,0.419,0.822222222222,3.53,0.6325,4721.0,104824,0.0,4.5,0.875,3.0,0.5,きぬや本館,上野,3.4,0.6,3.47,0.6175,true0,http://img.travel.rakuten.co.jp/image/tr/api/hs/dQ4dX/?f_no=104824
2,0,3.92,0.73,0.876742846169,神田駅西口より徒歩２分の好立地に２０１０年１月オープン！室内はバスとトイレが別のデザイナーズ設計。,0.297,0.882469135802,2.94,0.485,4860.0,108143,0.0,3.89,0.7225,3.25,0.5625,ホテルメイン神田,神田（東京）,3.78,0.695,3.5,0.625,true3,http://img.travel.rakuten.co.jp/image/tr/api/hs/dQ4dX/?f_no=108143
2,0,2.55,0.3875,0.826963702708,品川１０分、横浜２０分とアクセス抜群です。ビジネスやレジャーの拠点としてご利用ください。,0.369,0.846913580247,3.14,0.535,6156.0,108336,0.0,3.23,0.5575,2.67,0.4175,東横イン蒲田２,蒲田,3.24,0.56,3.38,0.595,true3,http://img.travel.rakuten.co.jp/image/tr/api/hs/dQ4dX/?f_no=108336
2,1,3.96,0.74,0.836489341271,山手線池袋駅北口から徒歩4分！とても便利な立地です。繁華街近ですが、とても静かな環境です。,0.449,0.807407407407,3.84,0.71,5908.0,108416,1.0,4.22,0.805,3.85,0.7125,東横イン池袋北口１,池袋,4.27,0.8175,4.22,0.805,true0,http://img.travel.rakuten.co.jp/image/tr/api/hs/dQ4dX/?f_no=108416
2,1,3.0,0.5,0.813750720184,新宿駅に近い割には閑静な立地のエコノミーで清潔なビジネスホテルです。,0.703,0.681975308642,3.11,0.5275,6500.0,109008,1.0,3.78,0.695,3.38,0.595,ビジネスホテル新宿タウンホテル,新宿,3.13,0.5325,3.52,0.63,true1,http://img.travel.rakuten.co.jp/image/tr/api/hs/dQ4dX/?f_no=109008
2,1,3.84,0.71,0.787785673132,★Wi-Fi無料サービス開始★羽田空港・都心・横浜へアクセス抜群★観光、ビジネスの拠点に！★,0.367,0.847901234568,4.05,0.7625,7176.0,109067,1.0,4.2,0.8,4.0,0.75,京急ＥＸイン　蒲田,蒲田,4.18,0.795,4.01,0.7525,true0,http://img.travel.rakuten.co.jp/image/tr/api/hs/dQ4dX/?f_no=109067
2,0,3.16,0.54,0.905895909353,2011年6月22日開業新築ホテル！新橋駅烏森口より徒歩9分、御成門駅A4出口より徒歩4分,0.615,0.725432098765,3.6,0.65,4101.0,129907,0.0,3.6,0.65,3.43,0.6075,アパホテル＜新橋御成門＞,新橋,3.52,0.63,3.6,0.65,true1,http://img.travel.rakuten.co.jp/image/tr/api/hs/dQ4dX/?f_no=129907
2,0,4.5,0.875,0.918225465719,『Our room your home』ご自宅のようにくつろげる、都会の中の隠れ家風旅館,0.326,0.868148148148,4.15,0.7875,3780.0,130166,0.0,4.44,0.86,4.5,0.875,御宿ちよだ,南千住,4.73,0.9325,4.73,0.9325,true3,http://img.travel.rakuten.co.jp/image/tr/api/hs/dQ4dX/?f_no=130166
2,0,2.0,0.25,0.892452467832,ビジネスや観光に便利な池袋駅より徒歩６分。各部屋で無料の無線ＬＡＮがご利用になれます。,0.582,0.741728395062,1.83,0.2075,4451.0,130586,0.0,2.71,0.4275,0.0,-0.25,ホテル昌庭,池袋,2.14,0.285,2.43,0.3575,true0,http://img.travel.rakuten.co.jp/image/tr/api/hs/dQ4dX/?f_no=130586
2,0,3.72,0.68,0.879969272134,２０１１年１１月開業。都内名所、羽田空港に抜群のアクセス。最新設備とＣＯＯＬなデザイナーズルーム。,0.524,0.77037037037,3.73,0.6825,4776.0,134923,0.0,3.94,0.735,3.69,0.6725,相鉄フレッサイン　浜松町大門,浜松町,3.9,0.725,3.81,0.7025,true1,http://img.travel.rakuten.co.jp/image/tr/api/hs/dQ4dX/?f_no=134923
2,1,3.57,0.6425,0.823314768581,【全室ダブルベット設置】【健康焼きたてパン朝食無料】【大好評健康イオン水客室給水】,0.539,0.762962962963,4.03,0.7575,6251.0,135551,1.0,4.1,0.775,4.13,0.7825,スーパーホテル浅草,浅草,4.3,0.825,4.09,0.7725,true3,http://img.travel.rakuten.co.jp/image/tr/api/hs/dQ4dX/?f_no=135551
2,0,4.4,0.85,0.660418667179,2012年8月10日グランドオープン！新しい魅力がつまったGATE HOTEL STORY、開門。,0.434,0.814814814815,4.36,0.84,10492.0,137085,0.0,4.76,0.94,4.39,0.8475,ＴＨＥ　ＧＡＴＥ　ＨＯＴＥＬ（ザ・ゲートホテル）　雷門　ｂｙ　ＨＵＬＩＣ,浅草,4.5,0.875,4.51,0.8775,true3,http://img.travel.rakuten.co.jp/image/tr/api/hs/dQ4dX/?f_no=137085
2,1,3.36,0.59,0.957749183791,「ビジネスはもちろん観光など、プライベートを満喫する為のシンプルな宿泊スタイルLiVEMAX」,0.677,0.694814814815,3.39,0.5975,2751.0,140859,1.0,3.36,0.59,2.75,0.4375,ホテルリブマックス新橋,新橋,3.6,0.65,3.4,0.6,true3,http://img.travel.rakuten.co.jp/image/tr/api/hs/dQ4dX/?f_no=140859
2,1,4.37,0.8425,0.811791818706,東京駅から徒歩3分。男女別の大浴場「八重桜の湯」は健康イオン水大浴場と炭酸泉がお楽しみいただけます。,0.361,0.850864197531,4.18,0.795,6551.0,141356,1.0,4.79,0.9475,3.81,0.7025,スーパーホテルＬｏｈａｓ東京駅八重洲中央口　八重桜の湯,東京,4.3,0.825,4.36,0.84,true3,http://img.travel.rakuten.co.jp/image/tr/api/hs/dQ4dX/?f_no=141356
2,1,3.14,0.535,0.813750720184,新宿駅西口より徒歩６分、客様のお越しをお待ちしております,0.637,0.714567901235,3.32,0.58,6500.0,142811,1.0,4.13,0.7825,3.54,0.635,ビジネスホテル新宿タウンアネクス,新宿,3.38,0.595,3.7,0.675,true1,http://img.travel.rakuten.co.jp/image/tr/api/hs/dQ4dX/?f_no=142811
2,1,3.36,0.59,0.863683502977,新宿駅近！女性専用宿泊施設。（個室型２段ベッド）滞在中は、露天風呂やシルキーバス等スパに入り放題！！,0.672,0.697283950617,3.64,0.66,5200.0,143324,1.0,3.71,0.6775,3.3,0.575,リ・ラックスパ　新宿（旧：Ｌｅ　Ｌｕｃｋ　ＳＰＡ　ＳＨＩＮＪＵＫＵ）,新宿,3.29,0.5725,3.5,0.625,true0,http://img.travel.rakuten.co.jp/image/tr/api/hs/dQ4dX/?f_no=143324
2,0,3.35,0.5875,0.693796811984,■2014年4月2日オープン■東京駅徒歩4分、銀座まで徒歩圏内という好立地です。全室Wi-Fi無料。,0.469,0.797530864198,3.17,0.5425,9623.0,145335,0.0,4.2,0.8,3.09,0.5225,コートヤード・バイ・マリオット　東京ステーション（2014年4月2日オープン）,東京,3.2,0.55,3.0,0.5,true3,http://img.travel.rakuten.co.jp/image/tr/api/hs/dQ4dX/?f_no=145335
2,0,3.28,0.57,0.897484155944,新橋駅から徒歩３分のビジネスや観光に便利な立地。全室デュベスタイルのダブルベッド、ＶＯＤ見放題。,0.261,0.90024691358,3.88,0.72,4320.0,146557,0.0,3.96,0.74,0.0,-0.25,ＴＨＥ　ＨＯＴＥＬ　ＳＨＩＮＢＡＳＨＩ,新橋,3.92,0.73,3.73,0.6825,true1,http://img.travel.rakuten.co.jp/image/tr/api/hs/dQ4dX/?f_no=146557
2,1,4.36,0.84,0.573689264452,平成２６年８月８日(金)新規オープン！ＪＲ新宿駅南口から徒歩３分！観光・ビジネスに最適です！,0.336,0.863209876543,3.86,0.715,12750.0,146877,1.0,4.46,0.865,4.23,0.8075,ＪＲ九州ホテルブラッサム新宿,新宿,4.46,0.865,3.25,0.5625,true0,http://img.travel.rakuten.co.jp/image/tr/api/hs/dQ4dX/?f_no=146877
2,1,4.26,0.815,0.837718455925,２０１４年８月１５日オープン！東京ドームへ徒歩２分！全室WiFi無料！都内中心部の好立地！,0.457,0.803456790123,4.44,0.86,5876.0,146928,1.0,4.54,0.885,3.8,0.7,リッチモンドホテル東京水道橋（２０１４年８月１５日オープン）,水道橋,4.42,0.855,4.27,0.8175,true1,http://img.travel.rakuten.co.jp/image/tr/api/hs/dQ4dX/?f_no=146928
2,1,4.8,0.95,0.375840215095,2014年8月、創業116年の旅館が全室和モダンなスイートルームのホテルとしてリニューアルオープン！,0.357,0.852839506173,5.0,1.0,17901.0,146993,1.0,4.2,0.8,4.25,0.8125,ホテル龍名館お茶の水本店,御茶ノ水,5.0,1.0,5.0,1.0,true3,http://img.travel.rakuten.co.jp/image/tr/api/hs/dQ4dX/?f_no=146993
2,1,3.08,0.52,0.862684847321,上野（入谷口）から徒歩５分という、ビジネスや観光に適した好立地に位置する心安らぐホテル。,0.432,0.815802469136,3.46,0.615,5226.0,147026,1.0,3.58,0.645,3.0,0.5,上野ホテル,上野,3.62,0.655,3.5,0.625,true1,http://img.travel.rakuten.co.jp/image/tr/api/hs/dQ4dX/?f_no=147026
2,0,4.44,0.86,0.861724601498,２０１４年夏・ＮＥＷ　ＯＰＥＮ！羽田空港へアクセス◎全室バス・トイレ・洗面台独立の快適空間♪,0.26,0.900740740741,3.89,0.7225,5251.0,147101,0.0,4.41,0.8525,3.5,0.625,三交インＧｒａｎｄｅ東京浜松町,浜松町,4.46,0.865,3.73,0.6825,true3,http://img.travel.rakuten.co.jp/image/tr/api/hs/dQ4dX/?f_no=147101
2,1,3.42,0.605,0.901094680238,センチュリオンホテルが池袋に新規オープン！ビジネス・レジャーに好アクセス！,0.358,0.852345679012,4.1,0.775,4226.0,147111,1.0,4.35,0.8375,3.38,0.595,センチュリオンホテル池袋（２０１４年９月グランドオープン）,池袋,3.94,0.735,3.49,0.6225,true1,http://img.travel.rakuten.co.jp/image/tr/api/hs/dQ4dX/?f_no=147111
2,0,4.11,0.7775,0.82527367006,全客室Wｉｆｉ可能！　川面を一望の展望露天風呂！　お仕事に観光に、どちらにも最適のホテルです,0.623,0.721481481481,3.83,0.7075,6200.0,819,0.0,4.32,0.83,3.9,0.725,超軟水展望大浴場　あさひ湯　ドーミーインＥＸＰＲＥＳＳ浅草（旧：ドーミーイン浅草）,浅草,3.81,0.7025,3.89,0.7225,true0,http://img.travel.rakuten.co.jp/image/tr/api/hs/dQ4dX/?f_no=819
2,0,3.34,0.585,0.84674476666,ロケーション最高、お台場・臨海副都心へも。,0.555,0.755061728395,3.37,0.5925,5641.0,1942,0.0,4.14,0.785,3.86,0.715,ベイサイドホテル　アジュール竹芝,浜松町,3.69,0.6725,3.43,0.6075,true3,http://img.travel.rakuten.co.jp/image/tr/api/hs/dQ4dX/?f_no=1942
