n_clusters,cluster,bathAverage,bathScore,chargeScore,description,distance,distanceScore,equipmentAverage,equipmentScore,hotelMiddleCharge,id,kinnennScore,locationAverage,locationScore,mealAverage,mealScore,name,nearestStation,roomAverage,roomScore,serviceAverage,serviceScore,tag,url
2,0,3.5,0.625,0.929710005761,ＪＲ蒲田駅徒歩0分！別館”和”の温泉＋岩盤浴が付いてるオトクなプランあり！ＶＯＤプランもオススメ！,0.1,0.97975308642,3.62,0.655,3481.0,101,1.0,4.76,0.94,3.79,0.6975,シティホテル弘城,蒲田,3.4,0.6,3.92,0.73,true1,http://img.travel.rakuten.co.jp/image/tr/api/hs/dQ4dX/?f_no=101
2,0,4.46,0.865,0.786863837142,美人の湯、熱の湯特徴を持った蒲田黒湯温泉で癒しののひととき。全室LANポート設置。羽田送客プランも有,0.174,0.943209876543,3.74,0.685,7200.0,568,1.0,4.78,0.945,3.27,0.5675,ホテル末広＜東京都＞,蒲田,3.65,0.6625,4.19,0.7975,true2,http://img.travel.rakuten.co.jp/image/tr/api/hs/dQ4dX/?f_no=568
2,1,3.94,0.735,0.765700019205,【東京スカイツリー(R)フレンドシップホテル】粋な町・浅草らしさでおもてなし。,0.168,0.946172839506,4.02,0.755,7751.0,570,1.0,4.51,0.8775,4.43,0.8575,浅草ビューホテル,浅草,4.45,0.8625,4.13,0.7825,true0,http://img.travel.rakuten.co.jp/image/tr/api/hs/dQ4dX/?f_no=570
2,0,3.79,0.6975,0.897484155944,ＪＲ上野駅から徒歩２分・コンビニまで３０秒と好立地！全館ネット接続可能（無料）☆,0.312,0.875061728395,3.78,0.695,4320.0,1680,1.0,4.48,0.87,4.14,0.785,上野東金屋ホテル,上野,3.91,0.7275,4.17,0.7925,true1,http://img.travel.rakuten.co.jp/image/tr/api/hs/dQ4dX/?f_no=1680
2,1,3.63,0.6575,0.594814672556,渋谷駅直結。最新の流行・情報が行き交う渋谷の中心にあるランドマークホテル。,0.178,0.941234567901,3.85,0.7125,12200.0,4778,1.0,4.76,0.94,4.15,0.7875,渋谷エクセルホテル東急,渋谷,4.1,0.775,3.75,0.6875,true0,http://img.travel.rakuten.co.jp/image/tr/api/hs/dQ4dX/?f_no=4778
2,0,3.7,0.675,0.870674092568,ＪＲ上野駅入谷出口より徒歩1分!朝はパンと飲み物をサービス！全室高速インターネット接続！,0.223,0.919012345679,3.5,0.625,5018.0,9518,1.0,4.4,0.85,4.0,0.75,サットンプレイスホテル上野,上野,3.9,0.725,3.8,0.7,true2,http://img.travel.rakuten.co.jp/image/tr/api/hs/dQ4dX/?f_no=9518
2,0,4.08,0.77,0.9107355483,JR蒲田駅東口から徒歩１分！羽田空港行きシャトルバス乗り場も徒歩1分です。！,0.135,0.962469135802,4.14,0.785,3975.0,18246,1.0,4.49,0.8725,4.1,0.775,アーヴェストホテル蒲田（東口）,蒲田,4.12,0.78,4.01,0.7525,true0,http://img.travel.rakuten.co.jp/image/tr/api/hs/dQ4dX/?f_no=18246
2,0,3.51,0.6275,0.779181870559,東京駅より１駅＆秋葉原までも徒歩10分♪コンビニ近隣にあります！サンキュープランがおススメです★,0.16,0.95012345679,3.71,0.6775,7400.0,18270,1.0,4.17,0.7925,3.58,0.645,京王プレッソイン神田,神田（東京）,4.06,0.765,3.97,0.7425,true2,http://img.travel.rakuten.co.jp/image/tr/api/hs/dQ4dX/?f_no=18270
2,0,3.75,0.6875,0.859804109852,浅草駅より徒歩３分。優雅さと気品に満ちたルーム。本館男性大浴場サウナあり。,0.316,0.873086419753,3.83,0.7075,5301.0,18476,1.0,4.57,0.8925,4.0,0.75,浅草セントラルホテル,浅草,3.92,0.73,4.14,0.785,true1,http://img.travel.rakuten.co.jp/image/tr/api/hs/dQ4dX/?f_no=18476
2,1,5.0,1.0,0.658382946034,仲見世から近い、純和風のお宿です。,0.35,0.856296296296,4.6,0.9,10545.0,28024,1.0,5.0,1.0,4.67,0.9175,旅館　加茂川,浅草,4.4,0.85,5.0,1.0,true1,http://img.travel.rakuten.co.jp/image/tr/api/hs/dQ4dX/?f_no=28024
2,0,3.25,0.5625,0.821432686768,ＪＲ上野駅より徒歩１分。ビジネス、観光等に交通の便よく、女性御一人でも安心してお泊りいただけます。,0.165,0.947654320988,3.6,0.65,6300.0,32060,1.0,5.0,1.0,4.0,0.75,ホテル　福屋＜東京都＞,上野,3.2,0.55,3.6,0.65,true1,http://img.travel.rakuten.co.jp/image/tr/api/hs/dQ4dX/?f_no=32060
2,0,3.21,0.5525,0.852160553102,全室有線ＬＡＮインターネット接続無料。全室ビデオ・ＤＶＤデッキを完備。２４時間フロント対応。,0.315,0.873580246914,3.89,0.7225,5500.0,39495,1.0,4.0,0.75,3.64,0.66,ミヤビイン蒲田,蒲田,3.76,0.69,4.06,0.765,true2,http://img.travel.rakuten.co.jp/image/tr/api/hs/dQ4dX/?f_no=39495
2,0,3.29,0.5725,0.853696946418,ＪＲ上野駅の浅草口を出て左へ徒歩１分。ビジネス・観光等に最適です。全室ウォッシュレット完備。,0.132,0.963950617284,3.72,0.68,5460.0,40799,1.0,4.82,0.955,4.0,0.75,ホテル　ニューウエノ,上野,3.49,0.6225,3.94,0.735,true1,http://img.travel.rakuten.co.jp/image/tr/api/hs/dQ4dX/?f_no=40799
2,0,3.66,0.665,0.802189360476,新橋駅烏森口から徒歩3分。ビジネス・銀座やお台場観光の拠点として最適。,0.27,0.895802469136,3.78,0.695,6801.0,68565,1.0,4.43,0.8575,3.31,0.5775,ホテルサンルート新橋,新橋,4.03,0.7575,3.87,0.7175,true2,http://img.travel.rakuten.co.jp/image/tr/api/hs/dQ4dX/?f_no=68565
2,1,4.31,0.8275,0.525676973305,贅沢さより上質さにこだわった美しい和のホテルです。,0.314,0.874074074074,4.24,0.81,14000.0,78211,1.0,4.18,0.795,4.21,0.8025,庭のホテル　東京,水道橋,4.44,0.86,4.32,0.83,true0,http://img.travel.rakuten.co.jp/image/tr/api/hs/dQ4dX/?f_no=78211
2,0,3.79,0.6975,0.869406568081,東京スカイツリー（R）眺望の客室あり☆「大人のくつろぎ」と「安らかなひととき」を演出します。,0.104,0.977777777778,4.11,0.7775,5051.0,80619,1.0,4.26,0.815,4.05,0.7625,ホテル京阪浅草,浅草,4.3,0.825,4.08,0.77,true0,http://img.travel.rakuten.co.jp/image/tr/api/hs/dQ4dX/?f_no=80619
2,0,3.5,0.625,0.82527367006,上野駅２分・全館Ｗｉ-Ｆｉ接続（無料）・携帯充電器・シモンズベッド・ロフテー枕・ズボンプレッサー完備,0.129,0.965432098765,3.63,0.6575,6200.0,129490,1.0,4.56,0.89,3.8,0.7,ホテルサンルート“ステラ”上野,上野,4.02,0.755,3.79,0.6975,true2,http://img.travel.rakuten.co.jp/image/tr/api/hs/dQ4dX/?f_no=129490
2,0,3.98,0.745,0.8492414058,2011年11月オープン！新橋駅から徒歩3分とビジネス観光に大変便利。大浴場で疲れを癒して下さい。,0.258,0.901728395062,4.2,0.8,5576.0,135973,1.0,4.59,0.8975,3.67,0.6675,ホテル新橋三番館,新橋,4.17,0.7925,4.13,0.7825,true0,http://img.travel.rakuten.co.jp/image/tr/api/hs/dQ4dX/?f_no=135973
2,1,4.04,0.76,0.74956788938,江戸風情や粋を取り入れつつ未来の浅草を表現した客室。皆様のお越しをお待ちいたしております。,0.176,0.942222222222,4.21,0.8025,8171.0,136139,1.0,4.38,0.845,4.29,0.8225,リッチモンドホテル浅草,浅草,4.35,0.8375,4.14,0.785,true1,http://img.travel.rakuten.co.jp/image/tr/api/hs/dQ4dX/?f_no=136139
2,0,3.77,0.6925,0.885730747071,駅近なのでビジネスにも観光にも便利です！銀座へは徒歩圏内。2階に大戸屋、１階にコンビニ有！,0.229,0.916049382716,4.02,0.755,4626.0,140984,1.0,4.57,0.8925,3.58,0.645,相鉄フレッサイン　新橋日比谷口,新橋,4.05,0.7625,3.97,0.7425,true1,http://img.travel.rakuten.co.jp/image/tr/api/hs/dQ4dX/?f_no=140984
2,1,4.19,0.7975,0.801728442481,2014年5月OPEN！新橋駅徒歩3分。全室無料Wi-Fi完備！洗濯乾燥機付き客室もございます。,0.339,0.861728395062,4.02,0.755,6813.0,145444,1.0,4.18,0.795,3.9,0.725,東急ステイ新橋,新橋,4.41,0.8525,3.77,0.6925,true2,http://img.travel.rakuten.co.jp/image/tr/api/hs/dQ4dX/?f_no=145444
2,1,4.36,0.84,0.573689264452,平成２６年８月８日(金)新規オープン！ＪＲ新宿駅南口から徒歩３分！観光・ビジネスに最適です！,0.336,0.863209876543,3.86,0.715,12750.0,146877,1.0,4.46,0.865,4.23,0.8075,ＪＲ九州ホテルブラッサム新宿,新宿,4.46,0.865,3.25,0.5625,true0,http://img.travel.rakuten.co.jp/image/tr/api/hs/dQ4dX/?f_no=146877
