left,boolean,ranking,id,score,mealScore,serviceScore,locationScore,equipmentScore,roomScore,bathScore,distanceScore,kinnennScore
left,0,0,137085,0.377653872594,0.8475,0.8775,0.94,0.84,0.875,0.85,0.814814814815,1
left,0,1,41069,0.281924567401,0.7725,0.8275,0.81,0.8525,0.845,0.8025,0.810864197531,1
left,3,2,74604,0.258879032557,0.795,0.9125,0.805,0.83,0.8275,0.9075,0.78962962963,1
left,3,3,839,0.165021793003,0.735,0.815,0.925,0.7875,0.845,0.7275,1.0,0
left,3,4,54491,0.163997455958,0.705,0.7775,0.9025,0.77,0.7975,0.945,0.952098765432,1
left,3,5,108416,0.125372839555,0.7125,0.805,0.805,0.71,0.8175,0.74,0.807407407407,0
left,0,6,78211,0.119955964384,0.8025,0.83,0.795,0.81,0.86,0.8275,0.874074074074,0
left,3,7,147193,0.00690556011274,0.75,0.7975,0.75,0.7825,0.7825,0.85,0.643950617284,0
left,3,8,41615,0.000100178462233,0.9675,0.92,0.8775,0.7425,0.8475,0.81,0.544691358025,0
left,3,9,74688,2.49975010238e-06,0.75,0.775,0.5,0.7,0.75,0.625,0.58024691358,0
left,1,10,18297,0.318529693202,0.75,0.745,0.8525,0.745,0.7525,0.7275,0.853333333333,1
left,1,11,610,0.242092020847,0.8225,0.725,0.9175,0.6875,0.7825,0.615,0.89975308642,1
left,2,12,18246,0.216567026483,0.775,0.7525,0.8725,0.785,0.78,0.77,0.962469135802,0
left,1,13,15878,0.131712379654,0.6925,0.75,0.8,0.6975,0.7025,0.65,0.86962962963,1
left,1,14,5309,0.128040100819,0.695,0.6975,0.7675,0.69,0.695,0.585,0.904197530864,1
left,1,15,109067,0.126368537089,0.75,0.7525,0.8,0.7625,0.795,0.71,0.847901234568,0
left,1,16,509,0.120030266646,0.8225,0.695,0.92,0.6375,0.695,0.5125,0.912592592593,1
left,1,17,716,0.119536745987,0.8025,0.7225,0.735,0.715,0.8325,0.645,0.819259259259,1
left,1,18,129490,0.105416102079,0.7,0.6975,0.89,0.6575,0.755,0.625,0.965432098765,0
left,1,19,12534,0.0877029315364,0.69,0.665,0.735,0.6475,0.6525,0.5625,0.895308641975,1
left,1,20,2877,0.0852384769898,0.6875,0.635,0.8075,0.75,0.6725,0.635,0.845432098765,0
left,1,21,11230,0.0804682302831,0.6825,0.74,0.8975,0.6725,0.695,0.6125,0.83012345679,0
left,1,22,1993,0.0728003850117,0.6625,0.835,0.905,0.7525,0.7375,0.63,0.905679012346,1
left,2,23,5385,0.0656719679797,0.7625,0.6075,0.8425,0.5875,0.6,0.5075,0.944691358025,1
left,1,24,142951,0.0520641512184,0.6475,0.7375,0.785,0.765,0.805,0.68,0.929382716049,1
left,2,25,630,0.0494810904184,0.7725,0.68,0.6875,0.6375,0.74,0.5575,0.762962962963,1
left,1,26,50830,0.040990786402,0.6375,0.655,0.81,0.565,0.66,0.5725,0.896790123457,1
left,1,27,1770,0.0373078188634,0.635,0.6025,0.835,0.5775,0.64,0.5525,0.722962962963,1
left,1,28,142811,0.0321570758916,0.635,0.675,0.7825,0.58,0.595,0.535,0.714567901235,0
left,1,29,996,0.0298463515454,0.625,0.65,0.725,0.6,0.6375,0.5325,0.839012345679,1
left,2,30,1404,0.0151851331575,0.75,0.6725,0.75,0.6725,0.7875,0.77,0.575802469136,1
left,1,31,29764,0.0133917870571,0.6,0.7425,0.775,0.68,0.7225,0.5875,0.82962962963,0
left,2,32,56975,0.0133917870571,0.6,0.6975,0.8,0.68,0.7325,0.7175,0.776296296296,0
left,1,33,658,0.0121515420992,0.63,0.5775,0.665,0.54,0.59,0.4775,0.656790123457,1
left,1,34,1386,0.00864747877653,0.5825,0.6975,0.86,0.7025,0.7425,0.6525,0.866666666667,1
left,1,35,29183,0.00804553889143,0.5825,0.69,0.8225,0.635,0.6475,0.5825,0.84,0
left,1,36,18392,0.00688980515278,0.5775,0.5975,0.725,0.5775,0.595,0.52,0.655308641975,0
left,1,37,7055,0.00631015946746,0.8075,0.54,0.6375,0.4725,0.5675,0.465,0.741234567901,1
left,1,38,80766,0.00591919217654,0.6,0.6975,0.6375,0.645,0.7225,0.645,0.81975308642,0
left,1,39,51734,0.00404253110531,0.56,0.6825,0.7275,0.6,0.7225,0.56,0.85037037037,1
left,1,40,107898,0.00286105371854,0.605,0.6975,0.6175,0.7025,0.795,0.6075,0.761481481481,0
left,1,41,80759,0.00176058517887,0.5575,0.6675,0.605,0.6675,0.7825,0.845,0.616790123457,1
left,1,42,29184,0.00171215612512,0.5375,0.62,0.775,0.57,0.5725,0.45,0.822222222222,0
left,1,43,8961,0.00158607748951,0.535,0.6625,0.9075,0.6325,0.6025,0.5325,0.835555555556,1
left,1,44,70358,0.00141035594306,0.5325,0.5425,0.75,0.475,0.48,0.545,0.829135802469,0
left,1,45,136122,0.000944050810662,0.5225,0.745,0.8325,0.78,0.745,0.61,0.653827160494,0
left,1,46,104560,0.000690528749598,0.515,0.485,0.85,0.4,0.48,0.4075,0.917037037037,1
left,1,47,7341,0.0003597184372,0.5,0.7,0.7675,0.6125,0.755,0.6025,0.886419753086,1
left,1,48,80873,0.000359692664659,0.5,0.7775,0.6325,0.735,0.7075,0.705,0.818271604938,1
left,1,49,70659,0.000215632503281,0.5275,0.695,0.565,0.6025,0.685,0.55,0.783209876543,0
left,1,50,18319,0.00012324636715,0.4775,0.4825,0.7525,0.485,0.53,0.615,0.853827160494,1
left,1,51,134922,1.45759896791e-05,0.4375,0.6775,0.79,0.6925,0.725,0.635,0.679012345679,1
left,1,52,9191,1.77657929074e-06,0.5825,0.685,0.6825,0.605,0.63,0.5925,0.280987654321,1
left,1,53,11140,1.42467800975e-17,0.5275,0.6975,0.7825,0.5775,0.6325,0.55,0.245432098765,0
left,1,54,146557,2.33587949755e-44,-0.25,0.6825,0.74,0.72,0.73,0.57,0.90024691358,1
left,1,55,2465,2.33587949755e-44,-0.25,0.7225,0.7225,0.7775,0.6675,0.555,0.815308641975,0
left,1,56,41851,2.33541926624e-44,-0.25,0.6425,0.65,0.6,0.635,0.3275,0.88987654321,0
left,1,57,41042,2.33379314492e-44,-0.25,0.5425,0.8325,0.3475,0.445,0.515,0.820740740741,0
left,1,58,129672,2.32129034098e-44,-0.25,0.405,0.725,0.485,0.38,0.435,0.901234567901,0
left,1,59,2605,1.1366033135e-44,-0.25,0.34,0.59,0.3025,0.34,0.355,0.803456790123,0
