user,id,kinnennScore,kinnennScore_pdf,kinnennScore_cdf,mealScore,mealScore_pdf,mealScore_cdf,roomScore,roomScore_pdf,roomScore_cdf,equipmentScore,equipmentScore_pdf,equipmentScore_cdf,bathScore,bathScore_pdf,bathScore_cdf,distanceScore,distanceScore_pdf,distanceScore_cdf,serviceScore,serviceScore_pdf,serviceScore_cdf,chargeScore,chargeScore_pdf,chargeScore_cdf,locationScore,locationScore_pdf,locationScore_cdf
1,101,0.0,nan,0.0,0.6975,3.51282667715,0.4704614193821999,0.6000000000000001,1.99409525242,0.10497150138225414,0.655,3.53090317886,0.33889434627682663,0.625,2.7455902491,0.3804347753856613,0.9797530864197531,1.185653762,0.9451618700461185,0.73,3.77527289125,0.5331213054940703,0.9297100057614741,1.96039003682,0.9281891209474937,0.9400000000000001,1.82984100156,0.9248353989326648
1,192,0.0,nan,0.0,0.6675,3.16480597272,0.3697726248209946,0.6775,3.20000515369,0.31901962468841294,0.63,3.19815852226,0.2540666043848991,0.5325,2.04859866032,0.14942718432644939,0.755061728395061,2.60685723427,0.2543141959054468,0.66,3.70171204052,0.26095161181547455,0.8213942769348951,4.45714824832,0.5306220679217478,0.745,2.31982321907,0.2842647163138528
1,223,1.0,nan,0.0,0.5825,1.78541131683,0.159919635403398,0.605,2.11543843997,0.11524546981693591,0.6375000000000001,3.33435106722,0.2785823348735612,0.5575,2.36065098925,0.20473042525627055,0.8103703703703701,3.61981941732,0.424753354569251,0.6775,3.9581712569,0.32838067949698896,0.8713654695602071,4.032077154,0.7490025251654724,0.605,1.02117132226,0.038445178816558984
1,388,0.0,nan,0.0,0.7825000000000001,2.90944569277,0.760992865138534,0.7675000000000001,3.60592690774,0.6164019562577637,0.7575000000000001,3.96514008414,0.7381016778817101,0.675,2.78693742108,0.5191371258087065,0.851358024691358,4.07894157311,0.5854867341942134,0.7675000000000001,3.67829516601,0.6735066454018648,0.713885154599577,1.87650148552,0.16738825666014773,0.915,2.63405112684,0.8690894095191988
1,398,1.0,nan,0.0,0.847499999999999,1.50525212648,0.9042118393571725,0.6325000000000001,2.73501898637,0.18223388103455346,0.635,3.29232760263,0.27029825842908867,0.545,2.21589784795,0.1761020035713229,0.720493827160493,2.16899959451,0.17192545729580574,0.66,3.70171204052,0.26095161181547455,0.8828884194353751,3.71816835398,0.7937282312034893,0.61,1.11008522693,0.04377345741595688
1,462,0.0,nan,0.0,0.7075,3.57409855057,0.5059232435779513,0.68,3.20219202068,0.32702272421640805,0.7975000000000001,2.41435225372,0.8680328583734672,0.64,2.76827474253,0.4218038531111165,0.810864197530864,3.62947694642,0.42654330613499464,0.8300000000000001,2.27325248591,0.8669936059801674,0.965469560207413,0.812966275917,0.9761897703812754,0.79,3.35820616196,0.41097071351005976
1,509,1.0,nan,0.0,0.8225,2.03266787028,0.8601266404776589,0.6950000000000001,3.19206905513,0.3750124765179307,0.6375000000000001,3.33435106722,0.2785823348735612,0.5125000000000001,1.74467472254,0.11143389589612394,0.9125925925925921,2.94895553044,0.8094800220881913,0.6950000000000001,3.96463866588,0.3979980935130365,0.6792778951411561,1.0655009133,0.11746315746727277,0.919999999999999,2.47247921842,0.8818564168286899
1,568,0.0,nan,0.0,0.5675,1.57511123231,0.13473613907313348,0.6625,3.14180453946,0.2713484117636481,0.685,3.67326384498,0.4469407145142876,0.865,1.04378482908,0.9351349107460627,0.9432098765432091,2.0760972602,0.8863046358128012,0.7975000000000001,3.1891582591,0.7777765503304226,0.786863837142308,3.96841747631,0.3835964232345377,0.9450000000000001,1.67630061631,0.933598863402705
1,570,0.0,nan,0.0,0.857499999999999,1.31678682503,0.9183092795758157,0.8625,2.98587448976,0.9389120032582232,0.754999999999999,4.02366519552,0.7281141510884591,0.735,2.65008150268,0.6839269328820894,0.946172839506172,1.99552241017,0.892336378386851,0.7825000000000001,3.49704664019,0.7274843286224901,0.765700019204916,3.43674659087,0.3049891040883289,0.8775000000000001,3.67621399378,0.7494592494547723
1,610,1.0,nan,0.0,0.8225,2.03266787028,0.8601266404776589,0.7825000000000001,3.61208299043,0.6707227954964673,0.6875,3.69167698925,0.456146385601632,0.615,2.72244512212,0.3530881823745782,0.899753086419753,3.30584231668,0.7692994225985919,0.725,3.79047445675,0.514209483859781,0.880929517956596,3.77679709166,0.7863869478801391,0.9175000000000001,2.55346959128,0.8755739136629778
1,630,1.0,nan,0.0,0.7725000000000001,3.09946602141,0.7309307606981043,0.74,3.3595810698,0.5203298243603354,0.6375000000000001,3.33435106722,0.2785823348735612,0.5575,2.36065098925,0.20473042525627055,0.7629629629629631,2.72292528865,0.2753633027483105,0.68,3.97244034523,0.33829503756961476,0.9405031688112151,1.5602993112,0.9471574313676715,0.6875,1.86794799683,0.16864432930425644
1,658,1.0,nan,0.0,0.63,2.54901868079,0.26236323856848914,0.59,1.75277120886,0.08624063844548871,0.54,1.24224424296,0.06066679147312176,0.47750000000000004,1.17372027848,0.06037104431805376,0.65679012345679,1.21692717376,0.0624853063589151,0.5775,1.28654728341,0.06033359999767149,0.656270405223737,0.721256456338,0.09719880841903245,0.665,1.80051343417,0.12723246776961708
1,659,1.0,nan,0.0,0.62,2.37893136278,0.2377254993070334,0.645,2.95103888255,0.21783304665290149,0.5925,2.27362020986,0.1509667241262366,0.47750000000000004,1.17372027848,0.06037104431805376,0.622222222222222,0.688166684689,0.02987612354637532,0.6125,2.17702301803,0.11975126973485677,0.531745726906087,0.270446972018,0.04815410723186193,0.65,1.69213804029,0.10095530020138628
1,716,1.0,nan,0.0,0.8025,2.48193060289,0.8149839210883092,0.8325,3.16740367067,0.8348840630377778,0.715,4.03314431575,0.5619184997613802,0.645,2.77346352064,0.43565861155521757,0.819259259259259,3.78487102162,0.4576782540207186,0.7225,3.80042643545,0.5047211898986715,0.7945073938928361,4.12190625369,0.4145306340001741,0.735,2.15974422803,0.2618999082031354
1,767,1.0,nan,0.0,0.7325,3.5720046154,0.5957331854828672,0.7000000000000001,3.18681230366,0.3909589214540571,0.6625,3.57203572343,0.36554163877500856,0.5975,2.65956490894,0.305948065047848,0.9007407407407401,3.27938977356,0.7725514068582353,0.6950000000000001,3.96463866588,0.3979980935130365,0.7599385442673321,3.27091705196,0.2856627602234913,0.8725,3.77502236292,0.7308259394148209
1,839,0.0,nan,0.0,0.735,3.55886486664,0.6046472656971827,0.845,3.64034198011,0.8774829042044598,0.7875000000000001,2.84762118201,0.8417360637882172,0.7275,2.68845485362,0.6639024296745321,1.0,0.810326638862,0.9652124426315977,0.8150000000000001,2.71578011879,0.8295691430353413,0.782024198194737,3.85967833392,0.36465040014600636,0.925,2.30995838408,0.893812622331476
1,858,1.0,nan,0.0,0.5675,1.57511123231,0.13473613907313348,0.65,3.01970206173,0.23276447413318052,0.635,3.29232760263,0.27029825842908867,0.5525,2.30563826456,0.19306306228722955,0.631604938271604,0.819627325564,0.036940491129217115,0.61,2.09928591142,0.11440633259139232,0.7714614941425001,3.59484440022,0.3252493614022947,0.6475000000000001,1.66749796555,0.09675535470470308
1,864,1.0,nan,0.0,0.75,3.43129357455,0.6571761931708983,0.71,3.18713599226,0.4228121108045335,0.6375000000000001,3.33435106722,0.2785823348735612,0.5625,2.41168714767,0.21666294169212968,0.899753086419753,3.30584231668,0.7692994225985919,0.6900000000000001,3.98218596113,0.3781261599269746,0.8713654695602071,4.032077154,0.7490025251654724,0.919999999999999,2.47247921842,0.8818564168286899
1,922,0.0,nan,0.0,0.4525,0.448574126423,0.026217275428837644,0.5750000000000001,1.40566132446,0.06258303832461033,0.595,2.33582886748,0.15672830527792495,0.454999999999999,0.836065623926,0.03784706564006665,0.5837037037037031,0.290715133777,0.011789737497447193,0.605,1.95047963432,0.10428569641333091,0.9174188592279621,2.44610964335,0.9011276873602214,0.6825,1.85847506309,0.15932779252316442
1,930,0.0,nan,0.0,0.7125,3.59205539508,0.5238422927243692,0.7925000000000001,3.52421667855,0.7064706468111128,0.75,4.11826733949,0.7077466404487099,0.685,2.78415827856,0.5469964684086646,0.750123456790123,2.53914101043,0.24160938157455206,0.78,3.53636761579,0.7186917977522755,0.56024582293067,0.295821493774,0.05620725008109521,0.885,3.50579114186,0.7764075589149244
1,995,0.0,nan,0.0,0.7875000000000001,2.80731335231,0.7752864692833734,0.5325,0.616967990153,0.020801091410815004,0.51,0.779623173083,0.030487140177438917,0.52,1.86278723228,0.12496438484348063,0.7664197530864191,2.77714292968,0.2848689548577189,0.5775,1.28654728341,0.06033359999767149,0.8674860764355671,4.12008853798,0.7331868042163197,0.65,1.69213804029,0.10095530020138628
1,996,1.0,nan,0.0,0.625,2.46367295322,0.24983169197636318,0.6375000000000001,2.82842412079,0.19614605931045137,0.6000000000000001,2.46315105613,0.16872433846961754,0.5325,2.04859866032,0.14942718432644939,0.8390123456790121,4.03863770363,0.5352708126873772,0.65,3.43883371554,0.22518843208012795,0.8703668139043591,4.0556167601,0.7449640639493865,0.725,2.04000214906,0.24093481325951574
1,1119,1.0,nan,0.0,0.5,0.815229258317,0.05568685915384394,0.58,1.51854775103,0.06989220857808608,0.545,1.3246540378,0.06708337868784263,0.5075000000000001,1.66401186948,0.10291165750178329,0.8874074074074071,3.61350052037,0.7265384622192377,0.6000000000000001,1.81084064585,0.09488623006401299,0.8574227002112541,4.30450118735,0.6907432851176439,0.7325,2.12601093814,0.2565432455436759
1,1128,0.0,nan,0.0,0.8700000000000001,1.10380186138,0.9334108875894875,0.6775,3.20000515369,0.31901962468841294,0.6925,3.73605617595,0.4747114351831907,0.6025,2.68094005793,0.3193005736937081,0.7935802469135801,3.27834548652,0.366825487752521,0.7425,3.75784645294,0.580181517239844,0.858882273862108,4.2817247848,0.6970095639114814,0.7725000000000001,2.92608445636,0.35596063275136347
1,1186,1.0,nan,0.0,0.5750000000000001,1.67821847124,0.14693358933858897,0.6625,3.14180453946,0.2713484117636481,0.6175,2.914380337,0.21580231688171536,0.65,2.77772277619,0.4495369413418782,0.712592592592592,2.06868026883,0.15518132826752706,0.7225,3.80042643545,0.5047211898986715,0.7987708853466481,4.19711553107,0.43226741545914726,0.67,1.82301602114,0.13629376076336724
1,1356,1.0,nan,0.0,0.79,2.75481095486,0.7822393068050412,0.8125,3.15188701241,0.7735099852811104,0.774999999999999,3.37997690674,0.8027673757886644,0.73,2.6765477801,0.670608863411264,0.8316049382716041,3.96709288656,0.5055998517213247,0.7575000000000001,3.73310370536,0.6364124511435127,0.704513155367774,1.62402800383,0.15100141252652607,0.925,2.30995838408,0.893812622331476
1,1357,1.0,nan,0.0,0.76,3.30261971509,0.6908730201013035,0.8075000000000001,3.25643689991,0.7574918602010736,0.78,3.1726859899,0.819153655740586,0.72,2.71915144937,0.6436193156347823,0.6083950617283951,0.51798481027,0.02157167257531544,0.8025,3.06326774017,0.7934116015891175,0.283887075091223,0.0712818419062,0.006532323825547357,0.835,4.05878111377,0.5812821783269431
1,1386,1.0,nan,0.0,0.5825,1.78541131683,0.159919635403398,0.7425,3.38442641035,0.528759669637487,0.7025,3.85420352418,0.5126326596887831,0.6525000000000001,2.77953560132,0.4564835566189066,0.866666666666666,3.98051195174,0.6473851965357518,0.6975,3.95200920127,0.4078943463773349,0.694680238140964,1.38401545879,0.13623479961568657,0.8600000000000001,3.96344095548,0.6823694059887625
1,1404,1.0,nan,0.0,0.75,3.43129357455,0.6571761931708983,0.7875000000000001,3.57811141832,0.6887064870468239,0.6725,3.61038220849,0.4014590268746994,0.77,2.35909864502,0.7721316962109313,0.575802469135802,0.237937276048,0.009707133897289132,0.6725,3.91330827064,0.3086926871387625,0.41317457269060803,0.171250365666,0.021822806324013334,0.75,2.41417643743,0.29609597194360493
1,1500,1.0,nan,0.0,0.6875,3.42099292446,0.43576868387677303,0.5825,1.5761479941,0.07376042836783146,0.5675,1.72454686871,0.101274642121273,0.387499999999999,0.196661650849,0.006387561649164981,0.8859259259259251,3.64685347079,0.7211603111415542,0.73,3.77527289125,0.5331213054940703,0.9097753024774341,2.75140302808,0.8812619561196398,0.9375,1.90818219966,0.92016306513782
1,1501,1.0,nan,0.0,0.55,1.34994033498,0.10917276772376103,0.6025,2.05480704069,0.11003263294773628,0.505,0.709522752224,0.02676539422173402,0.4,0.270346097268,0.009287583761702023,0.775308641975308,2.92703623688,0.31020955286067137,0.6425000000000001,3.2016300281,0.20027000866563205,0.8521605531015941,4.37543569773,0.6678980730857731,0.9450000000000001,1.67630061631,0.933598863402705
1,1511,0.0,nan,0.0,0.6075,2.17157039089,0.20929272402976343,0.54,0.73063040664,0.02584724112548419,0.52,0.926988787841,0.039013021280214846,0.5925,2.63507455869,0.29271011767164223,0.724444444444444,2.21787606402,0.1805911012529954,0.6125,2.17702301803,0.11975126973485677,0.8636450931438441,4.19801464342,0.7172089963734538,0.8700000000000001,3.81961240266,0.7213319575765376
1,1556,0.0,nan,0.0,0.705,3.56186988414,0.49700284022496755,0.705,3.1844880607,0.40688550094896436,0.6625,3.57203572343,0.36554163877500856,0.6525000000000001,2.77953560132,0.4564835566189066,0.675555555555555,1.52593163438,0.08823065357295728,0.675,3.93852844793,0.31850866134707356,0.788745918955252,4.00834834091,0.3911030989347627,0.7825000000000001,3.17513639732,0.3864662795958768
1,1630,1.0,nan,0.0,0.8525,1.40910579597,0.9114961854720462,0.6825,3.20281070387,0.33502927746067457,0.6325000000000001,3.24687508513,0.26212355590976755,0.6075,2.69945424261,0.33275269668446944,0.6335802469135801,0.848741101653,0.038588186414326354,0.6525000000000001,3.51116024657,0.2338767416779931,0.888611484540042,3.53566561888,0.8144930143686584,0.64,1.58222000074,0.08455842697753307
1,1667,1.0,nan,0.0,0.75,3.43129357455,0.6571761931708983,0.6175,2.41256491196,0.14356041986293513,0.6625,3.57203572343,0.36554163877500856,0.49,1.37645387426,0.07630294597282763,0.902222222222222,3.23932108661,0.7773801373257523,0.68,3.97244034523,0.33829503756961476,0.660072978682542,0.767928323561,0.10002897571892497,0.8,3.5854968226,0.44571021211114537
1,1680,0.0,nan,0.0,0.784999999999999,2.85889148883,0.7682035102721905,0.7275,3.25449667987,0.4790322522934908,0.6950000000000001,3.7620967787,0.48408359846551724,0.6975,2.77284538962,0.5817383466915234,0.875061728395061,3.86032761213,0.6803276031447684,0.7925000000000001,3.30451818259,0.7615375835925453,0.8974841559439211,3.22394788783,0.8445041923072447,0.8700000000000001,3.81961240266,0.7213319575765376
1,1725,0.0,nan,0.0,0.615,2.29509417773,0.22604086826341727,0.6475000000000001,2.98674318214,0.22525583778990826,0.6000000000000001,2.46315105613,0.16872433846961754,0.625,2.7455902491,0.3804347753856613,0.760987654320987,2.69292066846,0.2700144331566239,0.685,3.98601827895,0.35819911739696736,0.84251968503937,4.4606484555,0.62525838712824,0.7425,2.27611354301,0.2785202925940563
1,1764,1.0,nan,0.0,0.7725000000000001,3.09946602141,0.7309307606981043,0.7425,3.38442641035,0.528759669637487,0.67,3.60115004188,0.3924446793020594,0.645,2.77346352064,0.43565861155521757,0.880987654320987,3.75110743688,0.7028891724201716,0.7075,3.88808966261,0.44710588035945775,0.7307470712502401,2.37467767488,0.2031664611580154,0.857499999999999,3.99033052288,0.6724264128760247
1,1770,1.0,nan,0.0,0.635,2.63461739573,0.275322303293887,0.64,2.87176454483,0.20327178716633754,0.5775,1.9277247241,0.11951891582766275,0.5525,2.30563826456,0.19306306228722955,0.722962962962963,2.19962096076,0.1773188716935193,0.6025,1.87950961097,0.09949869018612664,0.785327443825619,3.9348266282,0.37752506453167556,0.835,4.05878111377,0.5812821783269431
1,1799,1.0,nan,0.0,0.8250000000000001,1.97726973393,0.8651389807694461,0.885,0.932542254268,0.9805364928187748,0.8400000000000001,1.09017168377,0.9388528123019317,0.8500000000000001,1.24606187122,0.9179819608094009,0.7614814814814811,2.70035706054,0.27134610491320266,0.81,2.859077092,0.8156301916377904,0.434415210293835,0.189943413118,0.025658771488762496,0.8,3.5854968226,0.44571021211114537
1,1872,1.0,nan,0.0,0.6075,2.17157039089,0.20929272402976343,0.6475000000000001,2.98674318214,0.22525583778990826,0.6075,2.65826310247,0.18792815364345233,0.52,1.86278723228,0.12496438484348063,0.7866666666666661,3.13977876557,0.3446422992203135,0.66,3.70171204052,0.26095161181547455,0.683272517764547,1.14116988925,0.12186894403998694,0.9475,1.60135382538,0.9376956574109951
1,1927,1.0,nan,0.0,0.5,0.815229258317,0.05568685915384394,0.5775,1.4616987667,0.06616706341654553,0.5775,1.9277247241,0.11951891582766275,0.52,1.86278723228,0.12496438484348063,0.8172839506172841,3.75006341188,0.45023613695892445,0.66,3.70171204052,0.26095161181547455,0.814518916842711,4.40424376888,0.5001457260898214,0.8400000000000001,4.07087399339,0.6016127727829818
1,1996,1.0,nan,0.0,0.62,2.37893136278,0.2377254993070334,0.495,0.221578994507,0.005950551056286787,0.525,1.00357924053,0.04383873850037585,0.6000000000000001,2.67062636019,0.31261096322310844,0.7866666666666661,3.13977876557,0.3446422992203135,0.67,3.88238154943,0.29894687758591637,0.8560015363933161,4.32538176048,0.6846108950290961,0.7325,2.12601093814,0.2565432455436759
1,1997,0.0,nan,0.0,0.7775000000000001,3.00708800302,0.7461994968013457,0.685,3.20212527029,0.3430356905532768,0.6625,3.57203572343,0.36554163877500856,0.59,2.62158677742,0.2861391135317792,0.493827160493827,0.030550469812,0.0016709549147718534,0.6900000000000001,3.98218596113,0.3781261599269746,0.8905703860188201,3.46963003679,0.8213546364630021,0.67,1.82301602114,0.13629376076336724
1,2335,1.0,nan,0.0,0.75,3.43129357455,0.6571761931708983,0.64,2.87176454483,0.20327178716633754,0.5825,2.0374338599,0.12942944404798026,0.485,1.29461513329,0.06962557337197875,0.884444444444444,3.67928355661,0.715733426193822,0.675,3.93852844793,0.31850866134707356,0.9059343191857111,2.90261425704,0.8704027191179379,0.6900000000000001,1.87245992617,0.1733198342038197
1,2465,0.0,nan,0.0,-0.25,5.07552508931e-12,8.445592933514474e-14,0.6675,3.17099483046,0.28713487894095724,0.7775000000000001,3.27771829287,0.811090142508467,0.555,2.33363660423,0.19886235950472528,0.8153086419753081,3.71407092548,0.4428639688647763,0.7225,3.80042643545,0.5047211898986715,0.937007874015748,1.68593859196,0.9414853839117098,0.7225,2.01626953377,0.23586497334211343
1,2605,0.0,nan,0.0,-0.25,5.07552508931e-12,8.445592933514474e-14,0.339999999999999,8.92163532153e-05,1.2240299645411625e-06,0.3025,0.000117880657964,1.6808219692446886e-06,0.355,0.0770396329368,0.0021844060708805296,0.803456790123456,3.48095496018,0.4002041474637698,0.339999999999999,0.000120860210721,1.7378692929929792e-06,0.8767428461686191,3.89504832671,0.7703237755617429,0.59,0.76049466731,0.025104362826732427
1,2876,1.0,nan,0.0,0.6075,2.17157039089,0.20929272402976343,0.8174999999999991,3.06473710324,0.7890392543242767,0.794999999999999,2.52093150297,0.8618641187522501,0.889999999999999,0.749572907661,0.9574301636303033,0.886913580246913,3.62471786087,0.7247512437604009,0.8400000000000001,1.98392650824,0.8882698200532926,0.602458229306702,0.369508416775,0.069982338519976,0.9550000000000001,1.38516305347,0.9488865004507865
1,2877,0.0,nan,0.0,0.6875,3.42099292446,0.43576868387677303,0.6725,3.18996528931,0.3030413020069769,0.75,4.11826733949,0.7077466404487099,0.635,2.76202004407,0.40797763863904324,0.845432098765432,4.07264292394,0.5613217021148165,0.635,2.94454096835,0.1772137035394671,0.748454004225081,2.92396951372,0.2500736081489823,0.8075000000000001,3.73576585827,0.4731778612817601
1,2958,1.0,nan,0.0,0.6825,3.36504592758,0.4188010165233798,0.5325,0.616967990153,0.020801091410815004,0.59,2.21258200462,0.1453592279305493,0.7475,2.567656822,0.7165625051952078,0.9797530864197531,1.185653762,0.9451618700461185,0.65,3.43883371554,0.22518843208012795,0.8905703860188201,3.46963003679,0.8213546364630021,0.8775000000000001,3.67621399378,0.7494592494547723
1,4771,0.0,nan,0.0,0.6025,2.09099114908,0.19863695476656928,0.705,3.1844880607,0.40688550094896436,0.635,3.29232760263,0.27029825842908867,0.5175000000000001,1.82387064692,0.12035595897904164,0.79753086419753,3.35924716396,0.37993654063951693,0.705,3.90506361653,0.43736441675049725,0.7637795275590551,3.38225001851,0.2984410581457186,0.8975000000000001,3.17197903387,0.8182011452827358
1,4778,0.0,nan,0.0,0.7875000000000001,2.80731335231,0.7752864692833734,0.774999999999999,3.6276044006,0.6435485664326263,0.7125,3.9971625844,0.5518804431939462,0.6575000000000001,2.78256810022,0.4703891395047698,0.941234567901234,2.13043623247,0.8821501133635273,0.6875,3.98606202507,0.3681650824382385,0.594814672556174,0.349586634337,0.06723684351437306,0.9400000000000001,1.82984100156,0.9248353989326648
1,4801,0.0,nan,0.0,0.7075,3.57409855057,0.5059232435779513,0.64,2.87176454483,0.20327178716633754,0.625,3.09182797841,0.2383369792888286,0.6725,2.78695863778,0.5121697054840383,0.8103703703703701,3.61981941732,0.424753354569251,0.735,3.765643238,0.5519715517448863,0.8214326867678121,4.45737600499,0.5307932706177525,0.764999999999999,2.74362788747,0.3347038267552039
1,4805,1.0,nan,0.0,0.7675000000000001,3.18583732286,0.715214850249067,0.8400000000000001,3.46188305408,0.8596960361793977,0.74,4.21558836748,0.665976094425726,0.6975,2.77284538962,0.5817383466915234,0.940246913580246,2.15778054605,0.8800324847580396,0.7725000000000001,3.63226694382,0.6917887859933083,0.7753024774342231,3.6951915722,0.33925119926978436,0.9125000000000001,2.71404977883,0.862404143731381
1,4819,1.0,nan,0.0,0.6025,2.09099114908,0.19863695476656928,0.715,3.19640577743,0.4387679259798736,0.6725,3.61038220849,0.4014590268746994,0.56,2.38667042341,0.2106647852352581,0.884444444444444,3.67928355661,0.715733426193822,0.6725,3.91330827064,0.3086926871387625,0.8751680430190121,3.93694653533,0.764156661338915,0.7225,2.01626953377,0.23586497334211343
1,4977,0.0,nan,0.0,0.64,2.72006654323,0.28870916607199126,0.685,3.20212527029,0.3430356905532768,0.725,4.15836550341,0.6029103687042182,0.705,2.76048936267,0.6024913511149386,0.7970370370370371,3.34909962061,0.3782801589696361,0.71,3.87122464579,0.4568049571559972,0.7945073938928361,4.12190625369,0.4145306340001741,0.8500000000000001,4.04819280635,0.6422603433510738
1,5024,0.0,nan,0.0,0.67,3.20106724592,0.37773017493292244,0.7625000000000001,3.57490159352,0.5984451479325443,0.6525000000000001,3.5125373859,0.3300894723352125,0.495,1.45879929116,0.08339095737133931,0.9032098765432091,3.2123666176,0.7805661712145242,0.7000000000000001,3.93752058769,0.41775659039970475,0.9289802189360471,1.98858341544,0.9267481736024685,0.7425,2.27611354301,0.2785202925940563
1,5041,1.0,nan,0.0,0.75,3.43129357455,0.6571761931708983,0.47750000000000004,0.123105953178,0.0030007772993451915,0.454999999999999,0.203040554979,0.005553411580892207,0.36250000000000004,0.0970058171108,0.002834666152218545,0.8246913580246911,3.87335297088,0.47848354566873164,0.41000000000000003,0.00708645448527,0.0001311280698281505,0.7061647781832141,1.6669429873,0.1537190359281448,0.6375000000000001,1.55015585971,0.08064259342326095
1,5303,0.0,nan,0.0,0.25,0.00758833087234,0.00026917166990954495,0.5,0.258651238543,0.00714931649434053,0.47250000000000003,0.335984398252,0.010200297600090115,0.6950000000000001,2.77595225597,0.5748022521144635,0.78716049382716,3.14949379336,0.3461952046740607,0.75,3.75035879281,0.6083401652892021,0.865603994622623,4.15942787997,0.7253950935836155,0.8600000000000001,3.96344095548,0.6823694059887625
1,5309,1.0,nan,0.0,0.6950000000000001,3.49256410483,0.46170428907940647,0.6950000000000001,3.19206905513,0.3750124765179307,0.6900000000000001,3.71258085708,0.4654011773543789,0.585,2.59199063699,0.27310368607271246,0.9041975308641971,3.18523260163,0.7837254937588682,0.6975,3.95200920127,0.4078943463773349,0.8444785865181481,4.44794139918,0.633984290118041,0.7675000000000001,2.80359035605,0.34163763439036277
1,5385,1.0,nan,0.0,0.7625000000000001,3.26550382487,0.6990835652700396,0.6000000000000001,1.99409525242,0.10497150138225414,0.5875,2.1528244582,0.13990274599620395,0.5075000000000001,1.66401186948,0.10291165750178329,0.9446913580246911,2.03566475606,0.8893503504167877,0.6075,2.02374917925,0.10925300548211946,0.9020933358939881,3.05099817589,0.8589677916756515,0.8425,4.07108115696,0.6117910317713926
