n_clusters,cluster,bathAverage,bathScore,chargeScore,description,distance,distanceScore,equipmentAverage,equipmentScore,hotelMiddleCharge,id,kinnennScore,locationAverage,locationScore,mealAverage,mealScore,name,nearestStation,roomAverage,roomScore,serviceAverage,serviceScore,tag,url
3,1,3.13,0.5325,0.821394276935,■2014年春、全室リニューアル済！■Wi-Fi利用可■池袋駅から徒歩6分の好立地！,0.555,0.755061728395,3.52,0.63,6301.0,192,1.0,3.98,0.745,3.67,0.6675,アークホテル東京池袋（ルートインホテルズ）旧：アークホテル東京,池袋,3.71,0.6775,3.64,0.66,true2,http://img.travel.rakuten.co.jp/image/tr/api/hs/dQ4dX/?f_no=192
3,0,3.23,0.5575,0.87136546956,ＪＲ蒲田駅西口徒歩５分！毎朝4:00発から６便！羽田空港へ送りバス有（予約定員制）全館Ｗｉ-Ｆｉ完備,0.443,0.81037037037,3.55,0.6375,5000.0,223,0.0,3.42,0.605,3.33,0.5825,アーヴェストホテル（蒲田駅西口）,蒲田,3.42,0.605,3.71,0.6775,true3,http://img.travel.rakuten.co.jp/image/tr/api/hs/dQ4dX/?f_no=223
3,0,3.18,0.545,0.882888419435,羽田空港までモノレールで20分★観光・ビジネスにアクセス抜群！！ 全室無料Wi-F完備！,0.625,0.72049382716,3.54,0.635,4700.0,398,0.0,3.44,0.61,4.39,0.8475,チサンホテル浜松町,浜松町,3.53,0.6325,3.64,0.66,true0,http://img.travel.rakuten.co.jp/image/tr/api/hs/dQ4dX/?f_no=398
3,1,4.46,0.865,0.786863837142,美人の湯、熱の湯特徴を持った蒲田黒湯温泉で癒しののひととき。全室LANポート設置。羽田送客プランも有,0.174,0.943209876543,3.74,0.685,7200.0,568,1.0,4.78,0.945,3.27,0.5675,ホテル末広＜東京都＞,蒲田,3.65,0.6625,4.19,0.7975,true2,http://img.travel.rakuten.co.jp/image/tr/api/hs/dQ4dX/?f_no=568
3,1,3.94,0.735,0.765700019205,【東京スカイツリー(R)フレンドシップホテル】粋な町・浅草らしさでおもてなし。,0.168,0.946172839506,4.02,0.755,7751.0,570,1.0,4.51,0.8775,4.43,0.8575,浅草ビューホテル,浅草,4.45,0.8625,4.13,0.7825,true3,http://img.travel.rakuten.co.jp/image/tr/api/hs/dQ4dX/?f_no=570
3,0,3.46,0.615,0.880929517957,池袋駅東口徒歩2分と絶好のロケーション。全室LAN接続無料。館内24時間営業のコンビニあり。,0.262,0.89975308642,3.75,0.6875,4751.0,610,0.0,4.67,0.9175,4.29,0.8225,第一イン池袋,池袋,4.13,0.7825,3.9,0.725,true0,http://img.travel.rakuten.co.jp/image/tr/api/hs/dQ4dX/?f_no=610
3,0,3.58,0.645,0.794507393893,ビジネスや観光の拠点として幅広くご利用いただけます。ご宿泊頂きましたお客様に朝食バイキングサービス,0.425,0.819259259259,3.86,0.715,7001.0,716,0.0,3.94,0.735,4.21,0.8025,アートホテルズ浜松町,浜松町,4.33,0.8325,3.89,0.7225,true2,http://img.travel.rakuten.co.jp/image/tr/api/hs/dQ4dX/?f_no=716
3,1,3.91,0.7275,0.782024198195,JR山手線大塚駅南口より徒歩１分！駐車場完備！車派も電車派も◎ワンランク上のウェディングスホテル！,0.059,1.0,4.15,0.7875,7326.0,839,1.0,4.7,0.925,3.94,0.735,ホテル　ベルクラシック東京,大塚（東京）,4.38,0.845,4.26,0.815,true0,http://img.travel.rakuten.co.jp/image/tr/api/hs/dQ4dX/?f_no=839
3,1,2.82,0.455,0.917418859228,都内各所に交通至便。ビジネス、観光ともに最適なホテルです。,0.902,0.583703703704,3.38,0.595,3801.0,922,1.0,3.73,0.6825,2.81,0.4525,センターホテル東京,東京,3.3,0.575,3.42,0.605,true2,http://img.travel.rakuten.co.jp/image/tr/api/hs/dQ4dX/?f_no=922
3,1,3.08,0.52,0.867486076436,池袋駅西口に近く、けやき並木の中に建ち、安価で清潔。シングルルームには、テンピュールの枕を使用,0.532,0.766419753086,3.04,0.51,5101.0,995,1.0,3.6,0.65,4.15,0.7875,ホテルニュースター池袋,池袋,3.13,0.5325,3.31,0.5775,true3,http://img.travel.rakuten.co.jp/image/tr/api/hs/dQ4dX/?f_no=995
3,0,3.13,0.5325,0.870366813904,東京メトロ副都心線池袋駅から徒歩１分で交通至便。シングルルームには、テンピュールの枕を使用。,0.385,0.839012345679,3.4,0.6,5026.0,996,0.0,3.9,0.725,3.5,0.625,ホテルスタープラザ池袋,池袋,3.55,0.6375,3.6,0.65,true0,http://img.travel.rakuten.co.jp/image/tr/api/hs/dQ4dX/?f_no=996
3,1,3.41,0.6025,0.858882273862,【池袋東口5分！サンシャイン60近く】新鮮野菜と手作り料理の朝食が自慢。wifiルータ貸し出し中♪,0.477,0.793580246914,3.77,0.6925,5325.0,1128,1.0,4.09,0.7725,4.48,0.87,ホテルグランドシティ,池袋,3.71,0.6775,3.97,0.7425,true2,http://img.travel.rakuten.co.jp/image/tr/api/hs/dQ4dX/?f_no=1128
3,0,3.6,0.65,0.798770885347,都会に息づく静寂の趣きゆったりとくつろげる和風旅館,0.641,0.712592592593,3.47,0.6175,6890.0,1186,0.0,3.68,0.67,3.3,0.575,ホテル江戸屋,御茶ノ水,3.65,0.6625,3.89,0.7225,true3,http://img.travel.rakuten.co.jp/image/tr/api/hs/dQ4dX/?f_no=1186
3,0,2.55,0.3875,0.909775302477,上野駅正面に位置し、交通至便。全室無料Wi－Fi接続。空調は個別温度調整可能。,0.29,0.885925925926,3.27,0.5675,4000.0,1500,0.0,4.75,0.9375,3.75,0.6875,ツーリストホテル,上野,3.33,0.5825,3.92,0.73,true0,http://img.travel.rakuten.co.jp/image/tr/api/hs/dQ4dX/?f_no=1500
3,1,3.37,0.5925,0.863645093144,浅草駅から徒歩１分！観光、ビジネスに好立地。最上階の男性展望風呂から隅田川を一望。,0.617,0.724444444444,3.08,0.52,5201.0,1511,1.0,4.48,0.87,3.43,0.6075,ホテルニュー魚眠荘,浅草,3.16,0.54,3.45,0.6125,true2,http://img.travel.rakuten.co.jp/image/tr/api/hs/dQ4dX/?f_no=1511
3,1,3.61,0.6525,0.788745918955,全室地デジ液晶TV設置!旅先がオフィスに、マイルームに変身!,0.716,0.675555555556,3.65,0.6625,7151.0,1556,1.0,4.13,0.7825,3.82,0.705,ホテル・パークサイド＜東京／上野＞,上野,3.82,0.705,3.7,0.675,true3,http://img.travel.rakuten.co.jp/image/tr/api/hs/dQ4dX/?f_no=1556
3,0,3.43,0.6075,0.88861148454,JR新宿駅東口から徒歩８分。広々お部屋　全室セミダブルベッド　ゆったりバスタブ。門限なし。,0.801,0.633580246914,3.53,0.6325,4551.0,1630,0.0,3.56,0.64,4.41,0.8525,政府登録ホテル白川郷,新宿,3.73,0.6825,3.61,0.6525,true0,http://img.travel.rakuten.co.jp/image/tr/api/hs/dQ4dX/?f_no=1630
3,1,3.5,0.625,0.842519685039,駅チカ 都心にありながら自然のやすらぎに恵まれたホテル（JR東日本ホテルズ）,0.543,0.760987654321,3.4,0.6,5751.0,1725,1.0,3.97,0.7425,3.46,0.615,シーサイドホテル芝弥生＜ＪＲ東日本ホテルズ＞,浜松町,3.59,0.6475,3.74,0.685,true2,http://img.travel.rakuten.co.jp/image/tr/api/hs/dQ4dX/?f_no=1725
3,0,3.21,0.5525,0.785327443826,渋谷駅から徒歩7分　コンビニはすぐ隣　☆ビジネスはもちろんショッピングに♪,0.62,0.722962962963,3.31,0.5775,7240.0,1770,0.0,4.34,0.835,3.54,0.635,渋谷東武ホテル,渋谷,3.56,0.64,3.41,0.6025,true3,http://img.travel.rakuten.co.jp/image/tr/api/hs/dQ4dX/?f_no=1770
3,0,3.08,0.52,0.814518916843,羽田空港や東京駅へのアクセスに最高の立地です。全室インターネット無料（光回線）利用可能,0.429,0.817283950617,3.31,0.5775,6480.0,1927,0.0,4.36,0.84,3.0,0.5,芝大門ホテル,浜松町,3.31,0.5775,3.64,0.66,true0,http://img.travel.rakuten.co.jp/image/tr/api/hs/dQ4dX/?f_no=1927
3,0,3.4,0.6,0.856001536393,アットホームで比較的静かな落ち着いた雰囲気のホテル,0.491,0.786666666667,3.1,0.525,5400.0,1996,0.0,3.93,0.7325,3.48,0.62,ビジネスホテル　山陽会館,渋谷,2.98,0.495,3.68,0.67,true3,http://img.travel.rakuten.co.jp/image/tr/api/hs/dQ4dX/?f_no=1996
3,1,3.36,0.59,0.890570386019,西新宿超高層ビル群に隣接。中央公園に面し閑静な環境　都内各所へアクセス至便,1.084,0.493827160494,3.65,0.6625,4500.0,1997,1.0,3.68,0.67,4.11,0.7775,新宿ニューシティホテル,新宿,3.74,0.685,3.76,0.69,true0,http://img.travel.rakuten.co.jp/image/tr/api/hs/dQ4dX/?f_no=1997
3,2,3.22,0.555,0.937007874016,全室ルームシアター無料！◇全室バス・トイレ完備◇ベッドはデュベスタイルで衛生です。,0.433,0.815308641975,4.11,0.7775,3291.0,2465,1.0,3.89,0.7225,0.0,-0.25,ビジネスホテル　サンパレス＜東京都＞,南千住,3.67,0.6675,3.89,0.7225,true2,http://img.travel.rakuten.co.jp/image/tr/api/hs/dQ4dX/?f_no=2465
3,1,3.54,0.635,0.748454004225,◆阪急阪神第一ホテルグループ◆ 都会の隠れ家をコンセプト、銀座・新橋にも近くて便利。,0.372,0.845432098765,4.0,0.75,8200.0,2877,1.0,4.23,0.8075,3.75,0.6875,第一ホテルアネックス,新橋,3.69,0.6725,3.54,0.635,true3,http://img.travel.rakuten.co.jp/image/tr/api/hs/dQ4dX/?f_no=2877
3,0,3.99,0.7475,0.890570386019,ＪＲ神田駅（東京駅隣）から徒歩１分。男女大浴場完備。インターネット接続無料（全室有線・無線ＬＡＮ),0.1,0.97975308642,3.36,0.59,4500.0,2958,0.0,4.51,0.8775,3.73,0.6825,セントラルホテル＜東京都＞,神田（東京）,3.13,0.5325,3.6,0.65,true0,http://img.travel.rakuten.co.jp/image/tr/api/hs/dQ4dX/?f_no=2958
3,0,3.79,0.6975,0.775302477434,地上43階の超高層ホテル★JR水道橋駅地下鉄4線の駅から徒歩1～6分と抜群のロケーション♪,0.18,0.94024691358,3.96,0.74,7501.0,4805,0.0,4.65,0.9125,4.07,0.7675,東京ドームホテル,水道橋,4.36,0.84,4.09,0.7725,true2,http://img.travel.rakuten.co.jp/image/tr/api/hs/dQ4dX/?f_no=4805
3,0,3.24,0.56,0.875168043019,楽天トラベルアワード受賞記念プラン、クオカードプランなど嬉しい特典付きプランが人気☆駅から3分♪,0.293,0.884444444444,3.69,0.6725,4901.0,4819,0.0,3.89,0.7225,3.41,0.6025,アーバイン東京・羽田　蒲田,蒲田,3.86,0.715,3.69,0.6725,true3,http://img.travel.rakuten.co.jp/image/tr/api/hs/dQ4dX/?f_no=4819
3,1,3.82,0.705,0.794507393893,ＪＲ上野駅より徒歩3分！上野公園上野動物園徒歩でいけます。,0.47,0.797037037037,3.9,0.725,7001.0,4977,1.0,4.4,0.85,3.56,0.64,ホテル　丸谷,上野,3.74,0.685,3.84,0.71,true0,http://img.travel.rakuten.co.jp/image/tr/api/hs/dQ4dX/?f_no=4977
3,1,3.78,0.695,0.865603994623,東京ドームに至近。都心に残る、閑静な和風の宿です。,0.49,0.787160493827,2.89,0.4725,5150.0,5303,1.0,4.44,0.86,2.0,0.25,朝陽館　本家,水道橋,3.0,0.5,4.0,0.75,true2,http://img.travel.rakuten.co.jp/image/tr/api/hs/dQ4dX/?f_no=5303
3,0,3.34,0.585,0.844478586518,ＪＲ神田駅（東京駅隣）北口か西口から３分・バス・トイレ・アメニティー・ドライヤー・光回線・空冷蔵庫,0.253,0.904197530864,3.76,0.69,5700.0,5309,0.0,4.07,0.7675,3.78,0.695,グランドセントラルホテル＜東京都＞,神田（東京）,3.78,0.695,3.79,0.6975,true3,http://img.travel.rakuten.co.jp/image/tr/api/hs/dQ4dX/?f_no=5309
3,0,3.03,0.5075,0.902093335894,羽田空港、都内へのアクセス良好！ＪＲ蒲田駅東口より徒歩１分の好立地,0.171,0.944691358025,3.35,0.5875,4200.0,5385,0.0,4.37,0.8425,4.05,0.7625,グランパークホテル　パネックス東京,蒲田,3.4,0.6,3.43,0.6075,true0,http://img.travel.rakuten.co.jp/image/tr/api/hs/dQ4dX/?f_no=5385
3,0,2.86,0.465,0.87136546956,池袋駅徒歩7分！羽根布団使用。全館WiFi接続OK高速ＬＡＮ回線完備。,0.583,0.741234567901,2.89,0.4725,5000.0,7055,0.0,3.55,0.6375,4.23,0.8075,ホテル　オーエド＜HOTEL　OHEDO＞,池袋,3.27,0.5675,3.16,0.54,true2,http://img.travel.rakuten.co.jp/image/tr/api/hs/dQ4dX/?f_no=7055
3,0,3.41,0.6025,0.863683502977,神田明神近くに在り、都心にありながら閑静な環境を誇ります。,0.289,0.886419753086,3.45,0.6125,5200.0,7341,0.0,4.07,0.7675,3.0,0.5,坂のホテル　トレティオ　お茶の水,御茶ノ水,4.02,0.755,3.8,0.7,true3,http://img.travel.rakuten.co.jp/image/tr/api/hs/dQ4dX/?f_no=7341
3,1,3.08,0.52,0.813750720184,皆様のご利用をお待ちしております。,0.249,0.906172839506,3.18,0.545,6500.0,7342,1.0,4.39,0.8475,3.36,0.59,神田ステーションホテル,神田（東京）,3.24,0.56,3.35,0.5875,true0,http://img.travel.rakuten.co.jp/image/tr/api/hs/dQ4dX/?f_no=7342
3,1,4.38,0.845,0.85596312656,JR神田駅（東京駅隣）から徒歩２分。男女サウナ付大浴場完備。ネット接続無料（全室有線・無線ＬＡＮ),0.144,0.958024691358,3.69,0.6725,5401.0,7588,1.0,4.26,0.815,3.41,0.6025,ニューセントラルホテル＜東京都＞,神田（東京）,3.47,0.6175,3.78,0.695,true2,http://img.travel.rakuten.co.jp/image/tr/api/hs/dQ4dX/?f_no=7588
3,1,3.13,0.5325,0.8646437488,◆池袋駅北口前！３０秒！ ◆これ以上無い、ベストロケーション・ベストアクセスホテル。 （２０a出口）,0.169,0.945679012346,3.25,0.5625,5175.0,7599,1.0,4.8,0.95,4.0,0.75,ホテルサンシティ池袋,池袋,3.27,0.5675,3.4,0.6,true3,http://img.travel.rakuten.co.jp/image/tr/api/hs/dQ4dX/?f_no=7599
3,1,3.15,0.5375,0.885730747071,池袋駅東口徒歩8分≪女性用アメニティ無料配布中≫【近隣にコンビニ、２４時間スーパーあり】,0.724,0.671604938272,3.57,0.6425,4626.0,7903,1.0,3.56,0.64,4.0,0.75,ホテルウィングインターナショナル池袋,池袋,3.58,0.645,3.72,0.68,true0,http://img.travel.rakuten.co.jp/image/tr/api/hs/dQ4dX/?f_no=7903
3,0,4.0,0.75,0.783022853851,JR御茶ノ水駅徒歩２分、JR秋葉原駅まで徒歩６分、東京ドーム・日本武道館も至近の好立地！,0.282,0.88987654321,4.13,0.7825,7300.0,8290,0.0,4.32,0.83,4.57,0.8925,お茶の水ホテルジュラク,御茶ノ水,4.33,0.8325,4.08,0.77,true2,http://img.travel.rakuten.co.jp/image/tr/api/hs/dQ4dX/?f_no=8290
3,0,3.37,0.5925,0.890531976186,全館ｗｉｆｉシステム完備、２４時間見放題ＶＯＤ導入！東京スカイツリーまで至近！,1.515,0.280987654321,3.42,0.605,4501.0,9191,0.0,3.73,0.6825,3.33,0.5825,セルメスイン日本橋,東京,3.52,0.63,3.74,0.685,true3,http://img.travel.rakuten.co.jp/image/tr/api/hs/dQ4dX/?f_no=9191
3,1,3.7,0.675,0.870674092568,ＪＲ上野駅入谷出口より徒歩1分!朝はパンと飲み物をサービス！全室高速インターネット接続！,0.223,0.919012345679,3.5,0.625,5018.0,9518,1.0,4.4,0.85,4.0,0.75,サットンプレイスホテル上野,上野,3.9,0.725,3.8,0.7,true0,http://img.travel.rakuten.co.jp/image/tr/api/hs/dQ4dX/?f_no=9518
3,1,3.2,0.55,0.86556558479,渋谷から1駅！池尻大橋駅徒歩3分♪駅近便利！※門限有り(24時30分),1.587,0.245432098765,3.31,0.5775,5151.0,11140,1.0,4.13,0.7825,3.11,0.5275,大橋会館,渋谷,3.53,0.6325,3.79,0.6975,true2,http://img.travel.rakuten.co.jp/image/tr/api/hs/dQ4dX/?f_no=11140
3,1,3.45,0.6125,0.775686575763,新宿駅西口徒歩３分、高速バスターミナルより徒歩3分　空港リムジンバス乗り場より徒歩5分　,0.403,0.83012345679,3.69,0.6725,7491.0,11230,1.0,4.59,0.8975,3.73,0.6825,かどやホテル＜東京都＞,新宿,3.78,0.695,3.96,0.74,true3,http://img.travel.rakuten.co.jp/image/tr/api/hs/dQ4dX/?f_no=11230
3,0,3.25,0.5625,0.802189360476,リーズナブルな料金で清潔感のある客室をご提供。,0.271,0.895308641975,3.59,0.6475,6801.0,12534,0.0,3.94,0.735,3.76,0.69,ビジネスホテル　オーク・イン３　蒲田東口,蒲田,3.61,0.6525,3.66,0.665,true0,http://img.travel.rakuten.co.jp/image/tr/api/hs/dQ4dX/?f_no=12534
3,0,3.6,0.65,0.769541002497,都内主要地へ行くにも交通便利。絶好のロケーション。,0.323,0.86962962963,3.79,0.6975,7651.0,15878,0.0,4.2,0.8,3.77,0.6925,ホテル東京ガーデンパレス,御茶ノ水,3.81,0.7025,4.0,0.75,true2,http://img.travel.rakuten.co.jp/image/tr/api/hs/dQ4dX/?f_no=15878
3,1,3.39,0.5975,0.880929517957,新宿歌舞伎町のビジネスホテル★期間限定割引実施中★,0.739,0.664197530864,3.77,0.6925,4751.0,16373,1.0,3.8,0.7,3.67,0.6675,ホテル　シェーナ,新宿,3.6,0.65,3.77,0.6925,true3,http://img.travel.rakuten.co.jp/image/tr/api/hs/dQ4dX/?f_no=16373
3,2,2.71,0.4275,0.925100825811,1泊のホテル利用から長期滞在まで。サンシャインシティは徒歩圏内。東京ドームへは2駅4分。,0.094,0.982716049383,3.54,0.635,3601.0,17703,1.0,3.38,0.595,1.0,0.0,ホテルマイステイズ東池袋,大塚（東京）,4.04,0.76,3.42,0.605,true0,http://img.travel.rakuten.co.jp/image/tr/api/hs/dQ4dX/?f_no=17703
3,1,2.96,0.49,0.878663337814,池袋駅徒歩５分♪朝食無料♪１階にミニスーパーまいばすけっと有り♪,0.56,0.752592592593,3.61,0.6525,4810.0,17979,1.0,3.71,0.6775,3.85,0.7125,スーパーホテルＩｎｎ池袋駅北口（旧　スーパーホテルＣｉｔｙ池袋北口）,池袋,3.73,0.6825,3.93,0.7325,true2,http://img.travel.rakuten.co.jp/image/tr/api/hs/dQ4dX/?f_no=17979
3,0,3.25,0.5625,0.827539850202,最新型VOD導入。全室インターネット回線接続可能。朝食フリーサービス。,0.065,0.997037037037,3.35,0.5875,6141.0,18166,0.0,4.53,0.8825,3.45,0.6125,Ｒ＆Ｂホテル大塚駅北口,大塚（東京）,3.65,0.6625,3.56,0.64,true3,http://img.travel.rakuten.co.jp/image/tr/api/hs/dQ4dX/?f_no=18166
3,1,4.08,0.77,0.9107355483,JR蒲田駅東口から徒歩１分！羽田空港行きシャトルバス乗り場も徒歩1分です。！,0.135,0.962469135802,4.14,0.785,3975.0,18246,1.0,4.49,0.8725,4.1,0.775,アーヴェストホテル蒲田（東口）,蒲田,4.12,0.78,4.01,0.7525,true0,http://img.travel.rakuten.co.jp/image/tr/api/hs/dQ4dX/?f_no=18246
3,1,3.51,0.6275,0.779181870559,東京駅より１駅＆秋葉原までも徒歩10分♪コンビニ近隣にあります！サンキュープランがおススメです★,0.16,0.95012345679,3.71,0.6775,7400.0,18270,1.0,4.17,0.7925,3.58,0.645,京王プレッソイン神田,神田（東京）,4.06,0.765,3.97,0.7425,true2,http://img.travel.rakuten.co.jp/image/tr/api/hs/dQ4dX/?f_no=18270
3,0,3.91,0.7275,0.764739773382,☆全客室禁煙☆全客室にWifi無料完備♪新宿駅南口から徒歩3分！空港リムジンバスも発着！,0.356,0.853333333333,3.98,0.745,7776.0,18297,0.0,4.41,0.8525,4.0,0.75,ホテルサンルートプラザ新宿,新宿,4.01,0.7525,3.98,0.745,true3,http://img.travel.rakuten.co.jp/image/tr/api/hs/dQ4dX/?f_no=18297
3,1,2.93,0.4825,0.938966775495,夫婦で40年夫婦善哉風に経営してきました。3丁目の夕日の映画のようなレトロな和室です。　　　,0.486,0.789135802469,2.93,0.4825,3240.0,18312,1.0,4.61,0.9025,5.0,1.0,一富士旅館＜東京都＞,浅草,3.11,0.5275,3.61,0.6525,true0,http://img.travel.rakuten.co.jp/image/tr/api/hs/dQ4dX/?f_no=18312
3,1,3.08,0.52,0.812944113693,池袋のランドマーク,0.757,0.655308641975,3.31,0.5775,6521.0,18392,1.0,3.9,0.725,3.31,0.5775,サンシャインシティプリンスホテル,池袋,3.38,0.595,3.39,0.5975,true2,http://img.travel.rakuten.co.jp/image/tr/api/hs/dQ4dX/?f_no=18392
3,1,3.75,0.6875,0.859804109852,浅草駅より徒歩３分。優雅さと気品に満ちたルーム。本館男性大浴場サウナあり。,0.316,0.873086419753,3.83,0.7075,5301.0,18476,1.0,4.57,0.8925,4.0,0.75,浅草セントラルホテル,浅草,3.92,0.73,4.14,0.785,true3,http://img.travel.rakuten.co.jp/image/tr/api/hs/dQ4dX/?f_no=18476
3,0,3.35,0.5875,0.869829076244,『渋谷駅』から徒歩7分と抜群の立地!!客室は落ち着いた内装となっております。,0.604,0.730864197531,3.77,0.6925,5040.0,18739,0.0,4.39,0.8475,3.75,0.6875,渋谷シティホテル,渋谷,4.02,0.755,3.98,0.745,true0,http://img.travel.rakuten.co.jp/image/tr/api/hs/dQ4dX/?f_no=18739
3,0,3.67,0.6675,0.850240061456,泊まり心地にこだわった隠れ家のようなホテルです！３種類の焼立てパンと飲み物の軽朝食が無料！,0.505,0.77975308642,3.81,0.7025,5550.0,27972,0.0,4.31,0.8275,3.67,0.6675,京王プレッソイン池袋,池袋,4.11,0.7775,4.01,0.7525,true2,http://img.travel.rakuten.co.jp/image/tr/api/hs/dQ4dX/?f_no=27972
3,1,3.35,0.5875,0.773036297292,ＪＲ新宿駅から徒歩１分のベストロケーション。ビジネスやレジャーの拠点として最適の空間です。,0.169,0.945679012346,3.72,0.68,7560.0,28466,1.0,4.83,0.9575,3.44,0.61,セントラルホテル東京,新宿,3.72,0.68,3.66,0.665,true3,http://img.travel.rakuten.co.jp/image/tr/api/hs/dQ4dX/?f_no=28466
3,1,3.44,0.61,0.839446898406,JR新橋駅徒歩２分。銀座・汐留各方面アクセス抜群！清潔さ・安らぎ・合理化による低価格をご提供します。,0.189,0.935802469136,3.5,0.625,5831.0,28484,1.0,4.44,0.86,3.42,0.605,チェックイン新橋,新橋,3.27,0.5675,3.55,0.6375,true0,http://img.travel.rakuten.co.jp/image/tr/api/hs/dQ4dX/?f_no=28484
3,1,2.84,0.46,0.909775302477,☆★2014年4月1日リブランドオープン★☆全館でWi-Fiがご利用頂けます(無料）,0.494,0.785185185185,3.48,0.62,4000.0,28894,1.0,3.82,0.705,3.0,0.5,ホテルマイステイズ上野　入谷口,上野,3.68,0.67,3.59,0.6475,true2,http://img.travel.rakuten.co.jp/image/tr/api/hs/dQ4dX/?f_no=28894
3,1,3.33,0.5825,0.859804109852,上野駅より徒歩４分！無線ＬＡＮ（ＷｉＦｉ）全室対応！！ビジネスにも観光にもご利用下さい！！！,0.383,0.84,3.54,0.635,5301.0,29183,1.0,4.29,0.8225,3.33,0.5825,ホテル　ニューパーク,上野,3.59,0.6475,3.76,0.69,true3,http://img.travel.rakuten.co.jp/image/tr/api/hs/dQ4dX/?f_no=29183
3,1,2.8,0.45,0.862684847321,上野駅から徒歩５分。アメ横、上野動物園にも近い。ディスニーランドへも電車で３０分圏内です！,0.419,0.822222222222,3.28,0.57,5226.0,29184,1.0,4.1,0.775,3.15,0.5375,ホテルサンターガス　上野店,上野,3.29,0.5725,3.48,0.62,true0,http://img.travel.rakuten.co.jp/image/tr/api/hs/dQ4dX/?f_no=29184
3,1,3.35,0.5875,0.848281159977,渋谷駅から徒歩5分。小さいけれど小粋な、パリっとしたプチホテル☆青山大学まで1本道で徒歩5分,0.404,0.82962962963,3.72,0.68,5601.0,29764,1.0,4.1,0.775,3.4,0.6,サクラ・フルール　青山,渋谷,3.89,0.7225,3.97,0.7425,true2,http://img.travel.rakuten.co.jp/image/tr/api/hs/dQ4dX/?f_no=29764
3,0,3.33,0.5825,0.919377760707,２０１２年５月１８日リニューアルオープン！浅草寺すぐ！ビジネス・観光拠点に！女性専用フロアあり,0.421,0.821234567901,3.48,0.62,3750.0,30094,0.0,3.52,0.63,3.5,0.625,浅草ホテル　和草(旧　ホテル栃木屋本店）,浅草,3.25,0.5625,3.7,0.675,true3,http://img.travel.rakuten.co.jp/image/tr/api/hs/dQ4dX/?f_no=30094
3,1,3.33,0.5825,0.793777607067,お嬢様御一人でも御安心なお宿,0.337,0.862716049383,3.23,0.5575,7020.0,31557,1.0,4.71,0.9275,5.0,1.0,景雲荘,新宿,4.17,0.7925,3.9,0.725,true0,http://img.travel.rakuten.co.jp/image/tr/api/hs/dQ4dX/?f_no=31557
3,0,4.06,0.765,0.928980218936,ビジネス・観光に　駅チカ!!24時間OPEN!! 便利・安心・快適・**大浴場完備**,0.459,0.802469135802,3.96,0.74,3500.0,38608,0.0,4.15,0.7875,4.0,0.75,ホテル丸忠　ＣＥＮＴＲＯ（チェントロ）　（旧：ホテル丸忠）,南千住,3.68,0.67,3.91,0.7275,true2,http://img.travel.rakuten.co.jp/image/tr/api/hs/dQ4dX/?f_no=38608
3,0,4.47,0.8675,0.856577683887,◆無料送迎実施中！東京ドームシティまで徒歩３分★朝食はうれしいバイキング！◆布団・枕　羽毛,0.44,0.811851851852,4.01,0.7525,5385.0,38649,0.0,4.03,0.7575,4.29,0.8225,炭酸泉人工温泉　楽楽の湯　ドーミーイン水道橋,水道橋,4.12,0.78,4.17,0.7925,true3,http://img.travel.rakuten.co.jp/image/tr/api/hs/dQ4dX/?f_no=38649
3,0,3.0,0.5,0.909775302477,女性のビジネス出張も安心して宿泊。２人でも割安広めのベッドで低料金長期割引も有ります,0.734,0.666666666667,3.23,0.5575,4000.0,39144,0.0,3.62,0.655,3.67,0.6675,ニューホテルバンドン,浅草,3.52,0.63,3.57,0.6425,true0,http://img.travel.rakuten.co.jp/image/tr/api/hs/dQ4dX/?f_no=39144
3,1,3.21,0.5525,0.852160553102,全室有線ＬＡＮインターネット接続無料。全室ビデオ・ＤＶＤデッキを完備。２４時間フロント対応。,0.315,0.873580246914,3.89,0.7225,5500.0,39495,1.0,4.0,0.75,3.64,0.66,ミヤビイン蒲田,蒲田,3.76,0.69,4.06,0.765,true2,http://img.travel.rakuten.co.jp/image/tr/api/hs/dQ4dX/?f_no=39495
3,2,2.88,0.47,0.894372959478,雷門の真横！スカイツリーを一望。下町情緒を満喫できる浅草観光に最適な和風宿。,0.458,0.802962962963,3.47,0.6175,4401.0,39581,1.0,4.83,0.9575,0.0,-0.25,ホテル　雷門,浅草,3.67,0.6675,3.94,0.735,true3,http://img.travel.rakuten.co.jp/image/tr/api/hs/dQ4dX/?f_no=39581
3,1,3.29,0.5725,0.853696946418,ＪＲ上野駅の浅草口を出て左へ徒歩１分。ビジネス・観光等に最適です。全室ウォッシュレット完備。,0.132,0.963950617284,3.72,0.68,5460.0,40799,1.0,4.82,0.955,4.0,0.75,ホテル　ニューウエノ,上野,3.49,0.6225,3.94,0.735,true0,http://img.travel.rakuten.co.jp/image/tr/api/hs/dQ4dX/?f_no=40799
3,1,4.24,0.81,0.820741309775,浅草駅から徒歩５分・東京スカイツリーまで徒歩9分！当館は家庭的なご奉仕をモットーとする和風旅館です。,0.981,0.544691358025,3.97,0.7425,6318.0,41615,1.0,4.51,0.8775,4.87,0.9675,つるや旅館＜東京都＞,浅草,4.39,0.8475,4.68,0.92,true2,http://img.travel.rakuten.co.jp/image/tr/api/hs/dQ4dX/?f_no=41615
3,1,3.74,0.685,0.784943345496,広めのお部屋で全客室に洗濯乾燥機、電子レンジもあって長期滞在に便利。別館は２分程離れた所にあります。,0.479,0.792592592593,3.94,0.735,7250.0,41703,1.0,4.08,0.77,3.79,0.6975,東急ステイ渋谷新南口,渋谷,4.15,0.7875,3.77,0.6925,true3,http://img.travel.rakuten.co.jp/image/tr/api/hs/dQ4dX/?f_no=41703
3,1,3.04,0.51,0.784904935664,客室にミニキッチン・電子レンジ・洗濯機・乾燥機を完備。連泊の際に大変便利です。,0.768,0.64987654321,3.58,0.645,7251.0,41708,1.0,3.66,0.665,3.71,0.6775,東急ステイ渋谷　（道玄坂上）,渋谷,3.94,0.735,3.69,0.6725,true0,http://img.travel.rakuten.co.jp/image/tr/api/hs/dQ4dX/?f_no=41708
3,1,4.07,0.7675,0.934741693874,ビジネスから旅行まで幅広く使える簡易ホテル。無線・有線ＬＡＮ環境及びコイン式インターネット設置。,0.655,0.705679012346,4.27,0.8175,3350.0,43759,1.0,3.79,0.6975,4.0,0.75,ホテル　ヒカリ,南千住,4.0,0.75,4.45,0.8625,true2,http://img.travel.rakuten.co.jp/image/tr/api/hs/dQ4dX/?f_no=43759
3,2,3.13,0.5325,0.902093335894,窮屈なビジネスホテルが多い中、ゆったりとしたお部屋で快適にお過ごし頂けるホテルです。駅からも近い。,0.147,0.956543209877,3.05,0.5125,4200.0,44059,0.0,4.29,0.8225,0.0,-0.25,大塚シティホテル,大塚（東京）,3.42,0.605,3.63,0.6575,true3,http://img.travel.rakuten.co.jp/image/tr/api/hs/dQ4dX/?f_no=44059
3,0,3.29,0.5725,0.827539850202,■最新型ＶＯＤ・液晶ＴＶ完備■焼きたてパンと香り高いコーヒー＆オレンジジュースの朝食無料サービス！,0.268,0.896790123457,3.26,0.565,6141.0,50830,0.0,4.24,0.81,3.55,0.6375,Ｒ＆Ｂホテル　蒲田東口,蒲田,3.64,0.66,3.62,0.655,true0,http://img.travel.rakuten.co.jp/image/tr/api/hs/dQ4dX/?f_no=50830
3,0,3.24,0.56,0.927021317457,全室32型ワイド液晶TVにモデルチェンジ、Ｗｉ－Ｆｉ無料 、光フィバー有線ＬＡＮ完備！,0.362,0.85037037037,3.4,0.6,3551.0,51734,0.0,3.91,0.7275,3.24,0.56,ホテルビスタ蒲田東京,蒲田,3.89,0.7225,3.73,0.6825,true2,http://img.travel.rakuten.co.jp/image/tr/api/hs/dQ4dX/?f_no=51734
3,0,4.78,0.945,0.868945650086,JR蒲田駅西口徒歩1分。靴を脱いでゆったりと過ごす源泉掛け流し天然温泉が味わえる、客室付き温浴施設。,0.156,0.952098765432,4.08,0.77,5063.0,54491,0.0,4.61,0.9025,3.82,0.705,ＳＰＡ＆ＨＯＴＥＬ　和,蒲田,4.19,0.7975,4.11,0.7775,true3,http://img.travel.rakuten.co.jp/image/tr/api/hs/dQ4dX/?f_no=54491
3,1,3.25,0.5625,0.945265988093,大塚駅より徒歩２分と交通至便。リーズナブルな料金でビジネス出張に好適。,0.155,0.952592592593,3.34,0.585,3076.0,54885,1.0,4.4,0.85,3.5,0.625,ホテルサンターガス大塚店,大塚（東京）,3.2,0.55,3.72,0.68,true0,http://img.travel.rakuten.co.jp/image/tr/api/hs/dQ4dX/?f_no=54885
3,1,3.87,0.7175,0.928980218936,禁煙・喫煙をフロアー毎にわけております。門限を１時で設定しております。,0.512,0.776296296296,3.72,0.68,3500.0,56975,1.0,4.2,0.8,3.4,0.6,ホテルＮＥＯ東京,南千住,3.93,0.7325,3.79,0.6975,true2,http://img.travel.rakuten.co.jp/image/tr/api/hs/dQ4dX/?f_no=56975
3,0,4.04,0.76,0.830036489341,全室に洗濯乾燥機・電子レンジを完備！連泊に便利なホテルです。,0.302,0.88,4.26,0.815,6076.0,67160,0.0,4.45,0.8625,3.72,0.68,東急ステイ水道橋,水道橋,4.4,0.85,4.1,0.775,true3,http://img.travel.rakuten.co.jp/image/tr/api/hs/dQ4dX/?f_no=67160
3,1,3.65,0.6625,0.932821202228,お部屋は狭いかもしれませんが、必要な物を取り揃え、コンパクトにまとめてさせて頂いております♪,0.648,0.709135802469,3.71,0.6775,3400.0,67299,1.0,3.18,0.545,3.0,0.5,ホテル丸忠　ＣＬＡＳＳＩＣＯ,南千住,3.73,0.6825,3.71,0.6775,true0,http://img.travel.rakuten.co.jp/image/tr/api/hs/dQ4dX/?f_no=67299
3,1,4.0,0.75,0.786863837142,JR・東京モノレール浜松町駅徒歩約6分★羽田空港からアクセス軽快！★東京タワーまで徒歩圏内,0.464,0.8,4.06,0.765,7200.0,67905,1.0,4.38,0.845,3.67,0.6675,ホテルコンソレイユ　芝・東京（リッチモンドホテルズ提携ホテル）,浜松町,4.2,0.8,4.19,0.7975,true2,http://img.travel.rakuten.co.jp/image/tr/api/hs/dQ4dX/?f_no=67905
3,1,3.66,0.665,0.802189360476,新橋駅烏森口から徒歩3分。ビジネス・銀座やお台場観光の拠点として最適。,0.27,0.895802469136,3.78,0.695,6801.0,68565,1.0,4.43,0.8575,3.31,0.5775,ホテルサンルート新橋,新橋,4.03,0.7575,3.87,0.7175,true3,http://img.travel.rakuten.co.jp/image/tr/api/hs/dQ4dX/?f_no=68565
3,0,3.48,0.62,0.889994238525,クチコミ件数が物語るコストパフォーマンス！蒲田駅西口徒歩約３分！羽田空港へのアクセスも便利,0.295,0.883456790123,3.74,0.685,4515.0,68688,0.0,4.23,0.8075,4.16,0.79,スーパーホテル東京・ＪＲ蒲田西口,蒲田,4.21,0.8025,4.12,0.78,true0,http://img.travel.rakuten.co.jp/image/tr/api/hs/dQ4dX/?f_no=68688
3,2,3.15,0.5375,0.91165738429,当ホテルは、全館禁煙・非喫煙者専用ホテル　ＪＲ上野駅より徒歩３分　ビジネス観光に最高です,0.473,0.795555555556,3.32,0.58,3951.0,70225,1.0,4.22,0.805,0.0,-0.25,ノンスモーカーズホテル（旧：キューブホテル　上野・御徒町）,上野,3.56,0.64,3.37,0.5925,true2,http://img.travel.rakuten.co.jp/image/tr/api/hs/dQ4dX/?f_no=70225
3,1,3.18,0.545,0.955252544651,本館1階にコインランドリーがオープンしました(24時間営業)。,0.405,0.829135802469,2.9,0.475,2816.0,70358,1.0,4.0,0.75,3.13,0.5325,サクラホテル池袋,池袋,2.92,0.48,3.17,0.5425,true3,http://img.travel.rakuten.co.jp/image/tr/api/hs/dQ4dX/?f_no=70358
3,1,3.2,0.55,0.904974073363,3/24リニューアル!ビジネスはもちろん、浅草上野の観光や今話題の「秋葉原」へも、つくばTX線で２駅,0.498,0.783209876543,3.41,0.6025,4125.0,70659,1.0,3.26,0.565,3.11,0.5275,東横イン浅草千束つくばエクスプレス,浅草,3.74,0.685,3.78,0.695,true0,http://img.travel.rakuten.co.jp/image/tr/api/hs/dQ4dX/?f_no=70659
3,0,2.46,0.365,0.890570386019,アクセス抜群で行動派のあなたにぴったりなホテル。お財布に嬉しいリーズナブルな料金設定！,0.33,0.866172839506,2.44,0.36,4500.0,70749,0.0,3.63,0.6575,3.6,0.65,池袋セントラルホテル,池袋,2.56,0.39,2.56,0.39,true2,http://img.travel.rakuten.co.jp/image/tr/api/hs/dQ4dX/?f_no=70749
3,0,3.11,0.5275,0.889302861533,【蒲田駅徒歩５分】★軽朝食付き★全室高速ＬＡＮ完備★地デジ BSデジタル無料★VOD１泊/５００円,0.447,0.808395061728,3.18,0.545,4533.0,70793,0.0,3.45,0.6125,2.57,0.3925,東横イン蒲田１,蒲田,3.36,0.59,3.64,0.66,true3,http://img.travel.rakuten.co.jp/image/tr/api/hs/dQ4dX/?f_no=70793
3,0,3.38,0.595,0.900134434415,◆ビジネスやレジャーに便利な新橋駅より徒歩約５分の好立地◆,0.466,0.799012345679,3.76,0.69,4251.0,70852,0.0,3.79,0.6975,3.37,0.5925,スーパーホテル新橋・烏森口,新橋,3.82,0.705,3.79,0.6975,true0,http://img.travel.rakuten.co.jp/image/tr/api/hs/dQ4dX/?f_no=70852
3,0,4.63,0.9075,0.822969080085,平成２１年６月新装オープン。大浴場、サウナあり。洋室の他、和室、露天風呂付など客室１０タイプ。,0.485,0.78962962963,4.32,0.83,6260.0,74604,0.0,4.22,0.805,4.18,0.795,お茶の水ホテル昇龍館,御茶ノ水,4.31,0.8275,4.65,0.9125,true2,http://img.travel.rakuten.co.jp/image/tr/api/hs/dQ4dX/?f_no=74604
3,0,3.62,0.655,0.82527367006,ＪＲ浜松町駅、ゆりかもめ日の出駅近く！羽田空港、東京都心へのアクセスに大変便利です！,0.526,0.769382716049,3.23,0.5575,6200.0,74635,0.0,3.42,0.605,2.53,0.3825,くれたけインプレミアム浜松町,浜松町,3.7,0.675,3.15,0.5375,true3,http://img.travel.rakuten.co.jp/image/tr/api/hs/dQ4dX/?f_no=74635
3,1,3.5,0.625,0.856001536393,【全館禁煙】建築デザインにこだわった、外国人宿泊も多いエコノミーホテルです。都心へアクセス至便！,0.909,0.58024691358,3.8,0.7,5400.0,74688,1.0,3.0,0.5,4.0,0.75,カンガルーホテル,南千住,4.0,0.75,4.1,0.775,true0,http://img.travel.rakuten.co.jp/image/tr/api/hs/dQ4dX/?f_no=74688
3,0,3.08,0.52,0.936662185519,浅草随一の安さ！つくばエクスプレス浅草駅徒歩5分。観光、ビジネスにアクセス◎浅草寺・場外馬券場至近♪,0.291,0.885432098765,3.04,0.51,3300.0,76409,0.0,3.87,0.7175,2.0,0.25,ホテルニュー栃木屋,浅草,3.13,0.5325,3.31,0.5775,true2,http://img.travel.rakuten.co.jp/image/tr/api/hs/dQ4dX/?f_no=76409
3,1,4.31,0.8275,0.786863837142,★西鉄イン蒲田★アートさえ感じる、快適な宿泊空間！,0.267,0.897283950617,3.91,0.7275,7200.0,79262,1.0,4.36,0.84,3.64,0.66,西鉄イン蒲田,蒲田,4.26,0.815,4.03,0.7575,true3,http://img.travel.rakuten.co.jp/image/tr/api/hs/dQ4dX/?f_no=79262
3,1,2.65,0.4125,0.921759170348,ＪＲ水道橋駅徒歩５分。古書店街や東京ドーム徒歩圏。全館無線ＬＡＮ。韓国・洋食の朝食２００円。,0.487,0.788641975309,3.06,0.515,3688.0,79313,1.0,4.06,0.765,3.8,0.7,ＹＭＣＡアジア青少年センター,水道橋,3.24,0.56,3.47,0.6175,true0,http://img.travel.rakuten.co.jp/image/tr/api/hs/dQ4dX/?f_no=79313
3,1,3.39,0.5975,0.84831956981,同チェーンで女性客比率№１ホテル！池袋駅構内Ｃ１出口を出て後ろを振り返るとすぐ♪,0.422,0.820740740741,3.83,0.7075,5600.0,80513,1.0,4.3,0.825,4.04,0.76,スーパーホテル　ＪＲ池袋西口,池袋,4.04,0.76,4.13,0.7825,true2,http://img.travel.rakuten.co.jp/image/tr/api/hs/dQ4dX/?f_no=80513
3,1,3.79,0.6975,0.869406568081,東京スカイツリー（R）眺望の客室あり☆「大人のくつろぎ」と「安らかなひととき」を演出します。,0.104,0.977777777778,4.11,0.7775,5051.0,80619,1.0,4.26,0.815,4.05,0.7625,ホテル京阪浅草,浅草,4.3,0.825,4.08,0.77,true3,http://img.travel.rakuten.co.jp/image/tr/api/hs/dQ4dX/?f_no=80619
3,0,4.38,0.845,0.854042634915,アクセス充実。新宿・渋谷・池袋といったメジャースポットへもアクセス便利な、歌舞伎町の先にたたずむ隠れ家的ホテル。,0.835,0.616790123457,3.67,0.6675,5451.0,80759,0.0,3.42,0.605,3.23,0.5575,ヴィラフォンテーヌ新宿,新宿,4.13,0.7825,3.67,0.6675,true0,http://img.travel.rakuten.co.jp/image/tr/api/hs/dQ4dX/?f_no=80759
3,0,3.82,0.705,0.95970808527,２００９年８月改装オープン！★PC、モバイルから明月までの道案内をご覧いただけるようになりました★,0.427,0.818271604938,3.94,0.735,2700.0,80873,0.0,3.53,0.6325,3.0,0.5,ホテル明月,南千住,3.83,0.7075,4.11,0.7775,true2,http://img.travel.rakuten.co.jp/image/tr/api/hs/dQ4dX/?f_no=80873
3,0,4.0,0.75,0.844478586518,２０１０年４月開業！全室洗濯乾燥機付きのホテル。夜洗って朝着られる快適なステイをお楽しみ下さい,0.412,0.825679012346,4.17,0.7925,5700.0,84558,0.0,4.11,0.7775,3.51,0.6275,東急ステイ池袋,池袋,4.35,0.8375,4.11,0.7775,true3,http://img.travel.rakuten.co.jp/image/tr/api/hs/dQ4dX/?f_no=84558
3,0,2.63,0.4075,0.850240061456,ＪＲ水道橋駅東口前で交通便利。和室もあり家族連れやご年配の方にも好評。東京ドーム後楽園ゆうえんちの真前です。,0.227,0.917037037037,2.6,0.4,5550.0,104560,0.0,4.4,0.85,3.06,0.515,ホテルサトー・東京,水道橋,2.92,0.48,2.94,0.485,true0,http://img.travel.rakuten.co.jp/image/tr/api/hs/dQ4dX/?f_no=104560
3,2,2.88,0.47,0.858075667371,ＪＲ蒲田東口徒歩５分、京急蒲田西口徒歩８分。羽田空港、横浜、ＴＤＬ、お台場、どこへ行くにも便利。,0.301,0.88049382716,3.29,0.5725,5346.0,104599,1.0,3.75,0.6875,0.0,-0.25,ビジネスホテル新力　４号館,蒲田,3.38,0.595,3.44,0.61,true2,http://img.travel.rakuten.co.jp/image/tr/api/hs/dQ4dX/?f_no=104599
3,0,3.27,0.5675,0.882081812944,アメ横に近く食事や買物に便利。スカイライナーで成田空港へ４４分、海外旅行の前泊や後泊にもご利用下さい,0.419,0.822222222222,3.53,0.6325,4721.0,104824,0.0,4.5,0.875,3.0,0.5,きぬや本館,上野,3.4,0.6,3.47,0.6175,true3,http://img.travel.rakuten.co.jp/image/tr/api/hs/dQ4dX/?f_no=104824
3,1,3.4,0.6,0.833877472633,3名・4名1室でも泊まれる西新宿の隠れ家的なホテルです。和洋バイキングが大人気♪,0.891,0.589135802469,3.72,0.68,5976.0,107778,1.0,3.74,0.685,4.12,0.78,サンメンバーズ東京新宿,新宿,3.87,0.7175,3.95,0.7375,true0,http://img.travel.rakuten.co.jp/image/tr/api/hs/dQ4dX/?f_no=107778
3,0,3.92,0.73,0.876742846169,神田駅西口より徒歩２分の好立地に２０１０年１月オープン！室内はバスとトイレが別のデザイナーズ設計。,0.297,0.882469135802,2.94,0.485,4860.0,108143,0.0,3.89,0.7225,3.25,0.5625,ホテルメイン神田,神田（東京）,3.78,0.695,3.5,0.625,true2,http://img.travel.rakuten.co.jp/image/tr/api/hs/dQ4dX/?f_no=108143
3,0,2.55,0.3875,0.826963702708,品川１０分、横浜２０分とアクセス抜群です。ビジネスやレジャーの拠点としてご利用ください。,0.369,0.846913580247,3.14,0.535,6156.0,108336,0.0,3.23,0.5575,2.67,0.4175,東横イン蒲田２,蒲田,3.24,0.56,3.38,0.595,true3,http://img.travel.rakuten.co.jp/image/tr/api/hs/dQ4dX/?f_no=108336
3,1,3.08,0.52,0.809756097561,便利な山手線大塚駅北口徒歩3分！都心へのアクセス抜群！アットホームな大塚駅北口Ⅰ,0.157,0.951604938272,3.33,0.5825,6604.0,108341,1.0,4.23,0.8075,3.38,0.595,東横イン大塚駅北口１,大塚（東京）,3.08,0.52,3.38,0.595,true0,http://img.travel.rakuten.co.jp/image/tr/api/hs/dQ4dX/?f_no=108341
3,1,3.4,0.6,0.840637603226,何処へ行くにも便利なホテルです。明るく元気に皆様をお迎え致します,0.425,0.819259259259,3.19,0.5475,5800.0,108388,1.0,3.76,0.69,3.32,0.58,東横イン池袋北口２,池袋,3.56,0.64,3.35,0.5875,true2,http://img.travel.rakuten.co.jp/image/tr/api/hs/dQ4dX/?f_no=108388
3,1,3.83,0.7075,0.874323026695,ＪＲ品川駅から12分！京急羽田空港から10分！都内、横浜へのアクセス良好。,0.2,0.93037037037,3.47,0.6175,4923.0,108411,1.0,4.5,0.875,3.06,0.515,東横イン蒲田東口,蒲田,3.63,0.6575,3.68,0.67,true3,http://img.travel.rakuten.co.jp/image/tr/api/hs/dQ4dX/?f_no=108411
3,1,3.96,0.74,0.836489341271,山手線池袋駅北口から徒歩4分！とても便利な立地です。繁華街近ですが、とても静かな環境です。,0.449,0.807407407407,3.84,0.71,5908.0,108416,1.0,4.22,0.805,3.85,0.7125,東横イン池袋北口１,池袋,4.27,0.8175,4.22,0.805,true0,http://img.travel.rakuten.co.jp/image/tr/api/hs/dQ4dX/?f_no=108416
3,0,2.76,0.44,0.945265988093,２０１０年８月リブランドオープン。浅草雷門、仲見世、水上バス乗り場も徒歩圏内。全客室シモンズ製のベッドを採用。,0.958,0.556049382716,3.03,0.5075,3076.0,108652,0.0,3.1,0.525,3.25,0.5625,スマイルホテル浅草,浅草,3.57,0.6425,3.26,0.565,true2,http://img.travel.rakuten.co.jp/image/tr/api/hs/dQ4dX/?f_no=108652
3,1,3.0,0.5,0.813750720184,新宿駅に近い割には閑静な立地のエコノミーで清潔なビジネスホテルです。,0.703,0.681975308642,3.11,0.5275,6500.0,109008,1.0,3.78,0.695,3.38,0.595,ビジネスホテル新宿タウンホテル,新宿,3.13,0.5325,3.52,0.63,true3,http://img.travel.rakuten.co.jp/image/tr/api/hs/dQ4dX/?f_no=109008
3,1,3.84,0.71,0.787785673132,★Wi-Fi無料サービス開始★羽田空港・都心・横浜へアクセス抜群★観光、ビジネスの拠点に！★,0.367,0.847901234568,4.05,0.7625,7176.0,109067,1.0,4.2,0.8,4.0,0.75,京急ＥＸイン　蒲田,蒲田,4.18,0.795,4.01,0.7525,true0,http://img.travel.rakuten.co.jp/image/tr/api/hs/dQ4dX/?f_no=109067
3,1,3.55,0.6375,0.896331860956,池袋駅北口より徒歩4分★新宿・東京・品川駅へ好アクセス★東京ドームヘ３駅７分★朝食は和洋バイキング,0.387,0.838024691358,3.69,0.6725,4350.0,129459,1.0,3.82,0.705,3.42,0.605,アパホテル＜池袋駅北口＞,池袋,3.77,0.6925,3.75,0.6875,true2,http://img.travel.rakuten.co.jp/image/tr/api/hs/dQ4dX/?f_no=129459
3,1,3.5,0.625,0.82527367006,上野駅２分・全館Ｗｉ-Ｆｉ接続（無料）・携帯充電器・シモンズベッド・ロフテー枕・ズボンプレッサー完備,0.129,0.965432098765,3.63,0.6575,6200.0,129490,1.0,4.56,0.89,3.8,0.7,ホテルサンルート“ステラ”上野,上野,4.02,0.755,3.79,0.6975,true3,http://img.travel.rakuten.co.jp/image/tr/api/hs/dQ4dX/?f_no=129490
3,0,3.16,0.54,0.905895909353,2011年6月22日開業新築ホテル！新橋駅烏森口より徒歩9分、御成門駅A4出口より徒歩4分,0.615,0.725432098765,3.6,0.65,4101.0,129907,0.0,3.6,0.65,3.43,0.6075,アパホテル＜新橋御成門＞,新橋,3.52,0.63,3.6,0.65,true0,http://img.travel.rakuten.co.jp/image/tr/api/hs/dQ4dX/?f_no=129907
3,0,3.78,0.695,0.859804109852,暮らすように泊まる。あなたらしいホテルステイ。キッチン・生活家電付のスタイリッシュなホテル,0.175,0.942716049383,4.32,0.83,5301.0,130043,0.0,4.46,0.865,4.22,0.805,レジデンシャルホテル　ビーコンテ浅草,浅草,4.6,0.9,4.06,0.765,true2,http://img.travel.rakuten.co.jp/image/tr/api/hs/dQ4dX/?f_no=130043
3,0,4.5,0.875,0.918225465719,『Our room your home』ご自宅のようにくつろげる、都会の中の隠れ家風旅館,0.326,0.868148148148,4.15,0.7875,3780.0,130166,0.0,4.44,0.86,4.5,0.875,御宿ちよだ,南千住,4.73,0.9325,4.73,0.9325,true3,http://img.travel.rakuten.co.jp/image/tr/api/hs/dQ4dX/?f_no=130166
3,0,3.54,0.635,0.857922028039,東京駅に至近の宿泊特化型ホテル。万全のセキュリティで女性のお客様も安心。ビジネス、観光に最適です。,0.709,0.679012345679,3.77,0.6925,5350.0,134922,0.0,4.16,0.79,2.75,0.4375,相鉄フレッサイン　東京京橋,東京,3.9,0.725,3.71,0.6775,true0,http://img.travel.rakuten.co.jp/image/tr/api/hs/dQ4dX/?f_no=134922
3,1,3.57,0.6425,0.823314768581,【全室ダブルベット設置】【健康焼きたてパン朝食無料】【大好評健康イオン水客室給水】,0.539,0.762962962963,4.03,0.7575,6251.0,135551,1.0,4.1,0.775,4.13,0.7825,スーパーホテル浅草,浅草,4.3,0.825,4.09,0.7725,true2,http://img.travel.rakuten.co.jp/image/tr/api/hs/dQ4dX/?f_no=135551
3,1,3.98,0.745,0.8492414058,2011年11月オープン！新橋駅から徒歩3分とビジネス観光に大変便利。大浴場で疲れを癒して下さい。,0.258,0.901728395062,4.2,0.8,5576.0,135973,1.0,4.59,0.8975,3.67,0.6675,ホテル新橋三番館,新橋,4.17,0.7925,4.13,0.7825,true3,http://img.travel.rakuten.co.jp/image/tr/api/hs/dQ4dX/?f_no=135973
3,1,3.44,0.61,0.852160553102,◆全室シモンズ製和ベッド◆全室畳敷きのお部屋◆都営線浅草駅徒歩2分の美しい小さな和のホテルです。,0.76,0.653827160494,4.12,0.78,5500.0,136122,1.0,4.33,0.8325,3.09,0.5225,浅草ホテル旅籠,浅草,3.98,0.745,3.98,0.745,true0,http://img.travel.rakuten.co.jp/image/tr/api/hs/dQ4dX/?f_no=136122
3,1,3.49,0.6225,0.852506241598,■ＪＲ山手線大塚駅より徒歩3分！■焼き立てパン朝食無料！■全館Wi-Fi完備！■全室ワイドベッド！,0.187,0.936790123457,3.95,0.7375,5491.0,136288,1.0,4.31,0.8275,3.97,0.7425,スーパーホテル　東京・大塚,大塚（東京）,4.25,0.8125,4.17,0.7925,true2,http://img.travel.rakuten.co.jp/image/tr/api/hs/dQ4dX/?f_no=136288
3,1,3.26,0.565,0.938544267332,2012年3月16日、新築オープン！東京駅より1駅2分/秋葉原（アキバ）へは徒歩10分の好アクセス！,0.358,0.852345679012,3.51,0.6275,3251.0,136820,1.0,3.62,0.655,3.41,0.6025,アパホテル＜神田駅東＞,神田（東京）,3.62,0.655,3.47,0.6175,true3,http://img.travel.rakuten.co.jp/image/tr/api/hs/dQ4dX/?f_no=136820
3,0,3.43,0.6075,0.856001536393,2012年11月新築OPEN！渋谷ヒカリエ、原宿、代々木、表参道、新宿、池袋、東京駅へ便利,0.634,0.716049382716,3.79,0.6975,5400.0,138039,0.0,3.93,0.7325,3.62,0.655,アパホテル＜渋谷道玄坂上＞,渋谷,3.52,0.63,3.55,0.6375,true0,http://img.travel.rakuten.co.jp/image/tr/api/hs/dQ4dX/?f_no=138039
3,1,3.77,0.6925,0.885730747071,駅近なのでビジネスにも観光にも便利です！銀座へは徒歩圏内。2階に大戸屋、１階にコンビニ有！,0.229,0.916049382716,4.02,0.755,4626.0,140984,1.0,4.57,0.8925,3.58,0.645,相鉄フレッサイン　新橋日比谷口,新橋,4.05,0.7625,3.97,0.7425,true2,http://img.travel.rakuten.co.jp/image/tr/api/hs/dQ4dX/?f_no=140984
3,1,3.0,0.5,1.0,北部浅草の伝統的造り付け二段ベッドはスチームバス付き男性専用大浴場が自慢で１階の団体室は女性もＯＫ,0.846,0.611358024691,3.6,0.65,1651.0,141053,1.0,3.81,0.7025,3.5,0.625,ドームホステル　えびすや,南千住,3.58,0.645,3.81,0.7025,true3,http://img.travel.rakuten.co.jp/image/tr/api/hs/dQ4dX/?f_no=141053
3,1,4.37,0.8425,0.811791818706,東京駅から徒歩3分。男女別の大浴場「八重桜の湯」は健康イオン水大浴場と炭酸泉がお楽しみいただけます。,0.361,0.850864197531,4.18,0.795,6551.0,141356,1.0,4.79,0.9475,3.81,0.7025,スーパーホテルＬｏｈａｓ東京駅八重洲中央口　八重桜の湯,東京,4.3,0.825,4.36,0.84,true0,http://img.travel.rakuten.co.jp/image/tr/api/hs/dQ4dX/?f_no=141356
3,0,3.72,0.68,0.88768964855,蒲田エリア最大室数！　羽田利用ならこのホテル！,0.202,0.929382716049,4.06,0.765,4575.0,142951,0.0,4.14,0.785,3.59,0.6475,相鉄フレッサイン　東京蒲田,蒲田,4.22,0.805,3.95,0.7375,true2,http://img.travel.rakuten.co.jp/image/tr/api/hs/dQ4dX/?f_no=142951
3,1,3.36,0.59,0.863683502977,新宿駅近！女性専用宿泊施設。（個室型２段ベッド）滞在中は、露天風呂やシルキーバス等スパに入り放題！！,0.672,0.697283950617,3.64,0.66,5200.0,143324,1.0,3.71,0.6775,3.3,0.575,リ・ラックスパ　新宿（旧：Ｌｅ　Ｌｕｃｋ　ＳＰＡ　ＳＨＩＮＪＵＫＵ）,新宿,3.29,0.5725,3.5,0.625,true3,http://img.travel.rakuten.co.jp/image/tr/api/hs/dQ4dX/?f_no=143324
3,1,3.63,0.6575,0.909775302477,2014年4月11日新築オープン！新橋駅徒歩6分！ビジネスにもレジャーにも都心各所へアクセス抜群！,0.47,0.797037037037,3.98,0.745,4000.0,145305,1.0,3.9,0.725,3.42,0.605,アパホテル＜新橋　虎ノ門＞,新橋,4.07,0.7675,3.75,0.6875,true0,http://img.travel.rakuten.co.jp/image/tr/api/hs/dQ4dX/?f_no=145305
3,2,3.28,0.57,0.897484155944,新橋駅から徒歩３分のビジネスや観光に便利な立地。全室デュベスタイルのダブルベッド、ＶＯＤ見放題。,0.261,0.90024691358,3.88,0.72,4320.0,146557,0.0,3.96,0.74,0.0,-0.25,ＴＨＥ　ＨＯＴＥＬ　ＳＨＩＮＢＡＳＨＩ,新橋,3.92,0.73,3.73,0.6825,true2,http://img.travel.rakuten.co.jp/image/tr/api/hs/dQ4dX/?f_no=146557
3,1,4.26,0.815,0.837718455925,２０１４年８月１５日オープン！東京ドームへ徒歩２分！全室WiFi無料！都内中心部の好立地！,0.457,0.803456790123,4.44,0.86,5876.0,146928,1.0,4.54,0.885,3.8,0.7,リッチモンドホテル東京水道橋（２０１４年８月１５日オープン）,水道橋,4.42,0.855,4.27,0.8175,true3,http://img.travel.rakuten.co.jp/image/tr/api/hs/dQ4dX/?f_no=146928
3,1,3.08,0.52,0.862684847321,上野（入谷口）から徒歩５分という、ビジネスや観光に適した好立地に位置する心安らぐホテル。,0.432,0.815802469136,3.46,0.615,5226.0,147026,1.0,3.58,0.645,3.0,0.5,上野ホテル,上野,3.62,0.655,3.5,0.625,true0,http://img.travel.rakuten.co.jp/image/tr/api/hs/dQ4dX/?f_no=147026
3,1,3.42,0.605,0.901094680238,センチュリオンホテルが池袋に新規オープン！ビジネス・レジャーに好アクセス！,0.358,0.852345679012,4.1,0.775,4226.0,147111,1.0,4.35,0.8375,3.38,0.595,センチュリオンホテル池袋（２０１４年９月グランドオープン）,池袋,3.94,0.735,3.49,0.6225,true2,http://img.travel.rakuten.co.jp/image/tr/api/hs/dQ4dX/?f_no=147111
3,0,4.11,0.7775,0.82527367006,全客室Wｉｆｉ可能！　川面を一望の展望露天風呂！　お仕事に観光に、どちらにも最適のホテルです,0.623,0.721481481481,3.83,0.7075,6200.0,819,0.0,4.32,0.83,3.9,0.725,超軟水展望大浴場　あさひ湯　ドーミーインＥＸＰＲＥＳＳ浅草（旧：ドーミーイン浅草）,浅草,3.81,0.7025,3.89,0.7225,true3,http://img.travel.rakuten.co.jp/image/tr/api/hs/dQ4dX/?f_no=819
3,0,3.52,0.63,0.885730747071,JR・地下鉄御茶ノ水駅から徒歩3分の好立地でアクセス抜群。2010年にデザイナーズルームに変身。,0.25,0.905679012346,4.01,0.7525,4626.0,1993,0.0,4.62,0.905,3.65,0.6625,お茶の水イン,御茶ノ水,3.95,0.7375,4.34,0.835,true2,http://img.travel.rakuten.co.jp/image/tr/api/hs/dQ4dX/?f_no=1993
