n_clusters,cluster,bathAverage,bathScore,chargeScore,description,distance,distanceScore,equipmentAverage,equipmentScore,hotelMiddleCharge,id,locationAverage,locationScore,mealAverage,mealScore,name,nearestStation,roomAverage,roomScore,serviceAverage,serviceScore,url
2,0,3.7,0.675,0.7138851546,駅至近にもかかわらず、館内は街の喧騒から一線を画し、またインターナショナルな雰囲気です。,0.36,0.851358024691,4.03,0.7575,9100.0,388,4.66,0.915,4.13,0.7825,ホテルメトロポリタン,池袋,4.07,0.7675,4.07,0.7675,http://img.travel.rakuten.co.jp/image/tr/api/hs/dQ4dX/?f_no=388
2,0,3.84,0.71,0.787785673132,★Wi-Fi無料サービス開始★羽田空港・都心・横浜へアクセス抜群★観光、ビジネスの拠点に！★,0.367,0.847901234568,4.05,0.7625,7176.0,109067,4.2,0.8,4.0,0.75,京急ＥＸイン　蒲田,蒲田,4.18,0.795,4.01,0.7525,http://img.travel.rakuten.co.jp/image/tr/api/hs/dQ4dX/?f_no=109067
2,0,4.24,0.81,0.820741309775,浅草駅から徒歩５分・東京スカイツリーまで徒歩9分！当館は家庭的なご奉仕をモットーとする和風旅館です。,0.981,0.544691358025,3.97,0.7425,6318.0,41615,4.51,0.8775,4.87,0.9675,つるや旅館＜東京都＞,浅草,4.39,0.8475,4.68,0.92,http://img.travel.rakuten.co.jp/image/tr/api/hs/dQ4dX/?f_no=41615
2,0,3.87,0.7175,0.928980218936,禁煙・喫煙をフロアー毎にわけております。門限を１時で設定しております。,0.512,0.776296296296,3.72,0.68,3500.0,56975,4.2,0.8,3.4,0.6,ホテルＮＥＯ東京,南千住,3.93,0.7325,3.79,0.6975,http://img.travel.rakuten.co.jp/image/tr/api/hs/dQ4dX/?f_no=56975
2,0,3.79,0.6975,0.897484155944,ＪＲ上野駅から徒歩２分・コンビニまで３０秒と好立地！全館ネット接続可能（無料）☆,0.312,0.875061728395,3.78,0.695,4320.0,1680,4.48,0.87,4.14,0.785,上野東金屋ホテル,上野,3.91,0.7275,4.17,0.7925,http://img.travel.rakuten.co.jp/image/tr/api/hs/dQ4dX/?f_no=1680
2,0,3.24,0.56,0.927021317457,全室32型ワイド液晶TVにモデルチェンジ、Ｗｉ－Ｆｉ無料 、光フィバー有線ＬＡＮ完備！,0.362,0.85037037037,3.4,0.6,3551.0,51734,3.91,0.7275,3.24,0.56,ホテルビスタ蒲田東京,蒲田,3.89,0.7225,3.73,0.6825,http://img.travel.rakuten.co.jp/image/tr/api/hs/dQ4dX/?f_no=51734
2,0,3.86,0.715,0.909775302477,近所にコンビニ、銀座や汐留・お台場・丸の内どこへ行くにも絶好の立地。観光やビジネスに最適,0.45,0.806913580247,3.93,0.7325,4000.0,79388,3.9,0.725,4.17,0.7925,日比谷シティホテル,新橋,4.0,0.75,4.08,0.77,http://img.travel.rakuten.co.jp/image/tr/api/hs/dQ4dX/?f_no=79388
2,0,3.88,0.72,0.756097560976,皇居の水と緑の優しい風景に包まれたホテル,2.084,0.0,4.05,0.7625,8001.0,11039,4.25,0.8125,3.86,0.715,ホテルグランドアーク半蔵門,東京,4.37,0.8425,3.94,0.735,http://img.travel.rakuten.co.jp/image/tr/api/hs/dQ4dX/?f_no=11039
2,0,4.44,0.86,0.861724601498,２０１４年夏・ＮＥＷ　ＯＰＥＮ！羽田空港へアクセス◎全室バス・トイレ・洗面台独立の快適空間♪,0.26,0.900740740741,3.89,0.7225,5251.0,147101,4.41,0.8525,3.5,0.625,三交インＧｒａｎｄｅ東京浜松町,浜松町,4.46,0.865,3.73,0.6825,http://img.travel.rakuten.co.jp/image/tr/api/hs/dQ4dX/?f_no=147101
2,0,3.98,0.745,0.8492414058,2011年11月オープン！新橋駅から徒歩3分とビジネス観光に大変便利。大浴場で疲れを癒して下さい。,0.258,0.901728395062,4.2,0.8,5576.0,135973,4.59,0.8975,3.67,0.6675,ホテル新橋三番館,新橋,4.17,0.7925,4.13,0.7825,http://img.travel.rakuten.co.jp/image/tr/api/hs/dQ4dX/?f_no=135973
2,0,3.75,0.6875,0.859804109852,浅草駅より徒歩３分。優雅さと気品に満ちたルーム。本館男性大浴場サウナあり。,0.316,0.873086419753,3.83,0.7075,5301.0,18476,4.57,0.8925,4.0,0.75,浅草セントラルホテル,浅草,3.92,0.73,4.14,0.785,http://img.travel.rakuten.co.jp/image/tr/api/hs/dQ4dX/?f_no=18476
2,0,3.7,0.675,0.870674092568,ＪＲ上野駅入谷出口より徒歩1分!朝はパンと飲み物をサービス！全室高速インターネット接続！,0.223,0.919012345679,3.5,0.625,5018.0,9518,4.4,0.85,4.0,0.75,サットンプレイスホテル上野,上野,3.9,0.725,3.8,0.7,http://img.travel.rakuten.co.jp/image/tr/api/hs/dQ4dX/?f_no=9518
2,0,4.37,0.8425,0.811791818706,東京駅から徒歩3分。男女別の大浴場「八重桜の湯」は健康イオン水大浴場と炭酸泉がお楽しみいただけます。,0.361,0.850864197531,4.18,0.795,6551.0,141356,4.79,0.9475,3.81,0.7025,スーパーホテルＬｏｈａｓ東京駅八重洲中央口　八重桜の湯,東京,4.3,0.825,4.36,0.84,http://img.travel.rakuten.co.jp/image/tr/api/hs/dQ4dX/?f_no=141356
2,0,3.98,0.745,0.738083349337,汐留シオサイト、『イタリア街』に建つスタイリッシュホテル。最上階には宿泊者専用の大浴場も完備,0.499,0.782716049383,4.09,0.7725,8470.0,56758,3.72,0.68,4.25,0.8125,三井ガーデンホテル汐留イタリア街（２０１４年４月リニューアル）,浜松町,4.29,0.8225,4.08,0.77,http://img.travel.rakuten.co.jp/image/tr/api/hs/dQ4dX/?f_no=56758
2,0,3.94,0.735,0.765700019205,【東京スカイツリー(R)フレンドシップホテル】粋な町・浅草らしさでおもてなし。,0.168,0.946172839506,4.02,0.755,7751.0,570,4.51,0.8775,4.43,0.8575,浅草ビューホテル,浅草,4.45,0.8625,4.13,0.7825,http://img.travel.rakuten.co.jp/image/tr/api/hs/dQ4dX/?f_no=570
2,0,4.0,0.75,0.786863837142,JR・東京モノレール浜松町駅徒歩約6分★羽田空港からアクセス軽快！★東京タワーまで徒歩圏内,0.464,0.8,4.06,0.765,7200.0,67905,4.38,0.845,3.67,0.6675,ホテルコンソレイユ　芝・東京（リッチモンドホテルズ提携ホテル）,浜松町,4.2,0.8,4.19,0.7975,http://img.travel.rakuten.co.jp/image/tr/api/hs/dQ4dX/?f_no=67905
2,0,3.0,0.5,0.765738429038,ＪＲ地下鉄５線乗入！焼きたてパンの朝食が無料。インターネット無料接続。東京消防庁優良防火対象物認定,0.419,0.822222222222,3.3,0.575,7750.0,15812,3.85,0.7125,3.19,0.5475,お茶の水セントヒルズホテル,御茶ノ水,3.27,0.5675,3.48,0.62,http://img.travel.rakuten.co.jp/image/tr/api/hs/dQ4dX/?f_no=15812
2,0,4.08,0.77,0.9107355483,JR蒲田駅東口から徒歩１分！羽田空港行きシャトルバス乗り場も徒歩1分です。！,0.135,0.962469135802,4.14,0.785,3975.0,18246,4.49,0.8725,4.1,0.775,アーヴェストホテル蒲田（東口）,蒲田,4.12,0.78,4.01,0.7525,http://img.travel.rakuten.co.jp/image/tr/api/hs/dQ4dX/?f_no=18246
2,0,3.91,0.7275,0.782024198195,JR山手線大塚駅南口より徒歩１分！駐車場完備！車派も電車派も◎ワンランク上のウェディングスホテル！,0.059,1.0,4.15,0.7875,7326.0,839,4.7,0.925,3.94,0.735,ホテル　ベルクラシック東京,大塚（東京）,4.38,0.845,4.26,0.815,http://img.travel.rakuten.co.jp/image/tr/api/hs/dQ4dX/?f_no=839
2,0,4.27,0.8175,0.952026118686,女性に安心してお泊り頂けるホテルです。駅から徒歩3分、無線ＬＡＮ接続ご利用いただけます。,0.35,0.856296296296,3.99,0.7475,2900.0,18248,4.63,0.9075,4.67,0.9175,ビジネスホテル福千,南千住,4.09,0.7725,4.45,0.8625,http://img.travel.rakuten.co.jp/image/tr/api/hs/dQ4dX/?f_no=18248
2,0,3.52,0.63,0.885730747071,JR・地下鉄御茶ノ水駅から徒歩3分の好立地でアクセス抜群。2010年にデザイナーズルームに変身。,0.25,0.905679012346,4.01,0.7525,4626.0,1993,4.62,0.905,3.65,0.6625,お茶の水イン,御茶ノ水,3.95,0.7375,4.34,0.835,http://img.travel.rakuten.co.jp/image/tr/api/hs/dQ4dX/?f_no=1993
2,0,4.04,0.76,0.74956788938,江戸風情や粋を取り入れつつ未来の浅草を表現した客室。皆様のお越しをお待ちいたしております。,0.176,0.942222222222,4.21,0.8025,8171.0,136139,4.38,0.845,4.29,0.8225,リッチモンドホテル浅草,浅草,4.35,0.8375,4.14,0.785,http://img.travel.rakuten.co.jp/image/tr/api/hs/dQ4dX/?f_no=136139
2,0,3.92,0.73,0.704513155368,JR他新宿駅南口から徒歩3分。 客室は、全て22階以上！ビジネスやレジャーに絶好のロケーションです,0.4,0.831604938272,4.1,0.775,9344.0,1356,4.7,0.925,4.16,0.79,小田急ホテルセンチュリーサザンタワー,新宿,4.25,0.8125,4.03,0.7575,http://img.travel.rakuten.co.jp/image/tr/api/hs/dQ4dX/?f_no=1356
2,0,3.56,0.64,0.965469560207,東京ドームまですぐという至便な立地ながら大通りより一本入った閑静なたたずまいのホテル。朝食サービス付,0.442,0.810864197531,4.19,0.7975,2550.0,462,4.16,0.79,3.83,0.7075,ホテルウィングインターナショナル後楽園,水道橋,3.72,0.68,4.32,0.83,http://img.travel.rakuten.co.jp/image/tr/api/hs/dQ4dX/?f_no=462
2,0,4.06,0.765,0.928980218936,ビジネス・観光に　駅チカ!!24時間OPEN!! 便利・安心・快適・**大浴場完備**,0.459,0.802469135802,3.96,0.74,3500.0,38608,4.15,0.7875,4.0,0.75,ホテル丸忠　ＣＥＮＴＲＯ（チェントロ）　（旧：ホテル丸忠）,南千住,3.68,0.67,3.91,0.7275,http://img.travel.rakuten.co.jp/image/tr/api/hs/dQ4dX/?f_no=38608
2,0,3.48,0.62,0.889994238525,クチコミ件数が物語るコストパフォーマンス！蒲田駅西口徒歩約３分！羽田空港へのアクセスも便利,0.295,0.883456790123,3.74,0.685,4515.0,68688,4.23,0.8075,4.16,0.79,スーパーホテル東京・ＪＲ蒲田西口,蒲田,4.21,0.8025,4.12,0.78,http://img.travel.rakuten.co.jp/image/tr/api/hs/dQ4dX/?f_no=68688
2,0,3.63,0.6575,0.869444977914,JR御茶ノ水駅、秋葉原駅、東京メトロから徒歩圏内。１階にコンビニとレストランを併設。損保会館至近。,0.404,0.82962962963,3.88,0.72,5050.0,56917,4.32,0.83,3.93,0.7325,ホテルマイステイズ御茶ノ水,御茶ノ水,4.08,0.77,3.92,0.73,http://img.travel.rakuten.co.jp/image/tr/api/hs/dQ4dX/?f_no=56917
2,0,4.78,0.945,0.868945650086,JR蒲田駅西口徒歩1分。靴を脱いでゆったりと過ごす源泉掛け流し天然温泉が味わえる、客室付き温浴施設。,0.156,0.952098765432,4.08,0.77,5063.0,54491,4.61,0.9025,3.82,0.705,ＳＰＡ＆ＨＯＴＥＬ　和,蒲田,4.19,0.7975,4.11,0.7775,http://img.travel.rakuten.co.jp/image/tr/api/hs/dQ4dX/?f_no=54491
2,0,3.94,0.735,0.765815248704,ＪＲ上野駅から徒歩２分。銀座線、日比谷線の駅もあり、都内各地へのアクセスに優れたホテルです。,0.247,0.907160493827,4.25,0.8125,7748.0,107870,4.64,0.91,3.88,0.72,三井ガーデンホテル上野,上野,4.29,0.8225,4.26,0.815,http://img.travel.rakuten.co.jp/image/tr/api/hs/dQ4dX/?f_no=107870
2,0,4.0,0.75,0.783022853851,JR御茶ノ水駅徒歩２分、JR秋葉原駅まで徒歩６分、東京ドーム・日本武道館も至近の好立地！,0.282,0.88987654321,4.13,0.7825,7300.0,8290,4.32,0.83,4.57,0.8925,お茶の水ホテルジュラク,御茶ノ水,4.33,0.8325,4.08,0.77,http://img.travel.rakuten.co.jp/image/tr/api/hs/dQ4dX/?f_no=8290
2,0,3.74,0.685,0.784943345496,広めのお部屋で全客室に洗濯乾燥機、電子レンジもあって長期滞在に便利。別館は２分程離れた所にあります。,0.479,0.792592592593,3.94,0.735,7250.0,41703,4.08,0.77,3.79,0.6975,東急ステイ渋谷新南口,渋谷,4.15,0.7875,3.77,0.6925,http://img.travel.rakuten.co.jp/image/tr/api/hs/dQ4dX/?f_no=41703
2,0,3.79,0.6975,0.869406568081,東京スカイツリー（R）眺望の客室あり☆「大人のくつろぎ」と「安らかなひととき」を演出します。,0.104,0.977777777778,4.11,0.7775,5051.0,80619,4.26,0.815,4.05,0.7625,ホテル京阪浅草,浅草,4.3,0.825,4.08,0.77,http://img.travel.rakuten.co.jp/image/tr/api/hs/dQ4dX/?f_no=80619
2,0,4.63,0.9075,0.822969080085,平成２１年６月新装オープン。大浴場、サウナあり。洋室の他、和室、露天風呂付など客室１０タイプ。,0.485,0.78962962963,4.32,0.83,6260.0,74604,4.22,0.805,4.18,0.795,お茶の水ホテル昇龍館,御茶ノ水,4.31,0.8275,4.65,0.9125,http://img.travel.rakuten.co.jp/image/tr/api/hs/dQ4dX/?f_no=74604
2,0,4.07,0.7675,0.934741693874,ビジネスから旅行まで幅広く使える簡易ホテル。無線・有線ＬＡＮ環境及びコイン式インターネット設置。,0.655,0.705679012346,4.27,0.8175,3350.0,43759,3.79,0.6975,4.0,0.75,ホテル　ヒカリ,南千住,4.0,0.75,4.45,0.8625,http://img.travel.rakuten.co.jp/image/tr/api/hs/dQ4dX/?f_no=43759
2,0,4.26,0.815,0.837718455925,２０１４年８月１５日オープン！東京ドームへ徒歩２分！全室WiFi無料！都内中心部の好立地！,0.457,0.803456790123,4.44,0.86,5876.0,146928,4.54,0.885,3.8,0.7,リッチモンドホテル東京水道橋（２０１４年８月１５日オープン）,水道橋,4.42,0.855,4.27,0.8175,http://img.travel.rakuten.co.jp/image/tr/api/hs/dQ4dX/?f_no=146928
2,0,4.5,0.875,0.918225465719,『Our room your home』ご自宅のようにくつろげる、都会の中の隠れ家風旅館,0.326,0.868148148148,4.15,0.7875,3780.0,130166,4.44,0.86,4.5,0.875,御宿ちよだ,南千住,4.73,0.9325,4.73,0.9325,http://img.travel.rakuten.co.jp/image/tr/api/hs/dQ4dX/?f_no=130166
2,0,5.0,1.0,0.658382946034,仲見世から近い、純和風のお宿です。,0.35,0.856296296296,4.6,0.9,10545.0,28024,5.0,1.0,4.67,0.9175,旅館　加茂川,浅草,4.4,0.85,5.0,1.0,http://img.travel.rakuten.co.jp/image/tr/api/hs/dQ4dX/?f_no=28024
2,0,3.91,0.7275,0.764739773382,☆全客室禁煙☆全客室にWifi無料完備♪新宿駅南口から徒歩3分！空港リムジンバスも発着！,0.356,0.853333333333,3.98,0.745,7776.0,18297,4.41,0.8525,4.0,0.75,ホテルサンルートプラザ新宿,新宿,4.01,0.7525,3.98,0.745,http://img.travel.rakuten.co.jp/image/tr/api/hs/dQ4dX/?f_no=18297
2,1,3.63,0.6575,0.98893796812,東京バックパッカーズ　南千住駅南口より徒歩８分　男女別ドミトリーのゲストハウス,0.773,0.647407407407,3.5,0.625,1939.0,40956,3.38,0.595,0.0,-0.25,東京バックパッカーズ,南千住,3.88,0.72,4.13,0.7825,http://img.travel.rakuten.co.jp/image/tr/api/hs/dQ4dX/?f_no=40956
