user,id,serviceScore,serviceScore_pdf,serviceScore_cdf,equipmentScore,equipmentScore_pdf,equipmentScore_cdf,chargeScore,chargeScore_pdf,chargeScore_cdf,mealScore,mealScore_pdf,mealScore_cdf,bathScore,bathScore_pdf,bathScore_cdf,roomScore,roomScore_pdf,roomScore_cdf,locationScore,locationScore_pdf,locationScore_cdf,distanceScore,distanceScore_pdf,distanceScore_cdf,kinnennScore,kinnennScore_pdf,kinnennScore_cdf
17,101,0.73,4.43471016704,0.6343890070841817,0.655,4.06909951736,0.4430302089069782,0.9297100057614741,2.9718971619,0.8571759758916251,0.6975,3.4218528726,0.5830158047103438,0.625,3.2527124595,0.5356463923313426,0.6000000000000001,2.42826298387,0.23414485686455988,0.9400000000000001,1.45969733117,0.9299692188565922,0.9797530864197531,2.03579311787,0.9444920335107837,1.0,5.0,0.5
17,192,0.66,4.12616538856,0.3193756711009273,0.63,3.63451956469,0.3462052570281661,0.8213942769348951,4.98915767378,0.3484098345489075,0.6675,3.16969796705,0.4841349782100648,0.5325,2.83769777626,0.24050920028101364,0.6775,3.22243281994,0.45701095970898453,0.745,3.22359350275,0.3214525641810304,0.755061728395061,2.05084783791,0.280532410941526,1.0,5.0,0.5
17,223,0.6775,4.44366014069,0.3944948453026187,0.6375000000000001,3.79003032762,0.37405717922556375,0.8713654695602071,5.21987308204,0.6157321346831715,0.5825,2.56090791871,0.2329977841891097,0.5575,3.12267072213,0.31527306389789267,0.605,2.49099004319,0.2464429206485549,0.605,0.863620631775,0.04913613185438097,0.8103703703703701,3.34642428287,0.43636797737581096,0.0,0.0,0.0
17,388,0.7675000000000001,3.71476865332,0.7886935282096964,0.7575000000000001,2.93031909613,0.8280834953901606,0.713885154599577,0.94133361037,0.029380458067737668,0.7825000000000001,2.28943751405,0.8543397586810673,0.675,2.8358921874,0.6892587718610105,0.7675000000000001,2.96106120899,0.7458675552575982,0.915,1.94637917669,0.8877842107640094,0.851358024691358,3.13735710847,0.5715424371903193,1.0,5.0,0.5
17,398,0.66,4.12616538856,0.3193756711009273,0.635,3.73998343081,0.3646442499447731,0.8828884194353751,4.85725756161,0.6739036868464936,0.847499999999999,0.821118552016,0.9463236761634747,0.545,2.99574833061,0.276999824741906,0.6325000000000001,2.82996278754,0.31965779353680007,0.61,0.931576481395,0.05362316296811281,0.720493827160493,1.41258283627,0.22263591724389445,0.0,0.0,0.0
17,462,0.8300000000000001,1.44256251878,0.9532723437723931,0.7975000000000001,1.92282778688,0.9264299757609789,0.965469560207413,1.69022677919,0.940041640174597,0.7075,3.48385935957,0.6175666312134249,0.64,3.16406407869,0.58381733731943,0.68,3.23413752551,0.4650819141309599,0.79,3.90703116588,0.4853927564410737,0.810864197530864,3.34902278165,0.43802118181644634,1.0,5.0,0.5
17,509,0.6950000000000001,4.62105164081,0.47407729963537065,0.6375000000000001,3.79003032762,0.37405717922556375,0.6792778951411561,0.322014357477,0.00926627072785687,0.8225,1.18006495019,0.9217570496957361,0.5125000000000001,2.52585137613,0.1867614382920875,0.6950000000000001,3.28047597987,0.5139919767766155,0.919999999999999,1.83288286753,0.8972286407529049,0.9125925925925921,2.89154760635,0.747107967187183,0.0,0.0,0.0
17,568,0.7975000000000001,2.71425391049,0.8861376253102724,0.685,4.13452821647,0.5675189599636983,0.786863837142308,3.76388931124,0.19643922396044816,0.5675,2.2225581409,0.19704510644441983,0.865,0.4894436479,0.9771659123484211,0.6625,3.12791321323,0.4093316397013098,0.9450000000000001,1.37905596326,0.9370652753682357,0.9432098765432091,3.23866978348,0.8423719975119344,1.0,5.0,0.5
17,570,0.7825000000000001,3.26538401058,0.8411821148715545,0.754999999999999,2.98114482117,0.820693951560955,0.765700019204916,2.90670638359,0.12573975774276983,0.857499999999999,0.722557821718,0.9540300873011104,0.735,1.97537107751,0.8351798193684055,0.8625,1.1896961621,0.9502246581874754,0.8775000000000001,2.9141690376,0.7965729486382345,0.946172839506172,3.22058126601,0.8519449760927008,1.0,5.0,0.5
17,610,0.725,4.49625335475,0.6120580039577528,0.6875,4.11480291229,0.5778313411001399,0.880929517956596,4.92671145889,0.6643203345057018,0.8225,1.18006495019,0.9217570496957361,0.615,3.29057568658,0.5029149272598457,0.7825000000000001,2.76649047693,0.7888857186757816,0.9175000000000001,1.88851295601,0.8925773668544457,0.899753086419753,2.75931300204,0.7109587566632467,0.0,0.0,0.0
17,630,0.68,4.47971609324,0.4056497083556635,0.6375000000000001,3.79003032762,0.37405717922556375,0.9405031688112151,2.56822862053,0.8870598610620787,0.7725000000000001,2.61489364843,0.8298062930629894,0.5575,3.12267072213,0.31527306389789267,0.74,3.19314595877,0.6608930669517331,0.6875,2.10354421358,0.17063105520555058,0.7629629629629631,2.28508053872,0.2976483432396568,0.0,0.0,0.0
17,658,0.5775,1.7879029869,0.0637522080305441,0.54,1.6415453045,0.11255483334596761,0.656270405223737,0.156845218915,0.003979591776364242,0.63,3.0100555677,0.368984833298007,0.47750000000000004,1.8603664513,0.10971114621168428,0.59,2.30344461018,0.21048706689049904,0.665,1.75691375452,0.12721645659715447,0.65679012345679,1.09390680495,0.14429409277643757,0.0,0.0,0.0
17,659,0.6125,3.00618983059,0.1482907387654932,0.5925,2.75077230889,0.22627769291895944,0.531745726906087,6.2784906086e-05,5.747741679622931e-07,0.62,2.98327161779,0.33900655641741156,0.47750000000000004,1.8603664513,0.10971114621168428,0.645,2.96869463496,0.3559164702041542,0.65,1.52671619563,0.10258820096069261,0.622222222222222,0.888403351586,0.10964077785092548,0.0,0.0,0.0
17,716,0.7225,4.52364767654,0.6007826322607299,0.715,3.72849938233,0.6862428626471366,0.7945073938928361,4.05711375973,0.2263350635783954,0.8025,1.65951983842,0.8936770024566618,0.645,3.12684196748,0.5995460999018437,0.8325,1.82418304955,0.9051269104273489,0.735,2.99630047088,0.2903550348544249,0.819259259259259,3.36680194296,0.46624445260378505,0.0,0.0,0.0
17,767,0.6950000000000001,4.62105164081,0.47407729963537065,0.6625,4.13920524272,0.4738326590659552,0.7599385442673321,2.66423204009,0.10969031618052594,0.7325,3.45981570726,0.7050310805611439,0.5975,3.31119637083,0.4450616076166688,0.7000000000000001,3.28715046315,0.5304128101134509,0.8725,3.02395154852,0.7817235216485365,0.9007407407407401,2.76499815901,0.7136867446790716,0.0,0.0,0.0
17,839,0.8150000000000001,2.00900178794,0.9274833571193695,0.7875000000000001,2.21013386955,0.9057502137831828,0.782024198194737,3.57362839403,0.1786823178328982,0.735,3.4376646185,0.7136538007324329,0.7275,2.09820301971,0.8199025117940517,0.845,1.55488951809,0.9262453579407118,0.925,1.72836965258,0.9061280661465074,1.0,1.04919864967,0.9753495208803732,1.0,5.0,0.5
17,858,0.61,2.92993455803,0.14087006023380663,0.635,3.73998343081,0.3646442499447731,0.7714614941425001,3.1461711858,0.14317832092786786,0.5675,2.2225581409,0.19704510644441983,0.5525,3.07572147882,0.29977494503964575,0.65,3.01896680722,0.37088705996252724,0.6475000000000001,1.48831435195,0.09881941664437623,0.631604938271604,0.95738085693,0.11830546268098037,0.0,0.0,0.0
17,864,0.6900000000000001,4.58942320979,0.4510443476536762,0.6375000000000001,3.79003032762,0.37405717922556375,0.8713654695602071,5.21987308204,0.6157321346831715,0.75,3.21408842296,0.763738219501938,0.5625,3.16446586655,0.3309930612880583,0.71,3.28805004061,0.5633024247704105,0.919999999999999,1.83288286753,0.8972286407529049,0.899753086419753,2.75931300204,0.7109587566632467,0.0,0.0,0.0
17,922,0.605,2.77006179099,0.12661607827437293,0.595,2.81027115871,0.2332289425822287,0.9174188592279621,3.45350076815,0.8177150196694496,0.4525,0.585054228283,0.059341278494289856,0.454999999999999,1.41571161227,0.07289201501626376,0.5750000000000001,2.11690642783,0.17733357160156898,0.6825,2.02554585036,0.16030879799622308,0.5837037037037031,0.615358655815,0.0809644093012328,1.0,5.0,0.5
17,930,0.78,3.34791525691,0.8329148668132893,0.75,3.08004872477,0.8055395897497624,0.56024582293067,0.000898221995607,9.908915681478739e-06,0.7125,3.50304811444,0.6350378081572604,0.685,2.71612838803,0.717027753846651,0.7925000000000001,2.6100485579,0.815785543292821,0.885,2.73223059259,0.8177587955818828,0.750123456790123,1.91759382129,0.27073881740024897,1.0,5.0,0.5
17,995,0.5775,1.7879029869,0.0637522080305441,0.51,1.22502763885,0.06996829860596582,0.8674860764355671,5.31221303859,0.5952975185996563,0.7875000000000001,2.12472645904,0.8653745744186107,0.52,2.65060902567,0.20617859007029501,0.5325,1.55142481992,0.0990838130224768,0.65,1.52671619563,0.10258820096069261,0.7664197530864191,2.39247384992,0.30573252962717257,1.0,5.0,0.5
17,996,0.65,3.91802891902,0.27914698012255307,0.6000000000000001,2.92994360186,0.24757915674362604,0.8703668139043591,5.2452760641,0.6105065030736534,0.625,2.99840911974,0.35396273045933213,0.5325,2.83769777626,0.24050920028101364,0.6375000000000001,2.88739086469,0.33395211278091536,0.725,2.77763036499,0.26149704078655334,0.8390123456790121,3.2637946943,0.5319946965113581,0.0,0.0,0.0
17,1119,0.6000000000000001,2.60121446888,0.11318444371556828,0.545,1.72851434279,0.12097777177726825,0.8574227002112541,5.46496038498,0.5409601078690106,0.5,0.970247508438,0.09545172247864665,0.5075000000000001,2.43810891801,0.17435011435632597,0.58,2.1791941747,0.18807394135006122,0.7325,2.94038535712,0.28293431565182753,0.8874074074074071,2.75537935862,0.6770418749909207,0.0,0.0,0.0
17,1128,0.7425,4.2462612769,0.6886940967216042,0.6925,4.06552990907,0.5982873965229651,0.858882273862108,5.45104957206,0.5489268175314058,0.8700000000000001,0.612662192792,0.9623661349097465,0.6025,3.31148589244,0.4616204171549758,0.6775,3.22243281994,0.45701095970898453,0.7725000000000001,3.7592408931,0.41803037745300947,0.7935802469135801,3.13864786295,0.3815926910648695,1.0,5.0,0.5
17,1186,0.7225,4.52364767654,0.6007826322607299,0.6175,3.34930647501,0.30253183965678376,0.7987708853466481,4.21667413867,0.24397374336033245,0.5750000000000001,2.39941209264,0.214384438606072,0.65,3.08612467499,0.6150799325017319,0.6625,3.12791321323,0.4093316397013098,0.67,1.83345823269,0.13619240466827187,0.712592592592592,1.3484262539,0.21174056412052333,0.0,0.0,0.0
17,1356,0.7575000000000001,3.95583935588,0.7503045246429683,0.774999999999999,2.53781713312,0.8760340321514968,0.704513155367774,0.711178255804,0.02167716370185079,0.79,2.04329880847,0.8705844101548292,0.73,2.05751690658,0.8250972236576283,0.8125,2.24184015483,0.8644141269881854,0.925,1.72836965258,0.9061280661465074,0.8316049382716041,3.32049165995,0.5075977349172947,0.0,0.0,0.0
17,1357,0.8025,2.51495924565,0.8992126907171516,0.78,2.41155540766,0.888410222677895,0.283887075091223,2.64511817572e-25,9.597330961657978e-28,0.76,2.9807612988,0.7947645105499004,0.72,2.21817777664,0.8037139384231239,0.8075000000000001,2.33984359212,0.8529584940656638,0.835,3.59301403553,0.6565940171953012,0.6083950617283951,0.781045863331,0.09809965754493492,0.0,0.0,0.0
17,1386,0.6975,4.63074589894,0.48564289871763455,0.7025,3.93408262424,0.638317681495546,0.694680238140964,0.523407728131,0.015650283828632826,0.5825,2.56090791871,0.2329977841891097,0.6525000000000001,3.06451455091,0.62276840145742,0.7425,3.17826233464,0.6688575684975046,0.8600000000000001,3.25530891948,0.7424161285916839,0.866666666666666,2.95025319775,0.6181562590949004,0.0,0.0,0.0
17,1404,0.6725,4.36302815006,0.37247372663964007,0.6725,4.17725962833,0.515469236549037,0.41317457269060803,2.31424009421e-12,1.2243160779882083e-14,0.75,3.21408842296,0.763738219501938,0.77,1.4070219792,0.8942355738359935,0.7875000000000001,2.69083955462,0.8025312310036881,0.75,3.33606735084,0.3378527979891551,0.575802469135802,0.573074304633,0.07627243069325841,0.0,0.0,0.0
17,1500,0.73,4.43471016704,0.6343890070841817,0.5675,2.17830644424,0.16476800513650994,0.9097753024774341,3.76607089873,0.7901292712665722,0.6875,3.34011669703,0.549195249370671,0.387499999999999,0.419570823565,0.014708376642283942,0.5825,2.21025982892,0.19356076496274827,0.9375,1.50103016695,0.9262684972523241,0.8859259259259251,2.76260016789,0.6729546621079809,0.0,0.0,0.0
17,1501,0.6425000000000001,3.75686192597,0.25036352555253827,0.505,1.16870484727,0.06398484993918972,0.8521605531015941,5.49115271977,0.512117299106295,0.55,1.79861693129,0.16188470710097957,0.4,0.551745018191,0.020753646488656557,0.6025,2.4596058281,0.240254682849355,0.9450000000000001,1.37905596326,0.9370652753682357,0.775308641975308,2.66860159346,0.328232382557304,0.0,0.0,0.0
17,1511,0.6125,3.00618983059,0.1482907387654932,0.52,1.34616986546,0.08281299402983873,0.8636450931438441,5.38592992942,0.5747459611632185,0.6075,2.91426520153,0.30208943323995,0.5925,3.3058189772,0.42851693452518475,0.54,1.65769085051,0.11111970318536923,0.8700000000000001,3.07508282175,0.7740992022344811,0.724444444444444,1.45280668297,0.22829384793856855,1.0,5.0,0.5
17,1556,0.675,4.40466363257,0.38343385872162006,0.6625,4.13920524272,0.4738326590659552,0.788745918955252,3.83691810892,0.20359197899751857,0.705,3.47097396295,0.6088726717466748,0.6525000000000001,3.06451455091,0.62276840145742,0.705,3.28964177893,0.5468565106566906,0.7825000000000001,3.86752155968,0.4562154846556816,0.675555555555555,1.16567031947,0.16550035294449514,1.0,5.0,0.5
17,1630,0.6525000000000001,3.97087247231,0.2890081978154445,0.6325000000000001,3.68807206208,0.3553588156568464,0.888611484540042,4.64098073346,0.701091701675787,0.8525,0.770044314861,0.9502998206572041,0.6075,3.30677353499,0.4781681286901524,0.6825,3.24468641878,0.47318068407039005,0.64,1.37336807786,0.08808845628227947,0.6335802469135801,0.970864602855,0.12020997415031881,0.0,0.0,0.0
17,1667,0.68,4.47971609324,0.4056497083556635,0.6625,4.13920524272,0.4738326590659552,0.660072978682542,0.176916427295,0.004613491965749281,0.75,3.21408842296,0.763738219501938,0.49,2.10860066664,0.1345229777632712,0.6175,2.64771540745,0.2785610949440838,0.8,3.90528123178,0.5245035271339815,0.902222222222222,2.77504106473,0.7177902542301223,0.0,0.0,0.0
17,1680,0.7925000000000001,2.90728667525,0.8720806140488104,0.6950000000000001,4.03641878231,0.6084154135314763,0.8974841559439211,4.28006832759,0.740684290365067,0.784999999999999,2.20690360634,0.859960152729754,0.6975,2.55174146353,0.7499686009807451,0.7275,3.25085465316,0.6205897416860527,0.8700000000000001,3.07508282175,0.7740992022344811,0.875061728395061,2.85261585281,0.6425040873880399,1.0,5.0,0.5
17,1725,0.685,4.54191665535,0.42820957337635607,0.6000000000000001,2.92994360186,0.24757915674362604,0.84251968503937,5.44381776939,0.4593097218253064,0.615,2.96216753183,0.32413996551463975,0.625,3.2527124595,0.5356463923313426,0.6475000000000001,2.99426159752,0.3633703393971859,0.7425,3.16667001132,0.31346468804891575,0.760987654320987,2.22469704557,0.29319439394799135,1.0,5.0,0.5
17,1764,0.7075,4.62957092123,0.5319965440809833,0.67,4.17386385692,0.5050294799242901,0.7307470712502401,1.48166734435,0.049593122780449944,0.7725000000000001,2.61489364843,0.8298062930629894,0.645,3.12684196748,0.5995460999018437,0.7425,3.17826233464,0.6688575684975046,0.857499999999999,3.29490376958,0.7342279608211013,0.880987654320987,2.79634453816,0.659234627391927,0.0,0.0,0.0
17,1770,0.6025,2.68667168269,0.11979470929182585,0.5775,2.40113788239,0.1876565780174132,0.785327443825619,3.70387518326,0.19070246630484658,0.635,3.02061516129,0.3840614886530421,0.5525,3.07572147882,0.29977494503964575,0.64,2.91519967313,0.3412054876706568,0.835,3.59301403553,0.6565940171953012,0.722962962962963,1.4369704081,0.22615338906883126,0.0,0.0,0.0
17,1799,0.81,2.21071074267,0.9169353479581082,0.8400000000000001,0.732312137575,0.9817686473738835,0.434415210293835,1.01855949132e-10,5.832634170623881e-13,0.8250000000000001,1.13347593817,0.9246483820678517,0.8500000000000001,0.587294409727,0.9690953521546382,0.885,0.776022654904,0.9721866970385762,0.8,3.90528123178,0.5245035271339815,0.7614814814814811,2.23970424186,0.2942967126215951,0.0,0.0,0.0
17,1872,0.66,4.12616538856,0.3193756711009273,0.6075,3.11033884044,0.2702299584839797,0.683272517764547,0.365079919821,0.010636744159540355,0.6075,2.91426520153,0.30208943323995,0.52,2.65060902567,0.20617859007029501,0.6475000000000001,2.99426159752,0.3633703393971859,0.9475,1.3392260425,0.9404631021656014,0.7866666666666661,2.98539500943,0.3604022582767652,0.0,0.0,0.0
17,1927,0.66,4.12616538856,0.3193756711009273,0.5775,2.40113788239,0.1876565780174132,0.814518916842711,4.77271333293,0.3148389140685528,0.5,0.970247508438,0.09545172247864665,0.52,2.65060902567,0.20617859007029501,0.5775,2.14808576118,0.1826648296602953,0.8400000000000001,3.53251179967,0.6744086601323305,0.8172839506172841,3.36681870977,0.45959356991024114,0.0,0.0,0.0
17,1996,0.67,4.31906796342,0.3616206553100008,0.525,1.4125643842,0.08970797275347155,0.8560015363933161,5.47573707582,0.5331855219637162,0.62,2.98327161779,0.33900655641741156,0.6000000000000001,3.31197230832,0.4533408325521183,0.495,1.00474331609,0.05117875226171332,0.7325,2.94038535712,0.28293431565182753,0.7866666666666661,2.98539500943,0.3604022582767652,0.0,0.0,0.0
17,1997,0.6900000000000001,4.58942320979,0.4510443476536762,0.6625,4.13920524272,0.4738326590659552,0.8905703860188201,4.56333320674,0.7101071211330832,0.7775000000000001,2.45393738827,0.842480543206646,0.59,3.30120184913,0.4202578895005235,0.685,3.25408811511,0.4813043901534766,0.67,1.83345823269,0.13619240466827187,0.493827160493827,0.265750278157,0.042952314159227706,1.0,5.0,0.5
17,2335,0.675,4.40466363257,0.38343385872162006,0.5825,2.51600913956,0.19994862842342628,0.9059343191857111,3.92610357616,0.7753569820842583,0.75,3.21408842296,0.763738219501938,0.485,2.01000763189,0.12422591787004633,0.64,2.91519967313,0.3412054876706568,0.6900000000000001,2.14303652391,0.1759391996773276,0.884444444444444,2.77123085356,0.6688556966902737,0.0,0.0,0.0
17,2465,0.7225,4.52364767654,0.6007826322607299,0.7775000000000001,2.47551423229,0.8823010424234923,0.937007874015748,2.69729821763,0.877858002406112,-0.25,1.86005220152e-07,3.5857242998164015e-09,0.555,3.09983761577,0.30749466054470304,0.6675,3.16400607774,0.42506331191732083,0.7225,2.72541822725,0.2546184622352298,0.8153086419753081,3.36436724,0.45294506565090387,1.0,5.0,0.5
17,2605,0.339999999999999,1.54385279957e-08,9.143446983847825e-11,0.3025,9.0374619209e-05,8.602687643504824e-07,0.8767428461686191,5.0653074781,0.643398678316917,-0.25,1.86005220152e-07,3.5857242998164015e-09,0.355,0.182061620808,0.005318757868808392,0.339999999999999,0.02042353523,0.00044129186808755276,0.59,0.675683426812,0.03762387309095035,0.803456790123456,3.28966521183,0.41340600673621253,1.0,5.0,0.5
17,2876,0.8400000000000001,1.11959756604,0.9660399911302047,0.794999999999999,1.99625776144,0.9215309371514657,0.602458229306702,0.0167771007688,0.00025989654022299315,0.6075,2.91426520153,0.30208943323995,0.889999999999999,0.333467796863,0.9874317398476129,0.8174999999999991,2.14068928225,0.8753716473389616,0.9550000000000001,1.21907281529,0.9500581930404275,0.886913580246913,2.7576243532,0.6756806462763485,0.0,0.0,0.0
17,2877,0.635,3.59006192795,0.22280786417474913,0.75,3.08004872477,0.8055395897497624,0.748454004225081,2.18048565647,0.08187686641902939,0.6875,3.34011669703,0.549195249370671,0.635,3.19758941595,0.5679116199763042,0.6725,3.19553805191,0.4409640944533758,0.8075000000000001,3.86876575332,0.5536727034802382,0.845432098765432,3.20221384799,0.5527552005574616,1.0,5.0,0.5
17,2958,0.65,3.91802891902,0.27914698012255307,0.59,2.69155662434,0.21947484500131648,0.8905703860188201,4.56333320674,0.7101071211330832,0.6825,3.29607884697,0.5326044425444194,0.7475,1.76794260649,0.8585764167126553,0.5325,1.55142481992,0.0990838130224768,0.8775000000000001,2.9141690376,0.7965729486382345,0.9797530864197531,2.03579311787,0.9444920335107837,0.0,0.0,0.0
17,4771,0.705,4.63566273817,0.5204142297963382,0.635,3.73998343081,0.3646442499447731,0.7637795275590551,2.82613256677,0.12023477351462379,0.6025,2.86871639597,0.28762701693219256,0.5175000000000001,2.60999445608,0.1996026265089378,0.705,3.28964177893,0.5468565106566906,0.8975000000000001,2.39932139487,0.8498539225773059,0.79753086419753,3.20904771341,0.3941356686792039,1.0,5.0,0.5
17,4778,0.6875,4.56759769897,0.4395972533716972,0.7125,3.77200374844,0.6768670523674805,0.594814672556174,0.010772841882,0.0001559753064286502,0.7875000000000001,2.12472645904,0.8653745744186107,0.6575000000000001,3.01889931607,0.6379782442540651,0.774999999999999,2.86993139141,0.7677415039890412,0.9400000000000001,1.45969733117,0.9299692188565922,0.941234567901234,3.24258972132,0.8359697184733703,1.0,5.0,0.5
17,4801,0.735,4.36498638591,0.6563914956979696,0.625,3.52334408595,0.32830856486123555,0.8214326867678121,4.99030039151,0.34860148920999656,0.7075,3.48385935957,0.6175666312134249,0.6725,2.86415207198,0.6821335742430585,0.64,2.91519967313,0.3412054876706568,0.764999999999999,3.64060290537,0.3902629934798917,0.8103703703703701,3.34642428287,0.43636797737581096,1.0,5.0,0.5
17,4805,0.7725000000000001,3.5771881211,0.8069284173965116,0.74,3.27046698825,0.7737809323189395,0.7753024774342231,3.30348866159,0.15556549167348024,0.7675000000000001,2.76901400015,0.8163430123297347,0.6975,2.55174146353,0.7499686009807451,0.8400000000000001,1.6624788562,0.9182021894662165,0.9125000000000001,2.00639316085,0.8828436794252061,0.940246913580246,3.24223999896,0.832767210128375,0.0,0.0,0.0
17,4819,0.6725,4.36302815006,0.37247372663964007,0.6725,4.17725962833,0.515469236549037,0.8751680430190121,5.11351492506,0.6353835555447674,0.6025,2.86871639597,0.28762701693219256,0.56,3.14421507662,0.3231069401702945,0.715,3.28244059955,0.5797303173899109,0.7225,2.72541822725,0.2546184622352298,0.884444444444444,2.77123085356,0.6688556966902737,0.0,0.0,0.0
17,4977,0.71,4.61985725851,0.5435590656165284,0.725,3.54831464805,0.7226331278222078,0.7945073938928361,4.05711375973,0.2263350635783954,0.64,3.03224562617,0.39919279140227737,0.705,2.44560998,0.7687120671508192,0.685,3.25408811511,0.4813043901534766,0.8500000000000001,3.4035759529,0.709100178591202,0.7970370370370371,3.20096887853,0.39255293996329477,1.0,5.0,0.5
17,5024,0.7000000000000001,4.63636616596,0.49722763292281025,0.6525000000000001,4.03839459565,0.43289511503135536,0.9289802189360471,2.9997812321,0.8549969548202376,0.67,3.1891682988,0.4920833711011895,0.495,2.20563584017,0.14530932701090923,0.7625000000000001,3.01497147524,0.7309252078438166,0.7425,3.16667001132,0.31346468804891575,0.9032098765432091,2.78273309586,0.7205347690700106,1.0,5.0,0.5
17,5041,0.41000000000000003,0.000212599600572,1.8522740827111674e-06,0.454999999999999,0.602815397106,0.01936494122214025,0.7061647781832141,0.747998652595,0.022881951549304225,0.75,3.21408842296,0.763738219501938,0.36250000000000004,0.224521073067,0.006839244725326679,0.47750000000000004,0.769970171177,0.035689111551408484,0.6375000000000001,1.33521891044,0.08470274632892735,0.8246913580246911,3.35533043941,0.48450925332705863,0.0,0.0,0.0
17,5303,0.75,4.11050702167,0.7200430142143156,0.47250000000000003,0.811252653358,0.031749222682057585,0.865603994622623,5.35062284025,0.5852626761628921,0.25,0.0890984903037,0.008166424505084632,0.6950000000000001,2.58589169637,0.7435464292498737,0.5,1.07605812294,0.05638016925934271,0.8600000000000001,3.25530891948,0.7424161285916839,0.78716049382716,2.99751133181,0.36187952598725126,1.0,5.0,0.5
17,5309,0.6975,4.63074589894,0.48564289871763455,0.6900000000000001,4.09173356433,0.5880901872475855,0.8444785865181481,5.46301875758,0.4699931949250217,0.6950000000000001,3.40272851598,0.5744848444673845,0.585,3.28808134286,0.4037825173403947,0.6950000000000001,3.28047597987,0.5139919767766155,0.7675000000000001,3.68330318539,0.39941848902465116,0.9041975308641971,2.79120753649,0.7232872685832384,0.0,0.0,0.0
17,5385,0.6075,2.85119593313,0.133643136900447,0.5875,2.63266440095,0.21281964022564617,0.9020933358939881,4.08713297592,0.7599677850096918,0.7625000000000001,2.91322766873,0.8021326858076429,0.5075000000000001,2.43810891801,0.17435011435632597,0.6000000000000001,2.42826298387,0.23414485686455988,0.8425,3.50144544179,0.6832012348650303,0.9446913580246911,3.23150784907,0.8471651790200511,0.0,0.0,0.0
17,5562,0.8025,2.51495924565,0.8992126907171516,0.774999999999999,2.53781713312,0.8760340321514968,0.256769733051661,1.16863781684e-28,3.981499012726566e-31,0.6875,3.34011669703,0.549195249370671,0.7575000000000001,1.60373101607,0.8754315991621681,0.8200000000000001,2.08910876879,0.8806590218269725,0.9575,1.17827402634,0.9530549816185845,0.9111111111111111,2.87059631058,0.742839856119974,0.0,0.0,0.0
17,5627,0.59,2.24396766719,0.08894198901658121,0.5225000000000001,1.37880996778,0.08621899461336638,0.8681774534280771,5.29702994476,0.5989650445696023,0.6675,3.16969796705,0.4841349782100648,0.5675,3.20107148176,0.34690907269372023,0.66,3.10820233778,0.40153626830820033,0.59,0.675683426812,0.03762387309095035,0.7688888888888881,2.46980188689,0.31173530937493543,1.0,5.0,0.5
17,5729,0.5,0.169701029887,0.0031555364659180685,0.5225000000000001,1.37880996778,0.08621899461336638,0.696216631457653,0.549351900767,0.016474221039992226,0.5,0.970247508438,0.09545172247864665,0.41000000000000003,0.675327984383,0.0268756583815289,0.545,1.72693078974,0.1195818179872252,0.6375000000000001,1.33521891044,0.08470274632892735,0.826172839506172,3.34960036427,0.48947599551481635,0.0,0.0,0.0
17,7055,0.54,0.704176650946,0.018891237233740945,0.47250000000000003,0.811252653358,0.031749222682057585,0.8713654695602071,5.21987308204,0.6157321346831715,0.8075000000000001,1.52207207238,0.9016264439819561,0.464999999999999,1.6108061029,0.08801931221775114,0.5675,2.02264262092,0.16180943900199313,0.6375000000000001,1.33521891044,0.08470274632892735,0.7412345679012341,1.71218650617,0.25464153456429545,0.0,0.0,0.0
17,7341,0.7000000000000001,4.63636616596,0.49722763292281025,0.6125,3.23036891705,0.2860819995448209,0.8636835029767621,5.38528440318,0.5749528214406847,0.5,0.970247508438,0.09545172247864665,0.6025,3.31148589244,0.4616204171549758,0.754999999999999,3.085778379,0.708039955323186,0.7675000000000001,3.68330318539,0.39941848902465116,0.8864197530864191,2.76003232485,0.6743182685549107,0.0,0.0,0.0
17,7342,0.5875,2.1523986483,0.08344645284048223,0.545,1.72851434279,0.12097777177726825,0.8137507201843671,4.74725153831,0.3111822971855017,0.59,2.69963053981,0.25274090314212094,0.52,2.65060902567,0.20617859007029501,0.56,1.92665997385,0.1469982377152254,0.847499999999999,3.43713669307,0.7005490607191809,0.9061728395061721,2.81043356449,0.7288192627020226,1.0,5.0,0.5
17,7343,0.7075,4.62957092123,0.5319965440809833,0.6875,4.11480291229,0.5778313411001399,0.8559631265603991,5.47599032231,0.5329751949475487,0.6325000000000001,3.01532875354,0.37651658952246775,0.665,2.94476908801,0.6603461707335069,0.715,3.28244059955,0.5797303173899109,0.9125000000000001,2.00639316085,0.8828436794252061,0.9619753086419751,2.85910609872,0.9005672331645862,0.0,0.0,0.0
17,7588,0.6950000000000001,4.62105164081,0.47407729963537065,0.6725,4.17725962833,0.515469236549037,0.8559631265603991,5.47599032231,0.5329751949475487,0.6025,2.86871639597,0.28762701693219256,0.845,0.621085827973,0.9660747468382936,0.6175,2.64771540745,0.2785610949440838,0.8150000000000001,3.80954052148,0.5824781905394887,0.958024691358024,2.99062101767,0.8890038737265846,1.0,5.0,0.5
17,7599,0.6000000000000001,2.60121446888,0.11318444371556828,0.5625,2.07127391524,0.15414544896656732,0.8646437487996921,5.36853523384,0.5801160704188701,0.75,3.21408842296,0.763738219501938,0.5325,2.83769777626,0.24050920028101364,0.5675,2.02264262092,0.16180943900199313,0.9500000000000001,1.29941046159,0.9437614166429316,0.9456790123456791,3.2246487375,0.8503535436468077,1.0,5.0,0.5
17,7903,0.68,4.47971609324,0.4056497083556635,0.6425000000000001,3.88361495717,0.3932451647971476,0.8857307470712501,4.75207264974,0.68756126941377,0.75,3.21408842296,0.763738219501938,0.5375,2.90454914483,0.25486679634304055,0.645,2.96869463496,0.3559164702041542,0.64,1.37336807786,0.08808845628227947,0.6716049382716051,1.15055721498,0.16092522265335923,1.0,5.0,0.5
17,8207,0.6975,4.63074589894,0.48564289871763455,0.7375,3.3171807469,0.7655463258996872,0.8859612060687531,4.74333909741,0.6886554215005091,0.6625,3.13378966284,0.4683780673362966,0.54,2.93617549426,0.262167955094876,0.6575000000000001,3.08741685147,0.3937915236682321,0.7775000000000001,3.82108077781,0.43698737187462294,0.7046913580246911,1.29896314546,0.2012889457856285,0.0,0.0,0.0
17,8290,0.77,3.64747777127,0.7978969533612985,0.7825000000000001,2.34596703502,0.8943574607983678,0.783022853850585,3.61318064179,0.18227090422565068,0.8925000000000001,0.427301415252,0.9740412607371448,0.75,1.72656232775,0.8629445174830463,0.8325,1.82418304955,0.9051269104273489,0.8300000000000001,3.6516007323,0.6384816732063414,0.8898765432098761,2.74670227316,0.6838336775132529,0.0,0.0,0.0
17,8961,0.6625,4.17636819351,0.3297540487614933,0.6325000000000001,3.68807206208,0.3553588156568464,0.73309007105819,1.56805329395,0.05316541016179091,0.535,1.47725921162,0.13739144047605067,0.5325,2.83769777626,0.24050920028101364,0.6025,2.4596058281,0.240254682849355,0.9075000000000001,2.13220166603,0.872500168664598,0.835555555555555,3.29240586866,0.5206619824988516,0.0,0.0,0.0
17,9191,0.685,4.54191665535,0.42820957337635607,0.605,3.05017277913,0.26252931330872603,0.8905319761859031,4.56486983845,0.7099318147544884,0.5825,2.56090791871,0.2329977841891097,0.5925,3.3058189772,0.42851693452518475,0.63,2.80047104361,0.3126196543104707,0.6825,2.02554585036,0.16030879799622308,0.28098765432098705,0.0537446833776,0.0206681109988082,0.0,0.0,0.0
17,9518,0.7000000000000001,4.63636616596,0.49722763292281025,0.625,3.52334408595,0.32830856486123555,0.8706740925676971,5.23757697052,0.6121170842965884,0.75,3.21408842296,0.763738219501938,0.675,2.8358921874,0.6892587718610105,0.725,3.25920273351,0.6124519549636176,0.8500000000000001,3.4035759529,0.709100178591202,0.919012345679012,2.99253161488,0.765988253788908,1.0,5.0,0.5
17,10630,0.7275,4.46655984717,0.6232619836558355,0.6675,4.16637454558,0.4946033294302833,0.6800845016324181,0.33026396328,0.009529322098962208,0.58,2.50928230837,0.22665953982579334,0.7075,2.40904723981,0.7747805085550662,0.7225,3.26652550794,0.6042945823591064,0.867499999999999,3.12370158398,0.7663502027242635,0.7698765432098761,2.50072325463,0.3141898933320645,1.0,5.0,0.5
17,10672,0.6075,2.85119593313,0.133643136900447,0.535,1.55993825575,0.10455337155382058,0.8137507201843671,4.74725153831,0.3111822971855017,-0.25,1.86005220152e-07,3.5857242998164015e-09,0.5,2.30059944849,0.15657588196609973,0.6425000000000001,2.9423212035,0.348527538365732,0.9275,1.67935500408,0.9103872917430018,0.72395061728395,1.44742248332,0.2275777463852259,0.0,0.0,0.0
17,11039,0.735,4.36498638591,0.6563914956979696,0.7625000000000001,2.82526694951,0.8424744887171502,0.7560975609756091,2.50186480455,0.09976883531416686,0.715,3.50889897439,0.6438033011105022,0.72,2.21817777664,0.8037139384231239,0.8425,1.60860844227,0.9222910254837342,0.8125,3.83133975536,0.5729267102685031,0.0,0.0523214686416,0.006338222167054715,1.0,5.0,0.5
17,11140,0.6975,4.63074589894,0.48564289871763455,0.5775,2.40113788239,0.1876565780174132,0.865565584789706,5.35136144172,0.585057145442952,0.5275000000000001,1.34116229498,0.1268330898035468,0.55,3.0503290592,0.29211711675173463,0.6325000000000001,2.82996278754,0.31965779353680007,0.7825000000000001,3.86752155968,0.4562154846556816,0.245432098765432,0.054624068831,0.018736423961806636,1.0,5.0,0.5
17,11230,0.74,4.28768813617,0.6780262728776565,0.6725,4.17725962833,0.515469236549037,0.7756865757633951,3.31910614728,0.1568373561579262,0.6825,3.29607884697,0.5326044425444194,0.6125,3.29717007539,0.4946799992627967,0.6950000000000001,3.28047597987,0.5139919767766155,0.8975000000000001,2.39932139487,0.8498539225773059,0.8301234567901231,3.32960235436,0.5026716375894811,1.0,5.0,0.5
17,11275,0.8225,1.71598512843,0.94144247695086,0.7875000000000001,2.21013386955,0.9057502137831828,0.45938160169003206,5.83074884638e-09,3.69686255930173e-11,0.8250000000000001,1.13347593817,0.9246483820678517,0.8200000000000001,0.811010630842,0.9482666880657074,0.8775000000000001,0.904660400541,0.9658905523980403,0.8775000000000001,2.9141690376,0.7965729486382345,0.8740740740740741,2.86325953963,0.6396814574325216,1.0,5.0,0.5
17,12534,0.665,4.22543584986,0.3402565670645117,0.6475000000000001,3.96699162146,0.4128763117550581,0.8021893604762821,4.34232077789,0.25860371711028923,0.6900000000000001,3.36165042848,0.557572560567323,0.5625,3.16446586655,0.3309930612880583,0.6525000000000001,3.04275863774,0.378464412168247,0.735,2.99630047088,0.2903550348544249,0.895308641975308,2.74381472451,0.6987356893394143,0.0,0.0,0.0
17,14112,0.754999999999999,4.00967493795,0.7403471354427791,0.75,3.08004872477,0.8055395897497624,0.777222969080084,3.38136046683,0.16198467663928384,0.715,3.50889897439,0.6438033011105022,0.705,2.44560998,0.7687120671508192,0.77,2.93205811161,0.7532342401221355,0.8174999999999991,3.78605347267,0.5919730067538911,0.869135802469135,2.92018444576,0.6254035607855084,0.0,0.0,0.0
17,15812,0.62,3.21995833938,0.17165268109026705,0.5750000000000001,2.34448607172,0.1817246656081968,0.7657384290378331,2.9083145875,0.12585143473516167,0.5475,1.74104245071,0.15746041239617636,0.5,2.30059944849,0.15657588196609973,0.5675,2.02264262092,0.16180943900199313,0.7125,2.52815577949,0.2283662123533541,0.8222222222222221,3.36249855663,0.47621500256085236,1.0,5.0,0.5
17,15877,0.545,0.812687607616,0.022678745851257738,0.47000000000000003,0.782090757066,0.029757479236959497,0.9789130017284421,1.26698344983,0.9598639552023434,0.375,0.268396889579,0.027942201886827597,0.4325,1.01095647238,0.0457007472098436,0.43999999999999906,0.382101818189,0.014630870380981082,0.764999999999999,3.64060290537,0.3902629934798917,0.741728395061728,1.72233674536,0.25548955875527013,1.0,5.0,0.5
17,15878,0.75,4.11050702167,0.7200430142143156,0.6975,4.00464025709,0.6184672673485376,0.769541002496639,3.06677683234,0.13721228940542135,0.6925,3.38259040235,0.5660030068311686,0.65,3.08612467499,0.6150799325017319,0.7025,3.28891208737,0.5386331046356925,0.8,3.90528123178,0.5245035271339815,0.8696296296296291,2.91427018603,0.6268441652680009,0.0,0.0,0.0
17,16373,0.6925,4.60726728261,0.46254105022687053,0.6925,4.06552990907,0.5982873965229651,0.880929517956596,4.92671145889,0.6643203345057018,0.6675,3.16969796705,0.4841349782100648,0.5975,3.31119637083,0.4450616076166688,0.65,3.01896680722,0.37088705996252724,0.7000000000000001,2.30616993365,0.19817719798286673,0.6641975308641971,1.12278107767,0.15250550608460128,1.0,5.0,0.5
17,17703,0.605,2.77006179099,0.12661607827437293,0.635,3.73998343081,0.3646442499447731,0.9251008258114071,3.14944759293,0.843070117236649,0.0,0.00223743759592,7.877399629180041e-05,0.42750000000000005,0.929745780692,0.04085048906273489,0.76,3.03989961208,0.7233563397939579,0.595,0.735393500522,0.041150254907047115,0.9827160493827161,1.88129163117,0.9502951943794209,1.0,5.0,0.5
17,17743,0.665,4.22543584986,0.3402565670645117,0.6725,4.17725962833,0.515469236549037,0.8367966199347031,5.36210939995,0.4283706553306216,0.5,0.970247508438,0.09545172247864665,0.6625,2.97021788319,0.6529522857000488,0.6825,3.24468641878,0.47318068407039005,0.784999999999999,3.88473149016,0.46590664388245107,0.8755555555555551,2.84740950202,0.6439114977637868,0.0,0.0,0.0
17,17938,0.4375,0.00309460174275,3.279489475748141e-05,0.3125,0.00023829500569,2.393131351169382e-06,0.9558671019781061,2.01759779154,0.9222525435814959,0.5,0.970247508438,0.09545172247864665,0.4575,1.46386084225,0.07649138003646727,0.262499999999999,0.000353624761041,5.079272518256543e-06,0.7125,2.52815577949,0.2283662123533541,0.908148148148148,2.83254414786,0.7343921165391225,1.0,5.0,0.5
17,17979,0.7325,4.40082220452,0.6454338366884154,0.6525000000000001,4.03839459565,0.43289511503135536,0.87866333781448,5.00351699271,0.6530677338891812,0.7125,3.50304811444,0.6350378081572604,0.49,2.10860066664,0.1345229777632712,0.6825,3.24468641878,0.47318068407039005,0.6775,1.94841764474,0.15037415325574066,0.752592592592592,1.98269308237,0.27555332642665753,1.0,5.0,0.5
17,18166,0.64,3.70206662691,0.2410397262511179,0.5875,2.63266440095,0.21281964022564617,0.8275398502016511,5.16028147845,0.3796095593695725,0.6125,2.94863307761,0.3167510016967344,0.5625,3.16446586655,0.3309930612880583,0.6625,3.12791321323,0.4093316397013098,0.8825000000000001,2.79494828282,0.8108494310741061,0.997037037037037,1.17646595881,0.9720542914593441,0.0,0.0,0.0
17,18246,0.7525000000000001,4.06119078235,0.7302580828791952,0.784999999999999,2.278800874,0.9001387423281815,0.9107355483003641,3.72632066043,0.7937265305363458,0.774999999999999,2.53506735352,0.8362440589250928,0.77,1.4070219792,0.8942355738359935,0.78,2.80232573694,0.7819244185577194,0.8725,3.02395154852,0.7817235216485365,0.9624691358024691,2.84092934288,0.9019746644804153,1.0,5.0,0.5
17,18248,0.8625,0.586261583749,0.9847427484344874,0.7475,3.12839254275,0.7977789068723631,0.9520261186863831,2.15260164692,0.9142443428256615,0.9175000000000001,0.254256332648,0.98244545247095,0.8174999999999991,0.832947093013,0.9462118841228693,0.7725000000000001,2.9016818197,0.7605267013748505,0.9075000000000001,2.13220166603,0.872500168664598,0.8562962962962961,3.07887189318,0.5868925111956849,0.0,0.0,0.0
17,18270,0.7425,4.2462612769,0.6886940967216042,0.6775,4.17187029256,0.5363487734399082,0.779181870558863,3.4602262054,0.1686857676101564,0.645,3.04671960604,0.414388710965959,0.6275000000000001,3.24048795845,0.543763115227096,0.764999999999999,2.98869608211,0.7384300743690297,0.7925000000000001,3.91221133849,0.49516762432500755,0.9501234567901231,3.17232413184,0.8645822230409257,1.0,5.0,0.5
17,18297,0.745,4.20295934444,0.6992560174172405,0.745,3.17616791192,0.7898981004771284,0.7647397733819851,2.8664581986,0.1229679226364433,0.75,3.21408842296,0.763738219501938,0.7275,2.09820301971,0.8199025117940517,0.7525000000000001,3.10676768924,0.7002990055959594,0.8525,3.36882418463,0.7175659483524467,0.853333333333333,3.11436562611,0.5777170762979087,0.0,0.0,0.0
17,18311,0.58,1.87802895487,0.06833439828903005,0.382499999999999,0.04315616202,0.0006880278236698798,0.814518916842711,4.77271333293,0.3148389140685528,0.75,3.21408842296,0.763738219501938,0.41750000000000004,0.778509104917,0.032321959191103734,0.42000000000000004,0.24482124752,0.008436391121654074,0.8300000000000001,3.6516007323,0.6384816732063414,0.838024691358024,3.27232359912,0.5287669612806604,1.0,5.0,0.5
17,18312,0.6525000000000001,3.97087247231,0.2890081978154445,0.48250000000000004,0.924607720421,0.040432978063546156,0.9389667754945261,2.62478283848,0.8830706423832806,1.0,0.0710751323855,0.9929859385306534,0.48250000000000004,1.9602930509,0.11926299566370206,0.5275000000000001,1.47919762794,0.0915068534426218,0.9025000000000001,2.26405243034,0.8615115506282924,0.7891358024691351,3.04425750452,0.36784716572344056,1.0,5.0,0.5
17,18319,0.48250000000000004,0.0721145762988,0.001130184096134143,0.485,0.952146312117,0.04277897995364967,0.9348185135394661,2.77891314412,0.8718634145388106,0.47750000000000004,0.761792073855,0.07607355628876258,0.615,3.29057568658,0.5029149272598457,0.53,1.51543229658,0.09525018808865729,0.7525000000000001,3.3910300714,0.3462618997710978,0.8538271604938271,3.10852795026,0.5792535946243366,0.0,0.0,0.0
17,18392,0.5975,2.51392446052,0.10679016539969613,0.5775,2.40113788239,0.1876565780174132,0.812944113693105,4.7202819413,0.30736399440548823,0.5775,2.45535695,0.22045328987641513,0.52,2.65060902567,0.20617859007029501,0.595,2.36574087184,0.22215994396274485,0.725,2.77763036499,0.26149704078655334,0.655308641975308,1.08777328846,0.14267801384811257,1.0,5.0,0.5
17,18476,0.784999999999999,3.17990764448,0.8492393314336952,0.7075,3.85588241442,0.6577953594118919,0.8598041098521221,5.44078809024,0.5539471489395682,0.75,3.21408842296,0.763738219501938,0.6875,2.68453694408,0.7237787213211917,0.73,3.24146695319,0.628705361954496,0.8925000000000001,2.53494534947,0.8375177403957483,0.8730864197530861,2.87418736839,0.6368481725354465,1.0,5.0,0.5
17,18739,0.745,4.20295934444,0.6992560174172405,0.6925,4.06552990907,0.5982873965229651,0.869829076243518,5.25849524343,0.6076823517930229,0.6875,3.34011669703,0.549195249370671,0.5875,3.29529085917,0.4120120035309621,0.754999999999999,3.085778379,0.708039955323186,0.847499999999999,3.43713669307,0.7005490607191809,0.7308641975308641,1.5334084526,0.2378682384184229,0.0,0.0,0.0
17,18763,0.5825,1.96905987294,0.0731431074135439,0.29250000000000004,3.2363409371e-05,2.927063760713615e-07,0.928596120606875,3.01449054901,0.8538419196943254,-0.25,1.86005220152e-07,3.5857242998164015e-09,0.5,2.30059944849,0.15657588196609973,0.29250000000000004,0.00213540626994,3.552123148299348e-05,0.9575,1.17827402634,0.9530549816185845,0.955555555555555,3.05946112864,0.8815324416216777,1.0,5.0,0.5
17,19718,0.9225000000000001,0.0487185346912,0.9992564845718501,0.6925,4.06552990907,0.5982873965229651,0.640868062223929,0.0935703938726,0.0020837435791173312,0.875,0.570437333406,0.9653236411405888,0.635,3.19758941595,0.5679116199763042,0.77,2.93205811161,0.7532342401221355,0.905,2.19752156806,0.8670883009731292,0.8444444444444441,3.21232913974,0.5495875071874583,0.0,0.0,0.0
17,19745,0.8925000000000001,0.204679957764,0.9958673125628046,0.857499999999999,0.399829759766,0.9914886971959134,0.6714038793931241,0.251866284245,0.007018577501077288,-0.25,1.86005220152e-07,3.5857242998164015e-09,0.625,3.2527124595,0.5356463923313426,0.857499999999999,1.29134448071,0.9440231942925118,0.857499999999999,3.29490376958,0.7342279608211013,0.6167901234567901,0.846226222195,0.10492908288820679,1.0,5.0,0.5
17,20639,0.5275000000000001,0.478897295491,0.011562090655248818,0.4425,0.455737172305,0.01275756923732269,0.864298060303437,5.37469985954,0.5782591596715188,0.5825,2.56090791871,0.2329977841891097,0.3375,0.106887018429,0.0028357202027968695,0.41500000000000004,0.217190764731,0.007282393487474967,0.81,3.85117566093,0.5633231276755966,0.972345679012345,2.41139476507,0.9280052868530941,1.0,5.0,0.5
17,25302,0.5125000000000001,0.282761853698,0.005940667473903922,0.48750000000000004,0.979421785238,0.045193489998127175,0.7191088918763201,1.09203840348,0.03468445141737881,0.5,0.970247508438,0.09545172247864665,0.39,0.44405996393,0.015787715636488668,0.5625,1.95889276986,0.15185523287329325,0.725,2.77763036499,0.26149704078655334,0.925925925925925,3.10510446972,0.7870707815211209,0.0,0.0,0.0
17,27972,0.7525000000000001,4.06119078235,0.7302580828791952,0.7025,3.93408262424,0.638317681495546,0.850240061455732,5.49139035877,0.5015705666428877,0.6675,3.16969796705,0.4841349782100648,0.6675,2.91860059187,0.6676755314334832,0.7775000000000001,2.8368101264,0.7748752158452656,0.827499999999999,3.68010886312,0.6293169138551051,0.779753086419753,2.79999459006,0.3403875456392793,0.0,0.0,0.0
17,28024,1.0,7.49388291335e-05,0.9999993691749214,0.899999999999999,0.0515394061543,0.9992119734324466,0.658382946034184,0.16773169105,0.004322320469790647,0.9175000000000001,0.254256332648,0.98244545247095,1.0,0.00766789103897,0.99986731478321,0.8500000000000001,1.44822751514,0.9337526311711061,1.0,0.47188072535,0.9877857355139097,0.8562962962962961,3.07887189318,0.5868925111956849,1.0,5.0,0.5
17,28466,0.665,4.22543584986,0.3402565670645117,0.68,4.16321403227,0.5467684409224055,0.7730362972921061,3.21091737112,0.1481839460760456,0.61,2.9327462315,0.3093987611829108,0.5875,3.29529085917,0.4120120035309621,0.68,3.23413752551,0.4650819141309599,0.9575,1.17827402634,0.9530549816185845,0.9456790123456791,3.2246487375,0.8503535436468077,1.0,5.0,0.5
17,28484,0.6375000000000001,3.64652627828,0.23185381236992203,0.625,3.52334408595,0.32830856486123555,0.8394468984059921,5.4045161451,0.4426396112494444,0.605,2.89297983108,0.2948297731402083,0.61,3.30257528219,0.48643006790973,0.5675,2.02264262092,0.16180943900199313,0.8600000000000001,3.25530891948,0.7424161285916839,0.9358024691358021,3.22331027669,0.8183892901273081,1.0,5.0,0.5
17,28512,0.764999999999999,3.77914220042,0.7793255417606468,0.6775,4.17187029256,0.5363487734399082,0.814518916842711,4.77271333293,0.3148389140685528,0.827499999999999,1.08967947222,0.9274267571676174,0.635,3.19758941595,0.5679116199763042,0.725,3.25920273351,0.6124519549636176,0.7525000000000001,3.3910300714,0.3462618997710978,0.9906172839506171,1.47790872776,0.9635510848417093,0.0,0.0,0.0
17,28570,0.4625,0.0213176985592,0.0002777422250596776,0.5,1.11406146795,0.05827845235244234,0.957787593623967,1.95087394107,0.9260631636885261,0.7225,3.50880428923,0.6701372541049903,0.4325,1.01095647238,0.0457007472098436,0.47500000000000003,0.73883407721,0.03380324820705737,0.6375000000000001,1.33521891044,0.08470274632892735,0.7214814814814811,1.42205020776,0.22403570544103746,0.0,0.0,0.0
17,28894,0.6475000000000001,3.86476056444,0.2694184057637104,0.62,3.40805291379,0.31097866387607354,0.9097753024774341,3.76607089873,0.7901292712665722,0.5,0.970247508438,0.09545172247864665,0.459999999999999,1.51246485173,0.08021169827832256,0.67,3.18034876912,0.4329939947203134,0.705,2.3920582557,0.20992132510289357,0.7851851851851851,2.94806506113,0.3560069240901904,1.0,5.0,0.5
17,29183,0.6900000000000001,4.58942320979,0.4510443476536762,0.635,3.73998343081,0.3646442499447731,0.8598041098521221,5.44078809024,0.5539471489395682,0.5825,2.56090791871,0.2329977841891097,0.5825,3.27956973185,0.39557268192330625,0.6475000000000001,2.99426159752,0.3633703393971859,0.8225,3.73504114557,0.6107777200317022,0.84,3.25499729876,0.5352138747586641,1.0,5.0,0.5
17,29184,0.62,3.21995833938,0.17165268109026705,0.5700000000000001,2.23301209624,0.17028199940374586,0.8626848473209141,5.40145139178,0.5695665971147165,0.5375,1.52643891399,0.1411456692196602,0.449999999999999,1.32099397781,0.06605118716259742,0.5725,2.08562648722,0.17208038133766063,0.774999999999999,3.79201821755,0.42747020764704396,0.8222222222222221,3.36249855663,0.47621500256085236,1.0,5.0,0.5
17,29229,0.36750000000000005,1.04232587273e-06,7.0713188202233095e-09,0.34750000000000003,0.00452577625431,5.605406584185334e-05,0.846360668331092,5.47698542395,0.48028888609907183,0.4375,0.501100102191,0.051213782980197825,0.3075,0.0367555891485,0.0008315948374130795,0.34750000000000003,0.027448858914,0.0006197464713486047,0.7725000000000001,3.7592408931,0.41803037745300947,0.8493827160493821,3.15971200984,0.5653229984084736,0.0,0.0,0.0
17,29338,0.7000000000000001,4.63636616596,0.49722763292281025,0.6525000000000001,4.03839459565,0.43289511503135536,0.9519877088534661,2.1539614379,0.9141616356419858,-0.25,1.86005220152e-07,3.5857242998164015e-09,0.62,3.27389788177,0.5193280264966333,0.6900000000000001,3.26949708705,0.49761522407218506,0.615,1.00168031079,0.0584554770904517,0.602962962962962,0.740417055444,0.0939681032145072,1.0,5.0,0.5
17,29381,0.625,3.3507238535,0.1880830137399127,0.595,2.81027115871,0.2332289425822287,0.7350105627040521,1.64055378379,0.05624622786945194,0.5325,1.42998349214,0.133757785788791,0.55,3.0503290592,0.29211711675173463,0.67,3.18034876912,0.4329939947203134,0.66,1.68028211079,0.11862341774695241,0.5051851851851851,0.299943819786,0.04616245806674244,1.0,5.0,0.5
17,29764,0.7425,4.2462612769,0.6886940967216042,0.68,4.16321403227,0.5467684409224055,0.8482811599769541,5.48657543661,0.49081736281574595,0.6000000000000001,2.84134164241,0.28048878514098075,0.5875,3.29529085917,0.4120120035309621,0.7225,3.26652550794,0.6042945823591064,0.774999999999999,3.79201821755,0.42747020764704396,0.829629629629629,3.33245300933,0.5010266817260064,1.0,5.0,0.5
17,30094,0.675,4.40466363257,0.38343385872162006,0.62,3.40805291379,0.31097866387607354,0.91937776070674,3.37496810812,0.8244030571032173,0.625,2.99840911974,0.35396273045933213,0.5825,3.27956973185,0.39557268192330625,0.5625,1.95889276986,0.15185523287329325,0.63,1.22166778234,0.07511540807872227,0.8212345679012341,3.36447685419,0.4728929959911793,0.0,0.0,0.0
17,31557,0.725,4.49625335475,0.6120580039577528,0.5575,1.96785788618,0.14404923866252958,0.7937776070674091,4.02950630223,0.22338430408429472,1.0,0.0710751323855,0.9929859385306534,0.5825,3.27956973185,0.39557268192330625,0.7925000000000001,2.6100485579,0.815785543292821,0.9275,1.67935500408,0.9103872917430018,0.8627160493827161,2.99937755447,0.6064041373561053,1.0,5.0,0.5
17,32060,0.65,3.91802891902,0.27914698012255307,0.65,4.00429454914,0.42284106569241103,0.8214326867678121,4.99030039151,0.34860148920999656,0.75,3.21408842296,0.763738219501938,0.5625,3.16446586655,0.3309930612880583,0.55,1.79481198449,0.12838674217914706,1.0,0.47188072535,0.9877857355139097,0.9476543209876541,3.20578531671,0.85670573080594,1.0,5.0,0.5
17,38608,0.7275,4.46655984717,0.6232619836558355,0.74,3.27046698825,0.7737809323189395,0.9289802189360471,2.9997812321,0.8549969548202376,0.75,3.21408842296,0.763738219501938,0.764999999999999,1.48415257268,0.8870086225409559,0.67,3.18034876912,0.4329939947203134,0.7875000000000001,3.89789346331,0.4756357675940567,0.802469135802469,3.27832045423,0.4101624886535186,0.0,0.0,0.0
17,38649,0.7925000000000001,2.90728667525,0.8720806140488104,0.7525000000000001,3.03101014283,0.8131785716837042,0.8565776838870751,5.47169814169,0.5363392122685637,0.8225,1.18006495019,0.9217570496957361,0.867499999999999,0.47345799361,0.9783695246156268,0.78,2.80232573694,0.7819244185577194,0.7575000000000001,3.49685489829,0.36348424264235035,0.811851851851851,3.35366837228,0.4413312128102455,0.0,0.0,0.0
17,39144,0.6425000000000001,3.75686192597,0.25036352555253827,0.5575,1.96785788618,0.14404923866252958,0.9097753024774341,3.76607089873,0.7901292712665722,0.6675,3.16969796705,0.4841349782100648,0.5,2.30059944849,0.15657588196609973,0.63,2.80047104361,0.3126196543104707,0.655,1.60353345635,0.1104138348402714,0.6666666666666661,1.13204274264,0.1552892539030898,0.0,0.0,0.0
17,39247,0.5750000000000001,1.69902143336,0.05939384570083258,0.65,4.00429454914,0.42284106569241103,0.8508162089494911,5.49183783737,0.5047345676130631,0.5175000000000001,1.18541975152,0.11422347684336338,0.595,3.30914810192,0.4367859110145629,0.5525,1.82824715005,0.13291563508578932,0.847499999999999,3.43713669307,0.7005490607191809,0.9037037037037031,2.78687347584,0.7219099725565636,0.0,0.0,0.0
17,39495,0.764999999999999,3.77914220042,0.7793255417606468,0.7225,3.59399111301,0.7137051866722715,0.8521605531015941,5.49115271977,0.512117299106295,0.66,3.11755443777,0.4605641402677897,0.5525,3.07572147882,0.29977494503964575,0.6900000000000001,3.26949708705,0.49761522407218506,0.75,3.33606735084,0.3378527979891551,0.87358024691358,2.86868971068,0.6382661641712157,1.0,5.0,0.5
17,39581,0.735,4.36498638591,0.6563914956979696,0.6175,3.34930647501,0.30253183965678376,0.8943729594776261,4.4089197957,0.7271672763807078,-0.25,1.86005220152e-07,3.5857242998164015e-09,0.47000000000000003,1.7102519885,0.09632160195901665,0.6675,3.16400607774,0.42506331191732083,0.9575,1.17827402634,0.9530549816185845,0.8029629629629621,3.28409667247,0.41178284712209073,1.0,5.0,0.5
17,40799,0.735,4.36498638591,0.6563914956979696,0.68,4.16321403227,0.5467684409224055,0.8536969464182831,5.48738646598,0.5205513849126315,0.75,3.21408842296,0.763738219501938,0.5725,3.23246408956,0.3629950871782552,0.6225,2.70964002807,0.2919548167253231,0.9550000000000001,1.21907281529,0.9500581930404275,0.96395061728395,2.78423833072,0.9061418488582675,1.0,5.0,0.5
17,40956,0.7825000000000001,3.26538401058,0.8411821148715545,0.625,3.52334408595,0.32830856486123555,0.988937968119838,0.988659496684,0.9711399703889814,-0.25,1.86005220152e-07,3.5857242998164015e-09,0.6575000000000001,3.01889931607,0.6379782442540651,0.72,3.2728343812,0.5961201722560691,0.595,0.735393500522,0.041150254907047115,0.6474074074074071,1.05174505769,0.13422150250400328,1.0,5.0,0.5
17,41042,0.5425,0.757036423009,0.020717179446727726,0.34750000000000003,0.00452577625431,5.605406584185334e-05,0.9097753024774341,3.76607089873,0.7901292712665722,-0.25,1.86005220152e-07,3.5857242998164015e-09,0.515,2.56839503221,0.1931294385861579,0.444999999999999,0.423709287381,0.016644120895467646,0.8325,3.62254913387,0.6475744658319545,0.8207407407407401,3.36526578285,0.471231325564894,1.0,5.0,0.5
17,41069,0.827499999999999,1.53105004662,0.9495559217399643,0.8525,0.481758047047,0.9892890732583799,0.6005377376608411,0.015062318733,0.00022934656113669376,0.7725000000000001,2.61489364843,0.8298062930629894,0.8025,0.980625551628,0.9326464457099798,0.845,1.55488951809,0.9262453579407118,0.81,3.85117566093,0.5633231276755966,0.810864197530864,3.34902278165,0.43802118181644634,0.0,0.0,0.0
17,41615,0.919999999999999,0.0559871701314,0.9991257707394743,0.7425,3.22349158193,0.7818984433580803,0.820741309775302,4.96960577486,0.34515844896890996,0.9675,0.0977584826506,0.9903037580487917,0.81,0.903148022172,0.939705815918694,0.847499999999999,1.50140269925,0.9300656665254761,0.8775000000000001,2.9141690376,0.7965729486382345,0.544691358024691,0.437847179375,0.060641607780788594,1.0,5.0,0.5
17,41703,0.6925,4.60726728261,0.46254105022687053,0.735,3.3636994751,0.75719519047561,0.7849433454964471,3.68881557916,0.18928270550148305,0.6975,3.4218528726,0.5830158047103438,0.685,2.71612838803,0.717027753846651,0.7875000000000001,2.69083955462,0.8025312310036881,0.77,3.72293075377,0.40867694812460964,0.7925925925925921,3.11902292183,0.37850241802082485,1.0,5.0,0.5
17,41708,0.6725,4.36302815006,0.37247372663964007,0.645,3.92669250627,0.40300860471538835,0.784904935663529,3.6873083842,0.1891410476562568,0.6775,3.25204635158,0.5162344461823488,0.51,2.48240713138,0.18050093227885985,0.735,3.21950229553,0.644859578502341,0.665,1.75691375452,0.12721645659715447,0.6498765432098761,1.06368913655,0.1368332913008711,1.0,5.0,0.5
17,41851,0.6425000000000001,3.75686192597,0.25036352555253827,0.6000000000000001,2.92994360186,0.24757915674362604,0.9193393508738231,3.3765013862,0.8242733956964525,-0.25,1.86005220152e-07,3.5857242998164015e-09,0.3275,0.0765917783301,0.0019250753657939013,0.635,2.85895736255,0.32676905395416117,0.65,1.52671619563,0.10258820096069261,0.8898765432098761,2.74670227316,0.6838336775132529,1.0,5.0,0.5
17,43759,0.8625,0.586261583749,0.9847427484344874,0.8174999999999991,1.3254038418,0.9589025846326282,0.934741693873631,2.78178814758,0.8716498289363117,0.75,3.21408842296,0.763738219501938,0.7675000000000001,1.4452917251,0.8906703102657166,0.75,3.12648627794,0.6925071758534838,0.6975,2.26443865299,0.19246409051298602,0.7056790123456791,1.30459157953,0.20257464119590923,1.0,5.0,0.5
17,44059,0.6575000000000001,4.07506124532,0.30912397178336254,0.5125000000000001,1.25409284062,0.07306705479197965,0.9020933358939881,4.08713297592,0.7599677850096918,-0.25,1.86005220152e-07,3.5857242998164015e-09,0.5325,2.83769777626,0.24050920028101364,0.605,2.49099004319,0.2464429206485549,0.8225,3.73504114557,0.6107777200317022,0.9565432098765431,3.03320707175,0.8845413088974085,0.0,0.0,0.0
17,44938,0.75,4.11050702167,0.7200430142143156,0.6075,3.11033884044,0.2702299584839797,0.7176877280583821,1.04947096067,0.0331628706327888,0.8125,1.39602793218,0.9089167643381574,0.464999999999999,1.6108061029,0.08801931221775114,0.6425000000000001,2.9423212035,0.348527538365732,0.9275,1.67935500408,0.9103872917430018,0.834567901234567,3.29991476836,0.5174064899477171,1.0,5.0,0.5
17,50703,0.7325,4.40082220452,0.6454338366884154,0.7125,3.77200374844,0.6768670523674805,0.735394661033224,1.65522601302,0.05687917784366228,0.675,3.2304946197,0.5081313650373201,0.645,3.12684196748,0.5995460999018437,0.7000000000000001,3.28715046315,0.5304128101134509,0.74,3.1096527033,0.30561929170850155,0.8562962962962961,3.07887189318,0.5868925111956849,0.0,0.0,0.0
17,50830,0.655,4.02324833792,0.2990009542061308,0.5650000000000001,2.12437177322,0.15938982476734537,0.8275398502016511,5.16028147845,0.3796095593695725,0.6375000000000001,3.02617539608,0.3916198941993762,0.5725,3.23246408956,0.3629950871782552,0.66,3.10820233778,0.40153626830820033,0.81,3.85117566093,0.5633231276755966,0.8967901234567901,2.74715061071,0.70280284667944,0.0,0.0,0.0
17,50921,0.64,3.70206662691,0.2410397262511179,0.5925,2.75077230889,0.22627769291895944,0.8290762435183401,5.1989163691,0.3875676948525226,0.8325,1.00992759952,0.9326715848545535,0.5975,3.31119637083,0.4450616076166688,0.68,3.23413752551,0.4650819141309599,0.7025,2.34868104614,0.2039955901115014,0.9397530864197531,3.24151005971,0.8311662691926138,0.0,0.0,0.0
17,51734,0.6825,4.51255162552,0.4168907412538022,0.6000000000000001,2.92994360186,0.24757915674362604,0.9270213174572691,3.07504579514,0.8490470618147278,0.56,2.03904721769,0.1810626946133131,0.56,3.14421507662,0.3231069401702945,0.7225,3.26652550794,0.6042945823591064,0.7275,2.83092337861,0.2685075155446814,0.8503703703703701,3.14861904908,0.5684382379178519,0.0,0.0,0.0
17,52992,0.71,4.61985725851,0.5435590656165284,0.75,3.08004872477,0.8055395897497624,0.748454004225081,2.18048565647,0.08187686641902939,0.6725,3.20948234048,0.5000815232294736,0.6725,2.86415207198,0.6821335742430585,0.705,3.28964177893,0.5468565106566906,0.8225,3.73504114557,0.6107777200317022,0.928395061728395,3.14168745988,0.7947835386936213,0.0,0.0,0.0
17,54491,0.7775000000000001,3.42741657724,0.824445064642809,0.77,2.65747429646,0.8630430805277768,0.8689456500864221,5.27949935368,0.6030275159458095,0.705,3.47097396295,0.6088726717466748,0.9450000000000001,0.0817294930762,0.9980062023332308,0.7975000000000001,2.52438291282,0.828623588171389,0.9025000000000001,2.26405243034,0.8615115506282924,0.952098765432098,3.13752410508,0.8708153511897437,0.0,0.0,0.0
17,54885,0.68,4.47971609324,0.4056497083556635,0.585,2.57413517152,0.206311220520935,0.945265988092951,2.39461844703,0.8988774234618304,0.625,2.99840911974,0.35396273045933213,0.5625,3.16446586655,0.3309930612880583,0.55,1.79481198449,0.12838674217914706,0.8500000000000001,3.4035759529,0.709100178591202,0.9525925925925921,3.12770504536,0.872362339748197,1.0,5.0,0.5
17,56634,0.8300000000000001,1.44256251878,0.9532723437723931,0.8525,0.481758047047,0.9892890732583799,0.429652391012099,4.4801366536e-11,2.5189265355351456e-13,0.764999999999999,2.84253777978,0.8093280177696065,0.7575000000000001,1.60373101607,0.8754315991621681,0.845,1.55488951809,0.9262453579407118,0.9400000000000001,1.45969733117,0.9299692188565922,0.8646913580246911,2.97472616174,0.612304471144598,0.0,0.0,0.0
17,56758,0.77,3.64747777127,0.7978969533612985,0.7725000000000001,2.59846282174,0.8696133384443743,0.73808334933743,1.75942443685,0.06146907363373635,0.8125,1.39602793218,0.9089167643381574,0.745,1.80943800827,0.8541047085360823,0.8225,2.03695660344,0.8858167147504221,0.68,1.98690261493,0.15529327606048968,0.7827160493827161,2.8827877591,0.3488075875490745,0.0,0.0,0.0
17,56917,0.73,4.43471016704,0.6343890070841817,0.72,3.63933271862,0.70466345052861,0.869444977914346,5.26773725641,0.6056607922599742,0.7325,3.45981570726,0.7050310805611439,0.6575000000000001,3.01889931607,0.6379782442540651,0.77,2.93205811161,0.7532342401221355,0.8300000000000001,3.6516007323,0.6384816732063414,0.829629629629629,3.33245300933,0.5010266817260064,1.0,5.0,0.5
17,56975,0.6975,4.63074589894,0.48564289871763455,0.68,4.16321403227,0.5467684409224055,0.9289802189360471,2.9997812321,0.8549969548202376,0.6000000000000001,2.84134164241,0.28048878514098075,0.7175,2.25734469209,0.798119440858531,0.7325,3.23102263486,0.6367961960036468,0.8,3.90528123178,0.5245035271339815,0.776296296296296,2.69840918922,0.33088278276519034,1.0,5.0,0.5
17,67160,0.774999999999999,3.50384328276,0.815780347148735,0.8150000000000001,1.3989609307,0.95549731525771,0.830036489341271,5.22211162612,0.39257112932210025,0.68,3.27396754432,0.5243919049383432,0.76,1.56342968869,0.8793904682693875,0.8500000000000001,1.44822751514,0.9337526311711061,0.8625,3.21368906978,0.7505028172997805,0.88,2.8046727776,0.6564687319247178,0.0,0.0,0.0
17,67299,0.6775,4.44366014069,0.3944948453026187,0.6775,4.17187029256,0.5363487734399082,0.9328212022277701,2.85392305199,0.8662382415848139,0.5,0.970247508438,0.09545172247864665,0.6625,2.97021788319,0.6529522857000488,0.6825,3.24468641878,0.47318068407039005,0.545,0.294654975962,0.016861926452033806,0.7091358024691351,1.32542431432,0.20711980252943835,1.0,5.0,0.5
17,67423,0.705,4.63566273817,0.5204142297963382,0.6375000000000001,3.79003032762,0.37405717922556375,0.9385442673324371,2.6403840823,0.8819583551349286,0.59,2.69963053981,0.25274090314212094,0.6775,2.80695315521,0.6963124692527058,0.6875,3.26235388743,0.48945017798479507,0.6825,2.02554585036,0.16030879799622308,0.652839506172839,1.07716514976,0.1400051441407889,0.0,0.0,0.0
17,67905,0.7975000000000001,2.71425391049,0.8861376253102724,0.764999999999999,2.77079972211,0.8494698609091342,0.786863837142308,3.76388931124,0.19643922396044816,0.6675,3.16969796705,0.4841349782100648,0.75,1.72656232775,0.8629445174830463,0.8,2.47982476404,0.8348790794123313,0.845,3.46970198052,0.6919153240568707,0.8,3.24630514404,0.40210631803737334,1.0,5.0,0.5
17,68565,0.7175,4.57086177029,0.5780419474770531,0.6950000000000001,4.03641878231,0.6084154135314763,0.8021893604762821,4.34232077789,0.25860371711028923,0.5775,2.45535695,0.22045328987641513,0.665,2.94476908801,0.6603461707335069,0.7575000000000001,3.06349586332,0.715726819765405,0.857499999999999,3.29490376958,0.7342279608211013,0.8958024691358021,2.74472487888,0.7000908760304669,1.0,5.0,0.5
17,68688,0.78,3.34791525691,0.8329148668132893,0.685,4.13452821647,0.5675189599636983,0.8899942385250621,4.58632599907,0.7074713386420728,0.79,2.04329880847,0.8705844101548292,0.62,3.27389788177,0.5193280264966333,0.8025,2.43417977011,0.8410218061749553,0.8075000000000001,3.86876575332,0.5536727034802382,0.883456790123456,2.77772414961,0.6661155192048054,0.0,0.0,0.0
17,69217,0.7675000000000001,3.71476865332,0.7886935282096964,0.7000000000000001,3.97044352768,0.628436599512161,0.777222969080084,3.38136046683,0.16198467663928384,0.7675000000000001,2.76901400015,0.8163430123297347,0.6425000000000001,3.14590225731,0.5917049850647477,0.74,3.19314595877,0.6608930669517331,0.72,2.67434451541,0.24786900024734343,0.9125925925925921,2.89154760635,0.747107967187183,0.0,0.0,0.0
17,69292,0.76,3.89955714738,0.7601242934143484,0.74,3.27046698825,0.7737809323189395,0.751603610524294,2.31232950751,0.0889518639573523,0.75,3.21408842296,0.763738219501938,0.7875000000000001,1.15946175808,0.9166362751530666,0.8150000000000001,2.19162376757,0.8699561138365898,0.74,3.1096527033,0.30561929170850155,0.75358024691358,2.00960620572,0.27752479278446385,0.0,0.0,0.0
17,70225,0.5925,2.33497871989,0.09466582587715804,0.58,2.45832839605,0.19373080382955132,0.9116573842903781,3.68827730827,0.7971440430568433,-0.25,1.86005220152e-07,3.5857242998164015e-09,0.5375,2.90454914483,0.25486679634304055,0.64,2.91519967313,0.3412054876706568,0.804999999999999,3.88382773182,0.5439814058730217,0.795555555555555,3.17548818845,0.3878294087903962,1.0,5.0,0.5
17,70358,0.5425,0.757036423009,0.020717179446727726,0.47500000000000003,0.84009436768,0.03381347532292567,0.9552525446514301,2.03906351247,0.9210060208678835,0.5325,1.42998349214,0.133757785788791,0.545,2.99574833061,0.276999824741906,0.48,0.801773887764,0.037653655504768034,0.75,3.33606735084,0.3378527979891551,0.8291358024691351,3.33520740442,0.49938034182032875,1.0,5.0,0.5
17,70659,0.6950000000000001,4.62105164081,0.47407729963537065,0.6025,2.99001779583,0.25497908505038913,0.90497407336278,3.96630619637,0.7715676598223027,0.5275000000000001,1.34116229498,0.1268330898035468,0.55,3.0503290592,0.29211711675173463,0.685,3.25408811511,0.4813043901534766,0.5650000000000001,0.428651804671,0.02400543917223828,0.7832098765432091,2.89613212719,0.3502344870552023,1.0,5.0,0.5
17,70707,0.67,4.31906796342,0.3616206553100008,0.6675,4.16637454558,0.4946033294302833,0.853082389091607,5.48927609234,0.5171784645162822,0.7225,3.50880428923,0.6701372541049903,0.6425000000000001,3.14590225731,0.5917049850647477,0.7525000000000001,3.10676768924,0.7002990055959594,0.8825000000000001,2.79494828282,0.8108494310741061,0.8493827160493821,3.15971200984,0.5653229984084736,1.0,5.0,0.5
17,70749,0.39,2.08331115534e-05,1.6023323097286106e-07,0.36,0.010949752128,0.00014759732716836335,0.8905703860188201,4.56333320674,0.7101071211330832,0.65,3.06533226262,0.4296669144877695,0.365,0.240202729949,0.007419985103958538,0.39,0.112460973977,0.0032696234526324425,0.6575000000000001,1.64192101636,0.1144706577314214,0.8661728395061721,2.95634526762,0.6166978405735822,0.0,0.0,0.0
17,70793,0.66,4.12616538856,0.3193756711009273,0.545,1.72851434279,0.12097777177726825,0.8893028615325521,4.61375033293,0.7042909672754493,0.392499999999999,0.319480729238,0.03307317055977755,0.5275000000000001,2.7661827536,0.22649759357533572,0.59,2.30344461018,0.21048706689049904,0.6125,0.966380037241,0.05599550091167923,0.808395061728395,3.33414574818,0.42976938214543947,0.0,0.0,0.0
17,70852,0.6975,4.63074589894,0.48564289871763455,0.6900000000000001,4.09173356433,0.5880901872475855,0.90013443441521,4.1692898542,0.7518810064470158,0.5925,2.73988361505,0.2595409523387368,0.595,3.30914810192,0.4367859110145629,0.705,3.28964177893,0.5468565106566906,0.6975,2.26443865299,0.19246409051298602,0.799012345679012,3.23203098797,0.3989070706015736,0.0,0.0,0.0
17,72086,0.585,2.0606389668,0.0781801547694625,0.5650000000000001,2.12437177322,0.15938982476734537,0.8713654695602071,5.21987308204,0.6157321346831715,0.40750000000000003,0.370853194762,0.0382411852848897,0.41750000000000004,0.778509104917,0.032321959191103734,0.545,1.72693078974,0.1195818179872252,0.847499999999999,3.43713669307,0.7005490607191809,0.515061728395061,0.331724874337,0.049280281265416254,0.0,0.0,0.0
17,74604,0.9125000000000001,0.0830626943954,0.9986095582573874,0.8300000000000001,0.976932473216,0.973252433876195,0.8229690800845011,5.0353094696,0.3563033063571278,0.794999999999999,1.88415962337,0.8804006052127222,0.9075000000000001,0.234226711232,0.9923806202014556,0.827499999999999,1.93124458466,0.895737912951356,0.804999999999999,3.88382773182,0.5439814058730217,0.789629629629629,3.05549971377,0.36935328610111634,0.0,0.0,0.0
17,74635,0.5375,0.654033442008,0.017194032157776533,0.5575,1.96785788618,0.14404923866252958,0.8252736700595351,5.10009357607,0.3679829370719051,0.382499999999999,0.28920532695,0.030032225881729404,0.655,3.04209935959,0.6304018344061043,0.675,3.20956689351,0.448970717818673,0.605,0.863620631775,0.04913613185438097,0.769382716049382,2.48526809935,0.3129587838006888,0.0,0.0,0.0
17,74688,0.774999999999999,3.50384328276,0.815780347148735,0.7000000000000001,3.97044352768,0.628436599512161,0.8560015363933161,5.47573707582,0.5331855219637162,0.75,3.21408842296,0.763738219501938,0.625,3.2527124595,0.5356463923313426,0.75,3.12648627794,0.6925071758534838,0.5,0.142646537818,0.007591870482887094,0.580246913580246,0.596283760814,0.07887048438654871,1.0,5.0,0.5
17,74696,0.6975,4.63074589894,0.48564289871763455,0.7125,3.77200374844,0.6768670523674805,0.8636450931438441,5.38592992942,0.5747459611632185,0.6675,3.16969796705,0.4841349782100648,0.6950000000000001,2.58589169637,0.7435464292498737,0.7175,3.27813768803,0.5879312483370127,0.7825000000000001,3.86752155968,0.4562154846556816,0.892839506172839,2.74224516109,0.691963790044333,1.0,5.0,0.5
17,76409,0.5775,1.7879029869,0.0637522080305441,0.51,1.22502763885,0.06996829860596582,0.9366621855194931,2.71014408089,0.8769233575393132,0.25,0.0890984903037,0.008166424505084632,0.52,2.65060902567,0.20617859007029501,0.5325,1.55142481992,0.0990838130224768,0.7175,2.62444110148,0.2412457637470768,0.885432098765432,2.76532470708,0.6715897487679721,0.0,0.0,0.0
17,76496,0.835,1.27460181742,0.9600600580137031,0.9175000000000001,0.0171948932982,0.9997663921150309,0.660072978682542,0.176916427295,0.004613491965749281,0.889999999999999,0.447140179564,0.9729482688868214,0.804999999999999,0.953945898926,0.9350644784558007,0.8975000000000001,0.585761300222,0.9806651914518689,0.9325000000000001,1.58708106522,0.9185503989619641,0.8044444444444441,3.30018240696,0.4166603203086835,0.0,0.0,0.0
17,78211,0.8300000000000001,1.44256251878,0.9532723437723931,0.81,1.54818882788,0.9481303585684113,0.525676973305166,3.31384670018e-05,2.9262767055854825e-07,0.8025,1.65951983842,0.8936770024566618,0.827499999999999,0.749030872299,0.9541134551606305,0.8600000000000001,1.24017898464,0.947187463561483,0.794999999999999,3.91354225315,0.5049506043307604,0.8740740740740741,2.86325953963,0.6396814574325216,1.0,5.0,0.5
17,79262,0.7575000000000001,3.95583935588,0.7503045246429683,0.7275,3.5023967223,0.7314465594919,0.786863837142308,3.76388931124,0.19643922396044816,0.66,3.11755443777,0.4605641402677897,0.827499999999999,0.749030872299,0.9541134551606305,0.8150000000000001,2.19162376757,0.8699561138365898,0.8400000000000001,3.53251179967,0.6744086601323305,0.897283950617283,2.74866777384,0.7041598305026039,1.0,5.0,0.5
17,79313,0.6175,3.15116078588,0.16368828440413882,0.515,1.28390412883,0.07623938466771879,0.9217591703476091,3.28042113043,0.8323274595520754,0.7000000000000001,3.43974809181,0.591593084638214,0.41250000000000003,0.708727137526,0.028605519152105068,0.56,1.92665997385,0.1469982377152254,0.764999999999999,3.64060290537,0.3902629934798917,0.7886419753086421,3.03283476251,0.3663466417405395,1.0,5.0,0.5
17,79388,0.77,3.64747777127,0.7978969533612985,0.7325,3.41006701497,0.7487279538160491,0.9097753024774341,3.76607089873,0.7901292712665722,0.7925000000000001,1.96299367033,0.8755920045685597,0.715,2.29604254137,0.7924276059433699,0.75,3.12648627794,0.6925071758534838,0.725,2.77763036499,0.26149704078655334,0.8069135802469131,3.32290688195,0.42483801375476177,0.0,0.0,0.0
17,80513,0.7825000000000001,3.26538401058,0.8411821148715545,0.7075,3.85588241442,0.6577953594118919,0.8483195698098711,5.48671840045,0.4910281040133374,0.76,2.9807612988,0.7947645105499004,0.5975,3.31119637083,0.4450616076166688,0.76,3.03989961208,0.7233563397939579,0.8250000000000001,3.70797033384,0.6200816666366931,0.8207407407407401,3.36526578285,0.471231325564894,1.0,5.0,0.5
17,80619,0.77,3.64747777127,0.7978969533612985,0.7775000000000001,2.47551423229,0.8823010424234923,0.869406568081428,5.26865220339,0.6054584417752151,0.7625000000000001,2.91322766873,0.8021326858076429,0.6975,2.55174146353,0.7499686009807451,0.8250000000000001,1.98430917499,0.8908433920773265,0.8150000000000001,3.80954052148,0.5824781905394887,0.9777777777777771,2.13817632674,0.9403694439641457,1.0,5.0,0.5
17,80759,0.6675,4.27310038128,0.3508800594610476,0.6675,4.16637454558,0.4946033294302833,0.854042634914538,5.48609862402,0.5224480933606267,0.5575,1.97790606575,0.17604158049543672,0.845,0.621085827973,0.9660747468382936,0.7825000000000001,2.76649047693,0.7888857186757816,0.605,0.863620631775,0.04913613185438097,0.6167901234567901,0.846226222195,0.10492908288820679,0.0,0.0,0.0
17,80766,0.6975,4.63074589894,0.48564289871763455,0.645,3.92669250627,0.40300860471538835,0.8905703860188201,4.56333320674,0.7101071211330832,0.6000000000000001,2.84134164241,0.28048878514098075,0.645,3.12684196748,0.5995460999018437,0.7225,3.26652550794,0.6042945823591064,0.6375000000000001,1.33521891044,0.08470274632892735,0.8197530864197531,3.36643082016,0.46790698509731243,1.0,5.0,0.5
17,80873,0.7775000000000001,3.42741657724,0.824445064642809,0.735,3.3636994751,0.75719519047561,0.9597080852698291,1.88472441148,0.9297461853417905,0.5,0.970247508438,0.09545172247864665,0.705,2.44560998,0.7687120671508192,0.7075,3.28935125798,0.5550804634146691,0.6325000000000001,1.25933735983,0.07821662111044218,0.8182716049382711,3.36710888269,0.4629190162214435,0.0,0.0,0.0
17,84558,0.7775000000000001,3.42741657724,0.824445064642809,0.7925000000000001,2.06872654178,0.9164494884422988,0.8444785865181481,5.46301875758,0.4699931949250217,0.6275000000000001,3.0045145926,0.3614665344037014,0.75,1.72656232775,0.8629445174830463,0.837499999999999,1.71641936462,0.9139785727776177,0.7775000000000001,3.82108077781,0.43698737187462294,0.8256790123456791,3.35162411235,0.4878213675842855,0.0,0.0,0.0
17,104560,0.485,0.0824173500551,0.0013231262162141492,0.4,0.10368048246,0.0019128485136862318,0.850240061455732,5.49139035877,0.5015705666428877,0.515,1.15065715359,0.11130370223003937,0.40750000000000003,0.642929435359,0.025228045332832127,0.48,0.801773887764,0.037653655504768034,0.8500000000000001,3.4035759529,0.709100178591202,0.9170370370370371,2.96019917896,0.7601091238430089,0.0,0.0,0.0
17,104598,0.685,4.54191665535,0.42820957337635607,0.5825,2.51600913956,0.19994862842342628,0.8269637027078931,5.14533030387,0.37664077135168156,0.5,0.970247508438,0.09545172247864665,0.515,2.56839503221,0.1931294385861579,0.645,2.96869463496,0.3559164702041542,0.67,1.83345823269,0.13619240466827187,0.8543209876543211,3.10265711333,0.5807872219010468,0.0,0.0,0.0
17,104599,0.61,2.92993455803,0.14087006023380663,0.5725,2.28842535098,0.17593365519570994,0.8580756673708471,5.45909228321,0.5445266630328284,-0.25,1.86005220152e-07,3.5857242998164015e-09,0.47000000000000003,1.7102519885,0.09632160195901665,0.595,2.36574087184,0.22215994396274485,0.6875,2.10354421358,0.17063105520555058,0.8804938271604931,2.80044941175,0.6578527079111134,1.0,5.0,0.5
17,104688,0.6625,4.17636819351,0.3297540487614933,0.7275,3.5023967223,0.7314465594919,0.657384290378336,0.162505810127,0.004157435807157194,0.75,3.21408842296,0.763738219501938,0.7225,2.17857415808,0.8092099657291962,0.73,3.24146695319,0.628705361954496,0.8125,3.83133975536,0.5729267102685031,0.743209876543209,1.75369610028,0.2580642298674844,1.0,5.0,0.5
17,104824,0.6175,3.15116078588,0.16368828440413882,0.6325000000000001,3.68807206208,0.3553588156568464,0.882081812944113,4.88617910198,0.6699740977388609,0.5,0.970247508438,0.09545172247864665,0.5675,3.20107148176,0.34690907269372023,0.6000000000000001,2.42826298387,0.23414485686455988,0.875,2.97029842647,0.7892168569047759,0.8222222222222221,3.36249855663,0.47621500256085236,0.0,0.0,0.0
17,107778,0.7375,4.32726428159,0.6672571975307073,0.68,4.16321403227,0.5467684409224055,0.833877472632994,5.30694620832,0.4127963121412611,0.78,2.37192088901,0.8485130070179749,0.6000000000000001,3.31197230832,0.4533408325521183,0.7175,3.27813768803,0.5879312483370127,0.685,2.06440470646,0.1654211847820894,0.589135802469135,0.647334759751,0.08439279908296321,1.0,5.0,0.5
17,107870,0.8150000000000001,2.00900178794,0.9274833571193695,0.8125,1.47329954943,0.9519071285659089,0.765815248703668,2.91153058387,0.12607497401931952,0.72,3.51199451519,0.6613605608254851,0.735,1.97537107751,0.8351798193684055,0.8225,2.03695660344,0.8858167147504221,0.909999999999999,2.06840406823,0.877750579200083,0.90716049382716,2.8211414247,0.7316002290261672,0.0,0.0,0.0
17,107898,0.6975,4.63074589894,0.48564289871763455,0.7025,3.93408262424,0.638317681495546,0.9443057422700211,2.42941651504,0.8965613019436797,0.605,2.89297983108,0.2948297731402083,0.6075,3.30677353499,0.4781681286901524,0.794999999999999,2.56780563235,0.8222581111565537,0.6175,1.03743672471,0.06100428257821152,0.7614814814814811,2.23970424186,0.2942967126215951,1.0,5.0,0.5
17,108143,0.625,3.3507238535,0.1880830137399127,0.485,0.952146312117,0.04277897995364967,0.8767428461686191,5.0653074781,0.643398678316917,0.5625,2.10041109076,0.18623700268254698,0.73,2.05751690658,0.8250972236576283,0.6950000000000001,3.28047597987,0.5139919767766155,0.7225,2.72541822725,0.2546184622352298,0.8824691358024691,2.78477716483,0.6633686498954685,0.0,0.0,0.0
17,108336,0.595,2.42507628841,0.10061612083367223,0.535,1.55993825575,0.10455337155382058,0.8269637027078931,5.14533030387,0.37664077135168156,0.41750000000000004,0.409660432604,0.04214042023784021,0.387499999999999,0.419570823565,0.014708376642283942,0.56,1.92665997385,0.1469982377152254,0.5575,0.37205385336,0.02100776550518887,0.8469135802469131,3.18664522595,0.5574877460432206,0.0,0.0,0.0
17,108341,0.595,2.42507628841,0.10061612083367223,0.5825,2.51600913956,0.19994862842342628,0.8097560975609751,4.61153881378,0.29248812712913197,0.595,2.7769455343,0.2664376606343526,0.52,2.65060902567,0.20617859007029501,0.52,1.36938192497,0.08082381371219069,0.8075000000000001,3.86876575332,0.5536727034802382,0.9516049382716051,3.14689578474,0.869263624153275,1.0,5.0,0.5
17,108351,0.615,3.07992644849,0.15589890906676174,0.65,4.00429454914,0.42284106569241103,0.839408488573074,5.40395642168,0.4424320354314685,0.665,3.15120118224,0.4762340694738091,0.64,3.16406407869,0.58381733731943,0.685,3.25408811511,0.4813043901534766,0.6825,2.02554585036,0.16030879799622308,0.598518518518518,0.708714656486,0.09074838679931063,1.0,5.0,0.5
17,108388,0.5875,2.1523986483,0.08344645284048223,0.5475,1.77396090029,0.125355598838543,0.8406376032264261,5.42104122706,0.4490847925837036,0.58,2.50928230837,0.22665953982579334,0.6000000000000001,3.31197230832,0.4533408325521183,0.64,2.91519967313,0.3412054876706568,0.6900000000000001,2.14303652391,0.1759391996773276,0.819259259259259,3.36680194296,0.46624445260378505,1.0,5.0,0.5
17,108411,0.67,4.31906796342,0.3616206553100008,0.6175,3.34930647501,0.30253183965678376,0.8743230266948331,5.13841339094,0.6310519832892005,0.515,1.15065715359,0.11130370223003937,0.7075,2.40904723981,0.7747805085550662,0.6575000000000001,3.08741685147,0.3937915236682321,0.875,2.97029842647,0.7892168569047759,0.9303703703703701,3.16822665536,0.8010160128407122,1.0,5.0,0.5
17,108416,0.804999999999999,2.41385845138,0.9053738481028177,0.71,3.81453621271,0.6673836532843559,0.8364893412713651,5.35670831743,0.4267238208291608,0.7125,3.50304811444,0.6350378081572604,0.74,1.89253136506,0.8448497756678015,0.8174999999999991,2.14068928225,0.8753716473389616,0.804999999999999,3.88382773182,0.5439814058730217,0.807407407407407,3.32684990461,0.42647993716078525,1.0,5.0,0.5
17,108417,0.5325,0.561558480272,0.014159293581926113,0.5825,2.51600913956,0.19994862842342628,0.860149798348377,5.43664716591,0.5558272556475239,0.52,1.22177046178,0.11723212456846832,0.605,3.30974861691,0.46989721958787645,0.6325000000000001,2.82996278754,0.31965779353680007,0.8,3.90528123178,0.5245035271339815,0.973333333333333,2.36302466033,0.9303630837583077,1.0,5.0,0.5
17,108652,0.5650000000000001,1.36183202414,0.04411752794946747,0.5075000000000001,1.19660147403,0.06694138399870268,0.945265988092951,2.39461844703,0.8988774234618304,0.5625,2.10041109076,0.18623700268254698,0.43999999999999906,1.13924409477,0.05375933428341517,0.6425000000000001,2.9423212035,0.348527538365732,0.525,0.20796221509,0.011902498330249362,0.5560493827160491,0.483236977462,0.065869397721424,0.0,0.0,0.0
17,109008,0.63,3.47353173586,0.20514663590880228,0.5275000000000001,1.44750254708,0.09328280330777015,0.8137507201843671,4.74725153831,0.3111822971855017,0.595,2.7769455343,0.2664376606343526,0.5,2.30059944849,0.15657588196609973,0.5325,1.55142481992,0.0990838130224768,0.6950000000000001,2.2233983783,0.18685442887437337,0.6819753086419751,1.19133697462,0.17306520890328891,1.0,5.0,0.5
17,109067,0.7525000000000001,4.06119078235,0.7302580828791952,0.7625000000000001,2.82526694951,0.8424744887171502,0.7877856731323211,3.79972570142,0.19992544013679248,0.75,3.21408842296,0.763738219501938,0.71,2.37191808001,0.7807568312575077,0.794999999999999,2.56780563235,0.8222581111565537,0.8,3.90528123178,0.5245035271339815,0.8479012345679011,3.17601445506,0.5606298163182097,1.0,5.0,0.5
17,129429,0.68,4.47971609324,0.4056497083556635,0.5775,2.40113788239,0.1876565780174132,0.7937776070674091,4.02950630223,0.22338430408429472,0.76,2.9807612988,0.7947645105499004,0.54,2.93617549426,0.262167955094876,0.5875,2.2723637455,0.20476731359402278,0.7925000000000001,3.91221133849,0.49516762432500755,0.8172839506172841,3.36681870977,0.45959356991024114,1.0,5.0,0.5
17,129459,0.6875,4.56759769897,0.4395972533716972,0.6725,4.17725962833,0.515469236549037,0.896331860956404,4.32798392547,0.7357247641708655,0.605,2.89297983108,0.2948297731402083,0.6375000000000001,3.18130182717,0.5758854347186328,0.6925,3.27553254696,0.5057967402791904,0.705,2.3920582557,0.20992132510289357,0.838024691358024,3.27232359912,0.5287669612806604,1.0,5.0,0.5
17,129490,0.6975,4.63074589894,0.48564289871763455,0.6575000000000001,4.09623479635,0.45323763733688993,0.8252736700595351,5.10009357607,0.3679829370719051,0.7000000000000001,3.43974809181,0.591593084638214,0.625,3.2527124595,0.5356463923313426,0.754999999999999,3.085778379,0.708039955323186,0.889999999999999,2.6019004324,0.8310964968917992,0.9654320987654321,2.72446171569,0.9102227354885151,1.0,5.0,0.5
17,129672,0.405,0.000122549885393,1.03362140149045e-06,0.485,0.952146312117,0.04277897995364967,0.839408488573074,5.40395642168,0.4424320354314685,-0.25,1.86005220152e-07,3.5857242998164015e-09,0.43500000000000005,1.05288439896,0.04828036918626579,0.38,0.0837162045737,0.002294163608648762,0.725,2.77763036499,0.26149704078655334,0.901234567901234,2.76814471386,0.7150529444843592,1.0,5.0,0.5
17,129907,0.65,3.91802891902,0.27914698012255307,0.65,4.00429454914,0.42284106569241103,0.9058959093527941,3.92771055591,0.7752061502402974,0.6075,2.91426520153,0.30208943323995,0.54,2.93617549426,0.262167955094876,0.63,2.80047104361,0.3126196543104707,0.65,1.52671619563,0.10258820096069261,0.725432098765432,1.4639022063,0.2297341616395133,0.0,0.0,0.0
17,129987,0.6575000000000001,4.07506124532,0.30912397178336254,0.6575000000000001,4.09623479635,0.45323763733688993,0.9306702515844051,2.93533229372,0.8600121608825927,0.5,0.970247508438,0.09545172247864665,0.6575000000000001,3.01889931607,0.6379782442540651,0.6875,3.26235388743,0.48945017798479507,0.5625,0.408899603716,0.02295868659239504,0.6869135802469131,1.21225203317,0.17899954739418544,0.0,0.0,0.0
17,130043,0.764999999999999,3.77914220042,0.7793255417606468,0.8300000000000001,0.976932473216,0.973252433876195,0.8598041098521221,5.44078809024,0.5539471489395682,0.804999999999999,1.58943415009,0.8977376444263419,0.6950000000000001,2.58589169637,0.7435464292498737,0.899999999999999,0.551528791262,0.9820865338886762,0.865,3.16986828883,0.7584827389692175,0.942716049382716,3.24024216837,0.8407722496437181,0.0,0.0,0.0
17,130166,0.9325000000000001,0.0268428689005,0.9996254629677426,0.7875000000000001,2.21013386955,0.9057502137831828,0.918225465719224,3.42108113701,0.8204875531241924,0.875,0.570437333406,0.9653236411405888,0.875,0.425925804187,0.9817418069198711,0.9325000000000001,0.222027354417,0.9940910234732194,0.8600000000000001,3.25530891948,0.7424161285916839,0.8681481481481481,2.93212169001,0.6225135443087868,0.0,0.0,0.0
17,130586,0.35750000000000004,2.41714502642e-07,1.5575823834808335e-09,0.20750000000000002,5.09833053709e-10,3.2214400237568664e-12,0.892452467831764,4.48743113144,0.7186244406733704,-0.25,1.86005220152e-07,3.5857242998164015e-09,0.25,0.00256890598006,4.412891792581996e-05,0.28500000000000003,0.00140092995022,2.2432869232931467e-05,0.42750000000000005,0.0412060098213,0.0013170224511238537,0.741728395061728,1.72233674536,0.25548955875527013,0.0,0.0,0.0
17,134922,0.6775,4.44366014069,0.3944948453026187,0.6925,4.06552990907,0.5982873965229651,0.857922028039178,5.46052482144,0.5436878212879489,0.4375,0.501100102191,0.051213782980197825,0.635,3.19758941595,0.5679116199763042,0.725,3.25920273351,0.6124519549636176,0.79,3.90703116588,0.4853927564410737,0.679012345679012,1.17929330781,0.16955325302797447,0.0,0.0,0.0
17,134923,0.7025,4.63797211955,0.5088213831908521,0.6825,4.15072037101,0.5571616449707464,0.879969272133666,4.95974439335,0.6595735648181755,0.6725,3.20948234048,0.5000815232294736,0.68,2.7773420792,0.7032929776232995,0.725,3.25920273351,0.6124519549636176,0.735,2.99630047088,0.2903550348544249,0.77037037037037,2.51616248373,0.3154286313072098,0.0,0.0,0.0
17,135551,0.7725000000000001,3.5771881211,0.8069284173965116,0.7575000000000001,2.93031909613,0.8280834953901606,0.823314768580756,5.04524226513,0.3580456738561862,0.7825000000000001,2.28943751405,0.8543397586810673,0.6425000000000001,3.14590225731,0.5917049850647477,0.8250000000000001,1.98430917499,0.8908433920773265,0.774999999999999,3.79201821755,0.42747020764704396,0.7629629629629631,2.28508053872,0.2976483432396568,1.0,5.0,0.5
17,135973,0.7825000000000001,3.26538401058,0.8411821148715545,0.8,1.84862099731,0.9311444283160581,0.849241405799884,5.48956877471,0.4960873580950774,0.6675,3.16969796705,0.4841349782100648,0.745,1.80943800827,0.8541047085360823,0.7925000000000001,2.6100485579,0.815785543292821,0.8975000000000001,2.39932139487,0.8498539225773059,0.9017283950617281,2.77149273003,0.7164207479302975,1.0,5.0,0.5
17,136122,0.745,4.20295934444,0.6992560174172405,0.78,2.41155540766,0.888410222677895,0.8521605531015941,5.49115271977,0.512117299106295,0.5225000000000001,1.25979490556,0.12033372416397159,0.61,3.30257528219,0.48643006790973,0.745,3.16220828792,0.6767834032834836,0.8325,3.62254913387,0.6475744658319545,0.653827160493827,1.08147071065,0.1410711443120411,1.0,5.0,0.5
17,136139,0.784999999999999,3.17990764448,0.8492393314336952,0.8025,1.77383701004,0.9356725994007218,0.7495678893796811,2.22697891577,0.08433155572958424,0.8225,1.18006495019,0.9217570496957361,0.76,1.56342968869,0.8793904682693875,0.837499999999999,1.71641936462,0.9139785727776177,0.845,3.46970198052,0.6919153240568707,0.9422222222222221,3.24141580519,0.8391718239723773,1.0,5.0,0.5
17,136288,0.7925000000000001,2.90728667525,0.8720806140488104,0.7375,3.3171807469,0.7655463258996872,0.852506241597849,5.49058347768,0.5140154336868017,0.7425,3.34552839024,0.7391151983794112,0.6225,3.26385717366,0.5275004527755579,0.8125,2.24184015483,0.8644141269881854,0.827499999999999,3.68010886312,0.6293169138551051,0.93679012345679,3.22981139685,0.8215761176570051,1.0,5.0,0.5
17,136820,0.6175,3.15116078588,0.16368828440413882,0.6275000000000001,3.57954163884,0.33718740541424674,0.9385442673324371,2.6403840823,0.8819583551349286,0.6025,2.86871639597,0.28762701693219256,0.5650000000000001,3.18341909029,0.3389281881775195,0.655,3.06558961862,0.38610005231589273,0.655,1.60353345635,0.1104138348402714,0.852345679012345,3.12593589356,0.5746354340855229,1.0,5.0,0.5
17,136846,0.804999999999999,2.41385845138,0.9053738481028177,0.8075000000000001,1.6233957322,0.9441659197588582,0.7226810063376221,1.20405945884,0.03878330078034456,0.7625000000000001,2.91322766873,0.8021326858076429,0.875,0.425925804187,0.9817418069198711,0.7925000000000001,2.6100485579,0.815785543292821,0.6525000000000001,1.56512777946,0.10645300565412681,0.6074074074074071,0.773530778236,0.09733196942534296,0.0,0.0,0.0
17,137085,0.8775000000000001,0.35855897827,0.9917221879416428,0.8400000000000001,0.732312137575,0.9817686473738835,0.660418667178797,0.178850007382,0.004674983597734671,0.847499999999999,0.821118552016,0.9463236761634747,0.8500000000000001,0.587294409727,0.9690953521546382,0.875,0.949754728918,0.9635727539744341,0.9400000000000001,1.45969733117,0.9299692188565922,0.8148148148148141,3.36335017237,0.45128389405386093,0.0,0.0,0.0
17,137869,0.8700000000000001,0.461741910893,0.9886584008722393,0.875,0.190592437658,0.9964881883486899,0.0,1.98604958523e-71,4.2184956310076954e-74,0.8150000000000001,1.33750231462,0.9123330449431362,0.8625,0.505502683997,0.9759222453332207,0.905,0.486965216302,0.9846805984689273,0.972499999999999,0.922711764538,0.9688332749854645,0.9772839506172831,2.16360409194,0.939307272571664,0.0,0.0,0.0
17,138039,0.6375000000000001,3.64652627828,0.23185381236992203,0.6975,4.00464025709,0.6184672673485376,0.8560015363933161,5.47573707582,0.5331855219637162,0.655,3.08885819222,0.44505025138622445,0.6075,3.30677353499,0.4781681286901524,0.63,2.80047104361,0.3126196543104707,0.7325,2.94038535712,0.28293431565182753,0.716049382716049,1.37421231478,0.2164454605348434,0.0,0.0,0.0
17,140859,0.6000000000000001,2.60121446888,0.11318444371556828,0.5975,2.87001050926,0.24032924924331403,0.9577491837910501,1.95220294262,0.925988205423778,0.4375,0.501100102191,0.051213782980197825,0.59,3.30120184913,0.4202578895005235,0.65,3.01896680722,0.37088705996252724,0.59,0.675683426812,0.03762387309095035,0.6948148148148141,1.24816116955,0.18871756173057053,1.0,5.0,0.5
17,140984,0.7425,4.2462612769,0.6886940967216042,0.754999999999999,2.98114482117,0.820693951560955,0.8857307470712501,4.75207264974,0.68756126941377,0.645,3.04671960604,0.414388710965959,0.6925,2.61941247832,0.7370396670777861,0.7625000000000001,3.01497147524,0.7309252078438166,0.8925000000000001,2.53494534947,0.8375177403957483,0.9160493827160491,2.9443482949,0.7571933195417326,1.0,5.0,0.5
17,141053,0.7025,4.63797211955,0.5088213831908521,0.65,4.00429454914,0.42284106569241103,1.0,0.726575527731,0.9805813420725731,0.625,2.99840911974,0.35396273045933213,0.5,2.30059944849,0.15657588196609973,0.645,2.96869463496,0.3559164702041542,0.7025,2.34868104614,0.2039955901115014,0.611358024691358,0.803849339357,0.10044756487369823,1.0,5.0,0.5
17,141356,0.8400000000000001,1.11959756604,0.9660399911302047,0.794999999999999,1.99625776144,0.9215309371514657,0.811791818705588,4.68135816654,0.30194721949306397,0.7025,3.45619559867,0.600213338822265,0.8425,0.638325895103,0.9645005360617087,0.8250000000000001,1.98430917499,0.8908433920773265,0.9475,1.3392260425,0.9404631021656014,0.8508641975308641,3.14300860592,0.5699917279420669,1.0,5.0,0.5
17,142811,0.675,4.40466363257,0.38343385872162006,0.58,2.45832839605,0.19373080382955132,0.8137507201843671,4.74725153831,0.3111822971855017,0.635,3.02061516129,0.3840614886530421,0.535,2.87171710801,0.24764621417105834,0.595,2.36574087184,0.22215994396274485,0.7825000000000001,3.86752155968,0.4562154846556816,0.714567901234567,1.36277715027,0.21441813622971417,1.0,5.0,0.5
17,142951,0.7375,4.32726428159,0.6672571975307073,0.764999999999999,2.77079972211,0.8494698609091342,0.8876896485500281,4.67696450453,0.6967968636814285,0.6475000000000001,3.05544781277,0.42201618989633705,0.68,2.7773420792,0.7032929776232995,0.804999999999999,2.38750055686,0.847049116306653,0.784999999999999,3.88473149016,0.46590664388245107,0.929382716049382,3.15530653057,0.7978932196113986,0.0,0.0,0.0
17,143324,0.625,3.3507238535,0.1880830137399127,0.66,4.11964672714,0.4635082794408395,0.8636835029767621,5.38528440318,0.5749528214406847,0.5750000000000001,2.39941209264,0.214384438606072,0.59,3.30120184913,0.4202578895005235,0.5725,2.08562648722,0.17208038133766063,0.6775,1.94841764474,0.15037415325574066,0.6972839506172831,1.26011243106,0.19181411296969808,1.0,5.0,0.5
17,145305,0.6875,4.56759769897,0.4395972533716972,0.745,3.17616791192,0.7898981004771284,0.9097753024774341,3.76607089873,0.7901292712665722,0.605,2.89297983108,0.2948297731402083,0.6575000000000001,3.01889931607,0.6379782442540651,0.7675000000000001,2.96106120899,0.7458675552575982,0.725,2.77763036499,0.26149704078655334,0.7970370370370371,3.20096887853,0.39255293996329477,1.0,5.0,0.5
17,145335,0.5,0.169701029887,0.0031555364659180685,0.5425,1.68436652576,0.11671194456490631,0.693796811983867,0.509025788158,0.015194272881057728,0.5225000000000001,1.25979490556,0.12033372416397159,0.5875,3.29529085917,0.4120120035309621,0.55,1.79481198449,0.12838674217914706,0.8,3.90528123178,0.5245035271339815,0.79753086419753,3.20904771341,0.3941356686792039,0.0,0.0,0.0
17,145444,0.6925,4.60726728261,0.46254105022687053,0.754999999999999,2.98114482117,0.820693951560955,0.8017284424812751,4.32550823268,0.2566061363210855,0.725,3.50217803901,0.6789017186003294,0.7975000000000001,1.03663761184,0.9276047762520417,0.8525,1.39544210723,0.937307128961446,0.794999999999999,3.91354225315,0.5049506043307604,0.861728395061728,3.01171888983,0.6034356941938489,1.0,5.0,0.5
17,146557,0.6825,4.51255162552,0.4168907412538022,0.72,3.63933271862,0.70466345052861,0.8974841559439211,4.28006832759,0.740684290365067,-0.25,1.86005220152e-07,3.5857242998164015e-09,0.5700000000000001,3.21742045791,0.3549324593887946,0.73,3.24146695319,0.628705361954496,0.74,3.1096527033,0.30561929170850155,0.9002469135802461,2.76205400715,0.7123220487866398,0.0,0.0,0.0
17,146877,0.5625,1.28331630187,0.040811634295687634,0.715,3.72849938233,0.6862428626471366,0.5736892644516991,0.00259680736883,3.163609989100974e-05,0.8075000000000001,1.52207207238,0.9016264439819561,0.8400000000000001,0.655843397985,0.962882886238059,0.865,1.13996295381,0.9531365691344331,0.865,3.16986828883,0.7584827389692175,0.863209876543209,2.9932071093,0.6078837878017731,1.0,5.0,0.5
17,146928,0.8174999999999991,1.90968412585,0.9323814341368535,0.8600000000000001,0.362741187102,0.9924413797975313,0.837718455924716,5.37771824937,0.43332090414250174,0.7000000000000001,3.43974809181,0.591593084638214,0.8150000000000001,0.855590752503,0.9441013631987059,0.855,1.34312293357,0.9407302302905928,0.885,2.73223059259,0.8177587955818828,0.803456790123456,3.28966521183,0.41340600673621253,1.0,5.0,0.5
17,146993,1.0,7.49388291335e-05,0.9999993691749214,1.0,1.1425165293e-05,0.9999999009556255,0.37584021509506405,1.3976504549e-15,6.523444558197042e-18,0.8125,1.39602793218,0.9089167643381574,0.9500000000000001,0.068703480099,0.9983815962429471,1.0,0.0148027926066,0.9997226762136604,0.8,3.90528123178,0.5245035271339815,0.8528395061728391,3.12016873046,0.5761776836475742,1.0,5.0,0.5
17,147026,0.625,3.3507238535,0.1880830137399127,0.615,3.29003305996,0.2942325702243001,0.8626848473209141,5.40145139178,0.5695665971147165,0.5,0.970247508438,0.09545172247864665,0.52,2.65060902567,0.20617859007029501,0.655,3.06558961862,0.38610005231589273,0.645,1.44994096966,0.09514660555989592,0.815802469135802,3.36522018343,0.45460669887937605,1.0,5.0,0.5
17,147101,0.6825,4.51255162552,0.4168907412538022,0.7225,3.59399111301,0.7137051866722715,0.861724601497983,5.41577687752,0.5643729017190615,0.625,2.99840911974,0.35396273045933213,0.8600000000000001,0.521642425078,0.9746383317851,0.865,1.13996295381,0.9531365691344331,0.8525,3.36882418463,0.7175659483524467,0.9007407407407401,2.76499815901,0.7136867446790716,0.0,0.0,0.0
17,147111,0.6225,3.28642951429,0.1797861363604148,0.774999999999999,2.53781713312,0.8760340321514968,0.9010946802381411,4.1290315709,0.7558652238401853,0.595,2.7769455343,0.2664376606343526,0.605,3.30974861691,0.46989721958787645,0.735,3.21950229553,0.644859578502341,0.837499999999999,3.5630110679,0.6655391473472169,0.852345679012345,3.12593589356,0.5746354340855229,1.0,5.0,0.5
17,147193,0.7975000000000001,2.71425391049,0.8861376253102724,0.7825000000000001,2.34596703502,0.8943574607983678,0.752294987516804,2.34140785186,0.09056060512222698,0.75,3.21408842296,0.763738219501938,0.8500000000000001,0.587294409727,0.9690953521546382,0.7825000000000001,2.76649047693,0.7888857186757816,0.75,3.33606735084,0.3378527979891551,0.6439506172839501,1.03380877413,0.13061641776519411,1.0,5.0,0.5
17,819,0.7225,4.52364767654,0.6007826322607299,0.7075,3.85588241442,0.6577953594118919,0.8252736700595351,5.10009357607,0.3679829370719051,0.725,3.50217803901,0.6789017186003294,0.7775000000000001,1.29624923362,0.9043688427112329,0.7025,3.28891208737,0.5386331046356925,0.8300000000000001,3.6516007323,0.6384816732063414,0.7214814814814811,1.42205020776,0.22403570544103746,0.0,0.0,0.0
17,1942,0.6075,2.85119593313,0.133643136900447,0.5925,2.75077230889,0.22627769291895944,0.8467447666602651,5.47928401647,0.48239303453806154,0.715,3.50889897439,0.6438033011105022,0.585,3.28808134286,0.4037825173403947,0.6725,3.19553805191,0.4409640944533758,0.784999999999999,3.88473149016,0.46590664388245107,0.755061728395061,2.05084783791,0.280532410941526,0.0,0.0,0.0
17,1993,0.835,1.27460181742,0.9600600580137031,0.7525000000000001,3.03101014283,0.8131785716837042,0.8857307470712501,4.75207264974,0.68756126941377,0.6625,3.13378966284,0.4683780673362966,0.63,3.22720873587,0.5518479531709407,0.7375,3.20688446051,0.6528927929487862,0.905,2.19752156806,0.8670883009731292,0.905679012345679,2.80534883507,0.7274326572590597,0.0,0.0,0.0
