left,boolean,ranking,id,score,distanceScore,serviceScore,equipmentScore,locationScore,mealScore,roomScore,bathScore,chargeScore
left,true_positive,0,18246,0.547474024237,0.962469135802,0.7525,0.785,0.8725,0.775,0.78,0.77,0.9107355483
left,true_positive,1,141356,0.169725640083,0.850864197531,0.84,0.795,0.9475,0.7025,0.825,0.8425,0.811791818706
left,true_positive,2,8290,0.166430755018,0.88987654321,0.77,0.7825,0.83,0.8925,0.8325,0.75,0.783022853851
left,true_positive,3,9518,0.155690956836,0.919012345679,0.7,0.625,0.85,0.75,0.725,0.675,0.870674092568
left,true_positive,4,56917,0.127137660757,0.82962962963,0.73,0.72,0.83,0.7325,0.77,0.6575,0.869444977914
left,true_positive,5,15878,0.119585469424,0.86962962963,0.75,0.6975,0.8,0.6925,0.7025,0.65,0.769541002497
left,true_positive,6,462,0.0872442620341,0.810864197531,0.83,0.7975,0.79,0.7075,0.68,0.64,0.965469560207
left,true_positive,7,1764,0.0808563048288,0.880987654321,0.7075,0.67,0.8575,0.7725,0.7425,0.645,0.73074707125
left,true_positive,8,38608,0.0709228148845,0.802469135802,0.7275,0.74,0.7875,0.75,0.67,0.765,0.928980218936
left,true_positive,9,50703,0.0690540910552,0.856296296296,0.7325,0.7125,0.74,0.675,0.7,0.645,0.735394661033
left,true_positive,10,4977,0.057757997898,0.797037037037,0.71,0.725,0.85,0.64,0.685,0.705,0.794507393893
left,true_positive,11,5385,0.053959249426,0.944691358025,0.6075,0.5875,0.8425,0.7625,0.6,0.5075,0.902093335894
left,true_positive,12,50830,0.0491816690961,0.896790123457,0.655,0.565,0.81,0.6375,0.66,0.5725,0.827539850202
left,true_positive,13,2877,0.0485329694057,0.845432098765,0.635,0.75,0.8075,0.6875,0.6725,0.635,0.748454004225
left,true_positive,14,74604,0.0480015995159,0.78962962963,0.9125,0.83,0.805,0.795,0.8275,0.9075,0.822969080085
left,true_positive,15,129459,0.047803981096,0.838024691358,0.6875,0.6725,0.705,0.605,0.6925,0.6375,0.896331860956
left,true_positive,16,79388,0.0462784779692,0.806913580247,0.77,0.7325,0.725,0.7925,0.75,0.715,0.909775302477
left,true_positive,17,28484,0.0433649249515,0.935802469136,0.6375,0.625,0.86,0.605,0.5675,0.61,0.839446898406
left,true_positive,18,5024,0.040866424331,0.903209876543,0.7,0.6525,0.7425,0.67,0.7625,0.495,0.928980218936
left,true_positive,19,54885,0.033948618615,0.952592592593,0.68,0.585,0.85,0.625,0.55,0.5625,0.945265988093
left,true_positive,20,32060,0.0332607487197,0.947654320988,0.65,0.65,1.0,0.75,0.55,0.5625,0.821432686768
left,true_positive,21,2335,0.0297193931376,0.884444444444,0.675,0.5825,0.69,0.75,0.64,0.485,0.905934319186
left,false_positive,22,1667,0.029271394078,0.902222222222,0.68,0.6625,0.8,0.75,0.6175,0.49,0.660072978683
left,true_positive,23,4778,0.0216187868155,0.941234567901,0.6875,0.7125,0.94,0.7875,0.775,0.6575,0.594814672556
left,false_positive,24,1872,0.0174296692615,0.786666666667,0.66,0.6075,0.9475,0.6075,0.6475,0.52,0.683272517765
left,false_positive,25,1927,0.0120669843411,0.817283950617,0.66,0.5775,0.84,0.5,0.5775,0.52,0.814518916843
left,false_positive,26,44938,0.0103123827473,0.834567901235,0.75,0.6075,0.9275,0.8125,0.6425,0.465,0.717687728058
left,true_positive,27,80873,0.00932734414824,0.818271604938,0.7775,0.735,0.6325,0.5,0.7075,0.705,0.95970808527
left,true_positive,28,146877,0.00873929029553,0.863209876543,0.5625,0.715,0.865,0.8075,0.865,0.84,0.573689264452
left,true_positive,29,146557,0.00868773585909,0.90024691358,0.6825,0.72,0.74,-0.25,0.73,0.57,0.897484155944
left,false_positive,30,29184,0.00773478037958,0.822222222222,0.62,0.57,0.775,0.5375,0.5725,0.45,0.862684847321
left,true_positive,31,108417,0.00742354757511,0.973333333333,0.5325,0.5825,0.8,0.52,0.6325,0.605,0.860149798348
left,true_positive,32,30094,0.00713573807964,0.821234567901,0.675,0.62,0.63,0.625,0.5625,0.5825,0.919377760707
left,true_positive,33,78211,0.00577223716606,0.874074074074,0.83,0.81,0.795,0.8025,0.86,0.8275,0.525676973305
left,false_positive,34,18312,0.00328841331823,0.789135802469,0.6525,0.4825,0.9025,1.0,0.5275,0.4825,0.938966775495
left,true_positive,35,17703,0.00321866431671,0.982716049383,0.605,0.635,0.595,0.0,0.76,0.4275,0.925100825811
left,false_positive,36,70793,0.00136492474435,0.808395061728,0.66,0.545,0.6125,0.3925,0.59,0.5275,0.889302861533
left,false_positive,37,104560,0.000847893112133,0.917037037037,0.485,0.4,0.85,0.515,0.48,0.4075,0.850240061456
left,false_positive,38,18319,0.000621151789078,0.853827160494,0.4825,0.485,0.7525,0.4775,0.53,0.615,0.934818513539
left,true_positive,39,146993,8.52408477435e-05,0.852839506173,1.0,1.0,0.8,0.8125,1.0,0.95,0.375840215095
left,false_positive,40,76409,6.90070024659e-05,0.885432098765,0.5775,0.51,0.7175,0.25,0.5325,0.52,0.936662185519
left,true_positive,41,5562,3.00244602841e-09,0.911111111111,0.8025,0.775,0.9575,0.6875,0.82,0.7575,0.256769733052
left,false_negative,42,69292,0.0181842150903,0.753580246914,0.76,0.74,0.74,0.75,0.815,0.7875,0.751603610524
left,false_negative,43,10630,0.0139823709048,0.76987654321,0.7275,0.6675,0.8675,0.58,0.7225,0.7075,0.680084501632
left,true_negative,44,17979,0.00696068499236,0.752592592593,0.7325,0.6525,0.6775,0.7125,0.6825,0.49,0.878663337814
left,false_negative,45,142811,0.00514063755467,0.714567901235,0.675,0.58,0.7825,0.635,0.595,0.535,0.813750720184
left,false_negative,46,129907,0.0039863687318,0.725432098765,0.65,0.65,0.65,0.6075,0.63,0.54,0.905895909353
left,true_negative,47,1501,0.00282094865078,0.775308641975,0.6425,0.505,0.945,0.55,0.6025,0.4,0.852160553102
left,true_negative,48,1511,0.00276112551347,0.724444444444,0.6125,0.52,0.87,0.6075,0.54,0.5925,0.863645093144
left,true_negative,49,109008,0.00123926629207,0.681975308642,0.63,0.5275,0.695,0.595,0.5325,0.5,0.813750720184
left,false_negative,50,1556,0.00110200727603,0.675555555556,0.675,0.6625,0.7825,0.705,0.705,0.6525,0.788745918955
left,false_negative,51,67423,0.000510517527992,0.652839506173,0.705,0.6375,0.6825,0.59,0.6875,0.6775,0.938544267332
left,true_negative,52,18392,0.000399343498993,0.655308641975,0.5975,0.5775,0.725,0.5775,0.595,0.52,0.812944113693
left,false_negative,53,1799,0.000367585988632,0.761481481481,0.81,0.84,0.8,0.825,0.885,0.85,0.434415210294
left,true_negative,54,67299,0.000213340708682,0.709135802469,0.6775,0.6775,0.545,0.5,0.6825,0.6625,0.932821202228
left,true_negative,55,858,7.78322697493e-05,0.631604938272,0.61,0.635,0.6475,0.5675,0.65,0.5525,0.771461494143
left,true_negative,56,141053,4.97676162738e-05,0.611358024691,0.7025,0.65,0.7025,0.625,0.645,0.5,1.0
left,true_negative,57,108652,5.10451695365e-06,0.556049382716,0.565,0.5075,0.525,0.5625,0.6425,0.44,0.945265988093
left,true_negative,58,107778,4.60409830882e-06,0.589135802469,0.7375,0.68,0.685,0.78,0.7175,0.6,0.833877472633
left,true_negative,59,1997,1.39366330458e-06,0.493827160494,0.69,0.6625,0.67,0.7775,0.685,0.59,0.890570386019
