left,boolean,ranking,id,score,chargeScore,equipmentScore,roomScore,serviceScore,bathScore,mealScore,distanceScore,kinnennScore,locationScore
left,0,0,1680,0.379867170778,0.897484155944,0.695,0.7275,0.7925,0.6975,0.785,0.875061728395,1,0.87
left,0,1,80513,0.262029615167,0.84831956981,0.7075,0.76,0.7825,0.5975,0.76,0.820740740741,1,0.825
left,0,2,70707,0.236860987048,0.853082389092,0.6675,0.7525,0.67,0.6425,0.7225,0.849382716049,1,0.8825
left,0,3,11275,0.121236514687,0.45938160169,0.7875,0.8775,0.8225,0.82,0.825,0.874074074074,1,0.8775
left,0,4,146993,0.0902412548631,0.375840215095,1.0,1.0,1.0,0.95,0.8125,0.852839506173,1,0.8
left,3,5,79388,0.0654312819474,0.909775302477,0.7325,0.75,0.77,0.715,0.7925,0.806913580247,0,0.725
left,0,6,19718,0.0653399031003,0.640868062224,0.6925,0.77,0.9225,0.635,0.875,0.844444444444,0,0.905
left,3,7,68688,0.0599976900901,0.889994238525,0.685,0.8025,0.78,0.62,0.79,0.883456790123,0,0.8075
left,3,8,610,0.0583276478973,0.880929517957,0.6875,0.7825,0.725,0.615,0.8225,0.89975308642,0,0.9175
left,0,9,143324,0.0528984679625,0.863683502977,0.66,0.5725,0.625,0.59,0.575,0.697283950617,1,0.6775
left,3,10,18739,0.0499672796661,0.869829076244,0.6925,0.755,0.745,0.5875,0.6875,0.730864197531,0,0.8475
left,3,11,8207,0.0377602445984,0.885961206069,0.7375,0.6575,0.6975,0.54,0.6625,0.704691358025,0,0.7775
left,3,12,138039,0.0301346233829,0.856001536393,0.6975,0.63,0.6375,0.6075,0.655,0.716049382716,0,0.7325
left,0,13,146877,0.0269799236584,0.573689264452,0.715,0.865,0.5625,0.84,0.8075,0.863209876543,1,0.865
left,0,14,1997,0.0142147114377,0.890570386019,0.6625,0.685,0.69,0.59,0.7775,0.493827160494,1,0.67
left,0,15,19745,0.0113636363636,0.671403879393,0.8575,0.8575,0.8925,0.625,-0.25,0.616790123457,1,0.8575
left,1,16,141356,0.286539874394,0.811791818706,0.795,0.825,0.84,0.8425,0.7025,0.850864197531,1,0.9475
left,1,17,79262,0.239664722746,0.786863837142,0.7275,0.815,0.7575,0.8275,0.66,0.897283950617,1,0.84
left,1,18,145444,0.233622216262,0.801728442481,0.755,0.8525,0.6925,0.7975,0.725,0.861728395062,1,0.795
left,1,19,41703,0.224904161449,0.784943345496,0.735,0.7875,0.6925,0.685,0.6975,0.792592592593,1,0.77
left,1,20,388,0.216074839285,0.7138851546,0.7575,0.7675,0.7675,0.675,0.7825,0.851358024691,1,0.915
left,1,21,18270,0.199518139457,0.779181870559,0.6775,0.765,0.7425,0.6275,0.645,0.95012345679,1,0.7925
left,2,22,29183,0.172800858908,0.859804109852,0.635,0.6475,0.69,0.5825,0.5825,0.84,1,0.8225
left,2,23,9518,0.169420116451,0.870674092568,0.625,0.725,0.7,0.675,0.75,0.919012345679,1,0.85
left,1,24,107870,0.116881846872,0.765815248704,0.8125,0.8225,0.815,0.735,0.72,0.907160493827,0,0.91
left,1,25,4771,0.10401307247,0.763779527559,0.635,0.705,0.705,0.5175,0.6025,0.797530864198,1,0.8975
left,1,26,18248,0.095493716447,0.952026118686,0.7475,0.7725,0.8625,0.8175,0.9175,0.856296296296,0,0.9075
left,1,27,4805,0.0941341289947,0.775302477434,0.74,0.84,0.7725,0.6975,0.7675,0.94024691358,0,0.9125
left,1,28,147026,0.078205275883,0.862684847321,0.615,0.655,0.625,0.52,0.5,0.815802469136,1,0.645
left,1,29,107898,0.0766331709824,0.94430574227,0.7025,0.795,0.6975,0.6075,0.605,0.761481481481,1,0.6175
left,2,30,5024,0.0764026882957,0.928980218936,0.6525,0.7625,0.7,0.495,0.67,0.903209876543,1,0.7425
left,1,31,69292,0.0740178658259,0.751603610524,0.74,0.815,0.76,0.7875,0.75,0.753580246914,0,0.74
left,1,32,1764,0.0692049468057,0.73074707125,0.67,0.7425,0.7075,0.645,0.7725,0.880987654321,0,0.8575
left,1,33,28512,0.0653398955072,0.814518916843,0.6775,0.725,0.765,0.635,0.8275,0.990617283951,0,0.7525
left,1,34,108351,0.0610292169316,0.839408488573,0.65,0.685,0.615,0.64,0.665,0.598518518519,1,0.6825
left,1,35,129429,0.0581543987818,0.793777607067,0.5775,0.5875,0.68,0.54,0.76,0.817283950617,1,0.7925
left,2,36,28484,0.0473852833395,0.839446898406,0.625,0.5675,0.6375,0.61,0.605,0.935802469136,1,0.86
left,1,37,1386,0.0472149969384,0.694680238141,0.7025,0.7425,0.6975,0.6525,0.5825,0.866666666667,0,0.86
left,1,38,67423,0.0441320174856,0.938544267332,0.6375,0.6875,0.705,0.6775,0.59,0.652839506173,0,0.6825
left,1,39,56758,0.0430268134089,0.738083349337,0.7725,0.8225,0.77,0.745,0.8125,0.782716049383,0,0.68
left,1,40,18166,0.0395195296514,0.827539850202,0.5875,0.6625,0.64,0.5625,0.6125,0.997037037037,0,0.8825
left,1,41,51734,0.0352999696342,0.927021317457,0.6,0.7225,0.6825,0.56,0.56,0.85037037037,0,0.7275
left,1,42,1942,0.0316639119999,0.84674476666,0.5925,0.6725,0.6075,0.585,0.715,0.755061728395,0,0.785
left,1,43,509,0.0313991442761,0.679277895141,0.6375,0.695,0.695,0.5125,0.8225,0.912592592593,0,0.92
left,1,44,32060,0.0313098324162,0.821432686768,0.65,0.55,0.65,0.5625,0.75,0.947654320988,1,1.0
left,1,45,67299,0.0307152712495,0.932821202228,0.6775,0.6825,0.6775,0.6625,0.5,0.709135802469,1,0.545
left,1,46,109008,0.015451268867,0.813750720184,0.5275,0.5325,0.63,0.5,0.595,0.681975308642,1,0.695
left,1,47,40956,0.0113636363636,0.98893796812,0.625,0.72,0.7825,0.6575,-0.25,0.647407407407,1,0.595
left,1,48,104599,0.0113636363636,0.858075667371,0.5725,0.595,0.61,0.47,-0.25,0.88049382716,1,0.6875
left,1,49,1501,0.0100875823503,0.852160553102,0.505,0.6025,0.6425,0.4,0.55,0.775308641975,0,0.945
left,1,50,1500,0.0084510001841,0.909775302477,0.5675,0.5825,0.73,0.3875,0.6875,0.885925925926,0,0.9375
left,1,51,7055,0.00510594750194,0.87136546956,0.4725,0.5675,0.54,0.465,0.8075,0.741234567901,0,0.6375
left,1,52,5303,0.00184164539878,0.865603994623,0.4725,0.5,0.75,0.695,0.25,0.787160493827,1,0.86
left,1,53,74635,0.000785602174609,0.82527367006,0.5575,0.675,0.5375,0.655,0.3825,0.769382716049,0,0.605
left,1,54,41851,0.000717742189136,0.919339350874,0.6,0.635,0.6425,0.3275,-0.25,0.88987654321,1,0.65
left,1,55,28570,4.55168324239e-05,0.957787593624,0.5,0.475,0.4625,0.4325,0.7225,0.721481481481,0,0.6375
left,1,56,129672,9.96561374591e-07,0.839408488573,0.485,0.38,0.405,0.435,-0.25,0.901234567901,1,0.725
left,1,57,2605,1.06852156164e-13,0.876742846169,0.3025,0.34,0.34,0.355,-0.25,0.803456790123,1,0.59
left,1,58,44059,2.82705431816e-33,0.902093335894,0.5125,0.605,0.6575,0.5325,-0.25,0.956543209877,0,0.8225
left,1,59,130586,1.16259689662e-46,0.892452467832,0.2075,0.285,0.3575,0.25,-0.25,0.741728395062,0,0.4275
