left,boolean,ranking,id,score,mealScore,distanceScore,roomScore,equipmentScore,serviceScore,bathScore,kinnennScore,chargeScore,locationScore
left,0,0,136139,0.00254555921033,0.8225,0.942222222222,0.8375,0.8025,0.785,0.76,1,0.74956788938,0.845
left,0,1,130043,0.00086220868848,0.805,0.942716049383,0.9,0.83,0.765,0.695,0,0.859804109852,0.865
left,0,2,145444,0.000619543814332,0.725,0.861728395062,0.8525,0.755,0.6925,0.7975,1,0.801728442481,0.795
left,0,3,43759,0.000348857051472,0.75,0.705679012346,0.75,0.8175,0.8625,0.7675,1,0.934741693874,0.6975
left,0,4,70707,0.000111006630708,0.7225,0.849382716049,0.7525,0.6675,0.67,0.6425,1,0.853082389092,0.8825
left,0,5,76496,6.46351877329e-05,0.89,0.804444444444,0.8975,0.9175,0.835,0.805,0,0.660072978683,0.9325
left,3,6,1356,4.09373045595e-05,0.79,0.831604938272,0.8125,0.775,0.7575,0.73,0,0.704513155368,0.925
left,3,7,28512,2.5272458426e-05,0.8275,0.990617283951,0.725,0.6775,0.765,0.635,0,0.814518916843,0.7525
left,0,8,38608,1.34318044968e-05,0.75,0.802469135802,0.67,0.74,0.7275,0.765,0,0.928980218936,0.7875
left,3,9,69292,8.53116738733e-06,0.75,0.753580246914,0.815,0.74,0.76,0.7875,0,0.751603610524,0.74
left,0,10,41069,8.33152791484e-06,0.7725,0.810864197531,0.845,0.8525,0.8275,0.8025,0,0.600537737661,0.81
left,3,11,2877,4.3324029066e-06,0.6875,0.845432098765,0.6725,0.75,0.635,0.635,1,0.748454004225,0.8075
left,3,12,146993,3.88137696177e-06,0.8125,0.852839506173,1.0,1.0,1.0,0.95,1,0.375840215095,0.8
left,3,13,864,3.22407156109e-06,0.75,0.89975308642,0.71,0.6375,0.69,0.5625,0,0.87136546956,0.92
left,3,14,767,2.24027190184e-06,0.7325,0.900740740741,0.7,0.6625,0.695,0.5975,0,0.759938544267,0.8725
left,0,15,16373,1.26814653949e-06,0.6675,0.664197530864,0.65,0.6925,0.6925,0.5975,1,0.880929517957,0.7
left,3,16,134923,4.15980531231e-07,0.6725,0.77037037037,0.725,0.6825,0.7025,0.68,0,0.879969272134,0.735
left,3,17,630,3.50166446442e-07,0.7725,0.762962962963,0.74,0.6375,0.68,0.5575,0,0.940503168811,0.6875
left,3,18,44938,3.27394558639e-07,0.8125,0.834567901235,0.6425,0.6075,0.75,0.465,1,0.717687728058,0.9275
left,0,19,7599,1.00800744289e-07,0.75,0.945679012346,0.5675,0.5625,0.6,0.5325,1,0.8646437488,0.95
left,3,20,12534,9.58580908901e-08,0.69,0.895308641975,0.6525,0.6475,0.665,0.5625,0,0.802189360476,0.735
left,0,21,5385,2.19715377266e-08,0.7625,0.944691358025,0.6,0.5875,0.6075,0.5075,0,0.902093335894,0.8425
left,3,22,2335,1.57455336777e-08,0.75,0.884444444444,0.64,0.5825,0.675,0.485,0,0.905934319186,0.69
left,3,23,138039,6.78689290082e-09,0.655,0.716049382716,0.63,0.6975,0.6375,0.6075,0,0.856001536393,0.7325
left,3,24,398,3.3495317304e-09,0.8475,0.72049382716,0.6325,0.635,0.66,0.545,0,0.882888419435,0.61
left,0,25,18312,2.94944738389e-09,1.0,0.789135802469,0.5275,0.4825,0.6525,0.4825,1,0.938966775495,0.9025
left,0,26,1500,7.23048225794e-10,0.6875,0.885925925926,0.5825,0.5675,0.73,0.3875,0,0.909775302477,0.9375
left,3,27,79313,2.05243573571e-10,0.7,0.788641975309,0.56,0.515,0.6175,0.4125,1,0.921759170348,0.765
left,0,28,1997,4.97367611313e-11,0.7775,0.493827160494,0.685,0.6625,0.69,0.59,1,0.890570386019,0.67
left,0,29,11039,2.12766947609e-89,0.715,0.0,0.8425,0.7625,0.735,0.72,1,0.756097560976,0.8125
left,2,30,140984,0.000539775156135,0.645,0.916049382716,0.7625,0.755,0.7425,0.6925,1,0.885730747071,0.8925
left,1,31,18270,4.62509967553e-05,0.645,0.95012345679,0.765,0.6775,0.7425,0.6275,1,0.779181870559,0.7925
left,2,32,56975,8.21312566896e-06,0.6,0.776296296296,0.7325,0.68,0.6975,0.7175,1,0.928980218936,0.8
left,2,33,107898,9.92980870023e-07,0.605,0.761481481481,0.795,0.7025,0.6975,0.6075,1,0.94430574227,0.6175
left,1,34,1725,1.93884131339e-07,0.615,0.760987654321,0.6475,0.6,0.685,0.625,1,0.842519685039,0.7425
left,2,35,28484,8.62073763757e-08,0.605,0.935802469136,0.5675,0.625,0.6375,0.61,1,0.839446898406,0.86
left,1,36,143324,3.87078527096e-09,0.575,0.697283950617,0.5725,0.66,0.625,0.59,1,0.863683502977,0.6775
left,1,37,108388,2.38857401564e-09,0.58,0.819259259259,0.64,0.5475,0.5875,0.6,1,0.840637603226,0.69
left,1,38,7342,1.13957419197e-09,0.59,0.906172839506,0.56,0.545,0.5875,0.52,1,0.813750720184,0.8475
left,1,39,67299,7.38643155934e-10,0.5,0.709135802469,0.6825,0.6775,0.6775,0.6625,1,0.932821202228,0.545
left,1,40,4819,4.87132349044e-10,0.6025,0.884444444444,0.715,0.6725,0.6725,0.56,0,0.875168043019,0.7225
left,1,41,18392,3.07621307192e-10,0.5775,0.655308641975,0.595,0.5775,0.5975,0.52,1,0.812944113693,0.725
left,1,42,996,2.52506759933e-10,0.625,0.839012345679,0.6375,0.6,0.65,0.5325,0,0.870366813904,0.725
left,1,43,29184,1.51000539134e-10,0.5375,0.822222222222,0.5725,0.57,0.62,0.45,1,0.862684847321,0.775
left,1,44,30094,9.38716067267e-11,0.625,0.821234567901,0.5625,0.62,0.675,0.5825,0,0.919377760707,0.63
left,1,45,129907,1.74103023831e-11,0.6075,0.725432098765,0.63,0.65,0.65,0.54,0,0.905895909353,0.65
left,1,46,51734,4.68497837368e-13,0.56,0.85037037037,0.7225,0.6,0.6825,0.56,0,0.927021317457,0.7275
left,1,47,108143,1.11514759e-13,0.5625,0.882469135802,0.695,0.485,0.625,0.73,0,0.876742846169,0.7225
left,1,48,1501,1.12712578457e-16,0.55,0.775308641975,0.6025,0.505,0.6425,0.4,0,0.852160553102,0.945
left,1,49,20639,9.9807208804e-17,0.5825,0.972345679012,0.415,0.4425,0.5275,0.3375,1,0.864298060303,0.81
left,1,50,80873,2.61108673543e-17,0.5,0.818271604938,0.7075,0.735,0.7775,0.705,0,0.95970808527,0.6325
left,1,51,70749,2.93216995142e-18,0.65,0.866172839506,0.39,0.36,0.39,0.365,0,0.890570386019,0.6575
left,1,52,1927,6.69816137034e-20,0.5,0.817283950617,0.5775,0.5775,0.66,0.52,0,0.814518916843,0.84
left,1,53,108652,2.48310074244e-20,0.5625,0.556049382716,0.6425,0.5075,0.565,0.44,0,0.945265988093,0.525
left,1,54,5303,9.35624299421e-23,0.25,0.787160493827,0.5,0.4725,0.75,0.695,1,0.865603994623,0.86
left,1,55,74635,5.36201130733e-37,0.3825,0.769382716049,0.675,0.5575,0.5375,0.655,0,0.82527367006,0.605
left,1,56,9191,2.61853968841e-37,0.5825,0.280987654321,0.63,0.605,0.685,0.5925,0,0.890531976186,0.6825
left,1,57,17703,4.57311175211e-46,0.0,0.982716049383,0.76,0.635,0.605,0.4275,1,0.925100825811,0.595
left,1,58,40956,4.76823699842e-80,-0.25,0.647407407407,0.72,0.625,0.7825,0.6575,1,0.98893796812,0.595
left,1,59,104599,5.86583517546e-82,-0.25,0.88049382716,0.595,0.5725,0.61,0.47,1,0.858075667371,0.6875
