left,boolean,ranking,id,score,mealScore,equipmentScore,roomScore,serviceScore,bathScore,chargeScore,kinnennScore,locationScore,distanceScore
left,0,0,146928,0.00480514839748,0.7,0.86,0.855,0.8175,0.815,0.837718455925,1,0.885,0.803456790123
left,0,1,130166,0.00331425211558,0.875,0.7875,0.9325,0.9325,0.875,0.918225465719,0,0.86,0.868148148148
left,0,2,136288,0.00230500470292,0.7425,0.7375,0.8125,0.7925,0.6225,0.852506241598,1,0.8275,0.936790123457
left,0,3,18476,0.00214641219849,0.75,0.7075,0.73,0.785,0.6875,0.859804109852,1,0.8925,0.873086419753
left,0,4,109067,0.00102561452733,0.75,0.7625,0.795,0.7525,0.71,0.787785673132,1,0.8,0.847901234568
left,0,5,80513,0.000531697079637,0.76,0.7075,0.76,0.7825,0.5975,0.84831956981,1,0.825,0.820740740741
left,0,6,74604,0.000366510886541,0.795,0.83,0.8275,0.9125,0.9075,0.822969080085,0,0.805,0.78962962963
left,0,7,54491,0.000242358714553,0.705,0.77,0.7975,0.7775,0.945,0.868945650086,0,0.9025,0.952098765432
left,0,8,41615,0.000208456733902,0.9675,0.7425,0.8475,0.92,0.81,0.820741309775,1,0.8775,0.544691358025
left,0,9,38649,0.000111524434693,0.8225,0.7525,0.78,0.7925,0.8675,0.856577683887,0,0.7575,0.811851851852
left,3,10,18297,6.16264974021e-05,0.75,0.745,0.7525,0.745,0.7275,0.764739773382,0,0.8525,0.853333333333
left,0,11,67160,6.020598215e-05,0.68,0.815,0.85,0.775,0.76,0.830036489341,0,0.8625,0.88
left,3,12,79388,3.40547015568e-05,0.7925,0.7325,0.75,0.77,0.715,0.909775302477,0,0.725,0.806913580247
left,3,13,104688,1.02591420004e-05,0.75,0.7275,0.73,0.6625,0.7225,0.657384290378,1,0.8125,0.743209876543
left,3,14,18739,2.83902104711e-06,0.6875,0.6925,0.755,0.745,0.5875,0.869829076244,0,0.8475,0.730864197531
left,3,15,5562,3.54617915896e-09,0.6875,0.775,0.82,0.8025,0.7575,0.256769733052,0,0.9575,0.911111111111
left,3,16,1357,1.49584914523e-09,0.76,0.78,0.8075,0.8025,0.72,0.283887075091,0,0.835,0.608395061728
left,2,17,101,7.06372895222e-05,0.6975,0.655,0.6,0.73,0.625,0.929710005761,1,0.94,0.97975308642
left,2,18,11230,5.71435116237e-05,0.6825,0.6725,0.695,0.74,0.6125,0.775686575763,1,0.8975,0.83012345679
left,1,19,4977,3.55996096007e-05,0.64,0.725,0.685,0.71,0.705,0.794507393893,1,0.85,0.797037037037
left,2,20,4801,1.60380262196e-05,0.7075,0.625,0.64,0.735,0.6725,0.821432686768,1,0.765,0.81037037037
left,1,21,1764,1.36024861751e-05,0.7725,0.67,0.7425,0.7075,0.645,0.73074707125,0,0.8575,0.880987654321
left,1,22,819,6.04978285403e-06,0.725,0.7075,0.7025,0.7225,0.7775,0.82527367006,0,0.83,0.721481481481
left,2,23,29764,4.49095030926e-06,0.6,0.68,0.7225,0.7425,0.5875,0.848281159977,1,0.775,0.82962962963
left,1,24,52992,2.59072287022e-06,0.6725,0.75,0.705,0.71,0.6725,0.748454004225,0,0.8225,0.928395061728
left,1,25,84558,2.57448145881e-06,0.6275,0.7925,0.8375,0.7775,0.75,0.844478586518,0,0.7775,0.825679012346
left,2,26,17979,1.2753387703e-06,0.7125,0.6525,0.6825,0.7325,0.49,0.878663337814,1,0.6775,0.752592592593
left,1,27,7343,1.26009981762e-06,0.6325,0.6875,0.715,0.7075,0.665,0.85596312656,0,0.9125,0.961975308642
left,1,28,10630,8.6742575355e-07,0.58,0.6675,0.7225,0.7275,0.7075,0.680084501632,1,0.8675,0.76987654321
left,1,29,509,8.6719627623e-07,0.8225,0.6375,0.695,0.695,0.5125,0.679277895141,0,0.92,0.912592592593
left,1,30,50703,6.86496184837e-07,0.675,0.7125,0.7,0.7325,0.645,0.735394661033,0,0.74,0.856296296296
left,1,31,192,6.65599076052e-07,0.6675,0.63,0.6775,0.66,0.5325,0.821394276935,1,0.745,0.755061728395
left,2,32,7903,3.63776313466e-07,0.75,0.6425,0.645,0.68,0.5375,0.885730747071,1,0.64,0.671604938272
left,1,33,2958,1.76456094411e-07,0.6825,0.59,0.5325,0.65,0.7475,0.890570386019,0,0.8775,0.97975308642
left,2,34,141053,1.02054781619e-07,0.625,0.65,0.645,0.7025,0.5,1.0,1,0.7025,0.611358024691
left,1,35,1942,5.59662404435e-08,0.715,0.5925,0.6725,0.6075,0.585,0.84674476666,0,0.785,0.755061728395
left,2,36,1630,2.90973717432e-08,0.8525,0.6325,0.6825,0.6525,0.6075,0.88861148454,0,0.64,0.633580246914
left,1,37,136122,2.61320352724e-08,0.5225,0.78,0.745,0.745,0.61,0.852160553102,1,0.8325,0.653827160494
left,1,38,108411,8.96092014251e-09,0.515,0.6175,0.6575,0.67,0.7075,0.874323026695,1,0.875,0.93037037037
left,1,39,1511,6.29329653453e-09,0.6075,0.52,0.54,0.6125,0.5925,0.863645093144,1,0.87,0.724444444444
left,2,40,5627,2.61446229284e-09,0.6675,0.5225,0.66,0.59,0.5675,0.868177453428,1,0.59,0.768888888889
left,1,41,67423,2.27692617447e-09,0.59,0.6375,0.6875,0.705,0.6775,0.938544267332,0,0.6825,0.652839506173
left,1,42,39144,1.20591979386e-09,0.6675,0.5575,0.63,0.6425,0.5,0.909775302477,0,0.655,0.666666666667
left,1,43,109008,2.96029493315e-10,0.595,0.5275,0.5325,0.63,0.5,0.813750720184,1,0.695,0.681975308642
left,1,44,15812,2.0814429665e-10,0.5475,0.575,0.5675,0.62,0.5,0.765738429038,1,0.7125,0.822222222222
left,1,45,147026,1.05179466917e-11,0.5,0.615,0.655,0.625,0.52,0.862684847321,1,0.645,0.815802469136
left,1,46,658,3.99995149681e-12,0.63,0.54,0.59,0.5775,0.4775,0.656270405224,0,0.665,0.656790123457
left,1,47,17743,2.78705486243e-12,0.5,0.6725,0.6825,0.665,0.6625,0.836796619935,0,0.785,0.875555555556
left,1,48,28570,3.08955064589e-13,0.7225,0.5,0.475,0.4625,0.4325,0.957787593624,0,0.6375,0.721481481481
left,1,49,1119,1.09986092846e-14,0.5,0.545,0.58,0.6,0.5075,0.857422700211,0,0.7325,0.887407407407
left,1,50,145335,8.46191664038e-15,0.5225,0.5425,0.55,0.5,0.5875,0.693796811984,0,0.8,0.797530864198
left,1,51,129987,5.91800622876e-15,0.5,0.6575,0.6875,0.6575,0.6575,0.930670251584,0,0.5625,0.686913580247
left,1,52,922,4.90901769914e-16,0.4525,0.595,0.575,0.605,0.455,0.917418859228,1,0.6825,0.583703703704
left,1,53,140859,2.54317015363e-16,0.4375,0.5975,0.65,0.6,0.59,0.957749183791,1,0.59,0.694814814815
left,1,54,25302,4.70729865575e-17,0.5,0.4875,0.5625,0.5125,0.39,0.719108891876,0,0.725,0.925925925926
left,1,55,70793,1.85816057606e-22,0.3925,0.545,0.59,0.66,0.5275,0.889302861533,0,0.6125,0.808395061728
left,1,56,108336,1.26127242386e-23,0.4175,0.535,0.56,0.595,0.3875,0.826963702708,0,0.5575,0.846913580247
left,1,57,29229,9.12691053932e-26,0.4375,0.3475,0.3475,0.3675,0.3075,0.846360668331,0,0.7725,0.849382716049
left,1,58,76409,1.48299783289e-38,0.25,0.51,0.5325,0.5775,0.52,0.936662185519,0,0.7175,0.885432098765
left,1,59,2465,2.14675833552e-127,-0.25,0.7775,0.6675,0.7225,0.555,0.937007874016,1,0.7225,0.815308641975
left,1,60,70225,4.24558407867e-129,-0.25,0.58,0.64,0.5925,0.5375,0.91165738429,1,0.805,0.795555555556
left,1,61,41042,1.23538083438e-132,-0.25,0.3475,0.445,0.5425,0.515,0.909775302477,1,0.8325,0.820740740741
