user,id,chargeScore,chargeScore_pdf,chargeScore_cdf,serviceScore,serviceScore_pdf,serviceScore_cdf,distanceScore,distanceScore_pdf,distanceScore_cdf,equipmentScore,equipmentScore_pdf,equipmentScore_cdf,mealScore,mealScore_pdf,mealScore_cdf,bathScore,bathScore_pdf,bathScore_cdf,roomScore,roomScore_pdf,roomScore_cdf,locationScore,locationScore_pdf,locationScore_cdf,kinnennScore,kinnennScore_pdf,kinnennScore_cdf
7,101,0.9297100057614741,4.04380841758,0.8401322209233767,0.73,3.87506053728,0.6566088375372394,0.9797530864197531,1.44224738903,0.9187337201919314,0.655,3.47126598132,0.49322852446732723,0.6975,2.3361898987,0.6183032548723911,0.625,3.00413970898,0.5704357705328434,0.6000000000000001,2.55747225913,0.23567350514663105,0.9400000000000001,1.43080603886,0.9290817446246777,1.0,2.81746031746,0.718253968254
7,192,0.8213942769348951,4.61809261238,0.22405490722425636,0.66,4.62449018306,0.34481259061190866,0.755061728395061,2.41230056898,0.30037977349150724,0.63,3.32066041101,0.4081198756816845,0.6675,2.47973055754,0.5458948142278626,0.5325,3.22561415253,0.2594540203001902,0.6775,3.21811595823,0.46547142879433756,0.745,3.02693740241,0.4048219803983154,1.0,2.81746031746,0.718253968254
7,223,0.8713654695602071,6.48780858849,0.5150235382959646,0.6775,4.7453894022,0.4273390608912512,0.8103703703703701,3.14116483503,0.4552283950930827,0.6375000000000001,3.37617656776,0.4332380878038461,0.5825,2.27667412085,0.33625144701020904,0.5575,3.52330371539,0.34468266742171244,0.605,2.62604943165,0.24863347879413009,0.605,1.32322580827,0.08297993403873391,0.0,2.18253968254,0.218253968254
7,388,0.713885154599577,0.279408414545,0.01843810671706038,0.7675000000000001,3.04636621816,0.7875607644473317,0.851358024691358,3.31448516927,0.5890583309601791,0.7575000000000001,2.50652646832,0.824301489347353,0.7825000000000001,1.76708284764,0.7935390890775587,0.675,2.4025470571,0.7050262626623232,0.7675000000000001,2.66333465625,0.7410447047991755,0.915,1.93516912002,0.8869947967407745,1.0,2.81746031746,0.718253968254
7,398,0.8828884194353751,6.35108042842,0.5892240400864035,0.66,4.62449018306,0.34481259061190866,0.720493827160493,1.93708308722,0.22536540989372883,0.635,3.35857710339,0.4248194526451743,0.847499999999999,1.20875011845,0.8909739158353243,0.545,3.42663110183,0.3011391971068133,0.6325000000000001,2.94640443626,0.3254898815118058,0.61,1.39966544326,0.08978716506437127,0.0,2.18253968254,0.218253968254
7,462,0.965469560207413,1.91011872747,0.9452249902917915,0.8300000000000001,1.23297632826,0.9176522717148026,0.810864197530864,3.14579567892,0.45678073324445534,0.7975000000000001,1.59918440377,0.9063097685102386,0.7075,2.27644391179,0.6413696410328291,0.64,2.81406971517,0.6140840714739588,0.68,3.22288599369,0.4735229196328729,0.79,3.08063433796,0.542714578290012,1.0,2.81746031746,0.718253968254
7,509,0.6792778951411561,0.173503698691,0.011472262293210883,0.6950000000000001,4.55243652913,0.5090428352053646,0.9125925925925921,2.71688532389,0.7786906655892734,0.6375000000000001,3.37617656776,0.4332380878038461,0.8225,1.4389592226,0.8578507912835597,0.5125000000000001,2.7126216141,0.19974373619929098,0.6950000000000001,3.22713758525,0.5219507335461455,0.919999999999999,1.8353391274,0.8964216339592169,0.0,2.18253968254,0.218253968254
7,568,0.786863837142308,2.55459713687,0.10104088231026302,0.7975000000000001,2.0883221635,0.8648978046075968,0.9432098765432091,2.14553923122,0.8533389434240979,0.685,3.48962453771,0.5981677490130514,0.5675,2.13867091544,0.3031081796147388,0.865,0.757791450119,0.9624393980502792,0.6625,3.16585478109,0.41754151859621536,0.9450000000000001,1.33127384218,0.9359863057084523,1.0,2.81746031746,0.718253968254
7,570,0.765700019204916,1.54268925158,0.05814606790152135,0.7825000000000001,2.5834125283,0.8298677519062768,0.946172839506172,2.08727494227,0.8596098062173045,0.754999999999999,2.56154284227,0.8179662343637017,0.857499999999999,1.11447930147,0.9025901412632298,0.735,1.7467736157,0.8315967425914741,0.8625,1.20523305682,0.9247884385383676,0.8775000000000001,2.59783223995,0.8013919725569196,1.0,2.81746031746,0.718253968254
7,610,0.880929517956596,6.39099462505,0.5767427330177651,0.725,3.97009322814,0.6369965354934024,0.899753086419753,2.91907250497,0.742475147160939,0.6875,3.48097647756,0.6068813638918835,0.8225,1.4389592226,0.8578507912835597,0.615,3.12408448715,0.5397894858576522,0.7825000000000001,2.44805735617,0.7794078646670977,0.9175000000000001,1.88542411411,0.8917706160909664,0.0,2.18253968254,0.218253968254
7,630,0.9405031688112151,3.35878711314,0.8800748678122209,0.68,4.73379167011,0.4391893776581416,0.7629629629629631,2.52733598184,0.31989372680613704,0.6375000000000001,3.37617656776,0.4332380878038461,0.7725000000000001,1.84068523909,0.7754979103198384,0.5575,3.52330371539,0.34468266742171244,0.74,2.98426787751,0.6631350895362627,0.6875,2.5188591294,0.24241073686420556,0.0,2.18253968254,0.218253968254
7,658,0.656270405223737,0.17114073605,0.007467844740571857,0.5775,1.7077337791,0.08193517187979638,0.65679012345679,1.18916780633,0.12660816753594747,0.54,2.13955658777,0.15611005785834303,0.63,2.52178818935,0.45151681681634614,0.47750000000000004,1.69038887236,0.1233763978304235,0.59,2.41245304792,0.21081564819654702,0.665,2.20536256533,0.18923030503996183,0.0,2.18253968254,0.218253968254
7,659,0.531745726906087,0.00058107481316,6.083523387639234e-06,0.6125,2.91201111972,0.1613667033916569,0.622222222222222,0.871515981059,0.09123986640615597,0.5925,2.93329856911,0.2903164670992566,0.62,2.49823207088,0.4264036881345248,0.47750000000000004,1.69038887236,0.1233763978304235,0.645,3.05565501242,0.3630282643817866,0.65,1.99142018419,0.15775241827245062,0.0,2.18253968254,0.218253968254
7,716,0.7945073938928361,2.97985086803,0.12217464253235313,0.7225,4.01825952316,0.6270112028594668,0.819259259259259,3.21590660172,0.4834957982255735,0.715,3.2635740433,0.700145299267376,0.8025,1.61021945532,0.8273354345777364,0.645,2.74956969959,0.6279930795234689,0.8325,1.65255764498,0.8820635279220284,0.735,2.98512452605,0.3747462849828034,0.0,2.18253968254,0.218253968254
7,767,0.7599385442673321,1.31480043652,0.0499247548457052,0.6950000000000001,4.55243652913,0.5090428352053646,0.9007407407407401,2.90469538694,0.7453510994164338,0.6625,3.49495341696,0.5193589013358275,0.7325,2.11564238602,0.6962945750172076,0.5975,3.31825848225,0.48338654632539513,0.7000000000000001,3.21911937374,0.5380683614755019,0.8725,2.66845984778,0.7882240414850268,0.0,2.18253968254,0.218253968254
7,839,0.782024198194737,2.30052912096,0.08929738472179777,0.8150000000000001,1.57096983601,0.8967536278661505,1.0,1.09139241376,0.9443155415880761,0.7875000000000001,1.81973920991,0.8892244872689159,0.735,2.09904656763,0.7015629502006384,0.7275,1.85984608053,0.8180647399357124,0.845,1.45937055199,0.9015046510484921,0.925,1.73442162549,0.9053463743764865,1.0,2.81746031746,0.718253968254
7,858,0.7714614941425001,1.79178243563,0.0677418190446829,0.61,2.81021693751,0.1542143249638615,0.631604938271604,0.949003193418,0.09977512207510622,0.635,3.35857710339,0.4248194526451743,0.5675,2.13867091544,0.3031081796147388,0.5525,3.49685383634,0.3271256975273149,0.65,3.09236496766,0.3784000192503494,0.6475000000000001,1.95557075151,0.15281866282274253,0.0,2.18253968254,0.218253968254
7,864,0.8713654695602071,6.48780858849,0.5150235382959646,0.6900000000000001,4.63050973193,0.4860797381394135,0.899753086419753,2.91907250497,0.742475147160939,0.6375000000000001,3.37617656776,0.4332380878038461,0.75,1.99808854321,0.732294478683889,0.5625,3.53451164736,0.3623333122944332,0.71,3.18873428179,0.5701236053092048,0.919999999999999,1.8353391274,0.8964216339592169,0.0,2.18253968254,0.218253968254
7,922,0.9174188592279621,4.80834254816,0.7856878552024675,0.605,2.61306885286,0.140659923162057,0.5837037037037031,0.625715011225,0.06276374671947604,0.595,2.96438455793,0.29768871957755555,0.4525,0.87694224069,0.13093614973784634,0.454999999999999,1.28132426097,0.09038972869954219,0.5750000000000001,2.17892063593,0.17635976637151485,0.6825,2.4510065344,0.22998537777450132,1.0,2.81746031746,0.718253968254
7,930,0.56024582293067,0.00548722837917,7.114211205626718e-05,0.78,2.66477471055,0.8233072817969844,0.750123456790123,2.34116890402,0.2886431401297828,0.75,2.66888262268,0.8048885565644965,0.7125,2.24530559148,0.652674306384921,0.685,2.30998757712,0.7285816708798771,0.7925000000000001,2.29415220299,0.8031243451574208,0.885,2.48245294312,0.8204498031692116,1.0,2.81746031746,0.718253968254
7,995,0.8674860764355671,6.47895735818,0.4898628506421432,0.5775,1.7077337791,0.08193517187979638,0.7664197530864191,2.57782017258,0.32871746472919067,0.51,1.61427062157,0.09975560045395498,0.7875000000000001,1.72915886426,0.8022800285004302,0.52,2.92740046851,0.22090682354508134,0.5325,1.47521093205,0.09867298385999458,0.65,1.99142018419,0.15775241827245062,1.0,2.81746031746,0.718253968254
7,996,0.8703668139043591,6.48821912145,0.5085440915706685,0.65,4.38956542993,0.2996472031317938,0.8390123456790121,3.31010985624,0.5481214356652951,0.6000000000000001,3.02439689658,0.3126618817342938,0.625,2.51196454184,0.43893081028435377,0.5325,3.22561415253,0.2594540203001902,0.6375000000000001,2.99303710954,0.3403400844581952,0.725,2.92332344064,0.3451863819653644,0.0,2.18253968254,0.218253968254
7,1119,0.8574227002112541,6.32644786396,0.4252756776854739,0.6000000000000001,2.42565816574,0.12806736231276483,0.8874074074074071,3.07962177589,0.7054084312784408,0.545,2.22425555535,0.16702012072168632,0.5,1.37446661939,0.1839931893017007,0.5075000000000001,2.56015456187,0.18655960829732354,0.58,2.25854883079,0.18745408724077622,0.7325,2.97164949609,0.3673000503591997,0.0,2.18253968254,0.218253968254
7,1128,0.858882273862108,6.3598666632,0.4345344345721902,0.7425,3.63624540529,0.7035657531360338,0.7935802469135801,2.95489828311,0.4039782369490576,0.6925,3.45835392185,0.6242326879138116,0.8700000000000001,0.997556661,0.9157881732153157,0.6025,3.26514459946,0.49984603079771195,0.6775,3.21811595823,0.46547142879433756,0.7725000000000001,3.07299698539,0.4888602195259275,1.0,2.81746031746,0.718253968254
7,1186,0.7987708853466481,3.22829694661,0.13540624514601332,0.7225,4.01825952316,0.6270112028594668,0.712592592592592,1.83617285063,0.21046040458610266,0.6175,3.21098198092,0.3672756457224051,0.5750000000000001,2.2104908539,0.3194207984808167,0.65,2.68571864911,0.6415808463143411,0.6625,3.16585478109,0.41754151859621536,0.67,2.27626973523,0.2004345124400716,0.0,2.18253968254,0.218253968254
7,1356,0.704513155367774,0.216875570487,0.01614103294029019,0.7575000000000001,3.3097115593,0.7557464320120092,0.8316049382716041,3.28703074199,0.523678262961603,0.774999999999999,2.10664969674,0.864692305305416,0.79,1.70988801144,0.8065788811919374,0.73,1.8234405639,0.822669123996183,0.8125,1.97350774196,0.8458176717992151,0.925,1.73442162549,0.9053463743764865,0.0,2.18253968254,0.218253968254
7,1357,0.283887075091223,8.92851173176e-23,3.4113338288308956e-25,0.8025,1.92967458263,0.8749400792130269,0.6083950617283951,0.770201850694,0.07990747238381242,0.78,1.99104202593,0.8749362938197323,0.76,1.92924930567,0.7519323906894824,0.72,1.96098160031,0.8037290115741751,0.8075000000000001,2.05444778078,0.8357477208752655,0.835,3.01268299618,0.6806537356974449,0.0,2.18253968254,0.218253968254
7,1386,0.694680238140964,0.184587770346,0.014190255540228416,0.6975,4.5088229198,0.5203699453122506,0.866666666666666,3.25956055417,0.6394637962055825,0.7025,3.39093926461,0.6585042511413913,0.5825,2.27667412085,0.33625144701020904,0.6525000000000001,2.65431344358,0.6482557949426109,0.7425,2.95991081998,0.6705655330946195,0.8600000000000001,2.82058278272,0.7538798086730847,0.0,2.18253968254,0.218253968254
7,1404,0.41317457269060803,1.19334824338e-10,6.823581424707198e-13,0.6725,4.74827045824,0.4035932047115489,0.575802469135802,0.587860526897,0.05797161776827488,0.6725,3.507809509,0.5543915783052745,0.75,1.99808854321,0.732294478683889,0.77,1.1410923412,0.8822053999709859,0.7875000000000001,2.37191969178,0.7914585571596513,0.75,3.04145240265,0.41999453238515205,0.0,2.18253968254,0.218253968254
7,1500,0.9097753024774341,5.25126373414,0.7472196233828133,0.73,3.87506053728,0.6566088375372394,0.8859259259259251,3.09634663665,0.7008335694739943,0.5675,2.58537251026,0.22119810355789918,0.6875,2.39124037456,0.5946614607721424,0.387499999999999,0.582986655757,0.027487962611197556,0.5825,2.29774527709,0.19314954671870205,0.9375,1.48107219323,0.925441953298358,0.0,2.18253968254,0.218253968254
7,1501,0.8521605531015941,6.17603738353,0.3923606222842999,0.6425000000000001,4.14560248799,0.26760884336058466,0.775308641975308,2.70665368435,0.35220573163466207,0.505,1.52597496379,0.0919051171344106,0.55,1.95394898806,0.2672676999151573,0.4,0.720214636613,0.035632870941664646,0.6025,2.5921116805,0.24211062848369175,0.9450000000000001,1.33127384218,0.9359863057084523,0.0,2.18253968254,0.218253968254
7,1511,0.8636450931438441,6.44254288784,0.4650384530440841,0.6125,2.91201111972,0.1613667033916569,0.724444444444444,1.98853872429,0.2331194938672993,0.52,1.79116182796,0.11678298462364849,0.6075,2.44691479976,0.39547147719740855,0.5925,3.36861546808,0.4666680203496527,0.54,1.59871172388,0.11019895250420712,0.8700000000000001,2.70175068332,0.7815109902722857,1.0,2.81746031746,0.718253968254
7,1556,0.788745918955252,2.65669572614,0.10594464194443877,0.675,4.75034247582,0.4154679695805417,0.675555555555555,1.39294280157,0.15080793052236302,0.6625,3.49495341696,0.5193589013358275,0.705,2.29173026571,0.6356593803826431,0.6525000000000001,2.65431344358,0.6482557949426109,0.705,3.20632330981,0.5541339633603556,0.7825000000000001,3.07818614487,0.5196182688423672,1.0,2.81746031746,0.718253968254
7,1630,0.888611484540042,6.19811475559,0.6251591178972207,0.6525000000000001,4.4588332827,0.31070907504069606,0.6335802469135801,0.966195462502,0.10166662689807002,0.6325000000000001,3.3400636911,0.41644596384430854,0.8525,1.16162650098,0.8968998998178508,0.6075,3.20996931446,0.5160345749998309,0.6825,3.22650773521,0.48158490184110436,0.64,1.8474091798,0.13855682376525247,0.0,2.18253968254,0.218253968254
7,1667,0.660072978682542,0.173452786011,0.008123386089409912,0.68,4.73379167011,0.4391893776581416,0.902222222222222,2.88273586116,0.7496381432612091,0.6625,3.49495341696,0.5193589013358275,0.75,1.99808854321,0.732294478683889,0.49,2.02243824321,0.1465104898470967,0.6175,2.78434432957,0.2824689353649831,0.8,3.08148178927,0.5735281694949752,0.0,2.18253968254,0.218253968254
7,1680,0.8974841559439211,5.86475857398,0.6787539630381015,0.7925000000000001,2.25213245762,0.8540482318957257,0.875061728395061,3.20106447043,0.6665964020414071,0.6950000000000001,3.44431242384,0.6328614053585788,0.784999999999999,1.74822140499,0.7979332604871181,0.6975,2.19948802822,0.7567681109390562,0.7275,3.08965934203,0.6251440319296617,0.8700000000000001,2.70175068332,0.7815109902722857,1.0,2.81746031746,0.718253968254
7,1725,0.84251968503937,5.79142787779,0.33456803817142233,0.685,4.69248266167,0.46276457650182057,0.760987654320987,2.49849488241,0.3149299475055441,0.6000000000000001,3.02439689658,0.3126618817342938,0.615,2.48059481421,0.4139549995609374,0.625,3.00413970898,0.5704357705328434,0.6475000000000001,3.0745214689,0.3706911968981811,0.7425,3.01818473623,0.39726535728598705,1.0,2.81746031746,0.718253968254
7,1764,0.7307470712502401,0.502079226077,0.024802711211560788,0.7075,4.31655496102,0.5645139196771405,0.880987654320987,3.14791453475,0.6854129663746757,0.67,3.50674088594,0.5456230809661584,0.7725000000000001,1.84068523909,0.7754979103198384,0.645,2.74956969959,0.6279930795234689,0.7425,2.95991081998,0.6705655330946195,0.857499999999999,2.84657322485,0.7467955477431316,0.0,2.18253968254,0.218253968254
7,1770,0.785327443825619,2.47259486571,0.09717916716986798,0.6025,2.5180861113,0.1342465023480313,0.722962962962963,1.96916054327,0.2301878771563478,0.5775,2.73226419053,0.2477943012128146,0.635,2.52773543492,0.46414222949999806,0.5525,3.49685383634,0.3271256975273149,0.64,3.0149004391,0.34785021055772414,0.835,3.01268299618,0.6806537356974449,0.0,2.18253968254,0.218253968254
7,1799,0.434415210293835,3.86024937997e-09,2.4050540775261166e-11,0.81,1.70680309663,0.8885638182921585,0.7614814814814811,2.50570251801,0.3161655517098199,0.8400000000000001,0.839898341152,0.9569941519359881,0.8250000000000001,1.41660304011,0.8614202834629363,0.8500000000000001,0.82351603736,0.9504691867486603,0.885,0.913848250039,0.9485478037850223,0.8,3.08148178927,0.5735281694949752,0.0,2.18253968254,0.218253968254
7,1872,0.683272517764547,0.17373588191,0.012165458179146181,0.66,4.62449018306,0.34481259061190866,0.7866666666666661,2.86495935569,0.3838566889025589,0.6075,3.10890423503,0.3356659413298026,0.6075,2.44691479976,0.39547147719740855,0.52,2.92740046851,0.22090682354508134,0.6475000000000001,3.0745214689,0.3706911968981811,0.9475,1.28215669374,0.9392529909220566,0.0,2.18253968254,0.218253968254
7,1927,0.814518916842711,4.19187266634,0.19376566534176848,0.66,4.62449018306,0.34481259061190866,0.8172839506172841,3.20091869578,0.47715803563628256,0.5775,2.73226419053,0.2477943012128146,0.5,1.37446661939,0.1839931893017007,0.52,2.92740046851,0.22090682354508134,0.5775,2.21892889934,0.18185715548847142,0.8400000000000001,2.98601268161,0.6956527692218417,0.0,2.18253968254,0.218253968254
7,1996,0.8560015363933161,6.29037512483,0.41630998287467913,0.67,4.73886318643,0.3917327321563538,0.7866666666666661,2.86495935569,0.3838566889025589,0.525,1.87927100398,0.12595924065010605,0.62,2.49823207088,0.4264036881345248,0.6000000000000001,3.29199438478,0.4916494937405218,0.495,0.910307472832,0.05428763179199114,0.7325,2.97164949609,0.3673000503591997,0.0,2.18253968254,0.218253968254
7,1997,0.8905703860188201,6.13400771933,0.6372387589600166,0.6900000000000001,4.63050973193,0.4860797381394135,0.493827160493827,0.27482242166,0.022962731973889185,0.6625,3.49495341696,0.5193589013358275,0.7775000000000001,1.80423484455,0.7846104872238284,0.59,3.39244384084,0.4582164822758884,0.685,3.22897346053,0.48965449495058067,0.67,2.27626973523,0.2004345124400716,1.0,2.81746031746,0.718253968254
7,2335,0.9059343191857111,5.4583777448,0.7266479840588748,0.675,4.75034247582,0.4154679695805417,0.884444444444444,3.11249772963,0.6962343542248134,0.5825,2.80196609446,0.2616309618039532,0.75,1.99808854321,0.732294478683889,0.485,1.88152398547,0.13675455053753466,0.64,3.0149004391,0.34785021055772414,0.6900000000000001,2.55208659421,0.2487495291133564,0.0,2.18253968254,0.218253968254
7,2465,0.937007874015748,3.57967077124,0.867949439995868,0.7225,4.01825952316,0.6270112028594668,0.8153086419753081,3.18498532625,0.47085081606653234,0.7775000000000001,2.04877359598,0.8698865654258986,-0.25,0.231555748198,0.023837604795250156,0.555,3.51205177047,0.33588766368875894,0.6675,3.18771913924,0.43342727942815584,0.7225,2.90452182953,0.33790129353516984,1.0,2.81746031746,0.718253968254
7,2605,0.8767428461686191,6.45380192974,0.5498433965511467,0.339999999999999,0.0147788836118,0.0004512820824060967,0.803456790123456,3.0708928403,0.4337489051694741,0.3025,0.0508195461582,0.0037254389289132148,-0.25,0.231555748198,0.023837604795250156,0.355,0.287995016548,0.013724891814646832,0.339999999999999,0.0474391154907,0.00727200242799587,0.59,1.09698987259,0.06483856143425011,1.0,2.81746031746,0.718253968254
7,2876,0.602458229306702,0.0541388782625,0.0010588846846165227,0.8400000000000001,1.06177768596,0.9290942941368215,0.886913580246913,3.08526003252,0.7038862356438278,0.794999999999999,1.65323448604,0.9022444138044576,0.6075,2.44691479976,0.39547147719740855,0.889999999999999,0.492250298328,0.9783223933735682,0.8174999999999991,1.89256872673,0.8554828009094662,0.9550000000000001,1.13827447649,0.9483260221440455,0.0,2.18253968254,0.218253968254
7,2877,0.748454004225081,0.926369245308,0.03714047772965399,0.635,3.85921346794,0.2375694409820544,0.845432098765432,3.31776426113,0.5694022900993889,0.75,2.66888262268,0.8048885565644965,0.6875,2.39124037456,0.5946614607721424,0.635,2.87839954427,0.5998526753574294,0.6725,3.20516366429,0.4494113434033086,0.8075000000000001,3.07883650177,0.5966317245446089,1.0,2.81746031746,0.718253968254
7,2958,0.8905703860188201,6.13400771933,0.6372387589600166,0.65,4.38956542993,0.2996472031317938,0.9797530864197531,1.44224738903,0.9187337201919314,0.59,2.90150385128,0.2830228173629469,0.6825,2.41643818158,0.5826415334564258,0.7475,1.5363228103,0.8521399283885955,0.5325,1.47521093205,0.09867298385999458,0.8775000000000001,2.59783223995,0.8013919725569196,0.0,2.18253968254,0.218253968254
7,4771,0.7637795275590551,1.46433203254,0.05525896786943919,0.705,4.36630982025,0.5536602110174995,0.79753086419753,3.00327176811,0.4157482630591386,0.635,3.35857710339,0.4248194526451743,0.6025,2.41976699561,0.38330323800470734,0.5175000000000001,2.85818112228,0.21367429043382796,0.705,3.20632330981,0.5541339633603556,0.8975000000000001,2.26841891713,0.850168436758739,1.0,2.81746031746,0.718253968254
7,4778,0.594814672556174,0.0392017875348,0.0007040301724463216,0.6875,4.6638005395,0.4744609503700351,0.941234567901234,2.18429919368,0.8490625454937849,0.7125,3.29291199956,0.6919492907872193,0.7875000000000001,1.72915886426,0.8022800285004302,0.6575000000000001,2.59307939199,0.6613732903237942,0.774999999999999,2.55846845672,0.760630271649053,0.9400000000000001,1.43080603886,0.9290817446246777,1.0,2.81746031746,0.718253968254
7,4801,0.8214326867678121,4.62045143253,0.22423233269203835,0.735,3.7806910043,0.6757482831307253,0.8103703703703701,3.14116483503,0.4552283950930827,0.625,3.27926906114,0.3916186376438465,0.7075,2.27644391179,0.6413696410328291,0.6725,2.42729774695,0.6989891176392726,0.64,3.0149004391,0.34785021055772414,0.764999999999999,3.06677331173,0.46583436067381345,1.0,2.81746031746,0.718253968254
7,4805,0.7753024774342231,1.96920290935,0.07496191140880534,0.7725000000000001,2.89983548844,0.8024301287738709,0.940246913580246,2.20364263145,0.846895658362782,0.74,2.86994931944,0.7771775659513589,0.7675000000000001,1.87651068609,0.7662046765394201,0.6975,2.19948802822,0.7567681109390562,0.8400000000000001,1.53566224038,0.8940176664659951,0.9125000000000001,1.98450760615,0.8820951092909074,0.0,2.18253968254,0.218253968254
7,4819,0.8751680430190121,6.46927300812,0.539667153516191,0.6725,4.74827045824,0.4035932047115489,0.884444444444444,3.11249772963,0.6962343542248134,0.6725,3.507809509,0.5543915783052745,0.6025,2.41976699561,0.38330323800470734,0.56,3.53073978824,0.3535010017729858,0.715,3.16635500637,0.5860133212903107,0.7225,2.90452182953,0.33790129353516984,0.0,2.18253968254,0.218253968254
7,4977,0.7945073938928361,2.97985086803,0.12217464253235313,0.71,4.26637222045,0.5752426309623678,0.7970370370370371,2.99736029918,0.41426662386027346,0.725,3.12726547494,0.7321244569561032,0.64,2.52987474561,0.4767878226676252,0.705,2.12878335345,0.7730030135266939,0.685,3.22897346053,0.48965449495058067,0.8500000000000001,2.91539433295,0.7251795735057937,1.0,2.81746031746,0.718253968254
7,5024,0.9289802189360471,4.09013548515,0.8371641950836529,0.7000000000000001,4.46291457764,0.5315850383386043,0.9032098765432091,2.86783918542,0.7524779501153458,0.6525000000000001,3.46093476699,0.4845630302644511,0.67,2.47064896723,0.5520829229691776,0.495,2.17159209987,0.15699270267778007,0.7625000000000001,2.7296380087,0.72756098643162,0.7425,3.01818473623,0.39726535728598705,1.0,2.81746031746,0.718253968254
7,5041,0.7061647781832141,0.225327393643,0.016506071681969763,0.41000000000000003,0.0524342098741,0.0027085158863410824,0.8246913580246911,3.25208856648,0.5010665841598136,0.454999999999999,0.719481808187,0.03661838614151525,0.75,1.99808854321,0.732294478683889,0.36250000000000004,0.342318371762,0.016082754200071204,0.47750000000000004,0.692138523864,0.04031603631676768,0.6375000000000001,1.81108730778,0.13398367071153688,0.0,2.18253968254,0.218253968254
7,5303,0.865603994622623,6.464536005,0.47768145888936364,0.75,3.48160003351,0.7302664272177859,0.78716049382716,2.8715779948,0.38527311899048355,0.47250000000000003,0.976652106974,0.05140405277764461,0.25,0.0999773268606,0.06397559059342853,0.6950000000000001,2.22191457411,0.7512412747879292,0.5,0.978701525528,0.05900909687789899,0.8600000000000001,2.82058278272,0.7538798086730847,1.0,2.81746031746,0.718253968254
7,5309,0.8444785865181481,5.87978932816,0.34600019609140675,0.6975,4.5088229198,0.5203699453122506,0.9041975308641971,2.85274149676,0.7553029446099011,0.6900000000000001,3.47056463308,0.6155711615032577,0.6950000000000001,2.35046035925,0.6124448784086295,0.585,3.43657433283,0.4411417711255681,0.6950000000000001,3.22713758525,0.5219507335461455,0.7675000000000001,3.06916310216,0.47350435729361795,0.0,2.18253968254,0.218253968254
7,5385,0.9020933358939881,5.65235639521,0.7053053638893467,0.6075,2.71049864116,0.147313887231815,0.9446913580246911,2.11642074244,0.8564959549660712,0.5875,2.86900977587,0.2758095306683431,0.7625000000000001,1.91179010682,0.7567337133951701,0.5075000000000001,2.56015456187,0.18655960829732354,0.6000000000000001,2.55747225913,0.23567350514663105,0.8425,2.97056929277,0.7030987965368007,0.0,2.18253968254,0.218253968254
7,5562,0.256769733051661,5.855904399e-26,2.093826423568713e-28,0.8025,1.92967458263,0.8749400792130269,0.9111111111111111,2.74177771691,0.7746471661469208,0.774999999999999,2.10664969674,0.864692305305416,0.6875,2.39124037456,0.5946614607721424,0.7575000000000001,1.35741495967,0.8666110746831189,0.8200000000000001,1.85219074966,0.8601637314291809,0.9575,1.09170317963,0.9511133331002336,0.0,2.18253968254,0.218253968254
7,5627,0.8681774534280771,6.48259533557,0.49434356176218597,0.59,2.08212643587,0.10556322942093072,0.7688888888888881,2.61381601509,0.33512691108414816,0.5225000000000001,1.83526860451,0.12131604146816279,0.6675,2.47973055754,0.5458948142278626,0.5675,3.53176748843,0.38000451433279936,0.66,3.15328877801,0.4096423639101943,0.59,1.09698987259,0.06483856143425011,1.0,2.81746031746,0.718253968254
7,5729,0.696216631457653,0.187877600172,0.014476311025088135,0.5,0.298317401351,0.013612515902400606,0.826172839506172,3.26064082494,0.5058908988767232,0.5225000000000001,1.83526860451,0.12131604146816279,0.5,1.37446661939,0.1839931893017007,0.41000000000000003,0.826344411357,0.04337090537087605,0.545,1.68194427106,0.11840037187061431,0.6375000000000001,1.81108730778,0.13398367071153688,0.0,2.18253968254,0.218253968254
7,7055,0.8713654695602071,6.48780858849,0.5150235382959646,0.54,0.84500190132,0.03510836028437484,0.7412345679012341,2.21554063922,0.2683936584469577,0.47250000000000003,0.976652106974,0.05140405277764461,0.8075000000000001,1.56874842953,0.8352832395060237,0.464999999999999,1.43391056797,0.1039314466948234,0.5675,2.0569263472,0.1604736650219546,0.6375000000000001,1.81108730778,0.13398367071153688,0.0,2.18253968254,0.218253968254
7,7341,0.8636835029767621,6.44304218587,0.4652859196376319,0.7000000000000001,4.46291457764,0.5315850383386043,0.8864197530864191,3.09083507818,0.7023612712810889,0.6125,3.16148397887,0.3513431814751181,0.5,1.37446661939,0.1839931893017007,0.6025,3.26514459946,0.49984603079771195,0.754999999999999,2.82294685441,0.7067339556421741,0.7675000000000001,3.06916310216,0.47350435729361795,0.0,2.18253968254,0.218253968254
7,7342,0.8137507201843671,4.14402547074,0.19056386098736827,0.5875,2.00264105041,0.10045778217406966,0.9061728395061721,2.82195927025,0.7609077143381782,0.545,2.22425555535,0.16702012072168632,0.59,2.33642029791,0.35355481136451394,0.52,2.92740046851,0.22090682354508134,0.56,1.9327540033,0.14551131837621203,0.847499999999999,2.93528542877,0.7178659081419123,1.0,2.81746031746,0.718253968254
7,7343,0.8559631265603991,6.28935247717,0.41606839024903397,0.7075,4.31655496102,0.5645139196771405,0.9619753086419751,1.77770220687,0.8901413515868275,0.6875,3.48097647756,0.6068813638918835,0.6325000000000001,2.5252429176,0.457825807022918,0.665,2.50647308668,0.6804922230208046,0.715,3.16635500637,0.5860133212903107,0.9125000000000001,1.98450760615,0.8820951092909074,0.0,2.18253968254,0.218253968254
7,7588,0.8559631265603991,6.28935247717,0.41606839024903397,0.6950000000000001,4.55243652913,0.5090428352053646,0.958024691358024,1.85453357977,0.8829667576357758,0.6725,3.507809509,0.5543915783052745,0.6025,2.41976699561,0.38330323800470734,0.845,0.826811786073,0.9463399765378856,0.6175,2.78434432957,0.2824689353649831,0.8150000000000001,3.07144244413,0.6196988698729924,1.0,2.81746031746,0.718253968254
7,7599,0.8646437487996921,6.45464139978,0.47147852908710497,0.6000000000000001,2.42565816574,0.12806736231276483,0.9456790123456791,2.09699246852,0.8585766536929342,0.5625,2.50847632411,0.2084625797483577,0.75,1.99808854321,0.732294478683889,0.5325,3.22561415253,0.2594540203001902,0.5675,2.0569263472,0.1604736650219546,0.9500000000000001,1.23357014308,0.9423975313800463,1.0,2.81746031746,0.718253968254
7,7903,0.8857307470712501,6.28170306541,0.6071804537586735,0.68,4.73379167011,0.4391893776581416,0.6716049382716051,1.34863225058,0.14539269605757876,0.6425000000000001,3.4085254848,0.4502014583720835,0.75,1.99808854321,0.732294478683889,0.5375,3.31851792186,0.27582114005911107,0.645,3.05565501242,0.3630282643817866,0.64,1.8474091798,0.13855682376525247,1.0,2.81746031746,0.718253968254
7,8207,0.8859612060687531,6.27549872234,0.6086274154666231,0.6975,4.5088229198,0.5203699453122506,0.7046913580246911,1.73766840945,0.19634301571786375,0.7375,2.91684078529,0.7699437708243707,0.6625,2.49588256619,0.5334546303062921,0.54,3.35877424829,0.2841686282589474,0.6575000000000001,3.13964659479,0.4017759715295032,0.7775000000000001,3.0759102899,0.5042328007355392,0.0,2.18253968254,0.218253968254
7,8290,0.783022853850585,2.35192718565,0.0916204401975702,0.77,2.97425930156,0.7950870452674288,0.8898765432098761,3.0504924832,0.7129767934584259,0.7825000000000001,1.93355947666,0.8798419831820568,0.8925000000000001,0.797051463939,0.935944627156464,0.75,1.49197171698,0.8559253950105723,0.8325,1.65255764498,0.8820635279220284,0.8300000000000001,3.03405217704,0.6655347800557613,0.0,2.18253968254,0.218253968254
7,8961,0.73309007105819,0.546330273175,0.026030239889028216,0.6625,4.66472035074,0.3564257110768094,0.835555555555555,3.3012189351,0.5366934935834451,0.6325000000000001,3.3400636911,0.41644596384430854,0.535,1.78306760109,0.23923017793232293,0.5325,3.22561415253,0.2594540203001902,0.6025,2.5921116805,0.24211062848369175,0.9075000000000001,2.08170482832,0.8719286848284873,0.0,2.18253968254,0.218253968254
7,9191,0.8905319761859031,6.13531936675,0.6370031275514312,0.685,4.69248266167,0.46276457650182057,0.28098765432098705,0.0361681199921,0.005310920142754004,0.605,3.08147947588,0.32792780537799937,0.5825,2.27667412085,0.33625144701020904,0.5925,3.36861546808,0.4666680203496527,0.63,2.92166339542,0.3181546014083797,0.6825,2.4510065344,0.22998537777450132,0.0,2.18253968254,0.218253968254
7,9518,0.8706740925676971,6.48829119304,0.5105377984606061,0.7000000000000001,4.46291457764,0.5315850383386043,0.919012345679012,2.60506874491,0.7957767455713756,0.625,3.27926906114,0.3916186376438465,0.75,1.99808854321,0.732294478683889,0.675,2.4025470571,0.7050262626623232,0.725,3.10734177182,0.61739753943051,0.8500000000000001,2.91539433295,0.7251795735057937,1.0,2.81746031746,0.718253968254
7,10630,0.6800845016324181,0.173471222474,0.011612196238235381,0.7275,3.92240175847,0.6468620662538213,0.7698765432098761,2.62818317556,0.33771555446724155,0.6675,3.50421079472,0.5368590917709859,0.58,2.25528998294,0.33058634573121076,0.7075,2.10361374259,0.7782937072196653,0.7225,3.12386148536,0.609608292047715,0.867499999999999,2.7336403631,0.7747164558131449,1.0,2.81746031746,0.718253968254
7,10672,0.8137507201843671,4.14402547074,0.19056386098736827,0.6075,2.71049864116,0.147313887231815,0.72395061728395,1.98206817989,0.23213909756219808,0.535,2.05368471904,0.1456265097898093,-0.25,0.231555748198,0.023837604795250156,0.5,2.32604109857,0.16823526140754333,0.6425000000000001,3.03577728853,0.35541376457144447,0.9275,1.68372845791,0.9096190822545988,0.0,2.18253968254,0.218253968254
7,11039,0.7560975609756091,1.17500787805,0.04514624394164432,0.735,3.7806910043,0.6757482831307253,0.0,0.000609246584849,1.6521836559892807e-05,0.7625000000000001,2.39434646211,0.8365547405906317,0.715,2.22949280318,0.658267835068981,0.72,1.96098160031,0.8037290115741751,0.8425,1.4973371648,0.8978088433188764,0.8125,3.07455999368,0.6120162171259278,1.0,2.81746031746,0.718253968254
7,11140,0.865565584789706,6.46417305012,0.4774331641032749,0.6975,4.5088229198,0.5203699453122506,0.245432098765432,0.0376507702002,0.003985964627214861,0.5775,2.73226419053,0.2477943012128146,0.5275000000000001,1.69542542708,0.22618530004040155,0.55,3.47760258416,0.31840677293503516,0.6325000000000001,2.94640443626,0.3254898815118058,0.7825000000000001,3.07818614487,0.5196182688423672,1.0,2.81746031746,0.718253968254
7,11230,0.7756865757633951,1.98743111474,0.07572177687281756,0.74,3.68514522353,0.6944138081788153,0.8301234567901231,3.28061633608,0.5188132660880536,0.6725,3.507809509,0.5543915783052745,0.6825,2.41643818158,0.5826415334564258,0.6125,3.15310371171,0.5319429202603563,0.6950000000000001,3.22713758525,0.5219507335461455,0.8975000000000001,2.26841891713,0.850168436758739,1.0,2.81746031746,0.718253968254
7,11275,0.45938160169003206,1.53912409304e-07,1.0714701605452195e-09,0.8225,1.38885371514,0.9078363816451318,0.8740740740740741,3.20897707955,0.6634309269835053,0.7875000000000001,1.81973920991,0.8892244872689159,0.8250000000000001,1.41660304011,0.8614202834629363,0.8200000000000001,0.779859493242,0.9261795690929334,0.8775000000000001,1.00618532856,0.9413507572151547,0.8775000000000001,2.59783223995,0.8013919725569196,1.0,2.81746031746,0.718253968254
7,12534,0.8021893604762821,3.43238788017,0.14678980801717673,0.665,4.6971946894,0.36812972670838473,0.895308641975308,2.98106541809,0.7293620622681002,0.6475000000000001,3.43687044093,0.46731667143511857,0.6900000000000001,2.3780145766,0.6006231112016196,0.5625,3.53451164736,0.3623333122944332,0.6525000000000001,3.10917422127,0.3861521598555967,0.735,2.98512452605,0.3747462849828034,0.0,2.18253968254,0.218253968254
7,14112,0.777222969080084,2.06121229728,0.07883175399047634,0.754999999999999,3.36927511866,0.7473971988109269,0.869135802469135,3.24442626625,0.6474937664623029,0.75,2.66888262268,0.8048885565644965,0.715,2.22949280318,0.658267835068981,0.705,2.12878335345,0.7730030135266939,0.77,2.62906231343,0.747660350094885,0.8174999999999991,3.06756635062,0.6273727972372128,0.0,2.18253968254,0.218253968254
7,15812,0.7657384290378331,1.5442805387,0.05820535289543567,0.62,3.22687437959,0.18438027618400904,0.8222222222222221,3.23657175173,0.49305556981084286,0.5750000000000001,2.6964520279,0.24100827516500653,0.5475,1.92606782766,0.2624176175127973,0.5,2.32604109857,0.16823526140754333,0.5675,2.0569263472,0.1604736650219546,0.7125,2.81603256146,0.30928112809841746,1.0,2.81746031746,0.718253968254
7,15877,0.9789130017284421,1.29241854741,0.9665941878175256,0.545,0.941375811377,0.03957191947342584,0.741728395061728,2.22242639244,0.269489452296575,0.47000000000000003,0.93767820297,0.04901127727109229,0.375,0.340804896519,0.08610950053276532,0.4325,1.04130319819,0.06442981277720995,0.43999999999999906,0.345022619656,0.02138777738800934,0.764999999999999,3.06677331173,0.46583436067381345,1.0,2.81746031746,0.718253968254
7,15878,0.769541002496639,1.70644562734,0.06438302479046393,0.75,3.48160003351,0.7302664272177859,0.8696296296296291,3.24119148773,0.6490951564091416,0.6975,3.42841175609,0.6414527006163897,0.6925,2.36441142031,0.6065512192123821,0.65,2.68571864911,0.6415808463143411,0.7025,3.21331990313,0.5461091597571819,0.8,3.08148178927,0.5735281694949752,0.0,2.18253968254,0.218253968254
7,16373,0.880929517956596,6.39099462505,0.5767427330177651,0.6925,4.59319249919,0.4976101435250427,0.6641975308641971,1.26748362531,0.13570501084930486,0.6925,3.45835392185,0.6242326879138116,0.6675,2.47973055754,0.5458948142278626,0.5975,3.31825848225,0.48338654632539513,0.65,3.09236496766,0.3784000192503494,0.7000000000000001,2.67851412894,0.2749122534483103,1.0,2.81746031746,0.718253968254
7,17703,0.9251008258114071,4.33512178633,0.8208209287968605,0.605,2.61306885286,0.140659923162057,0.9827160493827161,1.3885099346,0.9229272551503891,0.635,3.35857710339,0.4248194526451743,0.0,0.038786638277,0.051502272564245916,0.42750000000000005,0.995274845329,0.059338429383828224,0.76,2.76159539063,0.7206967726000884,0.595,1.17140787411,0.0705089634878228,1.0,2.81746031746,0.718253968254
7,17743,0.8367966199347031,5.50823858905,0.30221701464157597,0.665,4.6971946894,0.36812972670838473,0.8755555555555551,3.19700604664,0.6681761753366818,0.6725,3.507809509,0.5543915783052745,0.5,1.37446661939,0.1839931893017007,0.6625,2.53455219082,0.6741911140061609,0.6825,3.22650773521,0.48158490184110436,0.784999999999999,3.07913063148,0.5273149405160571,0.0,2.18253968254,0.218253968254
7,17938,0.9558671019781061,2.43036141233,0.9244318721551172,0.4375,0.0732411751173,0.004415518474243084,0.908148148148148,2.79042238709,0.7664509287572194,0.3125,0.0547027006943,0.00425274716790064,0.5,1.37446661939,0.1839931893017007,0.4575,1.31569279647,0.09363552583341286,0.262499999999999,0.0415077828493,0.003993426147237086,0.7125,2.81603256146,0.30928112809841746,1.0,2.81746031746,0.718253968254
7,17979,0.87866333781448,6.42885922714,0.5622149788209564,0.7325,3.82789551733,0.6662375169343256,0.752592592592592,2.3766349707,0.2944675451124717,0.6525000000000001,3.46093476699,0.4845630302644511,0.7125,2.24530559148,0.652674306384921,0.49,2.02243824321,0.1465104898470967,0.6825,3.22650773521,0.48158490184110436,0.6775,2.38175549677,0.217902997183128,1.0,2.81746031746,0.718253968254
7,18166,0.8275398502016511,4.98917310031,0.25358331994254085,0.64,4.05404062084,0.2573583667016736,0.997037037037037,1.14014302434,0.941009804519895,0.5875,2.86900977587,0.2758095306683431,0.6125,2.47032304361,0.4077661516243285,0.5625,3.53451164736,0.3623333122944332,0.6625,3.16585478109,0.41754151859621536,0.8825000000000001,2.52210633432,0.8141938642838932,0.0,2.18253968254,0.218253968254
7,18246,0.9107355483003641,5.19768226128,0.7522364555270274,0.7525000000000001,3.42651301615,0.7389019957229892,0.9624691358024691,1.76814184922,0.8910168682027688,0.784999999999999,1.87642651272,0.8846043826490073,0.774999999999999,1.82254305255,0.7800769792646405,0.77,1.1410923412,0.8822053999709859,0.78,2.4854090316,0.7732409247578362,0.8725,2.66845984778,0.7882240414850268,1.0,2.81746031746,0.718253968254
7,18248,0.9520261186863831,2.65340641039,0.9146709304520879,0.8625,0.778784093777,0.949607640185582,0.8562962962962961,3.30410039692,0.6054033882790903,0.7475,2.72099693109,0.7981509734894022,0.9175000000000001,0.601542665244,0.9533551138465286,0.8174999999999991,0.776544589099,0.9242343363291887,0.7725000000000001,2.59409378059,0.7541894361817348,0.9075000000000001,2.08170482832,0.8719286848284873,0.0,2.18253968254,0.218253968254
7,18270,0.779181870558863,2.15727246463,0.08296319119261333,0.7425,3.63624540529,0.7035657531360338,0.9501234567901231,2.00951252913,0.8677022235033494,0.6775,3.5053763066,0.5719271331851233,0.645,2.52830940888,0.48943480071668416,0.6275000000000001,2.97319816055,0.5779075192368716,0.764999999999999,2.69687235376,0.7343442890474738,0.7925000000000001,3.08116369289,0.5504168608348806,1.0,2.81746031746,0.718253968254
7,18297,0.7647397733819851,1.50321415796,0.05668370719625494,0.745,3.58620854756,0.7125940875141649,0.853333333333333,3.31116827678,0.5956023697324503,0.745,2.77194128885,0.7912845469972938,0.75,1.99808854321,0.732294478683889,0.7275,1.85984608053,0.8180647399357124,0.7525000000000001,2.85227519368,0.6996397354629149,0.8525,2.89398221093,0.7324416120846681,0.0,2.18253968254,0.218253968254
7,18311,0.814518916842711,4.19187266634,0.19376566534176848,0.58,1.77822481255,0.08629219835279905,0.838024691358024,3.30790782366,0.5448532564444544,0.382499999999999,0.142546986898,0.010114853263662184,0.75,1.99808854321,0.732294478683889,0.41750000000000004,0.901201614677,0.04985191728066516,0.42000000000000004,0.224868149618,0.015758277206683727,0.8300000000000001,3.03405217704,0.6655347800557613,1.0,2.81746031746,0.718253968254
7,18312,0.9389667754945261,3.45564348302,0.8748400992967456,0.6525000000000001,4.4588332827,0.31070907504069606,0.7891358024691351,2.89777258609,0.39097131844817273,0.48250000000000004,1.1385058287,0.0619724683808425,1.0,0.215661973002,0.9844930885715963,0.48250000000000004,1.81490123135,0.1321345940649525,0.5275000000000001,1.3941780251,0.09150001918151986,0.9025000000000001,2.17650639196,0.8612820546577258,1.0,2.81746031746,0.718253968254
7,18319,0.9348185135394661,3.7187761426,0.8599600446520775,0.48250000000000004,0.181798569122,0.009504186045523185,0.8538271604938271,3.3101647809,0.597237269654175,0.485,1.18024426068,0.06487081318776133,0.47750000000000004,1.12579460042,0.15590122586369365,0.615,3.12408448715,0.5397894858576522,0.53,1.43454215683,0.09503585256868255,0.7525000000000001,3.04736905285,0.427605731552243,0.0,2.18253968254,0.218253968254
7,18392,0.812944113693105,4.09379708315,0.1872415217171689,0.5975,2.33584619158,0.1221160303849538,0.655308641975308,1.17387801466,0.12485777927740596,0.5775,2.73226419053,0.2477943012128146,0.5775,2.23321897152,0.32497556951220197,0.52,2.92740046851,0.22090682354508134,0.595,2.48619735028,0.22306325337103683,0.725,2.92332344064,0.3451863819653644,1.0,2.81746031746,0.718253968254
7,18476,0.8598041098521221,6.37904664175,0.4404061444273052,0.784999999999999,2.50109426504,0.8362235470869668,0.8730864197530861,3.216616557,0.6602577718050803,0.7075,3.34579387185,0.6753493006976098,0.75,1.99808854321,0.732294478683889,0.6875,2.28790225272,0.7343289868293211,0.73,3.07082563055,0.632844876691134,0.8925000000000001,2.3569633703,0.8386034797198405,1.0,2.81746031746,0.718253968254
7,18739,0.869829076243518,6.48766832777,0.5050552556629966,0.745,3.58620854756,0.7125940875141649,0.7308641975308641,2.07370253181,0.24615773324532325,0.6925,3.45835392185,0.6242326879138116,0.6875,2.39124037456,0.5946614607721424,0.5875,3.41515865615,0.44970672855178484,0.754999999999999,2.82294685441,0.7067339556421741,0.847499999999999,2.93528542877,0.7178659081419123,0.0,2.18253968254,0.218253968254
7,18763,0.928596120606875,4.11449487582,0.8355885021211866,0.5825,1.85079742343,0.0908280305579266,0.955555555555555,1.90281819349,0.878328087577761,0.29250000000000004,0.0471548237415,0.0032356433595956725,-0.25,0.231555748198,0.023837604795250156,0.5,2.32604109857,0.16823526140754333,0.29250000000000004,0.0415226227501,0.005244694118208573,0.9575,1.09170317963,0.9511133331002336,1.0,2.81746031746,0.718253968254
7,19718,0.640868062223929,0.149362150772,0.004974396433585583,0.9225000000000001,0.319137611357,0.9806297598133202,0.8444444444444441,3.31734189824,0.5661256717644017,0.6925,3.45835392185,0.6242326879138116,0.875,0.9515860268,0.9206607742312387,0.635,2.87839954427,0.5998526753574294,0.77,2.62906231343,0.747660350094885,0.905,2.1294362539,0.8666646271420155,0.0,2.18253968254,0.218253968254
7,19745,0.6714038793931241,0.174643143337,0.010102017058873555,0.8925000000000001,0.500536068572,0.9685915119460811,0.6167901234567901,0.829875040676,0.08661988291767303,0.857499999999999,0.620922358083,0.9697018747443391,-0.25,0.231555748198,0.023837604795250156,0.625,3.00413970898,0.5704357705328434,0.857499999999999,1.27560084203,0.9185871494441951,0.857499999999999,2.84657322485,0.7467955477431316,1.0,2.81746031746,0.718253968254
7,20639,0.864298060303437,6.45066160294,0.46924791533395993,0.5275000000000001,0.630093220356,0.025928869195692004,0.972345679012345,1.57956662031,0.9075443011031553,0.4425,0.561874222027,0.02863492176931544,0.5825,2.27667412085,0.33625144701020904,0.3375,0.19485503752,0.009563033833989371,0.41500000000000004,0.201074458226,0.014694392612261365,0.81,3.07699862901,0.6043266356254116,1.0,2.81746031746,0.718253968254
7,25302,0.7191088918763201,0.331642788663,0.020028117037992513,0.5125000000000001,0.424795860862,0.018090886087327663,0.925925925925925,2.47860341001,0.8133530916219108,0.48750000000000004,1.22240683651,0.06787404312331871,0.5,1.37446661939,0.1839931893017007,0.39,0.610313471739,0.02897953969156102,0.5625,1.97432433611,0.1503951971463152,0.725,2.92332344064,0.3451863819653644,0.0,2.18253968254,0.218253968254
7,27972,0.850240061455732,6.11004808367,0.3805620499287706,0.7525000000000001,3.42651301615,0.7389019957229892,0.779753086419753,2.76978622791,0.3643760474866795,0.7025,3.39093926461,0.6585042511413913,0.6675,2.47973055754,0.5458948142278626,0.6675,2.47923486642,0.6867241808166877,0.7775000000000001,2.52222656535,0.7669812646395834,0.827499999999999,3.0428925619,0.6579383540854808,0.0,2.18253968254,0.218253968254
7,28024,0.658382946034184,0.172569245749,0.00783096021023105,1.0,0.0891550902835,0.9950297379515862,0.8562962962962961,3.30410039692,0.6054033882790903,0.899999999999999,0.272857767298,0.98787892971214,0.9175000000000001,0.601542665244,0.9533551138465286,1.0,0.0558067531919,0.9956896195347573,0.8500000000000001,1.38459521967,0.9086139004679831,1.0,0.460213129576,0.9829079153944226,1.0,2.81746031746,0.718253968254
7,28466,0.7730362972921061,1.86344734321,0.07061975448796728,0.665,4.6971946894,0.36812972670838473,0.9456790123456791,2.09699246852,0.8585766536929342,0.68,3.50178317219,0.5806864203789505,0.61,2.45909288452,0.4016041830593289,0.5875,3.41515865615,0.44970672855178484,0.68,3.22288599369,0.4735229196328729,0.9575,1.09170317963,0.9511133331002336,1.0,2.81746031746,0.718253968254
7,28484,0.8394468984059921,5.64370985338,0.3169964445801477,0.6375000000000001,3.95836426269,0.24734206954840826,0.9358024691358021,2.29026030333,0.8369089141615964,0.625,3.27926906114,0.3916186376438465,0.605,2.43380132496,0.3893703886078022,0.61,3.18173522424,0.524024290177432,0.5675,2.0569263472,0.1604736650219546,0.8600000000000001,2.82058278272,0.7538798086730847,1.0,2.81746031746,0.718253968254
7,28512,0.814518916842711,4.19187266634,0.19376566534176848,0.764999999999999,3.11601983135,0.7798572601001545,0.9906172839506171,1.24899758815,0.9333432492932621,0.6775,3.5053763066,0.5719271331851233,0.827499999999999,1.39406339122,0.864933653562741,0.635,2.87839954427,0.5998526753574294,0.725,3.10734177182,0.61739753943051,0.7525000000000001,3.04736905285,0.427605731552243,0.0,2.18253968254,0.218253968254
7,28570,0.957787593623967,2.32178195559,0.9289947655536284,0.4625,0.111620684756,0.006656305316554262,0.7214814814814811,1.94988160195,0.22728489510051236,0.5,1.43812964667,0.08449510129280555,0.7225,2.18127936518,0.6748088889868691,0.4325,1.04130319819,0.06442981277720995,0.47500000000000003,0.663818852592,0.03862124225216085,0.6375000000000001,1.81108730778,0.13398367071153688,0.0,2.18253968254,0.218253968254
7,28894,0.9097753024774341,5.25126373414,0.7472196233828133,0.6475000000000001,4.31393283568,0.28876655357540926,0.7851851851851851,2.84494574948,0.37962710095974095,0.62,3.23455102464,0.37533272778697946,0.5,1.37446661939,0.1839931893017007,0.459999999999999,1.35244611422,0.09697018044171392,0.67,3.19699849359,0.44140840764418354,0.705,2.73670967773,0.28845192663300323,1.0,2.81746031746,0.718253968254
7,29183,0.8598041098521221,6.37904664175,0.4404061444273052,0.6900000000000001,4.63050973193,0.4860797381394135,0.84,3.31204003047,0.5513916555481078,0.635,3.35857710339,0.4248194526451743,0.5825,2.27667412085,0.33625144701020904,0.5825,3.45648790125,0.4325251082501632,0.6475000000000001,3.0745214689,0.3706911968981811,0.8225,3.05721915537,0.6426862907733187,1.0,2.81746031746,0.718253968254
7,29184,0.8626848473209141,6.42918083932,0.45885830837396274,0.62,3.22687437959,0.18438027618400904,0.8222222222222221,3.23657175173,0.49305556981084286,0.5700000000000001,2.6229877955,0.22770867322515767,0.5375,1.81204903995,0.24372410455547042,0.449999999999999,1.21884230501,0.08414252865458532,0.5725,2.1385598215,0.1709628461167124,0.774999999999999,3.07454746477,0.4965446930260686,1.0,2.81746031746,0.718253968254
7,29229,0.846360668331092,5.96006277101,0.35714271452140106,0.36750000000000005,0.0275093059091,0.0010233703611010024,0.8493827160493821,3.31668831012,0.5825088406822017,0.34750000000000003,0.0766377733463,0.00649222058784621,0.4375,0.744574361955,0.11879157331339846,0.3075,0.107666409936,0.005183688876546274,0.34750000000000003,0.0514566638722,0.007641985898704618,0.7725000000000001,3.07299698539,0.4888602195259275,0.0,2.18253968254,0.218253968254
7,29338,0.9519877088534661,2.65567360256,0.9145689700161708,0.7000000000000001,4.46291457764,0.5315850383386043,0.602962962962962,0.734574745456,0.07582146960013053,0.6525000000000001,3.46093476699,0.4845630302644511,-0.25,0.231555748198,0.023837604795250156,0.62,3.06488721546,0.5552625607273675,0.6900000000000001,3.23040810959,0.5058048991196551,0.615,1.47591943227,0.09697627408853185,1.0,2.81746031746,0.718253968254
7,29381,0.7350105627040521,0.585233793543,0.02711643655839899,0.625,3.44072606845,0.20104899346714994,0.5051851851851851,0.316520278659,0.02632016617175102,0.595,2.96438455793,0.29768871957755555,0.5325,1.75395196077,0.2348088783645339,0.55,3.47760258416,0.31840677293503516,0.67,3.19699849359,0.44140840764418354,0.66,2.13422159768,0.17838127002027468,1.0,2.81746031746,0.718253968254
7,29764,0.8482811599769541,6.03701232907,0.36866368055390597,0.7425,3.63624540529,0.7035657531360338,0.829629629629629,3.27834688095,0.5171937663036208,0.68,3.50178317219,0.5806864203789505,0.6000000000000001,2.40482826531,0.37727230734800477,0.5875,3.41515865615,0.44970672855178484,0.7225,3.12386148536,0.609608292047715,0.774999999999999,3.07454746477,0.4965446930260686,1.0,2.81746031746,0.718253968254
7,30094,0.91937776070674,4.6897403174,0.7949910365338904,0.675,4.75034247582,0.4154679695805417,0.8212345679012341,3.22992873008,0.4898622158921816,0.62,3.23455102464,0.37533272778697946,0.625,2.51196454184,0.43893081028435377,0.5825,3.45648790125,0.4325251082501632,0.5625,1.97432433611,0.1503951971463152,0.63,1.70108144169,0.12081199976740803,0.0,2.18253968254,0.218253968254
7,31557,0.7937776070674091,2.93807920445,0.12001524293381804,0.725,3.97009322814,0.6369965354934024,0.8627160493827161,3.28015846455,0.626544364392132,0.5575,2.42950560697,0.1961167986329685,1.0,0.215661973002,0.9844930885715963,0.5825,3.45648790125,0.4325251082501632,0.7925000000000001,2.29415220299,0.8031243451574208,0.9275,1.68372845791,0.9096190822545988,1.0,2.81746031746,0.718253968254
7,32060,0.8214326867678121,4.62045143253,0.22423233269203835,0.65,4.38956542993,0.2996472031317938,0.9476543209876541,2.05811425597,0.8626804659688491,0.65,3.44945633055,0.4759248066016578,0.75,1.99808854321,0.732294478683889,0.5625,3.53451164736,0.3623333122944332,0.55,1.76556037037,0.1270190348815305,1.0,0.460213129576,0.9829079153944226,1.0,2.81746031746,0.718253968254
7,38608,0.9289802189360471,4.09013548515,0.8371641950836529,0.7275,3.92240175847,0.6468620662538213,0.802469135802469,3.06006842339,0.4307212546449047,0.74,2.86994931944,0.7771775659513589,0.75,1.99808854321,0.732294478683889,0.764999999999999,1.22504396406,0.8762920196434419,0.67,3.19699849359,0.44140840764418354,0.7875000000000001,3.07995000632,0.5350138180249548,0.0,2.18253968254,0.218253968254
7,38649,0.8565776838870751,6.3054148109,0.41993852633159423,0.7925000000000001,2.25213245762,0.8540482318957257,0.811851851851851,3.15489433787,0.4598922030874708,0.7525000000000001,2.61569700323,0.8114944937287345,0.8225,1.4389592226,0.8578507912835597,0.867499999999999,0.738345205786,0.9643100439360811,0.78,2.4854090316,0.7732409247578362,0.7575000000000001,3.05692493181,0.44286764080888746,0.0,2.18253968254,0.218253968254
7,39144,0.9097753024774341,5.25126373414,0.7472196233828133,0.6425000000000001,4.14560248799,0.26760884336058466,0.6666666666666661,1.29423699433,0.13886756560163718,0.5575,2.42950560697,0.1961167986329685,0.6675,2.47973055754,0.5458948142278626,0.5,2.32604109857,0.16823526140754333,0.63,2.92166339542,0.3181546014083797,0.655,2.06291670647,0.16788835679381356,0.0,2.18253968254,0.218253968254
7,39247,0.8508162089494911,6.13044026223,0.3840882374688086,0.5750000000000001,1.63921123185,0.07775188918380513,0.9037037037037031,2.8603152181,0.753892311285161,0.65,3.44945633055,0.4759248066016578,0.5175000000000001,1.57789978707,0.20981858043120538,0.595,3.34383911346,0.4750587702417215,0.5525,1.80741993707,0.13148525959494198,0.847499999999999,2.93528542877,0.7178659081419123,0.0,2.18253968254,0.218253968254
7,39495,0.8521605531015941,6.17603738353,0.3923606222842999,0.764999999999999,3.11601983135,0.7798572601001545,0.87358024691358,3.21283101814,0.6618452925419802,0.7225,3.16413640084,0.7242598244353167,0.66,2.50289291875,0.5272060078592856,0.5525,3.49685383634,0.3271256975273149,0.6900000000000001,3.23040810959,0.5058048991196551,0.75,3.04145240265,0.41999453238515205,1.0,2.81746031746,0.718253968254
7,39581,0.8943729594776261,5.99381158421,0.6603036072183239,0.735,3.7806910043,0.6757482831307253,0.8029629629629621,3.06550391804,0.432233743548545,0.6175,3.21098198092,0.3672756457224051,-0.25,0.231555748198,0.023837604795250156,0.47000000000000003,1.52707425749,0.11132881419419155,0.6675,3.18771913924,0.43342727942815584,0.9575,1.09170317963,0.9511133331002336,1.0,2.81746031746,0.718253968254
7,40799,0.8536969464182831,6.22465988411,0.4018872798816987,0.735,3.7806910043,0.6757482831307253,0.96395061728395,1.73952630504,0.8936151284969149,0.68,3.50178317219,0.5806864203789505,0.75,1.99808854321,0.732294478683889,0.5725,3.51664717213,0.39763034876857184,0.6225,2.841926492,0.29653604675739054,0.9550000000000001,1.13827447649,0.9483260221440455,1.0,2.81746031746,0.718253968254
7,40956,0.988937968119838,0.92673890033,0.9776484614377637,0.7825000000000001,2.5834125283,0.8298677519062768,0.6474074074074071,1.09462554578,0.11589839946009489,0.625,3.27926906114,0.3916186376438465,-0.25,0.231555748198,0.023837604795250156,0.6575000000000001,2.59307939199,0.6613732903237942,0.72,3.13920873711,0.6017792091007368,0.595,1.17140787411,0.0705089634878228,1.0,2.81746031746,0.718253968254
7,41042,0.9097753024774341,5.25126373414,0.7472196233828133,0.5425,0.892473358433,0.03727990354927803,0.8207407407407401,3.22651478533,0.4882680297905646,0.34750000000000003,0.0766377733463,0.00649222058784621,-0.25,0.231555748198,0.023837604795250156,0.515,2.78646582887,0.20661799880123416,0.444999999999999,0.381798162623,0.023203653783678783,0.8325,3.02400294718,0.6731076074574203,1.0,2.81746031746,0.718253968254
7,41069,0.6005377376608411,0.0501113090631,0.0009588074071026039,0.827499999999999,1.28210997782,0.9145089853486688,0.810864197530864,3.14579567892,0.45678073324445534,0.8525,0.678328714054,0.9664553959858346,0.7725000000000001,1.84068523909,0.7754979103198384,0.8025,0.794865405922,0.9125433970729322,0.845,1.45937055199,0.9015046510484921,0.81,3.07699862901,0.6043266356254116,0.0,2.18253968254,0.218253968254
7,41615,0.820741309775302,4.57793723087,0.22105254889316178,0.919999999999999,0.330598722623,0.979817694597369,0.544691358024691,0.462209494826,0.04170695979736842,0.7425,2.82162170785,0.7842923204698488,0.9675,0.323767944665,0.9758531643594424,0.81,0.776223325598,0.9184216143195459,0.847499999999999,1.42178337133,0.9051060123114615,0.8775000000000001,2.59783223995,0.8013919725569196,1.0,2.81746031746,0.718253968254
7,41703,0.7849433454964471,2.45228703377,0.0962333502055556,0.6925,4.59319249919,0.4976101435250427,0.7925925925925921,2.94243678063,0.401065961206794,0.735,2.96221864931,0.7625946235314764,0.6975,2.3361898987,0.6183032548723911,0.685,2.30998757712,0.7285816708798771,0.7875000000000001,2.37191969178,0.7914585571596513,0.77,3.07121858022,0.4811798977901989,1.0,2.81746031746,0.718253968254
7,41708,0.784904935663529,2.45026053451,0.09613919719156863,0.6725,4.74827045824,0.4035932047115489,0.6498765432098761,1.11896327177,0.11863114255183646,0.645,3.42321491893,0.45874134569885483,0.6775,2.43975570611,0.5705002124473554,0.51,2.63704447942,0.19305633550464746,0.735,3.02975878986,0.6480982096689507,0.665,2.20536256533,0.18923030503996183,1.0,2.81746031746,0.718253968254
7,41851,0.9193393508738231,4.6920817774,0.7948108594223942,0.6425000000000001,4.14560248799,0.26760884336058466,0.8898765432098761,3.0504924832,0.7129767934584259,0.6000000000000001,3.02439689658,0.3126618817342938,-0.25,0.231555748198,0.023837604795250156,0.3275,0.158352248828,0.00780510906754149,0.635,2.97020050305,0.33288583609116384,0.65,1.99142018419,0.15775241827245062,1.0,2.81746031746,0.718253968254
7,43759,0.934741693873631,3.72366311973,0.8596741818054033,0.8625,0.778784093777,0.949607640185582,0.7056790123456791,1.74985934843,0.1980652488657521,0.8174999999999991,1.20142390268,0.9342052009624977,0.75,1.99808854321,0.732294478683889,0.7675000000000001,1.18247998775,0.8793012042369217,0.75,2.88066394066,0.6924733627118107,0.6975,2.64804153443,0.2682538815898271,1.0,2.81746031746,0.718253968254
7,44059,0.9020933358939881,5.65235639521,0.7053053638893467,0.6575000000000001,4.57661806068,0.333309630871594,0.9565432098765431,1.88348362325,0.8801978641332509,0.5125000000000001,1.65850320668,0.10384656158966507,-0.25,0.231555748198,0.023837604795250156,0.5325,3.22561415253,0.2594540203001902,0.605,2.62604943165,0.24863347879413009,0.8225,3.05721915537,0.6426862907733187,0.0,2.18253968254,0.218253968254
7,44938,0.7176877280583821,0.316060847102,0.019567995860624923,0.75,3.48160003351,0.7302664272177859,0.834567901234567,3.29807229034,0.5334345622616471,0.6075,3.10890423503,0.3356659413298026,0.8125,1.52635985678,0.8430213884811983,0.464999999999999,1.43391056797,0.1039314466948234,0.6425000000000001,3.03577728853,0.35541376457144447,0.9275,1.68372845791,0.9096190822545988,1.0,2.81746031746,0.718253968254
7,50703,0.735394661033224,0.593302650831,0.0273427704075926,0.7325,3.82789551733,0.6662375169343256,0.8562962962962961,3.30410039692,0.6054033882790903,0.7125,3.29291199956,0.6919492907872193,0.675,2.45062983374,0.564387115988825,0.645,2.74956969959,0.6279930795234689,0.7000000000000001,3.21911937374,0.5380683614755019,0.74,3.00833982657,0.389731967095264,0.0,2.18253968254,0.218253968254
7,50830,0.8275398502016511,4.98917310031,0.25358331994254085,0.655,4.52130456174,0.3219357037674347,0.8967901234567901,2.96090323376,0.7337635836865801,0.5650000000000001,2.54719494236,0.2147822792725313,0.6375000000000001,2.52927542288,0.470463690362379,0.5725,3.51664717213,0.39763034876857184,0.66,3.15328877801,0.4096423639101943,0.81,3.07699862901,0.6043266356254116,0.0,2.18253968254,0.218253968254
7,50921,0.8290762435183401,5.07931850771,0.26131806620342485,0.64,4.05404062084,0.2573583667016736,0.9397530864197531,2.21330345918,0.8458050540735416,0.5925,2.93329856911,0.2903164670992566,0.8325,1.34848111115,0.8717902801150961,0.5975,3.31825848225,0.48338654632539513,0.68,3.22288599369,0.4735229196328729,0.7025,2.7080960369,0.281645709922836,0.0,2.18253968254,0.218253968254
7,51734,0.9270213174572691,4.2141602179,0.8290304583297297,0.6825,4.71599141334,0.45100284902638704,0.8503703703703701,3.31572581029,0.5857841297932798,0.6000000000000001,3.02439689658,0.3126618817342938,0.56,2.0620597437,0.2873527142418248,0.56,3.53073978824,0.3535010017729858,0.7225,3.12386148536,0.609608292047715,0.7275,2.94077215375,0.3525167830148999,0.0,2.18253968254,0.218253968254
7,52992,0.748454004225081,0.926369245308,0.03714047772965399,0.71,4.26637222045,0.5752426309623678,0.928395061728395,2.43222343081,0.8194159552350676,0.75,2.66888262268,0.8048885565644965,0.6725,2.46093820823,0.5582475347435194,0.6725,2.42729774695,0.6989891176392726,0.705,3.20632330981,0.5541339633603556,0.8225,3.05721915537,0.6426862907733187,0.0,2.18253968254,0.218253968254
7,54491,0.8689456500864221,6.48558951047,0.49932469054052864,0.7775000000000001,2.7448363423,0.816544962972828,0.952098765432098,1.97066120918,0.8716332523608822,0.77,2.22240161602,0.8538695540740772,0.705,2.29173026571,0.6356593803826431,0.9450000000000001,0.100713464114,0.9917422031812705,0.7975000000000001,2.21509449522,0.8143979289953209,0.9025000000000001,2.17650639196,0.8612820546577258,0.0,2.18253968254,0.218253968254
7,54885,0.945265988092951,3.06191755367,0.8953628738349162,0.68,4.73379167011,0.4391893776581416,0.9525925925925921,1.96095596254,0.8726040218835504,0.585,2.83582670174,0.2686783426800299,0.625,2.51196454184,0.43893081028435377,0.5625,3.53451164736,0.3623333122944332,0.55,1.76556037037,0.1270190348815305,0.8500000000000001,2.91539433295,0.7251795735057937,1.0,2.81746031746,0.718253968254
7,56634,0.429652391012099,1.81927772423e-09,1.1111549716170173e-11,0.8300000000000001,1.23297632826,0.9176522717148026,0.8646913580246911,3.27041701941,0.6330142522953536,0.8525,0.678328714054,0.9664553959858346,0.764999999999999,1.89421374292,0.7614912435968735,0.7575000000000001,1.35741495967,0.8666110746831189,0.845,1.45937055199,0.9015046510484921,0.9400000000000001,1.43080603886,0.9290817446246777,0.0,2.18253968254,0.218253968254
7,56758,0.73808334933743,0.652505122117,0.029016494248193463,0.77,2.97425930156,0.7950870452674288,0.7827160493827161,2.81110272366,0.37264420586953984,0.7725000000000001,2.16456252473,0.8593532862621831,0.8125,1.52635985678,0.8430213884811983,0.745,1.58011588665,0.8482442464411923,0.8225,1.81192016046,0.864743844181831,0.68,2.41652361571,0.22390089934310453,0.0,2.18253968254,0.218253968254
7,56917,0.869444977914346,6.48694385635,0.5025634834004745,0.73,3.87506053728,0.6566088375372394,0.829629629629629,3.27834688095,0.5171937663036208,0.72,3.19916465404,0.7163053106987004,0.7325,2.11564238602,0.6962945750172076,0.6575000000000001,2.59307939199,0.6613732903237942,0.77,2.62906231343,0.747660350094885,0.8300000000000001,3.03405217704,0.6655347800557613,1.0,2.81746031746,0.718253968254
7,56975,0.9289802189360471,4.09013548515,0.8371641950836529,0.6975,4.5088229198,0.5203699453122506,0.776296296296296,2.72078442327,0.35488595221459435,0.68,3.50178317219,0.5806864203789505,0.6000000000000001,2.40482826531,0.37727230734800477,0.7175,1.99199866676,0.7987875101931705,0.7325,3.05085380315,0.6404972116034431,0.8,3.08148178927,0.5735281694949752,1.0,2.81746031746,0.718253968254
7,67160,0.830036489341271,5.13497543334,0.2662222270764871,0.774999999999999,2.82328265836,0.8095844472012133,0.88,3.15744208278,0.6822991882011513,0.8150000000000001,1.24739082958,0.9311444204891484,0.68,2.42834782921,0.5765854497290421,0.76,1.31274814681,0.8699487058282085,0.8500000000000001,1.38459521967,0.9086139004679831,0.8625,2.79308355763,0.7608972041703362,0.0,2.18253968254,0.218253968254
7,67299,0.9328212022277701,3.84589956336,0.8524055543894709,0.6775,4.7453894022,0.4273390608912512,0.7091358024691351,1.79279809336,0.20418823791318094,0.6775,3.5053763066,0.5719271331851233,0.5,1.37446661939,0.1839931893017007,0.6625,2.53455219082,0.6741911140061609,0.6825,3.22650773521,0.48158490184110436,0.545,0.550776120518,0.02877467740883892,1.0,2.81746031746,0.718253968254
7,67423,0.9385442673324371,3.48234914953,0.8733744210109831,0.705,4.36630982025,0.5536602110174995,0.652839506172839,1.14868879369,0.12199048944546201,0.6375000000000001,3.37617656776,0.4332380878038461,0.59,2.33642029791,0.35355481136451394,0.6775,2.37853411064,0.7110024683282178,0.6875,3.23027586269,0.49772879969462963,0.6825,2.4510065344,0.22998537777450132,0.0,2.18253968254,0.218253968254
7,67905,0.786863837142308,2.55459713687,0.10104088231026302,0.7975000000000001,2.0883221635,0.8648978046075968,0.8,3.03221117356,0.4231996919564639,0.764999999999999,2.33740756402,0.8424695313045403,0.6675,2.47973055754,0.5458948142278626,0.75,1.49197171698,0.8559253950105723,0.8,2.17518720882,0.8198858264300363,0.845,2.95366986209,0.7105044021170069,1.0,2.81746031746,0.718253968254
7,68565,0.8021893604762821,3.43238788017,0.14678980801717673,0.7175,4.11622831723,0.6066758978236306,0.8958024691358021,2.97440160016,0.73083255030751,0.6950000000000001,3.44431242384,0.6328614053585788,0.5775,2.23321897152,0.32497556951220197,0.665,2.50647308668,0.6804922230208046,0.7575000000000001,2.79270953822,0.7137537122116795,0.857499999999999,2.84657322485,0.7467955477431316,1.0,2.81746031746,0.718253968254
7,68688,0.8899942385250621,6.15345528032,0.6336990400396472,0.78,2.66477471055,0.8233072817969844,0.883456790123456,3.12294293319,0.6931551029458658,0.685,3.48962453771,0.5981677490130514,0.79,1.70988801144,0.8065788811919374,0.62,3.06488721546,0.5552625607273675,0.8025,2.1350831259,0.8252737010575396,0.8075000000000001,3.07883650177,0.5966317245446089,0.0,2.18253968254,0.218253968254
7,69217,0.777222969080084,2.06121229728,0.07883175399047634,0.7675000000000001,3.04636621816,0.7875607644473317,0.9125925925925921,2.71688532389,0.7786906655892734,0.7000000000000001,3.41062744078,0.6500018943142203,0.7675000000000001,1.87651068609,0.7662046765394201,0.6425000000000001,2.78179262571,0.6210788988168361,0.74,2.98426787751,0.6631350895362627,0.72,2.88437148968,0.3306648970641368,0.0,2.18253968254,0.218253968254
7,69292,0.751603610524294,1.02402237575,0.04021018797462353,0.76,3.24769250179,0.7639437089765769,0.75358024691358,2.3908790723,0.2968218704867166,0.74,2.86994931944,0.7771775659513589,0.75,1.99808854321,0.732294478683889,0.7875000000000001,0.902468576295,0.8999353557950927,0.8150000000000001,1.93301960671,0.850700827010592,0.74,3.00833982657,0.389731967095264,0.0,2.18253968254,0.218253968254
7,70225,0.9116573842903781,5.14562670677,0.7570039180844833,0.5925,2.1641121542,0.1108704984819977,0.795555555555555,2.97938928398,0.4098393586817678,0.58,2.76744061688,0.25466906630137937,-0.25,0.231555748198,0.023837604795250156,0.5375,3.31851792186,0.27582114005911107,0.64,3.0149004391,0.34785021055772414,0.804999999999999,3.08014918213,0.5889328906746468,1.0,2.81746031746,0.718253968254
7,70358,0.9552525446514301,2.46553771404,0.92292747723789,0.5425,0.892473358433,0.03727990354927803,0.8291358024691351,3.27601205526,0.5155754033859979,0.47500000000000003,1.01626445294,0.05389506986259271,0.5325,1.75395196077,0.2348088783645339,0.545,3.42663110183,0.3011391971068133,0.48,0.72118775694,0.04208254287592038,0.75,3.04145240265,0.41999453238515205,1.0,2.81746031746,0.718253968254
7,70659,0.90497407336278,5.50818764647,0.7213826177342293,0.6950000000000001,4.55243652913,0.5090428352053646,0.7832098765432091,2.81791703066,0.3740340881911711,0.6025,3.05330800029,0.32025916620841166,0.5275000000000001,1.69542542708,0.22618530004040155,0.55,3.47760258416,0.31840677293503516,0.685,3.22897346053,0.48965449495058067,0.5650000000000001,0.759592159101,0.04177889092745069,1.0,2.81746031746,0.718253968254
7,70707,0.853082389091607,6.20566441841,0.39806767522450903,0.67,4.73886318643,0.3917327321563538,0.8493827160493821,3.31668831012,0.5825088406822017,0.6675,3.50421079472,0.5368590917709859,0.7225,2.18127936518,0.6748088889868691,0.6425000000000001,2.78179262571,0.6210788988168361,0.7525000000000001,2.85227519368,0.6996397354629149,0.8825000000000001,2.52210633432,0.8141938642838932,1.0,2.81746031746,0.718253968254
7,70749,0.8905703860188201,6.13400771933,0.6372387589600166,0.39,0.0402440077142,0.0017830875471809924,0.8661728395061721,3.26237906892,0.6378534378811076,0.36,0.0921996700784,0.0075407097025802115,0.65,2.52317550824,0.5020649674779826,0.365,0.362492164441,0.016963553924551098,0.39,0.11370602526,0.010861725022992184,0.6575000000000001,2.09858934658,0.17309024824663466,0.0,2.18253968254,0.218253968254
7,70793,0.8893028615325521,6.17614386686,0.6294367984120206,0.66,4.62449018306,0.34481259061190866,0.808395061728395,3.12210805277,0.4490423072312594,0.545,2.22425555535,0.16702012072168632,0.392499999999999,0.430073140504,0.09282856693758783,0.5275000000000001,3.11691707376,0.24359135160070994,0.59,2.41245304792,0.21081564819654702,0.6125,1.43783653852,0.09333405693207933,0.0,2.18253968254,0.218253968254
7,70852,0.90013443441521,5.74553410576,0.6941410189990216,0.6975,4.5088229198,0.5203699453122506,0.799012345679012,3.02076131495,0.42021055567175836,0.6900000000000001,3.47056463308,0.6155711615032577,0.5925,2.3547770343,0.35941897662946654,0.595,3.34383911346,0.4750587702417215,0.705,3.20632330981,0.5541339633603556,0.6975,2.64804153443,0.2682538815898271,0.0,2.18253968254,0.218253968254
7,72086,0.8713654695602071,6.48780858849,0.5150235382959646,0.585,1.92556580159,0.09554801535985219,0.515061728395061,0.353125154886,0.02962704133091062,0.5650000000000001,2.54719494236,0.2147822792725313,0.40750000000000003,0.521099916641,0.0999453366537842,0.41750000000000004,0.901201614677,0.04985191728066516,0.545,1.68194427106,0.11840037187061431,0.847499999999999,2.93528542877,0.7178659081419123,0.0,2.18253968254,0.218253968254
7,74604,0.8229690800845011,4.71447163318,0.2314034757275027,0.9125000000000001,0.368389331028,0.977199927670408,0.789629629629629,2.90424803518,0.3924039173769117,0.8300000000000001,0.9889908711,0.9478649070638878,0.794999999999999,1.67069675131,0.8150307100064517,0.9075000000000001,0.297778986137,0.9851648866554676,0.827499999999999,1.73183292991,0.8736029392041226,0.804999999999999,3.08014918213,0.5889328906746468,0.0,2.18253968254,0.218253968254
7,74635,0.8252736700595351,4.85405329024,0.24242961046320297,0.5375,0.798988264052,0.033053679251258634,0.769382716049382,2.6210023403,0.33641945904131226,0.5575,2.42950560697,0.1961167986329685,0.382499999999999,0.376872060223,0.08879876015114413,0.655,2.62340030681,0.6548528238071478,0.675,3.21220571401,0.45743329002449756,0.605,1.32322580827,0.08297993403873391,0.0,2.18253968254,0.218253968254
7,74688,0.8560015363933161,6.29037512483,0.41630998287467913,0.774999999999999,2.82328265836,0.8095844472012133,0.580246913580246,0.608732734441,0.060630331009230015,0.7000000000000001,3.41062744078,0.6500018943142203,0.75,1.99808854321,0.732294478683889,0.625,3.00413970898,0.5704357705328434,0.75,2.88066394066,0.6924733627118107,0.5,0.260130919978,0.01125498077768783,1.0,2.81746031746,0.718253968254
7,74696,0.8636450931438441,6.44254288784,0.4650384530440841,0.6975,4.5088229198,0.5203699453122506,0.892839506172839,3.01351500658,0.7219610451936609,0.7125,3.29291199956,0.6919492907872193,0.6675,2.47973055754,0.5458948142278626,0.6950000000000001,2.22191457411,0.7512412747879292,0.7175,3.15337541988,0.593913232213549,0.7825000000000001,3.07818614487,0.5196182688423672,1.0,2.81746031746,0.718253968254
7,76409,0.9366621855194931,3.60160706173,0.8667081977888524,0.5775,1.7077337791,0.08193517187979638,0.885432098765432,3.10179443857,0.6993031616410692,0.51,1.61427062157,0.09975560045395498,0.25,0.0999773268606,0.06397559059342853,0.52,2.92740046851,0.22090682354508134,0.5325,1.47521093205,0.09867298385999458,0.7175,2.86288757524,0.323480547696368,0.0,2.18253968254,0.218253968254
7,76496,0.660072978682542,0.173452786011,0.008123386089409912,0.835,1.14261307265,0.9235870086042132,0.8044444444444441,3.0815288715,0.43678715379024613,0.9175000000000001,0.188331722129,0.9918734725396434,0.889999999999999,0.818384610109,0.9339253907586051,0.804999999999999,0.786250014731,0.9145192671959959,0.8975000000000001,0.771052358252,0.9590638466454887,0.9325000000000001,1.58223059047,0.9177839611882749,0.0,2.18253968254,0.218253968254
7,78211,0.525676973305166,0.000334923492548,3.3665248444402206e-06,0.8300000000000001,1.23297632826,0.9176522717148026,0.8740740740740741,3.20897707955,0.6634309269835053,0.81,1.34270025125,0.9246710429287222,0.8025,1.61021945532,0.8273354345777364,0.827499999999999,0.795639523354,0.932083603325943,0.8600000000000001,1.24017824318,0.9217317751685374,0.794999999999999,3.08150852895,0.5581202432411316,1.0,2.81746031746,0.718253968254
7,79262,0.786863837142308,2.55459713687,0.10104088231026302,0.7575000000000001,3.3097115593,0.7557464320120092,0.897283950617283,2.95406950808,0.7352240730884296,0.7275,3.08859000018,0.7398946478317447,0.66,2.50289291875,0.5272060078592856,0.827499999999999,0.795639523354,0.932083603325943,0.8150000000000001,1.93301960671,0.850700827010592,0.8400000000000001,2.98601268161,0.6956527692218417,1.0,2.81746031746,0.718253968254
7,79313,0.9217591703476091,4.54346324876,0.8059854737003115,0.6175,3.12069433558,0.1764460004839319,0.7886419753086421,2.89126721705,0.38954192468601934,0.515,1.70274962985,0.10804812799196167,0.7000000000000001,2.32162746483,0.6241255846246829,0.41250000000000003,0.851781450917,0.04546866408482466,0.56,1.9327540033,0.14551131837621203,0.764999999999999,3.06677331173,0.46583436067381345,1.0,2.81746031746,0.718253968254
7,79388,0.9097753024774341,5.25126373414,0.7472196233828133,0.77,2.97425930156,0.7950870452674288,0.8069135802469131,3.1072679031,0.4444278976613414,0.7325,3.00601162908,0.755133998492817,0.7925000000000001,1.69040246202,0.8108292896182336,0.715,2.02171091557,0.7937701060618232,0.75,2.88066394066,0.6924733627118107,0.725,2.92332344064,0.3451863819653644,0.0,2.18253968254,0.218253968254
7,80513,0.8483195698098711,6.03849825987,0.3688955897327403,0.7825000000000001,2.5834125283,0.8298677519062768,0.8207407407407401,3.22651478533,0.4882680297905646,0.7075,3.34579387185,0.6753493006976098,0.76,1.92924930567,0.7519323906894824,0.5975,3.31825848225,0.48338654632539513,0.76,2.76159539063,0.7206967726000884,0.8250000000000001,3.05059109418,0.650321268912305,1.0,2.81746031746,0.718253968254
7,80619,0.869406568081428,6.48685623302,0.5023143226447697,0.77,2.97425930156,0.7950870452674288,0.9777777777777771,1.47846643256,0.9158491149407344,0.7775000000000001,2.04877359598,0.8698865654258986,0.7625000000000001,1.91179010682,0.7567337133951701,0.6975,2.19948802822,0.7567681109390562,0.8250000000000001,1.77179022304,0.8692234494769284,0.8150000000000001,3.07144244413,0.6196988698729924,1.0,2.81746031746,0.718253968254
7,80759,0.854042634914538,6.23507581387,0.4040408791379054,0.6675,4.72188788928,0.37990519777561294,0.6167901234567901,0.829875040676,0.08661988291767303,0.6675,3.50421079472,0.5368590917709859,0.5575,2.03560707671,0.28223054312643664,0.845,0.826811786073,0.9463399765378856,0.7825000000000001,2.44805735617,0.7794078646670977,0.605,1.32322580827,0.08297993403873391,0.0,2.18253968254,0.218253968254
7,80766,0.8905703860188201,6.13400771933,0.6372387589600166,0.6975,4.5088229198,0.5203699453122506,0.8197530864197531,3.21950343074,0.48508479084779055,0.645,3.42321491893,0.45874134569885483,0.6000000000000001,2.40482826531,0.37727230734800477,0.645,2.74956969959,0.6279930795234689,0.7225,3.12386148536,0.609608292047715,0.6375000000000001,1.81108730778,0.13398367071153688,1.0,2.81746031746,0.718253968254
7,80873,0.9597080852698291,2.21534525972,0.9333511697258942,0.7775000000000001,2.7448363423,0.816544962972828,0.8182716049382711,3.20853214228,0.4803232161089346,0.735,2.96221864931,0.7625946235314764,0.5,1.37446661939,0.1839931893017007,0.705,2.12878335345,0.7730030135266939,0.7075,3.19812819677,0.5621397775088139,0.6325000000000001,1.73793659362,0.12511081289735915,0.0,2.18253968254,0.218253968254
7,84558,0.8444785865181481,5.87978932816,0.34600019609140675,0.7775000000000001,2.7448363423,0.816544962972828,0.8256790123456791,3.25785376997,0.5042813914203259,0.7925000000000001,1.70806046647,0.8980429493214401,0.6275000000000001,2.5173637958,0.44521767419339464,0.75,1.49197171698,0.8559253950105723,0.837499999999999,1.57432341959,0.8901302519909164,0.7775000000000001,3.0759102899,0.5042328007355392,0.0,2.18253968254,0.218253968254
7,104560,0.850240061455732,6.11004808367,0.3805620499287706,0.485,0.19470570859,0.009974585540033385,0.9170370370370371,2.64011484285,0.790596229324356,0.4,0.212928855585,0.013175984540440873,0.515,1.54855823185,0.20591051822643697,0.40750000000000003,0.800429692369,0.041337340649032245,0.48,0.72118775694,0.04208254287592038,0.8500000000000001,2.91539433295,0.7251795735057937,0.0,2.18253968254,0.218253968254
7,104598,0.8269637027078931,4.95504911054,0.250718642652314,0.685,4.69248266167,0.46276457650182057,0.8543209876543211,3.30909152066,0.5988716567976327,0.5825,2.80196609446,0.2616309618039532,0.5,1.37446661939,0.1839931893017007,0.515,2.78646582887,0.20661799880123416,0.645,3.05565501242,0.3630282643817866,0.67,2.27626973523,0.2004345124400716,0.0,2.18253968254,0.218253968254
7,104599,0.8580756673708471,6.34185727877,0.4294117115254255,0.61,2.81021693751,0.1542143249638615,0.8804938271604931,3.15271144671,0.6838572535323852,0.5725,2.66002063634,0.23431255713285826,-0.25,0.231555748198,0.023837604795250156,0.47000000000000003,1.52707425749,0.11132881419419155,0.595,2.48619735028,0.22306325337103683,0.6875,2.5188591294,0.24241073686420556,1.0,2.81746031746,0.718253968254
7,104688,0.657384290378336,0.171939801312,0.00765893049229016,0.6625,4.66472035074,0.3564257110768094,0.743209876543209,2.243152936,0.27279727608638876,0.7275,3.08859000018,0.7398946478317447,0.75,1.99808854321,0.732294478683889,0.7225,1.92862557678,0.8085913019197797,0.73,3.07082563055,0.632844876691134,0.8125,3.07455999368,0.6120162171259278,1.0,2.81746031746,0.718253968254
7,104824,0.882081812944113,6.3683105431,0.5840941941677262,0.6175,3.12069433558,0.1764460004839319,0.8222222222222221,3.23657175173,0.49305556981084286,0.6325000000000001,3.3400636911,0.41644596384430854,0.5,1.37446661939,0.1839931893017007,0.5675,3.53176748843,0.38000451433279936,0.6000000000000001,2.55747225913,0.23567350514663105,0.875,2.63380632613,0.794852153838049,0.0,2.18253968254,0.218253968254
7,107778,0.833877472632994,5.35145814854,0.28636469000322345,0.7375,3.73319834114,0.6851407324888781,0.589135802469135,0.653857119416,0.06623829027539077,0.68,3.50178317219,0.5806864203789505,0.78,1.78575113735,0.7890980072270877,0.6000000000000001,3.29199438478,0.4916494937405218,0.7175,3.15337541988,0.593913232213549,0.685,2.48514127064,0.23615564202224798,1.0,2.81746031746,0.718253968254
7,107870,0.765815248703668,1.54746594105,0.05832410633701064,0.8150000000000001,1.57096983601,0.8967536278661505,0.90716049382716,2.80628303573,0.7636871086096563,0.8125,1.29449044817,0.9279673027473656,0.72,2.19746525116,0.6693354365480593,0.735,1.7467736157,0.8315967425914741,0.8225,1.81192016046,0.864743844181831,0.909999999999999,2.03337423903,0.8770726519528669,0.0,2.18253968254,0.218253968254
7,107898,0.9443057422700211,3.12127838745,0.8923942022191025,0.6975,4.5088229198,0.5203699453122506,0.7614814814814811,2.50570251801,0.3161655517098199,0.7025,3.39093926461,0.6585042511413913,0.605,2.43380132496,0.3893703886078022,0.6075,3.20996931446,0.5160345749998309,0.794999999999999,2.25476347418,0.8088105525313921,0.6175,1.51387973643,0.10071355176066546,1.0,2.81746031746,0.718253968254
7,108143,0.8767428461686191,6.45380192974,0.5498433965511467,0.625,3.44072606845,0.20104899346714994,0.8824691358024691,3.13312813902,0.6900656636576112,0.485,1.18024426068,0.06487081318776133,0.5625,2.08807597504,0.29254047815131534,0.73,1.8234405639,0.822669123996183,0.6950000000000001,3.22713758525,0.5219507335461455,0.7225,2.90452182953,0.33790129353516984,0.0,2.18253968254,0.218253968254
7,108336,0.8269637027078931,4.95504911054,0.250718642652314,0.595,2.24866973103,0.11638593408768544,0.8469135802469131,3.31788001896,0.5743176589480835,0.535,2.05368471904,0.1456265097898093,0.41750000000000004,0.589417387056,0.10549279219862727,0.387499999999999,0.582986655757,0.027487962611197556,0.56,1.9327540033,0.14551131837621203,0.5575,0.674276372037,0.0364071144198449,0.0,2.18253968254,0.218253968254
7,108341,0.8097560975609751,3.8956933797,0.17450645014358407,0.595,2.24866973103,0.11638593408768544,0.9516049382716051,1.98036988845,0.8706576892600297,0.5825,2.80196609446,0.2616309618039532,0.595,2.37231245901,0.3653280120706339,0.52,2.92740046851,0.22090682354508134,0.52,1.27522911424,0.08149189569915305,0.8075000000000001,3.07883650177,0.5966317245446089,1.0,2.81746031746,0.718253968254
7,108351,0.839408488573074,5.6417974666,0.3167797073498816,0.615,3.01561228933,0.16877588797910759,0.598518518518518,0.707114956357,0.07261826735096805,0.65,3.44945633055,0.4759248066016578,0.665,2.48815190225,0.5396848204039868,0.64,2.81406971517,0.6140840714739588,0.685,3.22897346053,0.48965449495058067,0.6825,2.4510065344,0.22998537777450132,1.0,2.81746031746,0.718253968254
7,108388,0.8406376032264261,5.70220740268,0.3237514163104681,0.5875,2.00264105041,0.10045778217406966,0.819259259259259,3.21590660172,0.4834957982255735,0.5475,2.26609967334,0.17263313946877135,0.58,2.25528998294,0.33058634573121076,0.6000000000000001,3.29199438478,0.4916494937405218,0.64,3.0149004391,0.34785021055772414,0.6900000000000001,2.55208659421,0.2487495291133564,1.0,2.81746031746,0.718253968254
7,108411,0.8743230266948331,6.47570308882,0.5341977030078211,0.67,4.73886318643,0.3917327321563538,0.9303703703703701,2.39474218927,0.8241833802551369,0.6175,3.21098198092,0.3672756457224051,0.515,1.54855823185,0.20591051822643697,0.7075,2.10361374259,0.7782937072196653,0.6575000000000001,3.13964659479,0.4017759715295032,0.875,2.63380632613,0.794852153838049,1.0,2.81746031746,0.718253968254
7,108416,0.8364893412713651,5.49209050486,0.30052692918819074,0.804999999999999,1.85310160479,0.8796681167194822,0.807407407407407,3.11226585056,0.44596358710018114,0.71,3.32032060764,0.6836823472285469,0.7125,2.24530559148,0.652674306384921,0.74,1.66540561269,0.8401290091254993,0.8174999999999991,1.89256872673,0.8554828009094662,0.804999999999999,3.08014918213,0.5889328906746468,1.0,2.81746031746,0.718253968254
7,108417,0.860149798348377,6.38585040545,0.4426124895927642,0.5325,0.7114508901,0.029280108662703034,0.973333333333333,1.56103029908,0.9090952077701967,0.5825,2.80196609446,0.2616309618039532,0.52,1.60727998429,0.21380004938610575,0.605,3.23778462923,0.5079747921602741,0.6325000000000001,2.94640443626,0.3254898815118058,0.8,3.08148178927,0.5735281694949752,1.0,2.81746031746,0.718253968254
7,108652,0.945265988092951,3.06191755367,0.8953628738349162,0.5650000000000001,1.3827638616,0.06266430451052463,0.5560493827160491,0.50517968755,0.04719895806667931,0.5075000000000001,1.57008360895,0.0957751705342546,0.5625,2.08807597504,0.29254047815131534,0.43999999999999906,1.11228483467,0.0725031463042806,0.6425000000000001,3.03577728853,0.35541376457144447,0.525,0.397316179545,0.019375309112228775,0.0,2.18253968254,0.218253968254
7,109008,0.8137507201843671,4.14402547074,0.19056386098736827,0.63,3.6530791087,0.21878507478724663,0.6819753086419751,1.46631680231,0.15998493250908544,0.5275000000000001,1.92314111669,0.13071228623683134,0.595,2.37231245901,0.3653280120706339,0.5,2.32604109857,0.16823526140754333,0.5325,1.47521093205,0.09867298385999458,0.6950000000000001,2.61675845674,0.26167272121365626,1.0,2.81746031746,0.718253968254
7,109067,0.7877856731323211,2.60438141592,0.10341871515843214,0.7525000000000001,3.42651301615,0.7389019957229892,0.8479012345679011,3.31761130114,0.5775944675845024,0.7625000000000001,2.39434646211,0.8365547405906317,0.75,1.99808854321,0.732294478683889,0.71,2.07744238663,0.7835202470478627,0.794999999999999,2.25476347418,0.8088105525313921,0.8,3.08148178927,0.5735281694949752,1.0,2.81746031746,0.718253968254
7,129429,0.7937776070674091,2.93807920445,0.12001524293381804,0.68,4.73379167011,0.4391893776581416,0.8172839506172841,3.20091869578,0.47715803563628256,0.5775,2.73226419053,0.2477943012128146,0.76,1.92924930567,0.7519323906894824,0.54,3.35877424829,0.2841686282589474,0.5875,2.37473066178,0.20483155592426924,0.7925000000000001,3.08116369289,0.5504168608348806,1.0,2.81746031746,0.718253968254
7,129459,0.896331860956404,5.91398277564,0.6719675135404275,0.6875,4.6638005395,0.4744609503700351,0.838024691358024,3.30790782366,0.5448532564444544,0.6725,3.507809509,0.5543915783052745,0.605,2.43380132496,0.3893703886078022,0.6375000000000001,2.84630162643,0.6070085881843024,0.6925,3.22936390998,0.5138798598534895,0.705,2.73670967773,0.28845192663300323,1.0,2.81746031746,0.718253968254
7,129490,0.8252736700595351,4.85405329024,0.24242961046320297,0.6975,4.5088229198,0.5203699453122506,0.9654320987654321,1.71101527173,0.8961710718327252,0.6575000000000001,3.4804084393,0.5019183695840319,0.7000000000000001,2.32162746483,0.6241255846246829,0.625,3.00413970898,0.5704357705328434,0.754999999999999,2.82294685441,0.7067339556421741,0.889999999999999,2.39982674726,0.8326572864584915,1.0,2.81746031746,0.718253968254
7,129672,0.839408488573074,5.6417974666,0.3167797073498816,0.405,0.0493039552851,0.002454203191950843,0.901234567901234,2.89742758631,0.7467837245307187,0.485,1.18024426068,0.06487081318776133,-0.25,0.231555748198,0.023837604795250156,0.43500000000000005,1.06452995296,0.06706204612867413,0.38,0.0911400617513,0.00984254321266507,0.725,2.92332344064,0.3451863819653644,1.0,2.81746031746,0.718253968254
7,129907,0.9058959093527941,5.46038612277,0.726438290106761,0.65,4.38956542993,0.2996472031317938,0.725432098765432,2.00151362292,0.23508988636255845,0.65,3.44945633055,0.4759248066016578,0.6075,2.44691479976,0.39547147719740855,0.54,3.35877424829,0.2841686282589474,0.63,2.92166339542,0.3181546014083797,0.65,1.99142018419,0.15775241827245062,0.0,2.18253968254,0.218253968254
7,129987,0.9306702515844051,3.98277963039,0.8439859754508553,0.6575000000000001,4.57661806068,0.333309630871594,0.6869135802469131,1.52381502583,0.1673676131191547,0.6575000000000001,3.4804084393,0.5019183695840319,0.5,1.37446661939,0.1839931893017007,0.6575000000000001,2.59307939199,0.6613732903237942,0.6875,3.23027586269,0.49772879969462963,0.5625,0.730225611375,0.03991680950863906,0.0,2.18253968254,0.218253968254
7,130043,0.8598041098521221,6.37904664175,0.4404061444273052,0.764999999999999,3.11601983135,0.7798572601001545,0.942716049382716,2.1552371211,0.8522770231438314,0.8300000000000001,0.9889908711,0.9478649070638878,0.804999999999999,1.58959951785,0.8313352565165961,0.6950000000000001,2.22191457411,0.7512412747879292,0.899999999999999,0.74417916179,0.9609577685023725,0.865,2.76409455531,0.7678439848250468,0.0,2.18253968254,0.218253968254
7,130166,0.918225465719224,4.75971276654,0.7895467031524497,0.9325000000000001,0.277507880768,0.9836080957695159,0.8681481481481481,3.25068809534,0.6442862797690975,0.7875000000000001,1.81973920991,0.8892244872689159,0.875,0.9515860268,0.9206607742312387,0.875,0.667567731932,0.9695929489569335,0.9325000000000001,0.4459090928,0.9800412483591354,0.8600000000000001,2.82058278272,0.7538798086730847,0.0,2.18253968254,0.218253968254
7,130586,0.892452467831764,6.06713716018,0.648721328389422,0.35750000000000004,0.0224153258915,0.0007741296363263972,0.741728395061728,2.22242639244,0.269489452296575,0.20750000000000002,0.0154937599782,0.0005951777873458459,-0.25,0.231555748198,0.023837604795250156,0.25,0.0353452556122,0.0014094524197043078,0.28500000000000003,0.0417010494196,0.004932590592549061,0.42750000000000005,0.0488433456556,0.001468322106109899,0.0,2.18253968254,0.218253968254
7,134922,0.857922028039178,6.33829809544,0.4284376257010625,0.6775,4.7453894022,0.4273390608912512,0.679012345679012,1.43225050192,0.15569084155784874,0.6925,3.45835392185,0.6242326879138116,0.4375,0.744574361955,0.11879157331339846,0.635,2.87839954427,0.5998526753574294,0.725,3.10734177182,0.61739753943051,0.79,3.08063433796,0.542714578290012,0.0,2.18253968254,0.218253968254
7,134923,0.879969272133666,6.40814057931,0.5705974462292722,0.7025,4.41524530378,0.5426830518467471,0.77037037037037,2.63535798949,0.339015194519912,0.6825,3.4965466796,0.589434679535291,0.6725,2.46093820823,0.5582475347435194,0.68,2.3551752558,0.7169194788509972,0.725,3.10734177182,0.61739753943051,0.735,2.98512452605,0.3747462849828034,0.0,2.18253968254,0.218253968254
7,135551,0.823314768580756,4.73552839397,0.2330368549911459,0.7725000000000001,2.89983548844,0.8024301287738709,0.7629629629629631,2.52733598184,0.31989372680613704,0.7575000000000001,2.50652646832,0.824301489347353,0.7825000000000001,1.76708284764,0.7935390890775587,0.6425000000000001,2.78179262571,0.6210788988168361,0.8250000000000001,1.77179022304,0.8692234494769284,0.774999999999999,3.07454746477,0.4965446930260686,1.0,2.81746031746,0.718253968254
7,135973,0.849241405799884,6.07351985678,0.3744783317576684,0.7825000000000001,2.5834125283,0.8298677519062768,0.9017283950617281,2.89010758511,0.7482127476990847,0.8,1.54597756053,0.9102410387036624,0.6675,2.47973055754,0.5458948142278626,0.745,1.58011588665,0.8482442464411923,0.7925000000000001,2.29415220299,0.8031243451574208,0.8975000000000001,2.26841891713,0.850168436758739,1.0,2.81746031746,0.718253968254
7,136122,0.8521605531015941,6.17603738353,0.3923606222842999,0.745,3.58620854756,0.7125940875141649,0.653827160493827,1.15871975504,0.1231299455007948,0.78,1.99104202593,0.8749362938197323,0.5225000000000001,1.63667652993,0.21785499399896896,0.61,3.18173522424,0.524024290177432,0.745,2.93450825497,0.6779337723305161,0.8325,3.02400294718,0.6731076074574203,1.0,2.81746031746,0.718253968254
7,136139,0.7495678893796811,0.960133071931,0.038191072702486895,0.784999999999999,2.50109426504,0.8362235470869668,0.9422222222222221,2.16493007148,0.8512103149817486,0.8025,1.49367478442,0.9140404098855911,0.8225,1.4389592226,0.8578507912835597,0.76,1.31274814681,0.8699487058282085,0.837499999999999,1.57432341959,0.8901302519909164,0.845,2.95366986209,0.7105044021170069,1.0,2.81746031746,0.718253968254
7,136288,0.852506241597849,6.18730569907,0.39449756046372136,0.7925000000000001,2.25213245762,0.8540482318957257,0.93679012345679,2.27108344303,0.8391614334247803,0.7375,2.91684078529,0.7699437708243707,0.7425,2.04886815783,0.7171179928992935,0.6225,3.03470627486,0.562887133471382,0.8125,1.97350774196,0.8458176717992151,0.827499999999999,3.0428925619,0.6579383540854808,1.0,2.81746031746,0.718253968254
7,136820,0.9385442673324371,3.48234914953,0.8733744210109831,0.6175,3.12069433558,0.1764460004839319,0.852345679012345,3.31296608148,0.5923311693217278,0.6275000000000001,3.30038902559,0.39984338514813883,0.6025,2.41976699561,0.38330323800470734,0.5650000000000001,3.53479095926,0.37117064904958297,0.655,3.12493830052,0.3939450193692375,0.655,2.06291670647,0.16788835679381356,1.0,2.81746031746,0.718253968254
7,136846,0.7226810063376221,0.375611545897,0.02128922695442612,0.804999999999999,1.85310160479,0.8796681167194822,0.6074074074074071,0.763551971736,0.07915006944283112,0.8075000000000001,1.39199176699,0.9212528998910993,0.7625000000000001,1.91179010682,0.7567337133951701,0.875,0.667567731932,0.9695929489569335,0.7925000000000001,2.29415220299,0.8031243451574208,0.6525000000000001,2.02719730331,0.16277570355602036,0.0,2.18253968254,0.218253968254
7,137085,0.660418667178797,0.173606205413,0.008183373501415323,0.8775000000000001,0.62946985745,0.9601443277665873,0.8148148148148141,3.18085680352,0.4692790008269244,0.8400000000000001,0.839898341152,0.9569941519359881,0.847499999999999,1.20875011845,0.8909739158353243,0.8500000000000001,0.82351603736,0.9504691867486603,0.875,1.03805094375,0.9387955737494569,0.9400000000000001,1.43080603886,0.9290817446246777,0.0,2.18253968254,0.218253968254
7,137869,0.0,4.26224085957e-67,9.368406708517832e-70,0.8700000000000001,0.701616341944,0.9551557280529785,0.9772839506172831,1.48756846036,0.9151167614105963,0.875,0.449380175427,0.979003116541199,0.8150000000000001,1.50482913957,0.8468104206663603,0.8625,0.774894186075,0.9605230408569854,0.905,0.692126169656,0.9645475908869215,0.972499999999999,0.831219951851,0.9654913224495081,0.0,2.18253968254,0.218253968254
7,138039,0.8560015363933161,6.29037512483,0.41630998287467913,0.6375000000000001,3.95836426269,0.24734206954840826,0.716049382716049,1.88000707729,0.2168832955802199,0.6975,3.42841175609,0.6414527006163897,0.655,2.51463913787,0.5146608835384036,0.6075,3.20996931446,0.5160345749998309,0.63,2.92166339542,0.3181546014083797,0.7325,2.97164949609,0.3673000503591997,0.0,2.18253968254,0.218253968254
7,140859,0.9577491837910501,2.3239329802,0.9289055449891392,0.6000000000000001,2.42565816574,0.12806736231276483,0.6948148148148141,1.61756611642,0.17977662672557274,0.5975,2.99475328738,0.30513779215410186,0.4375,0.744574361955,0.11879157331339846,0.59,3.39244384084,0.4582164822758884,0.65,3.09236496766,0.3784000192503494,0.59,1.09698987259,0.06483856143425011,1.0,2.81746031746,0.718253968254
7,140984,0.8857307470712501,6.28170306541,0.6071804537586735,0.7425,3.63624540529,0.7035657531360338,0.9160493827160491,2.65743257912,0.7879801449286549,0.754999999999999,2.56154284227,0.8179662343637017,0.645,2.52830940888,0.48943480071668416,0.6925,2.24402103744,0.7456588048959418,0.7625000000000001,2.7296380087,0.72756098643162,0.8925000000000001,2.3569633703,0.8386034797198405,1.0,2.81746031746,0.718253968254
7,141053,1.0,0.617016192286,0.9860996480922368,0.7025,4.41524530378,0.5426830518467471,0.611358024691358,0.790616912178,0.08221962354906316,0.65,3.44945633055,0.4759248066016578,0.625,2.51196454184,0.43893081028435377,0.5,2.32604109857,0.16823526140754333,0.645,3.05565501242,0.3630282643817866,0.7025,2.7080960369,0.281645709922836,1.0,2.81746031746,0.718253968254
7,141356,0.811791818705588,4.0220937237,0.18256557916146054,0.8400000000000001,1.06177768596,0.9290942941368215,0.8508641975308641,3.31514027736,0.5874213835415011,0.794999999999999,1.65323448604,0.9022444138044576,0.7025,2.30679928296,0.6299111707763632,0.8425,0.825622882487,0.9442740788408777,0.8250000000000001,1.77179022304,0.8692234494769284,0.9475,1.28215669374,0.9392529909220566,1.0,2.81746031746,0.718253968254
7,142811,0.8137507201843671,4.14402547074,0.19056386098736827,0.675,4.75034247582,0.4154679695805417,0.714567901234567,1.86116307606,0.21411206931132942,0.58,2.76744061688,0.25466906630137937,0.635,2.52773543492,0.46414222949999806,0.535,3.27410318563,0.2675795048660277,0.595,2.48619735028,0.22306325337103683,0.7825000000000001,3.07818614487,0.5196182688423672,1.0,2.81746031746,0.718253968254
7,142951,0.8876896485500281,6.22627446361,0.6194323929037551,0.7375,3.73319834114,0.6851407324888781,0.929382716049382,2.41352196928,0.8218089225659857,0.764999999999999,2.33740756402,0.8424695313045403,0.6475000000000001,2.52617881393,0.49575309495284825,0.68,2.3551752558,0.7169194788509972,0.804999999999999,2.09482321232,0.8305611122188887,0.784999999999999,3.07913063148,0.5273149405160571,0.0,2.18253968254,0.218253968254
7,143324,0.8636835029767621,6.44304218587,0.4652859196376319,0.625,3.44072606845,0.20104899346714994,0.6972839506172831,1.6472886622,0.18380727038965486,0.66,3.48831905267,0.5106295401633051,0.5750000000000001,2.2104908539,0.3194207984808167,0.59,3.39244384084,0.4582164822758884,0.5725,2.1385598215,0.1709628461167124,0.6775,2.38175549677,0.217902997183128,1.0,2.81746031746,0.718253968254
7,145305,0.9097753024774341,5.25126373414,0.7472196233828133,0.6875,4.6638005395,0.4744609503700351,0.7970370370370371,2.99736029918,0.41426662386027346,0.745,2.77194128885,0.7912845469972938,0.605,2.43380132496,0.3893703886078022,0.6575000000000001,2.59307939199,0.6613732903237942,0.7675000000000001,2.66333465625,0.7410447047991755,0.725,2.92332344064,0.3451863819653644,1.0,2.81746031746,0.718253968254
7,145335,0.693796811983867,0.182940136627,0.014027926280431455,0.5,0.298317401351,0.013612515902400606,0.79753086419753,3.00327176811,0.4157482630591386,0.5425,2.18206582439,0.16151214970780464,0.5225000000000001,1.63667652993,0.21785499399896896,0.5875,3.41515865615,0.44970672855178484,0.55,1.76556037037,0.1270190348815305,0.8,3.08148178927,0.5735281694949752,0.0,2.18253968254,0.218253968254
7,145444,0.8017284424812751,3.40464374154,0.14521415511374383,0.6925,4.59319249919,0.4976101435250427,0.861728395061728,3.28461043916,0.6233024802157525,0.754999999999999,2.56154284227,0.8179662343637017,0.725,2.16499502976,0.6802417513823302,0.7975000000000001,0.819893045399,0.9085109290964075,0.8525,1.34782434446,0.9120293361782286,0.794999999999999,3.08150852895,0.5581202432411316,1.0,2.81746031746,0.718253968254
7,146557,0.8974841559439211,5.86475857398,0.6787539630381015,0.6825,4.71599141334,0.45100284902638704,0.9002469135802461,2.91191051511,0.7439148982510524,0.72,3.19916465404,0.7163053106987004,-0.25,0.231555748198,0.023837604795250156,0.5700000000000001,3.52564674642,0.38882690507180395,0.73,3.07082563055,0.632844876691134,0.74,3.00833982657,0.389731967095264,0.0,2.18253968254,0.218253968254
7,146877,0.5736892644516991,0.013009632038,0.0001895046460494494,0.5625,1.3226389182,0.05928286188841615,0.863209876543209,3.27782775284,0.6281636231206129,0.715,3.2635740433,0.700145299267376,0.8075000000000001,1.56874842953,0.8352832395060237,0.8400000000000001,0.822861981455,0.9422131728489213,0.865,1.17077730086,0.9277583483448111,0.865,2.76409455531,0.7678439848250468,1.0,2.81746031746,0.718253968254
7,146928,0.837718455924716,5.55614778759,0.3073168518555702,0.8174999999999991,1.50731868385,0.9006008809022883,0.803456790123456,3.0708928403,0.4337489051694741,0.8600000000000001,0.593681676659,0.9712199303972628,0.7000000000000001,2.32162746483,0.6241255846246829,0.8150000000000001,0.774669481698,0.9222956457549163,0.855,1.31148767223,0.9153533840633881,0.885,2.48245294312,0.8204498031692116,1.0,2.81746031746,0.718253968254
7,146993,0.37584021509506405,1.23889063894e-13,6.189771799819351e-16,1.0,0.0891550902835,0.9950297379515862,0.8528395061728391,3.31210203424,0.5939669914776835,1.0,0.0287176589701,0.9990039085457016,0.8125,1.52635985678,0.8430213884811983,0.9500000000000001,0.0916425743051,0.9922221622944934,1.0,0.103856294497,0.996686240553778,0.8,3.08148178927,0.5735281694949752,1.0,2.81746031746,0.718253968254
7,147026,0.8626848473209141,6.42918083932,0.45885830837396274,0.625,3.44072606845,0.20104899346714994,0.815802469135802,3.18905612881,0.4724246558456786,0.615,3.18662277436,0.3592784763121631,0.5,1.37446661939,0.1839931893017007,0.52,2.92740046851,0.22090682354508134,0.655,3.12493830052,0.3939450193692375,0.645,1.91963176232,0.1479746391006922,1.0,2.81746031746,0.718253968254
7,147101,0.861724601497983,6.41413517257,0.45269180386705127,0.6825,4.71599141334,0.45100284902638704,0.9007407407407401,2.90469538694,0.7453510994164338,0.7225,3.16413640084,0.7242598244353167,0.625,2.51196454184,0.43893081028435377,0.8600000000000001,0.789555982844,0.95856696255352,0.865,1.17077730086,0.9277583483448111,0.8525,2.89398221093,0.7324416120846681,0.0,2.18253968254,0.218253968254
7,147111,0.9010946802381411,5.70037371952,0.6996365422207094,0.6225,3.33371468379,0.1925809240326413,0.852345679012345,3.31296608148,0.5923311693217278,0.774999999999999,2.10664969674,0.864692305305416,0.595,2.37231245901,0.3653280120706339,0.605,3.23778462923,0.5079747921602741,0.735,3.02975878986,0.6480982096689507,0.837499999999999,3.00003619374,0.6881699165542128,1.0,2.81746031746,0.718253968254
7,147193,0.752294987516804,1.04636147554,0.04092587715915687,0.7975000000000001,2.0883221635,0.8648978046075968,0.6439506172839501,1.0612404963,0.11217244631332032,0.7825000000000001,1.93355947666,0.8798419831820568,0.75,1.99808854321,0.732294478683889,0.8500000000000001,0.82351603736,0.9504691867486603,0.7825000000000001,2.44805735617,0.7794078646670977,0.75,3.04145240265,0.41999453238515205,1.0,2.81746031746,0.718253968254
7,819,0.8252736700595351,4.85405329024,0.24242961046320297,0.7225,4.01825952316,0.6270112028594668,0.7214814814814811,1.94988160195,0.22728489510051236,0.7075,3.34579387185,0.6753493006976098,0.725,2.16499502976,0.6802417513823302,0.7775000000000001,1.02628305736,0.8903232535681798,0.7025,3.21331990313,0.5461091597571819,0.8300000000000001,3.03405217704,0.6655347800557613,0.0,2.18253968254,0.218253968254
7,1942,0.8467447666602651,5.97586271414,0.3594350054925689,0.6075,2.71049864116,0.147313887231815,0.755061728395061,2.41230056898,0.30037977349150724,0.5925,2.93329856911,0.2903164670992566,0.715,2.22949280318,0.658267835068981,0.585,3.43657433283,0.4411417711255681,0.6725,3.20516366429,0.4494113434033086,0.784999999999999,3.07913063148,0.5273149405160571,0.0,2.18253968254,0.218253968254
7,1993,0.8857307470712501,6.28170306541,0.6071804537586735,0.835,1.14261307265,0.9235870086042132,0.905679012345679,2.82972689509,0.7595122343205545,0.7525000000000001,2.61569700323,0.8114944937287345,0.6625,2.49588256619,0.5334546303062921,0.63,2.94190277002,0.585301466113445,0.7375,3.00755730839,0.6556450834458625,0.905,2.1294362539,0.8666646271420155,0.0,2.18253968254,0.218253968254
