user,id,mealScore,mealScore_pdf,mealScore_cdf,roomScore,roomScore_pdf,roomScore_cdf,equipmentScore,equipmentScore_pdf,equipmentScore_cdf,serviceScore,serviceScore_pdf,serviceScore_cdf,locationScore,locationScore_pdf,locationScore_cdf,distanceScore,distanceScore_pdf,distanceScore_cdf
10,101,0.6975,4.14817411901,0.3417960703341927,0.6000000000000001,0.40983896251,0.012501987744674706,0.655,4.01425611083,0.16169846241928135,0.73,6.30580469938,0.40238349638044163,0.9400000000000001,1.86478140768,0.9285771820454258,0.9797530864197531,1.60301542409,0.9504196499035189
10,192,0.6675,3.30999686985,0.2293441592832952,0.6775,3.12967242926,0.13030075200719957,0.63,2.50592263719,0.08003252298770246,0.66,2.37390063438,0.07346284028658182,0.745,2.43409336127,0.1783512504399824,0.755061728395061,1.57572096172,0.22482724688437766
10,223,0.5825,1.04618280751,0.05290172468148199,0.605,0.487826008952,0.014741243693242988,0.6375000000000001,2.96136680011,0.10052490348691079,0.6775,3.58679830107,0.12530062732853448,0.605,0.262578725237,0.007899437639388097,0.8103703703703701,2.32239827431,0.326736579816019
10,388,0.7825000000000001,3.95066618219,0.7185082290488504,0.7675000000000001,4.25797374725,0.5093526778240349,0.7575000000000001,4.57153010208,0.6719998602299143,0.7675000000000001,5.28115267694,0.6255498820009431,0.915,3.08512146283,0.8671763714349533,0.851358024691358,3.82432580031,0.45068592744935254
10,398,0.847499999999999,1.86802408021,0.9080776778904368,0.6325000000000001,1.16288617918,0.03641006077433259,0.635,2.807891058,0.09331356039830113,0.66,2.37390063438,0.07346284028658182,0.61,0.301063196121,0.009306932236740534,0.720493827160493,1.4475493307,0.17261215113763997
10,462,0.7075,4.35725634765,0.38436327760483097,0.68,3.24796052821,0.13827318220802154,0.7975000000000001,3.19670485441,0.8309399313428352,0.8300000000000001,2.37564528076,0.8609980202131613,0.79,3.78536947991,0.31543237432259696,0.810864197530864,2.33590917383,0.3278867731692698
10,509,0.8225,2.66515085387,0.8516337190801297,0.6950000000000001,3.89323357762,0.192003256016682,0.6375000000000001,2.96136680011,0.10052490348691079,0.6950000000000001,4.88363426301,0.19953002193053876,0.919999999999999,2.82610467248,0.8819535979493217,0.9125925925925921,4.69127823388,0.7332796443745683
10,568,0.5675,0.801451684048,0.0391064208563647,0.6625,2.40496998325,0.08878978837129903,0.685,5.20173167505,0.30276403989682593,0.7975000000000001,3.79272286991,0.7617738151250132,0.9450000000000001,1.65704201975,0.9373751354281261,0.9432098765432091,3.427510045,0.8596573101352684
10,570,0.857499999999999,1.58631721413,0.9253277765786125,0.8625,2.52067567713,0.8997978162951629,0.754999999999999,4.62373742275,0.6605051911239954,0.7825000000000001,4.54238149652,0.6992928375983819,0.8775000000000001,4.69848029511,0.7181374567484489,0.946172839506172,3.27279939128,0.8695842301290342
10,610,0.8225,2.66515085387,0.8516337190801297,0.7825000000000001,4.31584805446,0.5734127023745643,0.6875,5.24596707159,0.31582548553509876,0.725,6.26036582224,0.37094473023266816,0.9175000000000001,2.9553611807,0.8747269256661984,0.899753086419753,4.90163391208,0.6714441508267744
10,630,0.7725000000000001,4.20364889155,0.6776987507625792,0.74,4.50345622549,0.3892745353071807,0.6375000000000001,2.96136680011,0.10052490348691079,0.68,3.77402132425,0.1345013153528179,0.6875,1.3774869526,0.0691412610854696,0.7629629629629631,1.61662691952,0.23743191149622586
10,658,0.63,2.16135451214,0.1270505872087009,0.59,0.286258688298,0.009054879346742154,0.54,0.0958420605285,0.0044197355974770714,0.5775,0.132948465786,0.003055268602541539,0.665,0.987812482213,0.04259757098235947,0.65679012345679,1.02459303762,0.09214510262432717
10,659,0.62,1.88487246311,0.10683580738637206,0.645,1.62353833576,0.05372618623192274,0.5925,0.792250915088,0.021856281920291647,0.6125,0.518988702196,0.013090695941166379,0.65,0.755135544941,0.029560729351692214,0.622222222222222,0.712248836964,0.062121352653936784
10,716,0.8025,3.33815426151,0.7915786665033224,0.8325,4.19376142744,0.79766173879513,0.715,5.25511262949,0.4619292323767984,0.7225,6.21641354305,0.35534577777782145,0.735,2.23917779691,0.15500078979556423,0.819259259259259,2.58761780478,0.3485246568440406
10,767,0.7325,4.63080922541,0.4975316383635413,0.7000000000000001,4.07096706544,0.21192346161074832,0.6625,4.41190716627,0.19332847932646322,0.6950000000000001,4.88363426301,0.19953002193053876,0.8725,4.81267234176,0.6943462885122224,0.9007407407407401,4.89389288157,0.6762815659362474
10,839,0.735,4.63564486797,0.5091156067566389,0.845,3.57356845904,0.8464293547238924,0.7875000000000001,3.63905119316,0.796720029832092,0.8150000000000001,2.98280198839,0.8209194797741195,0.925,2.57114042295,0.8954442013081123,1.0,0.889475697778,0.9751739658502523
10,858,0.5675,0.801451684048,0.0391064208563647,0.65,1.83304591734,0.062362176260138125,0.635,2.807891058,0.09331356039830113,0.61,0.473241440369,0.011851192295246208,0.6475000000000001,0.719273961218,0.027717906816904062,0.631604938271604,0.796573188034,0.06919824260858037
10,864,0.75,4.57348451747,0.5783791029732241,0.71,4.34888849615,0.2541149915210933,0.6375000000000001,2.96136680011,0.10052490348691079,0.6900000000000001,4.52386919264,0.17600370992411146,0.919999999999999,2.82610467248,0.8819535979493217,0.899753086419753,4.90163391208,0.6714441508267744
10,922,0.4525,0.0683378605683,0.003346206534742324,0.5750000000000001,0.164657810372,0.005754260780342872,0.595,0.868435517595,0.023931006346208164,0.605,0.392443235728,0.009692661796645262,0.6825,1.28814736314,0.06247760667719743,0.5837037037037031,0.405385054975,0.04085465460629599
10,930,0.7125,4.44252661795,0.4063685053127899,0.7925000000000001,4.44170079232,0.6171666657281092,0.75,4.72065213465,0.637140456756329,0.78,4.66844196108,0.6877792265335096,0.885,4.46969676491,0.7525594467026985,0.750123456790123,1.55472998414,0.21709887006798345
10,995,0.7875000000000001,3.80857035145,0.7379101398356944,0.5325,0.0393845160933,0.0021460700724346537,0.51,0.0401947796272,0.002573062403866845,0.5775,0.132948465786,0.003055268602541539,0.65,0.755135544941,0.029560729351692214,0.7664197530864191,1.63839119778,0.24305707717662556
10,996,0.625,2.02065943707,0.11659751046857456,0.6375000000000001,1.33568304573,0.042649935392678404,0.6000000000000001,1.03744474611,0.028686336672559883,0.65,1.80112570789,0.05267225548874008,0.725,2.05615009339,0.13352902673004408,0.8390123456790121,3.31887836883,0.4065941414387379
10,1119,0.5,0.200231342597,0.0091768164558305,0.58,0.198143818806,0.006658679731861556,0.545,0.115761568993,0.004946746599132142,0.6000000000000001,0.324373636771,0.007905552656940377,0.7325,2.19280122815,0.14946094099919993,0.8874074074074071,4.87868598835,0.6108461164617979
10,1128,0.8700000000000001,1.27261588408,0.9431499757291619,0.6775,3.12967242926,0.13030075200719957,0.6925,5.30882775681,0.3422263842796803,0.7425,6.19068126932,0.4808048561687131,0.7725000000000001,3.17185674976,0.2545425156560705,0.7935802469135801,1.94885869197,0.2911089007890557
10,1186,0.5750000000000001,0.917620804142,0.04554536944460366,0.6625,2.40496998325,0.08878978837129903,0.6175,1.80725546335,0.05317866594893371,0.7225,6.21641354305,0.35534577777782145,0.67,1.07107501578,0.04774377564855157,0.712592592592592,1.41349043522,0.16130617263191907
10,1356,0.79,3.73427703076,0.7473391162767495,0.8125,4.61512753044,0.7082883711155273,0.774999999999999,4.10463372425,0.7482060752607047,0.7575000000000001,5.71941201469,0.5704902032812113,0.925,2.57114042295,0.8954442013081123,0.8316049382716041,3.02633113082,0.38310328008946015
10,1357,0.76,4.44733006234,0.6235374977115361,0.8075000000000001,4.60834668726,0.6852145141390583,0.78,3.93184984797,0.768305009118233,0.8025,3.5518092984,0.7801324444134088,0.835,4.75710342208,0.5106421496933699,0.6083950617283951,0.593134474154,0.05310535886054629
10,1386,0.5825,1.04618280751,0.05290172468148199,0.7425,4.48053097238,0.40050513227124895,0.7025,5.34250095541,0.39557720807338637,0.6975,5.05547139089,0.21195523795319154,0.8600000000000001,4.95701060091,0.6330768897977377,0.866666666666666,4.4013261516,0.513789969765816
10,1404,0.75,4.57348451747,0.5783791029732241,0.7875000000000001,4.37368770635,0.5951306730651476,0.6725,4.84721915213,0.2397265823939576,0.6725,3.21936011411,0.10829004418264393,0.75,2.5411142286,0.19078572131657542,0.575802469135802,0.353741039468,0.037858531316209296
10,1500,0.6875,3.89641929293,0.30154214709836097,0.5825,0.21733601038,0.0071776676930237395,0.5675,0.291589516721,0.009205639625769372,0.73,6.30580469938,0.40238349638044163,0.9375,1.9744342448,0.9237789348206644,0.8859259259259251,4.86148361821,0.6036308104698558
10,1501,0.55,0.575137355625,0.027148737730994237,0.6025,0.447360519488,0.01357288892180658,0.505,0.0363559222339,0.002382011752609562,0.6425000000000001,1.43929448085,0.040557174502784114,0.9450000000000001,1.65704201975,0.9373751354281261,0.775308641975308,1.70907753917,0.2579173224252674
10,1511,0.6075,1.5690156409,0.08528537630478483,0.54,0.048981257241,0.002475590187213317,0.52,0.050884593547,0.003024456318961978,0.6125,0.518988702196,0.013090695941166379,0.8700000000000001,4.85768391613,0.6822566481297998,0.724444444444444,1.46295538637,0.17836160855469152
10,1556,0.705,4.30957273537,0.37352906575317646,0.705,4.22377355724,0.23267134035318363,0.6625,4.41190716627,0.19332847932646322,0.675,3.40163456172,0.11656560525384671,0.7825000000000001,3.52448000616,0.2880093469264118,0.675555555555555,1.18164561123,0.11287526386479285
10,1630,0.8525,1.72392847707,0.9170549438137787,0.6825,3.3641030729,0.14653876681839612,0.6325000000000001,2.65585741382,0.08648424532114797,0.6525000000000001,1.93474301933,0.05734073799997891,0.64,0.61733235909,0.02271104238563908,0.6335802469135801,0.814532266171,0.0707894499940514
10,1667,0.75,4.57348451747,0.5783791029732241,0.6175,0.739147636247,0.022320793642060126,0.6625,4.41190716627,0.19332847932646322,0.68,3.77402132425,0.1345013153528179,0.8,4.08769205113,0.35485340908269,0.902222222222222,4.87959775634,0.6835215857337271
10,1680,0.784999999999999,3.88076413008,0.7282980142026267,0.7275,4.55327387844,0.33253634538409227,0.6950000000000001,5.32809433146,0.3555241593924095,0.7925000000000001,4.0393658454,0.7421956453925513,0.8700000000000001,4.85768391613,0.6822566481297998,0.875061728395061,4.65068409034,0.5518309413924275
10,1725,0.615,1.75435186869,0.09774000366938676,0.6475000000000001,1.72665065355,0.0579132168429437,0.6000000000000001,1.03744474611,0.028686336672559883,0.685,4.15087780876,0.15431334374954098,0.7425,2.38343825255,0.17232967493975232,0.760987654320987,1.60535459616,0.23424983705850627
10,1764,0.7725000000000001,4.20364889155,0.6776987507625792,0.7425,4.48053097238,0.40050513227124895,0.67,4.75014821129,0.2277281399332066,0.7075,5.66083739695,0.2656615417858718,0.857499999999999,4.96245465746,0.6206760287764193,0.880987654320987,4.78337755609,0.5798034797478075
10,1770,0.635,2.30650443039,0.13821848597135117,0.64,1.42790993834,0.046103630514649455,0.5775,0.441081781437,0.01282115512354728,0.6025,0.35692859779,0.008756586248858519,0.835,4.75710342208,0.5106421496933699,0.722962962962963,1.45728839369,0.17619844956348113
10,1799,0.8250000000000001,2.58134317726,0.8581917287770898,0.885,1.41514475173,0.9431399061894248,0.8400000000000001,1.35632068576,0.9253251027988842,0.81,3.20409575792,0.805455949950687,0.8,4.08769205113,0.35485340908269,0.7614814814814811,1.60809952211,0.2350432805716924
10,1872,0.6075,1.5690156409,0.08528537630478483,0.6475000000000001,1.72665065355,0.0579132168429437,0.6075,1.33371707017,0.03754591576363722,0.66,2.37390063438,0.07346284028658182,0.9475,1.55924125746,0.9413946277192435,0.7866666666666661,1.84031939415,0.27802436270232866
10,1927,0.5,0.200231342597,0.0091768164558305,0.5775,0.180625324753,0.00618555399810508,0.5775,0.441081781437,0.01282115512354728,0.66,2.37390063438,0.07346284028658182,0.8400000000000001,4.83062358803,0.5346151462197034,0.8172839506172841,2.52471668718,0.3434757999929677
10,1996,0.62,1.88487246311,0.10683580738637206,0.495,0.0176153347276,0.0011672167510817773,0.525,0.0584059514093,0.0032969344226153083,0.67,3.04071185812,0.10046578025831324,0.7325,2.19280122815,0.14946094099919993,0.7866666666666661,1.84031939415,0.27802436270232866
10,1997,0.7775000000000001,4.08284379645,0.6984200121584644,0.685,3.4775413863,0.1550914440246448,0.6625,4.41190716627,0.19332847932646322,0.6900000000000001,4.52386919264,0.17600370992411146,0.67,1.07107501578,0.04774377564855157,0.493827160493827,0.0601417274236,0.023634255240198528
10,2335,0.75,4.57348451747,0.5783791029732241,0.64,1.42790993834,0.046103630514649455,0.5825,0.539325495692,0.015264966343548101,0.675,3.40163456172,0.11656560525384671,0.6900000000000001,1.42249708852,0.07264120206389024,0.884444444444444,4.84135208083,0.5964431671633272
10,2465,-0.25,2.80631970865e-11,5.539042449011363e-13,0.6675,2.64596850913,0.10141556297960994,0.7775000000000001,4.02055988823,0.7583635362674612,0.7225,6.21641354305,0.35534577777782145,0.7225,2.01100442551,0.12844510248580415,0.8153086419753081,2.46404499616,0.3385489992335586
10,2605,-0.25,2.80631970865e-11,5.539042449011363e-13,0.339999999999999,0.0016594258215,8.256214389576263e-05,0.3025,0.00130996342799,5.5163196084214106e-05,0.339999999999999,2.11172550521e-07,3.3691816087207797e-09,0.59,0.169057900872,0.004701480509452003,0.803456790123456,2.14860947561,0.31129774693420226
10,2876,0.6075,1.5690156409,0.08528537630478483,0.8174999999999991,4.58148400433,0.7312982626702573,0.794999999999999,3.31169293068,0.8228039388190213,0.8400000000000001,2.02077313217,0.8829462941445705,0.9550000000000001,1.29104678234,0.9520594022060594,0.886913580246913,4.87328123184,0.6084382096902629
10,2877,0.6875,3.89641929293,0.30154214709836097,0.6725,2.88886561426,0.11525266073861709,0.75,4.72065213465,0.637140456756329,0.635,1.13472559744,0.030939456263010742,0.8075000000000001,4.26878236145,0.38621379297629777,0.845432098765432,3.58150214058,0.42874115860172435
10,2958,0.6825,3.75804037544,0.28240302349946717,0.5325,0.0393845160933,0.0021460700724346537,0.59,0.721429876114,0.01996528139807789,0.65,1.80112570789,0.05267225548874008,0.8775000000000001,4.69848029511,0.7181374567484489,0.9797530864197531,1.60301542409,0.9504196499035189
10,4771,0.6025,1.45267361356,0.07773359143508785,0.705,4.22377355724,0.23267134035318363,0.635,2.807891058,0.09331356039830113,0.705,5.5240866909,0.2516781023179042,0.8975000000000001,3.95928102541,0.805386613033922,0.79753086419753,2.022137004,0.2989500237473418
10,4778,0.7875000000000001,3.80857035145,0.7379101398356944,0.774999999999999,4.26242521071,0.5412729416812843,0.7125,5.28097778095,0.4487584276986065,0.6875,4.3384226719,0.16492528461358452,0.9400000000000001,1.86478140768,0.9285771820454258,0.941234567901234,3.52923036237,0.8527862359086688
10,4801,0.7075,4.35725634765,0.38436327760483097,0.64,1.42790993834,0.046103630514649455,0.625,2.21474135711,0.0682363103094781,0.735,6.29677509762,0.43391188989545143,0.764999999999999,2.93074787212,0.2316758330394258,0.8103703703703701,2.32239827431,0.326736579816019
10,4805,0.7675000000000001,4.31172564835,0.6564047442453548,0.8400000000000001,3.84664887589,0.8278676245792244,0.74,4.89397777191,0.5890498768458827,0.7725000000000001,5.04141332241,0.6513603840089043,0.9125000000000001,3.21483931943,0.859301353030882,0.940246913580246,3.57955315565,0.8492756934811512
10,4819,0.6025,1.45267361356,0.07773359143508785,0.715,4.4445002474,0.2761109896403524,0.6725,4.84721915213,0.2397265823939576,0.6725,3.21936011411,0.10829004418264393,0.7225,2.01100442551,0.12844510248580415,0.884444444444444,4.84135208083,0.5964431671633272
10,4977,0.64,2.45555453008,0.15012213773994706,0.685,3.4775413863,0.1550914440246448,0.725,5.1260687943,0.5138629407425702,0.71,5.78615613304,0.2799727593056671,0.8500000000000001,4.93782989894,0.5835138343087507,0.7970370370370371,2.01250586092,0.29795382126147557
10,5024,0.67,3.3870851624,0.23771564895251254,0.7625000000000001,4.2812829332,0.4880125024775419,0.6525000000000001,3.87153437901,0.15184034083107756,0.7000000000000001,5.22028914668,0.22480152854470267,0.7425,2.38343825255,0.17232967493975232,0.9032098765432091,4.86828372397,0.6883354715733505
10,5041,0.75,4.57348451747,0.5783791029732241,0.47750000000000004,0.0135065875598,0.0008973401870030687,0.454999999999999,0.0176950926419,0.0011157939889642388,0.41000000000000003,1.7974910973e-05,2.809761152110828e-07,0.6375000000000001,0.585310959189,0.02120794709257028,0.8246913580246911,2.7715465357,0.3630733555648272
10,5303,0.25,0.00133077484799,5.683326765048809e-05,0.5,0.0191688292686,0.001259084151781596,0.47250000000000003,0.022219874719,0.0014635390435600454,0.75,5.99100318515,0.5265379532682709,0.8600000000000001,4.95701060091,0.6330768897977377,0.78716049382716,1.84728931536,0.2789348786293716
10,5309,0.6950000000000001,4.08880656422,0.33149930575986936,0.6950000000000001,3.89323357762,0.192003256016682,0.6900000000000001,5.28157155113,0.3289866805220249,0.6975,5.05547139089,0.21195523795319154,0.7675000000000001,3.00784289676,0.23909834017585396,0.9041975308641971,4.85554858186,0.6931374807738759
10,5385,0.7625000000000001,4.40584587549,0.6346047637682712,0.6000000000000001,0.40983896251,0.012501987744674706,0.5875,0.655800827382,0.01824480526447718,0.6075,0.431138037631,0.010721452342566983,0.8425,4.86342726164,0.546733374733158,0.9446913580246911,3.35042587496,0.8646780780022474
10,5562,0.6875,3.89641929293,0.30154214709836097,0.8200000000000001,4.5474552398,0.7427119300034585,0.774999999999999,4.10463372425,0.7482060752607047,0.8025,3.5518092984,0.7801324444134088,0.9575,1.21011374189,0.9551849748387267,0.9111111111111111,4.72737212408,0.7263025018027971
10,5627,0.6675,3.30999686985,0.2293441592832952,0.66,2.28631959062,0.08292600648225332,0.5225000000000001,0.0544208526273,0.003156000731220045,0.59,0.219663955207,0.005216794099918296,0.59,0.169057900872,0.004701480509452003,0.7688888888888881,1.65572885432,0.2471235637026711
10,5729,0.5,0.200231342597,0.0091768164558305,0.545,0.0572493915378,0.0027404523697787506,0.5225000000000001,0.0544208526273,0.003156000731220045,0.5,0.00376344742679,6.797805798753138e-05,0.6375000000000001,0.585310959189,0.02120794709257028,0.826172839506172,2.82432705456,0.367218315878112
10,7055,0.8075000000000001,3.17183460714,0.8078548731421918,0.5675,0.124918843396,0.004675491388024181,0.47250000000000003,0.022219874719,0.0014635390435600454,0.54,0.0265367332822,0.0005446461240882427,0.6375000000000001,0.585310959189,0.02120794709257028,0.7412345679012341,1.52198395173,0.20342796099089783
10,7341,0.5,0.200231342597,0.0091768164558305,0.754999999999999,4.3459744078,0.4556781098899524,0.6125,1.55966188316,0.04477006009228887,0.7000000000000001,5.22028914668,0.22480152854470267,0.7675000000000001,3.00784289676,0.23909834017585396,0.8864197530864191,4.86754635415,0.6060330535371623
10,7342,0.59,1.18760926144,0.06127028562189636,0.56,0.0952740437541,0.00385528287976635,0.545,0.115761568993,0.004946746599132142,0.5875,0.198930261291,0.004693951088992764,0.847499999999999,4.91772014372,0.5711933029136547,0.9061728395061721,4.8258438894,0.7027002755675034
10,7343,0.6325000000000001,2.2334048388,0.13254381067613993,0.715,4.4445002474,0.2761109896403524,0.6875,5.24596707159,0.31582548553509876,0.7075,5.66083739695,0.2656615417858718,0.9125000000000001,3.21483931943,0.859301353030882,0.9619753086419751,2.44175983383,0.9147083786128739
10,7588,0.6025,1.45267361356,0.07773359143508785,0.6175,0.739147636247,0.022320793642060126,0.6725,4.84721915213,0.2397265823939576,0.6950000000000001,4.88363426301,0.19953002193053876,0.8150000000000001,4.41833031746,0.4188056984746632,0.958024691358024,2.64652039648,0.904658849603888
10,7599,0.75,4.57348451747,0.5783791029732241,0.5675,0.124918843396,0.004675491388024181,0.5625,0.236428631974,0.00789037048822427,0.6000000000000001,0.324373636771,0.007905552656940377,0.9500000000000001,1.4656134501,0.9451748201564623,0.9456790123456791,3.29872753087,0.8679616288782029
10,7903,0.75,4.57348451747,0.5783791029732241,0.645,1.62353833576,0.05372618623192274,0.6425000000000001,3.26982176229,0.11610285267564306,0.68,3.77402132425,0.1345013153528179,0.64,0.61733235909,0.02271104238563908,0.6716049382716051,1.15025606809,0.108268692885854
10,8207,0.6625,3.15424334226,0.2131828571566734,0.6575000000000001,2.16944909343,0.07735670626093377,0.7375,4.93460566298,0.5767639803006144,0.6975,5.05547139089,0.21195523795319154,0.7775000000000001,3.3459281392,0.2708337991048215,0.7046913580246911,1.37430379966,0.15028906336963954
10,8290,0.8925000000000001,0.820397969106,0.9664280443715874,0.8325,4.19376142744,0.79766173879513,0.7825000000000001,3.83858107593,0.778018984472219,0.77,5.16250877738,0.638605026400408,0.8300000000000001,4.67697485285,0.4870550392482168,0.8898765432098761,4.90068446125,0.6229211486689881
10,8961,0.535,0.425520731394,0.019690807826514348,0.6025,0.447360519488,0.01357288892180658,0.6325000000000001,2.65585741382,0.08648424532114797,0.6625,2.53250574019,0.07959463353573584,0.9075000000000001,3.47184665344,0.8425826333690514,0.835555555555555,3.18036960164,0.39536171547581267
10,9191,0.5825,1.04618280751,0.05290172468148199,0.63,1.0824193772,0.03360425735116837,0.605,1.22922130822,0.03434343448434774,0.685,4.15087780876,0.15431334374954098,0.6825,1.28814736314,0.06247760667719743,0.28098765432098705,0.0337143283641,0.01820266347572925
10,9518,0.75,4.57348451747,0.5783791029732241,0.725,4.54583199128,0.3211610615642579,0.625,2.21474135711,0.0682363103094781,0.7000000000000001,5.22028914668,0.22480152854470267,0.8500000000000001,4.93782989894,0.5835138343087507,0.919012345679012,4.50205719889,0.7628168501828809
10,10630,0.58,1.0019199189,0.05034189274161396,0.7225,4.53148614784,0.3098129412134077,0.6675,4.64494401117,0.21598262134291724,0.7275,6.29008834583,0.38663574462921796,0.867499999999999,4.89454956687,0.6700646594327069,0.7698765432098761,1.66312455871,0.24876248112559282
10,10672,-0.25,2.80631970865e-11,5.539042449011363e-13,0.6425000000000001,1.5239043699,0.04979262558584287,0.535,0.080215133434,0.003981181387094624,0.6075,0.431138037631,0.010721452342566983,0.9275,2.44636683772,0.9017156336974488,0.72395061728395,1.46108023032,0.17763962389550345
10,11039,0.715,4.47983157058,0.41752221650065113,0.8425,3.71346533286,0.8373193020250191,0.7625000000000001,4.4577904798,0.6945787378111283,0.735,6.29677509762,0.43391188989545143,0.8125,4.37109016379,0.4078184824337018,0.0,0.0397839195696,0.0053277791354111
10,11140,0.5275000000000001,0.364042194737,0.016735098864806338,0.6325000000000001,1.16288617918,0.03641006077433259,0.5775,0.441081781437,0.01282115512354728,0.6975,5.05547139089,0.21195523795319154,0.7825000000000001,3.52448000616,0.2880093469264118,0.245432098765432,0.0397854334954,0.016894468775070125
10,11230,0.6825,3.75804037544,0.28240302349946717,0.6950000000000001,3.89323357762,0.192003256016682,0.6725,4.84721915213,0.2397265823939576,0.74,6.23748166622,0.46526740003967015,0.8975000000000001,3.95928102541,0.805386613033922,0.8301234567901231,2.9700091636,0.37866165252013295
10,11275,0.8250000000000001,2.58134317726,0.8581917287770898,0.8775000000000001,1.72651033043,0.9313970583275786,0.7875000000000001,3.63905119316,0.796720029832092,0.8225,2.6682366133,0.8420974633923118,0.8775000000000001,4.69848029511,0.7181374567484489,0.8740740740740741,4.62481140716,0.5472503667022947
10,12534,0.6900000000000001,3.96275188349,0.3113665390789585,0.6525000000000001,1.94249376604,0.06708099123323596,0.6475000000000001,3.57528427739,0.13321814965430895,0.665,2.69677672069,0.08613009272681735,0.735,2.23917779691,0.15500078979556423,0.895308641975308,4.91874271888,0.6496103601859256
10,14112,0.715,4.47983157058,0.41752221650065113,0.77,4.25392242147,0.5199914267496853,0.75,4.72065213465,0.637140456756329,0.754999999999999,5.81660177557,0.5560689323470455,0.8174999999999991,4.46373798259,0.4299086087747563,0.869135802469135,4.48118056497,0.5247570389403076
10,15812,0.5475,0.547542336826,0.025745620523101212,0.5675,0.124918843396,0.004675491388024181,0.5750000000000001,0.398203391032,0.011772873327705859,0.62,0.68051832451,0.017564927055695814,0.7125,1.83053319139,0.10923701625608027,0.8222222222222221,2.68601316305,0.3563362686904705
10,15877,0.375,0.0141181162443,0.0007526197004064138,0.43999999999999906,0.00806821388555,0.0005019788616919836,0.47000000000000003,0.0215052761207,0.0014088883641249332,0.545,0.0332478275191,0.0006935237254998392,0.764999999999999,2.93074787212,0.2316758330394258,0.741728395061728,1.52370326114,0.20417998224153341
10,15878,0.6925,4.02694040965,0.32135411976184136,0.7025,4.15067891067,0.22220186062891967,0.6975,5.33979771376,0.36886055165567544,0.75,5.99100318515,0.5265379532682709,0.8,4.08769205113,0.35485340908269,0.8696296296296291,4.49654639546,0.5269737702711
10,16373,0.6675,3.30999686985,0.2293441592832952,0.65,1.83304591734,0.062362176260138125,0.6925,5.30882775681,0.3422263842796803,0.6925,4.70601761892,0.18754188311595263,0.7000000000000001,1.60376549967,0.08777142677101159,0.6641975308641971,1.08880171165,0.0999739481944726
10,17703,0.0,1.14142997092e-06,3.099129903325822e-08,0.76,4.29955010678,0.4772872746074146,0.635,2.807891058,0.09331356039830113,0.605,0.392443235728,0.009692661796645262,0.595,0.196770580683,0.005614683498845124,0.9827160493827161,1.48100862177,0.9549871431482595
10,17743,0.5,0.200231342597,0.0091768164558305,0.6825,3.3641030729,0.14653876681839612,0.6725,4.84721915213,0.2397265823939576,0.665,2.69677672069,0.08613009272681735,0.784999999999999,3.61327195705,0.29693176338493155,0.8755555555555551,4.66323803512,0.5541306858723778
10,17938,0.5,0.200231342597,0.0091768164558305,0.262499999999999,0.000358137763034,1.53325581435113e-05,0.3125,0.00161903943909,6.976079226217696e-05,0.4375,0.000102327291323,1.6203779113293323e-06,0.7125,1.83053319139,0.10923701625608027,0.908148148148148,4.79055621606,0.7121988665075485
10,17979,0.7125,4.44252661795,0.4063685053127899,0.6825,3.3641030729,0.14653876681839612,0.6525000000000001,3.87153437901,0.15184034083107756,0.7325,6.30787395889,0.4181533922106345,0.6775,1.20004095235,0.05625773298743972,0.752592592592592,1.56488177906,0.22095011451047486
10,18166,0.6125,1.69115426478,0.09343341256461764,0.6625,2.40496998325,0.08878978837129903,0.5875,0.655800827382,0.01824480526447718,0.64,1.33155020668,0.03709493798080496,0.8825000000000001,4.55325123496,0.7412793029617384,0.997037037037037,0.976164228512,0.9724115348514292
10,18246,0.774999999999999,4.1447553059,0.6881349023401648,0.78,4.29299374793,0.5626526164288912,0.784999999999999,3.74090612881,0.7874942406340498,0.7525000000000001,5.90739229737,0.5414125262853823,0.8725,4.81267234176,0.6943462885122224,0.9624691358024691,2.41648786287,0.9159079426070484
10,18248,0.9175000000000001,0.473895259203,0.9822955138743804,0.7725000000000001,4.25536611812,0.530626873637974,0.7475,4.7660771219,0.6252816835662621,0.8625,1.36997358772,0.9207126409989712,0.9075000000000001,3.47184665344,0.8425826333690514,0.8562962962962961,4.02177045146,0.4700618423936621
10,18270,0.645,2.60784371745,0.16277943585758045,0.764999999999999,4.26723734771,0.4986972103442096,0.6775,5.01568212645,0.26439838179952135,0.7425,6.19068126932,0.4808048561687131,0.7925000000000001,3.86704174756,0.3249986207377417,0.9501234567901231,3.06407147556,0.8821021125267313
10,18297,0.75,4.57348451747,0.5783791029732241,0.7525000000000001,4.37253983362,0.4447802851024273,0.745,4.80992302418,0.6133113859910352,0.745,6.13346346397,0.49621212442744506,0.8525,4.95237397648,0.5958778128608898,0.853333333333333,3.90411348622,0.4583191009096681
10,18311,0.75,4.57348451747,0.5783791029732241,0.42000000000000004,0.00608041435389,0.00036127030592409206,0.382499999999999,0.00605628933254,0.0003107363279363794,0.58,0.147181203438,0.0034051477613162152,0.8300000000000001,4.67697485285,0.4870550392482168,0.838024691358024,3.27901386754,0.4033359401082258
10,18312,1.0,0.0487220136934,0.9986171428577919,0.5275000000000001,0.0344413495081,0.001961922099633038,0.48250000000000004,0.0254086714368,0.0017011872813679117,0.6525000000000001,1.93474301933,0.05734073799997891,0.9025000000000001,3.72162180197,0.82459493319057,0.7891358024691351,1.87633918299,0.2826122250933474
10,18319,0.47750000000000004,0.120401867912,0.005642577308896555,0.53,0.0367879487232,0.002050909497216526,0.485,0.0263112922604,0.001765826671930842,0.48250000000000004,0.00146316220054,2.5174084580216623e-05,0.7525000000000001,2.59816261459,0.1972092663678863,0.8538271604938271,3.92390999673,0.46025194895941307
10,18392,0.5775,0.959071795271,0.04789094606796424,0.595,0.343041999847,0.010624202799722659,0.5775,0.441081781437,0.01282115512354728,0.5975,0.294566720731,0.007132428293420883,0.725,2.05615009339,0.13352902673004408,0.655308641975308,1.01149060896,0.09063688326273266
10,18476,0.75,4.57348451747,0.5783791029732241,0.73,4.55419815671,0.3439219971623536,0.7075,5.32131290948,0.42224572172722563,0.784999999999999,4.41611205791,0.7104909607594395,0.8925000000000001,4.18002254465,0.7850303356591215,0.8730864197530861,4.59794478857,0.5426958386819405
10,18739,0.6875,3.89641929293,0.30154214709836097,0.754999999999999,4.3459744078,0.4556781098899524,0.6925,5.30882775681,0.3422263842796803,0.745,6.13346346397,0.49621212442744506,0.847499999999999,4.91772014372,0.5711933029136547,0.7308641975308641,1.48627777957,0.18782922910283767
10,18763,-0.25,2.80631970865e-11,5.539042449011363e-13,0.29250000000000004,0.000669658665262,3.031580896969615e-05,0.29250000000000004,0.00105371485365,4.338552126874234e-05,0.5825,0.162834009898,0.0037923574989400894,0.9575,1.21011374189,0.9551849748387267,0.955555555555555,2.77630375976,0.8979642261274778
10,19718,0.875,1.15966854945,0.9492276786142761,0.77,4.25392242147,0.5199914267496853,0.6925,5.30882775681,0.3422263842796803,0.9225000000000001,0.479328527811,0.9710984903188554,0.905,3.59794292665,0.8337449566285174,0.8444444444444441,3.54087203567,0.42522393868537517
10,19745,-0.25,2.80631970865e-11,5.539042449011363e-13,0.857499999999999,2.82130127518,0.8864470310168082,0.857499999999999,0.90894448944,0.9448281634140566,0.8925000000000001,0.797057036321,0.9524458586095788,0.857499999999999,4.96245465746,0.6206760287764193,0.6167901234567901,0.664550298586,0.05838235635069233
10,20639,0.5825,1.04618280751,0.05290172468148199,0.41500000000000004,0.00565236838613,0.00033194893044949137,0.4425,0.0149876575336,0.0009119016199378756,0.5275000000000001,0.0148470425621,0.00029250355424985467,0.81,4.32143901214,0.3969522563636555,0.972345679012345,1.93223173635,0.9373466139565481
10,25302,0.5,0.200231342597,0.0091768164558305,0.5625,0.104189927455,0.004104426474819318,0.48750000000000004,0.0272682157929,0.0018327889622485368,0.5125000000000001,0.00714213813008,0.00013405411417992573,0.725,2.05615009339,0.13352902673004408,0.925925925925925,4.24452851933,0.7930814409374021
10,27972,0.6675,3.30999686985,0.2293441592832952,0.7775000000000001,4.27504613957,0.5519436396141635,0.7025,5.34250095541,0.39557720807338637,0.7525000000000001,5.90739229737,0.5414125262853823,0.827499999999999,4.63554702368,0.4754142501475211,0.779753086419753,1.75420660416,0.26561078985264125
10,28024,0.9175000000000001,0.473895259203,0.9822955138743804,0.8500000000000001,3.27906577929,0.8635675688550467,0.899999999999999,0.455481083548,0.9717665593283439,1.0,0.146943340468,0.9929785760100527,1.0,0.380443776517,0.9857759491280378,0.8562962962962961,4.02177045146,0.4700618423936621
10,28466,0.61,1.62936836442,0.08928305579489279,0.68,3.24796052821,0.13827318220802154,0.68,5.08665595623,0.27702816809939484,0.665,2.69677672069,0.08613009272681735,0.9575,1.21011374189,0.9551849748387267,0.9456790123456791,3.29872753087,0.8679616288782029
10,28484,0.605,1.51011311452,0.08143676897634027,0.5675,0.124918843396,0.004675491388024181,0.625,2.21474135711,0.0682363103094781,0.6375000000000001,1.23007535796,0.033894198144585344,0.8600000000000001,4.95701060091,0.6330768897977377,0.9358024691358021,3.80041303057,0.8328720740302006
10,28512,0.827499999999999,2.49812319255,0.8645409249255706,0.725,4.54583199128,0.3211610615642579,0.6775,5.01568212645,0.26439838179952135,0.764999999999999,5.3967848679,0.6122017716650647,0.7525000000000001,2.59816261459,0.1972092663678863,0.9906172839506171,1.18481787691,0.965490414863355
10,28570,0.7225,4.56892641264,0.45147698353751503,0.47500000000000003,0.0130365964827,0.000864165831211594,0.5,0.0331983648962,0.00220837068896635,0.4625,0.000465620577416,7.654524414749037e-06,0.6375000000000001,0.585310959189,0.02120794709257028,0.7214814814814811,1.45149121131,0.17404378132209877
10,28894,0.5,0.200231342597,0.0091768164558305,0.67,2.76742060823,0.10818224907062289,0.62,1.93860152622,0.0578599896076677,0.6475000000000001,1.67401937721,0.048329682291536655,0.705,1.69460700225,0.09601738883592592,0.7851851851851851,1.82009248024,0.27531307181867337
10,29183,0.5825,1.04618280751,0.05290172468148199,0.6475000000000001,1.72665065355,0.0579132168429437,0.635,2.807891058,0.09331356039830113,0.6900000000000001,4.52386919264,0.17600370992411146,0.8225,4.55100408556,0.45244698697968233,0.84,3.35893706259,0.409891813172418
10,29184,0.5375,0.447892992705,0.020782372257417834,0.5725,0.150124138166,0.00536107023883893,0.5700000000000001,0.323703588355,0.009974085067325078,0.62,0.68051832451,0.017564927055695814,0.774999999999999,3.2579377622,0.26257928895984,0.8222222222222221,2.68601316305,0.3563362686904705
10,29229,0.4375,0.0490654495982,0.00247435003848725,0.34750000000000003,0.00189724680805,9.588259309618341e-05,0.34750000000000003,0.00324539294157,0.00015210204689197705,0.36750000000000005,1.18801783872e-06,1.8889642476103287e-08,0.7725000000000001,3.17185674976,0.2545425156560705,0.8493827160493821,3.74378249853,0.4432111506779633
10,29338,-0.25,2.80631970865e-11,5.539042449011363e-13,0.6900000000000001,3.69408064187,0.17302685408873464,0.6525000000000001,3.87153437901,0.15184034083107756,0.7000000000000001,5.22028914668,0.22480152854470267,0.615,0.343483722299,0.010916631612295342,0.602962962962962,0.548729624632,0.050004700466060245
10,29381,0.5325,0.404107225757,0.01865396963890878,0.67,2.76742060823,0.10818224907062289,0.595,0.868435517595,0.023931006346208164,0.625,0.810903139531,0.02128536990699136,0.66,0.907170979721,0.037861280900041074,0.5051851851851851,0.0790257198503,0.024419809555262354
10,29764,0.6000000000000001,1.39670603302,0.07417217420602289,0.7225,4.53148614784,0.3098129412134077,0.68,5.08665595623,0.27702816809939484,0.7425,6.19068126932,0.4808048561687131,0.774999999999999,3.2579377622,0.26257928895984,0.829629629629629,2.95142985513,0.37719957292879314
10,30094,0.625,2.02065943707,0.11659751046857456,0.5625,0.104189927455,0.004104426474819318,0.62,1.93860152622,0.0578599896076677,0.675,3.40163456172,0.11656560525384671,0.63,0.495358104359,0.01716122329536516,0.8212345679012341,2.65268767183,0.35369991590288696
10,31557,1.0,0.0487220136934,0.9986171428577919,0.7925000000000001,4.44170079232,0.6171666657281092,0.5575,0.191829030007,0.006823759154093493,0.725,6.26036582224,0.37094473023266816,0.9275,2.44636683772,0.9017156336974488,0.8627160493827161,4.26413557533,0.49666947050029003
10,32060,0.75,4.57348451747,0.5783791029732241,0.55,0.0674233337137,0.003051256641774686,0.65,3.72495277752,0.14234400766234556,0.65,1.80112570789,0.05267225548874008,1.0,0.380443776517,0.9857759491280378,0.9476543209876541,3.19475333521,0.8743750542185196
10,38608,0.75,4.57348451747,0.5783791029732241,0.67,2.76742060823,0.10818224907062289,0.74,4.89397777191,0.5890498768458827,0.7275,6.29008834583,0.38663574462921796,0.7875000000000001,3.7005237484,0.3060744219065431,0.802469135802469,2.12611043319,0.30918682154150057
10,38649,0.8225,2.66515085387,0.8516337190801297,0.78,4.29299374793,0.5626526164288912,0.7525000000000001,4.67332280238,0.6488833580219904,0.7925000000000001,4.0393658454,0.7421956453925513,0.7575000000000001,2.7209938789,0.21050196586063227,0.811851851851851,2.36336906372,0.3302073563719136
10,39144,0.6675,3.30999686985,0.2293441592832952,0.63,1.0824193772,0.03360425735116837,0.5575,0.191829030007,0.006823759154093493,0.6425000000000001,1.43929448085,0.040557174502784114,0.655,0.829505736183,0.03352089871770119,0.6666666666666661,1.10963075804,0.10268812838582453
10,39247,0.5175000000000001,0.294168293069,0.013454944110622645,0.5525,0.0733555858049,0.0032271029256182586,0.65,3.72495277752,0.14234400766234556,0.5750000000000001,0.120015182355,0.002739322806691421,0.847499999999999,4.91772014372,0.5711933029136547,0.9037037037037031,4.86209339761,0.6907380484310293
10,39495,0.66,3.07588709871,0.20539515349815174,0.6900000000000001,3.69408064187,0.17302685408873464,0.7225,5.16124064466,0.5010034963190569,0.764999999999999,5.3967848679,0.6122017716650647,0.75,2.5411142286,0.19078572131657542,0.87358024691358,4.61150038235,0.5449697857443738
10,39581,-0.25,2.80631970865e-11,5.539042449011363e-13,0.6675,2.64596850913,0.10141556297960994,0.6175,1.80725546335,0.05317866594893371,0.735,6.29677509762,0.43391188989545143,0.9575,1.21011374189,0.9551849748387267,0.8029629629629621,2.13728796267,0.3102395065873682
10,40799,0.75,4.57348451747,0.5783791029732241,0.6225,0.864806386704,0.0263243523043091,0.68,5.08665595623,0.27702816809939484,0.735,6.29677509762,0.43391188989545143,0.9550000000000001,1.29104678234,0.9520594022060594,0.96395061728395,2.34118058473,0.9194320443959298
10,40956,-0.25,2.80631970865e-11,5.539042449011363e-13,0.72,4.50993942099,0.29850963404422276,0.625,2.21474135711,0.0682363103094781,0.7825000000000001,4.54238149652,0.6992928375983819,0.595,0.196770580683,0.005614683498845124,0.6474074074074071,0.940561958841,0.08292405866132788
10,41042,-0.25,2.80631970865e-11,5.539042449011363e-13,0.444999999999999,0.0086431905649,0.0005437428972266207,0.34750000000000003,0.00324539294157,0.00015210204689197705,0.5425,0.0297171662122,0.0006148940283076263,0.8325,4.71761252397,0.49879847002351346,0.8207407407407401,2.63622071821,0.352394018012106
10,41069,0.7725000000000001,4.20364889155,0.6776987507625792,0.845,3.57356845904,0.8464293547238924,0.8525,1.01481521048,0.9400255739659447,0.827499999999999,2.47068280213,0.854940633088699,0.81,4.32143901214,0.3969522563636555,0.810864197530864,2.33590917383,0.3278867731692698
10,41615,0.9675,0.130443248444,0.9958934833151483,0.847499999999999,3.4283057448,0.85518267164661,0.7425,4.85247705932,0.6012331436451037,0.919999999999999,0.498905355674,0.9698759057692881,0.8775000000000001,4.69848029511,0.7181374567484489,0.544691358024691,0.193607509836,0.029521751256045347
10,41703,0.6975,4.14817411901,0.3417960703341927,0.7875000000000001,4.37368770635,0.5951306730651476,0.735,4.97447533693,0.5643774783717999,0.6925,4.70601761892,0.18754188311595263,0.77,3.08832643545,0.24671787555581037,0.7925925925925921,1.93185877598,0.28919253960987246
10,41708,0.6775,3.61323947613,0.26397244557049027,0.735,4.53847696518,0.366662821851181,0.645,3.42331250868,0.12446950568288817,0.6725,3.21936011411,0.10829004418264393,0.665,0.987812482213,0.04259757098235947,0.6498765432098761,0.962885525974,0.08527401778095522
10,41851,-0.25,2.80631970865e-11,5.539042449011363e-13,0.635,1.24731984132,0.03942199470364714,0.6000000000000001,1.03744474611,0.028686336672559883,0.6425000000000001,1.43929448085,0.040557174502784114,0.65,0.755135544941,0.029560729351692214,0.8898765432098761,4.90068446125,0.6229211486689881
10,43759,0.75,4.57348451747,0.5783791029732241,0.75,4.400185747,0.4338145095610594,0.8174999999999991,2.24840760874,0.8853733021532035,0.8625,1.36997358772,0.9207126409989712,0.6975,1.55834540486,0.08381879350988547,0.7056790123456791,1.37950443601,0.1516489759417159
10,44059,-0.25,2.80631970865e-11,5.539042449011363e-13,0.605,0.487826008952,0.014741243693242988,0.5125000000000001,0.04243752292,0.0026763024123284238,0.6575000000000001,2.22126328407,0.06772015522013866,0.8225,4.55100408556,0.45244698697968233,0.9565432098765431,2.72426329014,0.9006805432352027
10,44938,0.8125,3.00329060245,0.823293309271961,0.6425000000000001,1.5239043699,0.04979262558584287,0.6075,1.33371707017,0.03754591576363722,0.75,5.99100318515,0.5265379532682709,0.9275,2.44636683772,0.9017156336974488,0.834567901234567,3.14138262014,0.3922398865993285
10,50703,0.675,3.5388749031,0.25503206024741887,0.7000000000000001,4.07096706544,0.21192346161074832,0.7125,5.28097778095,0.4487584276986065,0.7325,6.30787395889,0.4181533922106345,0.74,2.33425565556,0.16643283286576824,0.8562962962962961,4.02177045146,0.4700618423936621
10,50830,0.6375000000000001,2.3805807339,0.14407714693996476,0.66,2.28631959062,0.08292600648225332,0.5650000000000001,0.26257626832,0.008513553633582024,0.655,2.07482308745,0.0623513577263633,0.81,4.32143901214,0.3969522563636555,0.8967901234567901,4.91625793337,0.6568959419871063
10,50921,0.8325,2.3339788346,0.8766197636202696,0.68,3.24796052821,0.13827318220802154,0.5925,0.792250915088,0.021856281920291647,0.64,1.33155020668,0.03709493798080496,0.7025,1.64919553988,0.09183762916472109,0.9397530864197531,3.60456384758,0.8475018331356723
10,51734,0.56,0.697088376592,0.03349407289024309,0.7225,4.53148614784,0.3098129412134077,0.6000000000000001,1.03744474611,0.028686336672559883,0.6825,3.96238309089,0.1441716852806127,0.7275,2.10142796177,0.1387259624645994,0.8503703703703701,3.78413153216,0.44692865043752394
10,52992,0.6725,3.46343333973,0.24627896845558125,0.705,4.22377355724,0.23267134035318363,0.75,4.72065213465,0.637140456756329,0.71,5.78615613304,0.2799727593056671,0.8225,4.55100408556,0.45244698697968233,0.928395061728395,4.1409014172,0.8034349705987281
10,54491,0.705,4.30957273537,0.37352906575317646,0.7975000000000001,4.51071047647,0.6395494289603132,0.77,4.2589338207,0.7272895424099802,0.7775000000000001,4.79391468339,0.6759511166504047,0.9025000000000001,3.72162180197,0.82459493319057,0.952098765432098,2.95929504211,0.8880511240103265
10,54885,0.625,2.02065943707,0.11659751046857456,0.55,0.0674233337137,0.003051256641774686,0.585,0.595169978621,0.016682111593916776,0.68,3.77402132425,0.1345013153528179,0.8500000000000001,4.93782989894,0.5835138343087507,0.9525925925925921,2.93310427991,0.8895060371109049
10,56634,0.764999999999999,4.36060134936,0.6455635931623095,0.845,3.57356845904,0.8464293547238924,0.8525,1.01481521048,0.9400255739659447,0.8300000000000001,2.37564528076,0.8609980202131613,0.9400000000000001,1.86478140768,0.9285771820454258,0.8646913580246911,4.33407416343,0.5051619481303602
10,56758,0.8125,3.00329060245,0.823293309271961,0.8225,4.50126906753,0.7540254013630794,0.7725000000000001,4.18406853805,0.7378442355129251,0.77,5.16250877738,0.638605026400408,0.68,1.24391503256,0.05931259806291486,0.7827160493827161,1.78858259292,0.27085847179053
10,56917,0.7325,4.63080922541,0.4975316383635413,0.77,4.25392242147,0.5199914267496853,0.72,5.19475301244,0.48805811855936787,0.73,6.30580469938,0.40238349638044163,0.8300000000000001,4.67697485285,0.4870550392482168,0.829629629629629,2.95142985513,0.37719957292879314
10,56975,0.6000000000000001,1.39670603302,0.07417217420602289,0.7325,4.54907929863,0.3553022978484309,0.68,5.08665595623,0.27702816809939484,0.6975,5.05547139089,0.21195523795319154,0.8,4.08769205113,0.35485340908269,0.776296296296296,1.71847950971,0.2596099148993197
10,67160,0.68,3.68635339953,0.2730972154935057,0.8500000000000001,3.27906577929,0.8635675688550467,0.8150000000000001,2.36436697773,0.8796077746205455,0.774999999999999,4.91838748796,0.6638104854125785,0.8625,4.94405497969,0.6454548197815901,0.88,4.76408718005,0.5750885852942437
10,67299,0.5,0.200231342597,0.0091768164558305,0.6825,3.3641030729,0.14653876681839612,0.6775,5.01568212645,0.26439838179952135,0.6775,3.58679830107,0.12530062732853448,0.545,0.0342761287083,0.0007718791614289861,0.7091358024691351,1.39701821204,0.15644821003085188
10,67423,0.59,1.18760926144,0.06127028562189636,0.6875,3.58771761958,0.16392375516422358,0.6375000000000001,2.96136680011,0.10052490348691079,0.705,5.5240866909,0.2516781023179042,0.6825,1.28814736314,0.06247760667719743,0.652839506172839,0.989497247194,0.08816649007026198
10,67905,0.6675,3.30999686985,0.2293441592832952,0.8,4.54227463576,0.6508663113899601,0.764999999999999,4.39556806332,0.7056462352372124,0.7975000000000001,3.79272286991,0.7617738151250132,0.845,4.89269172505,0.5589293334791352,0.8,2.07236531089,0.30400424970383033
10,68565,0.5775,0.959071795271,0.04789094606796424,0.7575000000000001,4.32136771143,0.46651179074411725,0.6950000000000001,5.32809433146,0.3555241593924095,0.7175,6.08567589031,0.3245668538406786,0.857499999999999,4.96245465746,0.6206760287764193,0.8958024691358021,4.91827087902,0.6520392670782822
10,68688,0.79,3.73427703076,0.7473391162767495,0.8025,4.57000368022,0.6622576061519182,0.685,5.20173167505,0.30276403989682593,0.78,4.66844196108,0.6877792265335096,0.8075000000000001,4.26878236145,0.38621379297629777,0.883456790123456,4.82633679365,0.5916688959934471
10,69217,0.7675000000000001,4.31172564835,0.6564047442453548,0.74,4.50345622549,0.3892745353071807,0.7000000000000001,5.34442255631,0.3822172478569865,0.7675000000000001,5.28115267694,0.6255498820009431,0.72,1.9659160762,0.12347395740056064,0.9125925925925921,4.69127823388,0.7332796443745683
10,69292,0.75,4.57348451747,0.5783791029732241,0.8150000000000001,4.60381622304,0.7198142630897406,0.74,4.89397777191,0.5890498768458827,0.76,5.61657423265,0.5846612866937679,0.74,2.33425565556,0.16643283286576824,0.75358024691358,1.56912761773,0.22249776408143584
10,70225,-0.25,2.80631970865e-11,5.539042449011363e-13,0.64,1.42790993834,0.046103630514649455,0.58,0.48804149037,0.013981683432413971,0.5925,0.242398736749,0.005793938145253109,0.804999999999999,4.21256239249,0.3756113164714908,0.795555555555555,1.98442739733,0.2949932801072589
10,70358,0.5325,0.404107225757,0.01865396963890878,0.48,0.0139999106487,0.0009317182038407602,0.47500000000000003,0.0229636835127,0.00152001206431732,0.5425,0.0297171662122,0.0006148940283076263,0.75,2.5411142286,0.19078572131657542,0.8291358024691351,2.93295171233,0.3757466434175223
10,70659,0.5275000000000001,0.364042194737,0.016735098864806338,0.685,3.4775413863,0.1550914440246448,0.6025,1.13046246626,0.03139502713691384,0.6950000000000001,4.88363426301,0.19953002193053876,0.5650000000000001,0.0733329393118,0.00180595731318911,0.7832098765432091,1.79467030046,0.2717432212615639
10,70707,0.7225,4.56892641264,0.45147698353751503,0.7525000000000001,4.37253983362,0.4447802851024273,0.6675,4.64494401117,0.21598262134291724,0.67,3.04071185812,0.10046578025831324,0.8825000000000001,4.55325123496,0.7412793029617384,0.8493827160493821,3.74378249853,0.4432111506779633
10,70749,0.65,2.76260125879,0.17620469500004146,0.39,0.00386258830031,0.00021416518379438373,0.36,0.00408879901815,0.00019777265821062568,0.39,4.98518328151e-06,7.837773952831602e-08,0.6575000000000001,0.867945454625,0.03564254487062239,0.8661728395061721,4.3847806461,0.5116205531285491
10,70793,0.392499999999999,0.0195771007948,0.001044530014032843,0.59,0.286258688298,0.009054879346742154,0.545,0.115761568993,0.004946746599132142,0.66,2.37390063438,0.07346284028658182,0.6125,0.32177306356,0.010085270668614197,0.808395061728395,2.26981869321,0.32220144273458395
10,70852,0.5925,1.23767007766,0.06430157852099758,0.705,4.22377355724,0.23267134035318363,0.6900000000000001,5.28157155113,0.3289866805220249,0.6975,5.05547139089,0.21195523795319154,0.6975,1.55834540486,0.08381879350988547,0.799012345679012,2.05185653591,0.30196764305695983
10,72086,0.40750000000000003,0.026232040243,0.001385299205037598,0.545,0.0572493915378,0.0027404523697787506,0.5650000000000001,0.26257626832,0.008513553633582024,0.585,0.180037020212,0.004220609372353394,0.847499999999999,4.91772014372,0.5711933029136547,0.515061728395061,0.0998950303346,0.025299684637581143
10,74604,0.794999999999999,3.5801712076,0.7656280854093771,0.827499999999999,4.37172293669,0.7762285276595542,0.8300000000000001,1.71259944401,0.9100408774031098,0.9125000000000001,0.56407014459,0.9658960858430342,0.804999999999999,4.21256239249,0.3756113164714908,0.789629629629629,1.88390006207,0.28354067424461266
10,74635,0.382499999999999,0.0162150732823,0.0008661674373550006,0.675,3.00979274799,0.12262614610549666,0.5575,0.191829030007,0.006823759154093493,0.5375,0.0236740788545,0.00048194562562847075,0.605,0.262578725237,0.007899437639388097,0.769382716049382,1.65939248284,0.24794210939152395
10,74688,0.75,4.57348451747,0.5783791029732241,0.75,4.400185747,0.4338145095610594,0.7000000000000001,5.34442255631,0.3822172478569865,0.774999999999999,4.91838748796,0.6638104854125785,0.5,0.00457229643934,8.604180522610267e-05,0.580246913580246,0.382250413185,0.03949354925805479
10,74696,0.6675,3.30999686985,0.2293441592832952,0.7175,4.48098411379,0.28726942036587044,0.7125,5.28097778095,0.4487584276986065,0.6975,5.05547139089,0.21195523795319154,0.7825000000000001,3.52448000616,0.2880093469264118,0.892839506172839,4.91578586097,0.6374671491647138
10,76409,0.25,0.00133077484799,5.683326765048809e-05,0.5325,0.0393845160933,0.0021460700724346537,0.51,0.0401947796272,0.002573062403866845,0.5775,0.132948465786,0.003055268602541539,0.7175,1.92083048393,0.11861552028681206,0.885432098765432,4.85509536674,0.6012316418184671
10,76496,0.889999999999999,0.863660117148,0.9643233224491057,0.8975000000000001,1.02520476226,0.9582359045726816,0.9175000000000001,0.368671537055,0.9789504849854838,0.835,2.19313596984,0.8724157568726205,0.9325000000000001,2.20428928227,0.9133377135135764,0.8044444444444441,2.17168611025,0.3134311785669794
10,78211,0.8025,3.33815426151,0.7915786665033224,0.8600000000000001,2.66974035787,0.8933104277188395,0.81,2.60131805828,0.8671957600627297,0.8300000000000001,2.37564528076,0.8609980202131613,0.794999999999999,3.94491651968,0.33476441347795094,0.8740740740740741,4.62481140716,0.5472503667022947
10,79262,0.66,3.07588709871,0.20539515349815174,0.8150000000000001,4.60381622304,0.7198142630897406,0.7275,5.08957750918,0.5266327427873211,0.7575000000000001,5.71941201469,0.5704902032812113,0.8400000000000001,4.83062358803,0.5346151462197034,0.897283950617283,4.91471573115,0.6593233576055614
10,79313,0.7000000000000001,4.20486980902,0.35223794969374067,0.56,0.0952740437541,0.00385528287976635,0.515,0.0449399424244,0.0027854662841543206,0.6175,0.622381545707,0.01593723956609508,0.764999999999999,2.93074787212,0.2316758330394258,0.7886419753086421,1.86889882766,0.2816874799035106
10,79388,0.7925000000000001,3.65807868391,0.7565799374293753,0.75,4.400185747,0.4338145095610594,0.7325,5.01362938041,0.5518921978502331,0.77,5.16250877738,0.638605026400408,0.725,2.05615009339,0.13352902673004408,0.8069135802469131,2.2319226033,0.3188669823228353
10,80513,0.76,4.44733006234,0.6235374977115361,0.76,4.29955010678,0.4772872746074146,0.7075,5.32131290948,0.42224572172722563,0.7825000000000001,4.54238149652,0.6992928375983819,0.8250000000000001,4.59353979468,0.46387778249036826,0.8207407407407401,2.63622071821,0.352394018012106
10,80619,0.7625000000000001,4.40584587549,0.6346047637682712,0.8250000000000001,4.44269182961,0.7652079429566003,0.7775000000000001,4.02055988823,0.7583635362674612,0.77,5.16250877738,0.638605026400408,0.8150000000000001,4.41833031746,0.4188056984746632,0.9777777777777771,1.68752354591,0.9471701442994565
10,80759,0.5575,0.664810301498,0.03179195471417163,0.7825000000000001,4.31584805446,0.5734127023745643,0.6675,4.64494401117,0.21598262134291724,0.6675,2.86633337867,0.09308292419694535,0.605,0.262578725237,0.007899437639388097,0.6167901234567901,0.664550298586,0.05838235635069233
10,80766,0.6000000000000001,1.39670603302,0.07417217420602289,0.7225,4.53148614784,0.3098129412134077,0.645,3.42331250868,0.12446950568288817,0.6975,5.05547139089,0.21195523795319154,0.6375000000000001,0.585310959189,0.02120794709257028,0.8197530864197531,2.60368462167,0.34980645435330987
10,80873,0.5,0.200231342597,0.0091768164558305,0.7075,4.28993038669,0.24331494524103886,0.735,4.97447533693,0.5643774783717999,0.7775000000000001,4.79391468339,0.6759511166504047,0.6325000000000001,0.524312197102,0.018435595043014917,0.8182716049382711,2.55589204121,0.3459846969664608
10,84558,0.6275000000000001,2.09041948342,0.12173610852406899,0.837499999999999,3.97184630734,0.8180927157360955,0.7925000000000001,3.42405305788,0.8143836578333954,0.7775000000000001,4.79391468339,0.6759511166504047,0.7775000000000001,3.3459281392,0.2708337991048215,0.8256790123456791,2.80661572765,0.3658279644233748
10,104560,0.515,0.278674160043,0.012739047017212084,0.48,0.0139999106487,0.0009317182038407602,0.4,0.00805490232954,0.0004335605009442192,0.485,0.00168023022585,2.9097432456665123e-05,0.8500000000000001,4.93782989894,0.5835138343087507,0.9170370370370371,4.56575689624,0.7538602124284464
10,104598,0.5,0.200231342597,0.0091768164558305,0.645,1.62353833576,0.05372618623192274,0.5825,0.539325495692,0.015264966343548101,0.685,4.15087780876,0.15431334374954098,0.67,1.07107501578,0.04774377564855157,0.8543209876543211,3.94363759777,0.4621945562300913
10,104599,-0.25,2.80631970865e-11,5.539042449011363e-13,0.595,0.343041999847,0.010624202799722659,0.5725,0.359159749223,0.010826942526240743,0.61,0.473241440369,0.011851192295246208,0.6875,1.3774869526,0.0691412610854696,0.8804938271604931,4.77387976786,0.5774436509277308
10,104688,0.75,4.57348451747,0.5783791029732241,0.73,4.55419815671,0.3439219971623536,0.7275,5.08957750918,0.5266327427873211,0.6625,2.53250574019,0.07959463353573584,0.8125,4.37109016379,0.4078184824337018,0.743209876543209,1.52890806174,0.2064411663936362
10,104824,0.5,0.200231342597,0.0091768164558305,0.6000000000000001,0.40983896251,0.012501987744674706,0.6325000000000001,2.65585741382,0.08648424532114797,0.6175,0.622381545707,0.01593723956609508,0.875,4.75956291513,0.7063132594990973,0.8222222222222221,2.68601316305,0.3563362686904705
10,107778,0.78,4.01808761594,0.7085467505918965,0.7175,4.48098411379,0.28726942036587044,0.68,5.08665595623,0.27702816809939484,0.7375,6.2730893894,0.44962677633758086,0.685,1.3326877551,0.06575359157056335,0.589135802469135,0.443398330131,0.043159086734762604
10,107870,0.72,4.54314386951,0.44008606204851636,0.8225,4.50126906753,0.7540254013630794,0.8125,2.48218289595,0.8735499192158087,0.8150000000000001,2.98280198839,0.8209194797741195,0.909999999999999,3.34394429023,0.8511026850392533,0.90716049382716,4.80889248065,0.7074582845358854
10,107898,0.605,1.51011311452,0.08143676897634027,0.794999999999999,4.47672558878,0.6283147753419642,0.7025,5.34250095541,0.39557720807338637,0.6975,5.05547139089,0.21195523795319154,0.6175,0.36620907092,0.011803534924788054,0.7614814814814811,1.60809952211,0.2350432805716924
10,108143,0.5625,0.730604322539,0.03527842817459056,0.6950000000000001,3.89323357762,0.192003256016682,0.485,0.0263112922604,0.001765826671930842,0.625,0.810903139531,0.02128536990699136,0.7225,2.01100442551,0.12844510248580415,0.8824691358024691,4.81007100908,0.5869100740849625
10,108336,0.41750000000000004,0.0321240483853,0.001675934268806391,0.56,0.0952740437541,0.00385528287976635,0.535,0.080215133434,0.003981181387094624,0.595,0.267305766588,0.006430597698010374,0.5575,0.0556715407272,0.0013247646106341459,0.8469135802469131,3.64245181505,0.4340922399941064
10,108341,0.595,1.28920407052,0.06745986373303749,0.52,0.0286501144782,0.0017263926422151647,0.5825,0.539325495692,0.015264966343548101,0.595,0.267305766588,0.006430597698010374,0.8075000000000001,4.26878236145,0.38621379297629777,0.9516049382716051,2.98549132323,0.8865832756668193
10,108351,0.665,3.23233054036,0.2211661461641468,0.685,3.4775413863,0.1550914440246448,0.65,3.72495277752,0.14234400766234556,0.615,0.568620542648,0.014449372846943571,0.6825,1.28814736314,0.06247760667719743,0.598518518518518,0.513604844135,0.047644378102681205
10,108388,0.58,1.0019199189,0.05034189274161396,0.64,1.42790993834,0.046103630514649455,0.5475,0.127658842289,0.005250728027692922,0.5875,0.198930261291,0.004693951088992764,0.6900000000000001,1.42249708852,0.07264120206389024,0.819259259259259,2.58761780478,0.3485246568440406
10,108411,0.515,0.278674160043,0.012739047017212084,0.6575000000000001,2.16944909343,0.07735670626093377,0.6175,1.80725546335,0.05317866594893371,0.67,3.04071185812,0.10046578025831324,0.875,4.75956291513,0.7063132594990973,0.9303703703703701,4.05415385436,0.811529388373831
10,108416,0.7125,4.44252661795,0.4063685053127899,0.8174999999999991,4.58148400433,0.7312982626702573,0.71,5.30323898934,0.4355273459816532,0.804999999999999,3.43394429903,0.7888642500392371,0.804999999999999,4.21256239249,0.3756113164714908,0.807407407407407,2.24440815188,0.31997224315114925
10,108417,0.52,0.310424666117,0.014210523673167219,0.6325000000000001,1.16288617918,0.03641006077433259,0.5825,0.539325495692,0.015264966343548101,0.5325,0.018786320339,0.0003762300081307951,0.8,4.08769205113,0.35485340908269,0.973333333333333,1.8864585804,0.9392323420757331
10,108652,0.5625,0.730604322539,0.03527842817459056,0.6425000000000001,1.5239043699,0.04979262558584287,0.5075000000000001,0.0381775515189,0.002475140702668934,0.5650000000000001,0.079172879011,0.0017566192058941078,0.525,0.014748055336,0.00030558702584496117,0.5560493827160491,0.244155195504,0.03199945671777478
10,109008,0.595,1.28920407052,0.06745986373303749,0.5325,0.0393845160933,0.0021460700724346537,0.5275000000000001,0.0629030737731,0.0034484569652479123,0.63,0.961703926243,0.02570799186752659,0.6950000000000001,1.51296851833,0.07997966385224173,0.6819753086419751,1.23026799311,0.12061886933056765
10,109067,0.75,4.57348451747,0.5783791029732241,0.794999999999999,4.47672558878,0.6283147753419642,0.7625000000000001,4.4577904798,0.6945787378111283,0.7525000000000001,5.90739229737,0.5414125262853823,0.8,4.08769205113,0.35485340908269,0.8479012345679011,3.68304204405,0.43770977240199765
10,129429,0.76,4.44733006234,0.6235374977115361,0.5875,0.261258369984,0.008370929218654385,0.5775,0.441081781437,0.01282115512354728,0.68,3.77402132425,0.1345013153528179,0.7925000000000001,3.86704174756,0.3249986207377417,0.8172839506172841,2.52471668718,0.3434757999929677
10,129459,0.605,1.51011311452,0.08143676897634027,0.6925,3.79609224031,0.18239053164947439,0.6725,4.84721915213,0.2397265823939576,0.6875,4.3384226719,0.16492528461358452,0.705,1.69460700225,0.09601738883592592,0.838024691358024,3.27901386754,0.4033359401082258
10,129490,0.7000000000000001,4.20486980902,0.35223794969374067,0.754999999999999,4.3459744078,0.4556781098899524,0.6575000000000001,4.15236588986,0.1719077772251297,0.6975,5.05547139089,0.21195523795319154,0.889999999999999,4.28262410801,0.7744508544606864,0.9654320987654321,2.26670008495,0.9228451823292159
10,129672,-0.25,2.80631970865e-11,5.539042449011363e-13,0.38,0.00329159005321,0.00017845710153127091,0.485,0.0263112922604,0.001765826671930842,0.405,1.30480759871e-05,2.0407145771126669e-07,0.725,2.05615009339,0.13352902673004408,0.901234567901234,4.88948530678,0.6786972295960005
10,129907,0.6075,1.5690156409,0.08528537630478483,0.63,1.0824193772,0.03360425735116837,0.65,3.72495277752,0.14234400766234556,0.65,1.80112570789,0.05267225548874008,0.65,0.755135544941,0.029560729351692214,0.725432098765432,1.46666614505,0.17980833948866498
10,129987,0.5,0.200231342597,0.0091768164558305,0.6875,3.58771761958,0.16392375516422358,0.6575000000000001,4.15236588986,0.1719077772251297,0.6575000000000001,2.22126328407,0.06772015522013866,0.5625,0.0669837068385,0.0016306625059652221,0.6869135802469131,1.26545437652,0.12678197754145903
10,130043,0.804999999999999,3.2553647433,0.7998207391529636,0.899999999999999,0.963971455165,0.9607213556170905,0.8300000000000001,1.71259944401,0.9100408774031098,0.764999999999999,5.3967848679,0.6122017716650647,0.865,4.92330146953,0.6577906640658701,0.942716049382716,3.45306281167,0.8579584001142455
10,130166,0.875,1.15966854945,0.9492276786142761,0.9325000000000001,0.465416587776,0.9828153722544593,0.7875000000000001,3.63905119316,0.796720029832092,0.9325000000000001,0.410099247071,0.9755342993805489,0.8600000000000001,4.95701060091,0.6330768897977377,0.8681481481481481,4.44983088657,0.5203465960367737
10,130586,-0.25,2.80631970865e-11,5.539042449011363e-13,0.28500000000000003,0.000574863165859,2.5656901915656607e-05,0.20750000000000002,0.000130827881933,4.521689085239618e-06,0.35750000000000004,6.32028458555e-07,1.0082843625003762e-08,0.42750000000000005,7.3315772287e-05,1.0857551495865268e-06,0.741728395061728,1.52370326114,0.20417998224153341
10,134922,0.4375,0.0490654495982,0.00247435003848725,0.725,4.54583199128,0.3211610615642579,0.6925,5.30882775681,0.3422263842796803,0.6775,3.58679830107,0.12530062732853448,0.79,3.78536947991,0.31543237432259696,0.679012345679012,1.20821324727,0.11700613589183613
10,134923,0.6725,3.46343333973,0.24627896845558125,0.725,4.54583199128,0.3211610615642579,0.6825,5.14866539167,0.2898241886741289,0.7025,5.37687882721,0.23804982542930225,0.735,2.23917779691,0.15500078979556423,0.77037037037037,1.66692641162,0.24958471303418708
10,135551,0.7825000000000001,3.95066618219,0.7185082290488504,0.8250000000000001,4.44269182961,0.7652079429566003,0.7575000000000001,4.57153010208,0.6719998602299143,0.7725000000000001,5.04141332241,0.6513603840089043,0.774999999999999,3.2579377622,0.26257928895984,0.7629629629629631,1.61662691952,0.23743191149622586
10,135973,0.6675,3.30999686985,0.2293441592832952,0.7925000000000001,4.44170079232,0.6171666657281092,0.8,3.07960385131,0.8387857013973807,0.7825000000000001,4.54238149652,0.6992928375983819,0.8975000000000001,3.95928102541,0.805386613033922,0.9017283950617281,4.88472011917,0.6811106283600725
10,136122,0.5225000000000001,0.327470627112,0.015007725422680076,0.745,4.4550892542,0.4116750919464759,0.78,3.93184984797,0.768305009118233,0.745,6.13346346397,0.49621212442744506,0.8325,4.71761252397,0.49879847002351346,0.653827160493827,0.99831652305,0.08914812879929329
10,136139,0.8225,2.66515085387,0.8516337190801297,0.837499999999999,3.97184630734,0.8180927157360955,0.8025,2.96093805095,0.8463366459594811,0.784999999999999,4.41611205791,0.7104909607594395,0.845,4.89269172505,0.5589293334791352,0.9422222222222221,3.47853688744,0.8562468906818428
10,136288,0.7425,4.62407688708,0.5438640609831347,0.8125,4.61512753044,0.7082883711155273,0.7375,4.93460566298,0.5767639803006144,0.7925000000000001,4.0393658454,0.7421956453925513,0.827499999999999,4.63554702368,0.4754142501475211,0.93679012345679,3.75222250677,0.8366018165400628
10,136820,0.6025,1.45267361356,0.07773359143508785,0.655,2.05472850202,0.07207696847928133,0.6275000000000001,2.35869735001,0.0739523728123386,0.6175,0.622381545707,0.01593723956609508,0.655,0.829505736183,0.03352089871770119,0.852345679012345,3.86433127157,0.45448281208994734
10,136846,0.7625000000000001,4.40584587549,0.6346047637682712,0.7925000000000001,4.44170079232,0.6171666657281092,0.8075000000000001,2.72120978013,0.8605426979917382,0.804999999999999,3.43394429903,0.7888642500392371,0.6525000000000001,0.791890465179,0.031494329074036105,0.6074074074074071,0.584947102623,0.05252359419232906
10,137085,0.847499999999999,1.86802408021,0.9080776778904368,0.875,1.84389068279,0.9269354508906738,0.8400000000000001,1.35632068576,0.9253251027988842,0.8775000000000001,1.04486706328,0.9387206861627976,0.9400000000000001,1.86478140768,0.9285771820454258,0.8148148148148141,2.44923125135,0.33733585047586245
10,137869,0.8150000000000001,2.91863403706,0.8306957382737422,0.905,0.855168836699,0.9652620645928102,0.875,0.648714880157,0.9582375295914045,0.8700000000000001,1.19709182396,0.9303258892559183,0.972499999999999,0.809581608505,0.9701561006864412,0.9772839506172831,1.70903597888,0.9463314938884855
10,138039,0.655,2.91894581299,0.19040809953889426,0.63,1.0824193772,0.03360425735116837,0.6975,5.33979771376,0.36886055165567544,0.6375000000000001,1.23007535796,0.033894198144585344,0.7325,2.19280122815,0.14946094099919993,0.716049382716049,1.42897441178,0.16621935012453953
10,140859,0.4375,0.0490654495982,0.00247435003848725,0.65,1.83304591734,0.062362176260138125,0.5975,0.950128738192,0.026203050881287805,0.6000000000000001,0.324373636771,0.007905552656940377,0.59,0.169057900872,0.004701480509452003,0.6948148148148141,1.31737929842,0.1369894160058376
10,140984,0.645,2.60784371745,0.16277943585758045,0.7625000000000001,4.2812829332,0.4880125024775419,0.754999999999999,4.62373742275,0.6605051911239954,0.7425,6.19068126932,0.4808048561687131,0.8925000000000001,4.18002254465,0.7850303356591215,0.9160493827160491,4.59582259631,0.7493358760295586
10,141053,0.625,2.02065943707,0.11659751046857456,0.645,1.62353833576,0.05372618623192274,0.65,3.72495277752,0.14234400766234556,0.7025,5.37687882721,0.23804982542930225,0.7025,1.64919553988,0.09183762916472109,0.611358024691358,0.617980955375,0.05489950078917119
10,141356,0.7025,4.25872422893,0.3628180515219192,0.8250000000000001,4.44269182961,0.7652079429566003,0.794999999999999,3.31169293068,0.8228039388190213,0.8400000000000001,2.02077313217,0.8829462941445705,0.9475,1.55924125746,0.9413946277192435,0.8508641975308641,3.80425012836,0.44880232660057084
10,142811,0.635,2.30650443039,0.13821848597135117,0.595,0.343041999847,0.010624202799722659,0.58,0.48804149037,0.013981683432413971,0.675,3.40163456172,0.11656560525384671,0.7825000000000001,3.52448000616,0.2880093469264118,0.714567901234567,1.42245523744,0.1641071588221898
10,142951,0.6475000000000001,2.68496644109,0.16939533048739855,0.804999999999999,4.59248543493,0.6737119559666563,0.764999999999999,4.39556806332,0.7056462352372124,0.7375,6.2730893894,0.44962677633758086,0.784999999999999,3.61327195705,0.29693176338493155,0.929382716049382,4.09793468429,0.8075036000872069
10,143324,0.5750000000000001,0.917620804142,0.04554536944460366,0.5725,0.150124138166,0.00536107023883893,0.66,4.2851427921,0.18245584665693315,0.625,0.810903139531,0.02128536990699136,0.6775,1.20004095235,0.05625773298743972,0.6972839506172831,1.33245178845,0.1402609274033954
10,145305,0.605,1.51011311452,0.08143676897634027,0.7675000000000001,4.25797374725,0.5093526778240349,0.745,4.80992302418,0.6133113859910352,0.6875,4.3384226719,0.16492528461358452,0.725,2.05615009339,0.13352902673004408,0.7970370370370371,2.01250586092,0.29795382126147557
10,145335,0.5225000000000001,0.327470627112,0.015007725422680076,0.55,0.0674233337137,0.003051256641774686,0.5425,0.105202487381,0.004670805345434095,0.5,0.00376344742679,6.797805798753138e-05,0.8,4.08769205113,0.35485340908269,0.79753086419753,2.022137004,0.2989500237473418
10,145444,0.725,4.59066174898,0.46292732110744295,0.8525,3.1272451426,0.8715758506466462,0.754999999999999,4.62373742275,0.6605051911239954,0.6925,4.70601761892,0.18754188311595263,0.794999999999999,3.94491651968,0.33476441347795094,0.861728395061728,4.22824867323,0.4924756526306501
10,146557,-0.25,2.80631970865e-11,5.539042449011363e-13,0.73,4.55419815671,0.3439219971623536,0.72,5.19475301244,0.48805811855936787,0.6825,3.96238309089,0.1441716852806127,0.74,2.33425565556,0.16643283286576824,0.9002469135802461,4.89794249989,0.6738638140684562
10,146877,0.8075000000000001,3.17183460714,0.8078548731421918,0.865,2.37513085184,0.9059167429719618,0.715,5.25511262949,0.4619292323767984,0.5625,0.0712295148089,0.0015687798671040667,0.865,4.92330146953,0.6577906640658701,0.863209876543209,4.28185639377,0.49877959823705276
10,146928,0.7000000000000001,4.20486980902,0.35223794969374067,0.855,2.97421684906,0.8792027896604095,0.8600000000000001,0.861936846182,0.9470409779407984,0.8174999999999991,2.8755705268,0.8282419594234,0.885,4.46969676491,0.7525594467026985,0.803456790123456,2.14860947561,0.31129774693420226
10,146993,0.8125,3.00329060245,0.823293309271961,1.0,0.069053481392,0.9979107893349375,1.0,0.0918741456082,0.9965777858161504,1.0,0.146943340468,0.9929785760100527,0.8,4.08769205113,0.35485340908269,0.8528395061728391,3.88425245531,0.4563960450256461
10,147026,0.5,0.200231342597,0.0091768164558305,0.655,2.05472850202,0.07207696847928133,0.615,1.68085193514,0.04881959186535031,0.625,0.810903139531,0.02128536990699136,0.645,0.684335631302,0.025963590078721,0.815802469135802,2.47900109923,0.33976949859716155
10,147101,0.625,2.02065943707,0.11659751046857456,0.865,2.37513085184,0.9059167429719618,0.7225,5.16124064466,0.5010034963190569,0.6825,3.96238309089,0.1441716852806127,0.8525,4.95237397648,0.5958778128608898,0.9007407407407401,4.89389288157,0.6762815659362474
10,147111,0.595,1.28920407052,0.06745986373303749,0.735,4.53847696518,0.366662821851181,0.774999999999999,4.10463372425,0.7482060752607047,0.6225,0.743277448903,0.01934368320780375,0.837499999999999,4.79496663473,0.5225826334505674,0.852345679012345,3.86433127157,0.45448281208994734
10,147193,0.75,4.57348451747,0.5783791029732241,0.7825000000000001,4.31584805446,0.5734127023745643,0.7825000000000001,3.83858107593,0.778018984472219,0.7975000000000001,3.79272286991,0.7617738151250132,0.75,2.5411142286,0.19078572131657542,0.6439506172839501,0.909145829118,0.0797269877618636
10,819,0.725,4.59066174898,0.46292732110744295,0.7025,4.15067891067,0.22220186062891967,0.7075,5.32131290948,0.42224572172722563,0.7225,6.21641354305,0.35534577777782145,0.8300000000000001,4.67697485285,0.4870550392482168,0.7214814814814811,1.45149121131,0.17404378132209877
10,1942,0.715,4.47983157058,0.41752221650065113,0.6725,2.88886561426,0.11525266073861709,0.5925,0.792250915088,0.021856281920291647,0.6075,0.431138037631,0.010721452342566983,0.784999999999999,3.61327195705,0.29693176338493155,0.755061728395061,1.57572096172,0.22482724688437766
10,1993,0.6625,3.15424334226,0.2131828571566734,0.7375,4.52303128464,0.3779906444940181,0.7525000000000001,4.67332280238,0.6488833580219904,0.835,2.19313596984,0.8724157568726205,0.905,3.59794292665,0.8337449566285174,0.905679012345679,4.83379670035,0.70031516473458
