left,boolean,ranking,id,score,chargeScore,distanceScore,roomScore,equipmentScore,serviceScore,kinnennScore,mealScore,bathScore,locationScore
left,0,0,145305,0.141000981772,0.909775302477,0.797037037037,0.7675,0.745,0.6875,1,0.605,0.6575,0.725
left,0,1,136820,0.107519815929,0.938544267332,0.852345679012,0.655,0.6275,0.6175,1,0.6025,0.565,0.655
left,0,2,101,0.103385730075,0.929710005761,0.97975308642,0.6,0.655,0.73,1,0.6975,0.625,0.94
left,0,3,1680,0.0702385192664,0.897484155944,0.875061728395,0.7275,0.695,0.7925,1,0.785,0.6975,0.87
left,0,4,40956,0.049517015372,0.98893796812,0.647407407407,0.72,0.625,0.7825,1,-0.25,0.6575,0.595
left,0,5,29338,0.0320843300214,0.951987708853,0.602962962963,0.69,0.6525,0.7,1,-0.25,0.62,0.615
left,0,6,130166,0.0251399308678,0.918225465719,0.868148148148,0.9325,0.7875,0.9325,0,0.875,0.875,0.86
left,0,7,17979,0.0136956042513,0.878663337814,0.752592592593,0.6825,0.6525,0.7325,1,0.7125,0.49,0.6775
left,3,8,9518,0.00582721875747,0.870674092568,0.919012345679,0.725,0.625,0.7,1,0.75,0.675,0.85
left,3,9,995,0.00377622288127,0.867486076436,0.766419753086,0.5325,0.51,0.5775,1,0.7875,0.52,0.65
left,0,10,41851,0.00341292038436,0.919339350874,0.88987654321,0.635,0.6,0.6425,1,-0.25,0.3275,0.65
left,3,11,630,0.00306499022958,0.940503168811,0.762962962963,0.74,0.6375,0.68,0,0.7725,0.5575,0.6875
left,3,12,1993,0.00102842745681,0.885730747071,0.905679012346,0.7375,0.7525,0.835,0,0.6625,0.63,0.905
left,3,13,134923,0.000962174524205,0.879969272134,0.77037037037,0.725,0.6825,0.7025,0,0.6725,0.68,0.735
left,3,14,54491,0.000946599349051,0.868945650086,0.952098765432,0.7975,0.77,0.7775,0,0.705,0.945,0.9025
left,3,15,18739,0.00017343978069,0.869829076244,0.730864197531,0.755,0.6925,0.745,0,0.6875,0.5875,0.8475
left,3,16,129987,3.12476770323e-05,0.930670251584,0.686913580247,0.6875,0.6575,0.6575,0,0.5,0.6575,0.5625
left,0,17,1997,9.70708037252e-06,0.890570386019,0.493827160494,0.685,0.6625,0.69,1,0.7775,0.59,0.67
left,3,18,39144,2.1731514326e-07,0.909775302477,0.666666666667,0.63,0.5575,0.6425,0,0.6675,0.5,0.655
left,3,19,70793,2.01558010957e-12,0.889302861533,0.808395061728,0.59,0.545,0.66,0,0.3925,0.5275,0.6125
left,3,20,7055,6.46239962388e-17,0.87136546956,0.741234567901,0.5675,0.4725,0.54,0,0.8075,0.465,0.6375
left,3,21,18763,2.30214675909e-28,0.928596120607,0.955555555556,0.2925,0.2925,0.5825,1,-0.25,0.5,0.9575
left,3,22,44059,2.67559825532e-36,0.902093335894,0.956543209877,0.605,0.5125,0.6575,0,-0.25,0.5325,0.8225
left,3,23,130586,8.02626806073e-113,0.892452467832,0.741728395062,0.285,0.2075,0.3575,0,-0.25,0.25,0.4275
left,1,24,147026,0.00199902114018,0.862684847321,0.815802469136,0.655,0.615,0.625,1,0.5,0.52,0.645
left,1,25,18476,0.00178719589959,0.859804109852,0.873086419753,0.73,0.7075,0.785,1,0.75,0.6875,0.8925
left,1,26,7588,0.000748838240474,0.85596312656,0.958024691358,0.6175,0.6725,0.695,1,0.6025,0.845,0.815
left,1,27,136122,0.000410788034883,0.852160553102,0.653827160494,0.745,0.78,0.745,1,0.5225,0.61,0.8325
left,1,28,29764,0.000239829612072,0.848281159977,0.82962962963,0.7225,0.68,0.7425,1,0.6,0.5875,0.775
left,1,29,107778,1.47318006291e-05,0.833877472633,0.589135802469,0.7175,0.68,0.7375,1,0.78,0.6,0.685
left,1,30,67160,1.09274121083e-05,0.830036489341,0.88,0.85,0.815,0.775,0,0.68,0.76,0.8625
left,1,31,20639,1.0469682146e-05,0.864298060303,0.972345679012,0.415,0.4425,0.5275,1,0.5825,0.3375,0.81
left,1,32,74604,4.07301527633e-06,0.822969080085,0.78962962963,0.8275,0.83,0.9125,0,0.795,0.9075,0.805
left,1,33,4801,1.10923518018e-06,0.821432686768,0.81037037037,0.64,0.625,0.735,1,0.7075,0.6725,0.765
left,1,34,141356,9.4739238802e-07,0.811791818706,0.850864197531,0.825,0.795,0.84,1,0.7025,0.8425,0.9475
left,1,35,142811,1.91767492526e-07,0.813750720184,0.714567901235,0.595,0.58,0.675,1,0.635,0.535,0.7825
left,1,36,134922,1.33194584611e-07,0.857922028039,0.679012345679,0.725,0.6925,0.6775,0,0.4375,0.635,0.79
left,1,37,4977,6.32159678225e-08,0.794507393893,0.797037037037,0.685,0.725,0.71,1,0.64,0.705,0.85
left,1,38,12534,2.26929556628e-08,0.802189360476,0.895308641975,0.6525,0.6475,0.665,0,0.69,0.5625,0.735
left,1,39,109067,2.12435350649e-08,0.787785673132,0.847901234568,0.795,0.7625,0.7525,1,0.75,0.71,0.8
left,1,40,41703,1.32323556746e-08,0.784943345496,0.792592592593,0.7875,0.735,0.6925,1,0.6975,0.685,0.77
left,1,41,8290,9.50336626029e-09,0.783022853851,0.88987654321,0.8325,0.7825,0.77,0,0.8925,0.75,0.83
left,1,42,11230,2.67030106277e-09,0.775686575763,0.83012345679,0.695,0.6725,0.74,1,0.6825,0.6125,0.8975
left,1,43,4771,2.94164068715e-10,0.763779527559,0.797530864198,0.705,0.635,0.705,1,0.6025,0.5175,0.8975
left,1,44,767,1.39069672849e-10,0.759938544267,0.900740740741,0.7,0.6625,0.695,0,0.7325,0.5975,0.8725
left,1,45,858,1.42439436979e-11,0.771461494143,0.631604938272,0.65,0.635,0.61,0,0.5675,0.5525,0.6475
left,1,46,2877,1.26990842564e-11,0.748454004225,0.845432098765,0.6725,0.75,0.635,1,0.6875,0.635,0.8075
left,1,47,129672,1.00525246991e-12,0.839408488573,0.901234567901,0.38,0.485,0.405,1,-0.25,0.435,0.725
left,1,48,50703,7.44603229648e-13,0.735394661033,0.856296296296,0.7,0.7125,0.7325,0,0.675,0.645,0.74
left,1,49,39247,1.01396510476e-13,0.850816208949,0.903703703704,0.5525,0.65,0.575,0,0.5175,0.595,0.8475
left,1,50,108336,1.70498893071e-16,0.826963702708,0.846913580247,0.56,0.535,0.595,0,0.4175,0.3875,0.5575
left,1,51,1386,2.24778026222e-17,0.694680238141,0.866666666667,0.7425,0.7025,0.6975,0,0.5825,0.6525,0.86
left,1,52,10630,3.15611405043e-19,0.680084501632,0.76987654321,0.7225,0.6675,0.7275,1,0.58,0.7075,0.8675
left,1,53,1996,4.32966164144e-20,0.856001536393,0.786666666667,0.495,0.525,0.67,0,0.62,0.6,0.7325
left,1,54,137085,6.4214410511e-22,0.660418667179,0.814814814815,0.875,0.84,0.8775,0,0.8475,0.85,0.94
left,1,55,19718,8.08579169674e-25,0.640868062224,0.844444444444,0.77,0.6925,0.9225,0,0.875,0.635,0.905
left,1,56,25302,1.844854291e-26,0.719108891876,0.925925925926,0.5625,0.4875,0.5125,0,0.5,0.39,0.725
left,1,57,4778,1.54239962926e-32,0.594814672556,0.941234567901,0.775,0.7125,0.6875,1,0.7875,0.6575,0.94
left,1,58,29229,8.03015630379e-62,0.846360668331,0.849382716049,0.3475,0.3475,0.3675,0,0.4375,0.3075,0.7725
left,1,59,11275,1.54093425962e-62,0.45938160169,0.874074074074,0.8775,0.7875,0.8225,1,0.825,0.82,0.8775
left,1,60,1799,2.88805484975e-69,0.434415210294,0.761481481481,0.885,0.84,0.81,0,0.825,0.85,0.8
left,1,61,5562,6.00962480914e-128,0.256769733052,0.911111111111,0.82,0.775,0.8025,0,0.6875,0.7575,0.9575
