left,boolean,ranking,id,score,distanceScore,locationScore,kinnennScore,serviceScore,equipmentScore,mealScore,bathScore,roomScore
left,0,0,570,0.0190081356412,0.946172839506,0.8775,1,0.7825,0.755,0.8575,0.735,0.8625
left,0,1,18246,0.0118610600944,0.962469135802,0.8725,1,0.7525,0.785,0.775,0.77,0.78
left,0,2,80619,0.00326762477464,0.977777777778,0.815,1,0.77,0.7775,0.7625,0.6975,0.825
left,0,3,135973,0.00316065103639,0.901728395062,0.8975,1,0.7825,0.8,0.6675,0.745,0.7925
left,0,4,4778,0.00175037572277,0.941234567901,0.94,1,0.6875,0.7125,0.7875,0.6575,0.775
left,0,5,146877,5.49517073337e-06,0.863209876543,0.865,1,0.5625,0.715,0.8075,0.84,0.865
left,3,6,70707,4.36768933466e-06,0.849382716049,0.8825,1,0.67,0.6675,0.7225,0.6425,0.7525
left,3,7,147111,8.81440623731e-07,0.852345679012,0.8375,1,0.6225,0.775,0.595,0.605,0.735
left,3,8,2877,3.57588543558e-07,0.845432098765,0.8075,1,0.635,0.75,0.6875,0.635,0.6725
left,3,9,108341,3.62897398481e-09,0.951604938272,0.8075,1,0.595,0.5825,0.595,0.52,0.52
left,3,10,107870,0.0,0.907160493827,0.91,0,0.815,0.8125,0.72,0.735,0.8225
left,3,11,4805,0.0,0.94024691358,0.9125,0,0.7725,0.74,0.7675,0.6975,0.84
left,3,12,2958,0.0,0.97975308642,0.8775,0,0.65,0.59,0.6825,0.7475,0.5325
left,3,13,147101,0.0,0.900740740741,0.8525,0,0.6825,0.7225,0.625,0.86,0.865
left,3,14,39247,0.0,0.903703703704,0.8475,0,0.575,0.65,0.5175,0.595,0.5525
left,3,15,14112,0.0,0.869135802469,0.8175,0,0.755,0.75,0.715,0.705,0.77
left,3,16,44059,0.0,0.956543209877,0.8225,0,0.6575,0.5125,-0.25,0.5325,0.605
left,3,17,864,0.0,0.89975308642,0.92,0,0.69,0.6375,0.75,0.5625,0.71
left,3,18,56634,0.0,0.864691358025,0.94,0,0.83,0.8525,0.765,0.7575,0.845
left,1,19,839,0.0307323812611,1.0,0.925,1,0.815,0.7875,0.735,0.7275,0.845
left,2,20,78211,0.00114209286478,0.874074074074,0.795,1,0.83,0.81,0.8025,0.8275,0.86
left,1,21,129459,4.23192798817e-09,0.838024691358,0.705,1,0.6875,0.6725,0.605,0.6375,0.6925
left,1,22,462,6.18056026533e-11,0.810864197531,0.79,1,0.83,0.7975,0.7075,0.64,0.68
left,1,23,67905,2.05136987135e-12,0.8,0.845,1,0.7975,0.765,0.6675,0.75,0.8
left,1,24,145305,4.25867795966e-15,0.797037037037,0.725,1,0.6875,0.745,0.605,0.6575,0.7675
left,1,25,41703,3.6351497171e-15,0.792592592593,0.77,1,0.6925,0.735,0.6975,0.685,0.7875
left,1,26,147026,2.55838462882e-15,0.815802469136,0.645,1,0.625,0.615,0.5,0.52,0.655
left,1,27,70358,2.53515984393e-15,0.829135802469,0.75,1,0.5425,0.475,0.5325,0.545,0.48
left,1,28,70659,6.86894833793e-25,0.783209876543,0.565,1,0.695,0.6025,0.5275,0.55,0.685
left,1,29,5303,4.82853637362e-26,0.787160493827,0.86,1,0.75,0.4725,0.25,0.695,0.5
left,1,30,107898,1.55843604948e-27,0.761481481481,0.6175,1,0.6975,0.7025,0.605,0.6075,0.795
left,1,31,192,1.59411943374e-28,0.755061728395,0.745,1,0.66,0.63,0.6675,0.5325,0.6775
left,1,32,5627,1.47601534527e-28,0.768888888889,0.59,1,0.59,0.5225,0.6675,0.5675,0.66
left,1,33,104688,5.04049096196e-31,0.743209876543,0.8125,1,0.6625,0.7275,0.75,0.7225,0.73
left,1,34,43759,5.32571575826e-49,0.705679012346,0.6975,1,0.8625,0.8175,0.75,0.7675,0.75
left,1,35,104599,1.21173896853e-52,0.88049382716,0.6875,1,0.61,0.5725,-0.25,0.47,0.595
left,1,36,41851,4.6271296629e-54,0.88987654321,0.65,1,0.6425,0.6,-0.25,0.3275,0.635
left,1,37,41042,6.18471567096e-62,0.820740740741,0.8325,1,0.5425,0.3475,-0.25,0.515,0.445
left,1,38,7903,1.42274555411e-72,0.671604938272,0.64,1,0.68,0.6425,0.75,0.5375,0.645
left,1,39,18392,1.66707291115e-84,0.655308641975,0.725,1,0.5975,0.5775,0.5775,0.52,0.595
left,1,40,2605,4.59140374333e-87,0.803456790123,0.59,1,0.34,0.3025,-0.25,0.355,0.34
left,1,41,40956,1.33118110146e-131,0.647407407407,0.595,1,0.7825,0.625,-0.25,0.6575,0.72
left,1,42,107778,6.22158373299e-137,0.589135802469,0.685,1,0.7375,0.68,0.78,0.6,0.7175
left,1,43,1997,4.23275130511e-244,0.493827160494,0.67,1,0.69,0.6625,0.7775,0.59,0.685
left,1,44,716,0.0,0.819259259259,0.735,0,0.7225,0.715,0.8025,0.645,0.8325
left,1,45,659,0.0,0.622222222222,0.65,0,0.6125,0.5925,0.62,0.4775,0.645
left,1,46,4819,0.0,0.884444444444,0.7225,0,0.6725,0.6725,0.6025,0.56,0.715
left,1,47,104824,0.0,0.822222222222,0.875,0,0.6175,0.6325,0.5,0.5675,0.6
left,1,48,108652,0.0,0.556049382716,0.525,0,0.565,0.5075,0.5625,0.44,0.6425
left,1,49,129987,0.0,0.686913580247,0.5625,0,0.6575,0.6575,0.5,0.6575,0.6875
left,1,50,1501,0.0,0.775308641975,0.945,0,0.6425,0.505,0.55,0.4,0.6025
left,1,51,1770,0.0,0.722962962963,0.835,0,0.6025,0.5775,0.635,0.5525,0.64
left,1,52,142951,0.0,0.929382716049,0.785,0,0.7375,0.765,0.6475,0.68,0.805
left,1,53,138039,0.0,0.716049382716,0.7325,0,0.6375,0.6975,0.655,0.6075,0.63
left,1,54,1357,0.0,0.608395061728,0.835,0,0.8025,0.78,0.76,0.72,0.8075
left,1,55,18739,0.0,0.730864197531,0.8475,0,0.745,0.6925,0.6875,0.5875,0.755
left,1,56,18319,0.0,0.853827160494,0.7525,0,0.4825,0.485,0.4775,0.615,0.53
left,1,57,1356,0.0,0.831604938272,0.925,0,0.7575,0.775,0.79,0.73,0.8125
left,1,58,70793,0.0,0.808395061728,0.6125,0,0.66,0.545,0.3925,0.5275,0.59
left,1,59,69217,0.0,0.912592592593,0.72,0,0.7675,0.7,0.7675,0.6425,0.74
left,1,60,7341,0.0,0.886419753086,0.7675,0,0.7,0.6125,0.5,0.6025,0.755
