user,id,chargeScore,chargeScore_pdf,chargeScore_cdf,mealScore,mealScore_pdf,mealScore_cdf,bathScore,bathScore_pdf,bathScore_cdf,locationScore,locationScore_pdf,locationScore_cdf,distanceScore,distanceScore_pdf,distanceScore_cdf,roomScore,roomScore_pdf,roomScore_cdf,equipmentScore,equipmentScore_pdf,equipmentScore_cdf,serviceScore,serviceScore_pdf,serviceScore_cdf
7,101,0.9297100057614741,11.6231988253,0.6956402982887322,0.6975,nan,0.6678873058171917,0.625,3.06797129418,0.675666893397735,0.9400000000000001,0.825796497237,0.9560709219409819,0.9797530864197531,0.977679853117,0.9523321879932165,0.6000000000000001,2.39321207002,0.23792299453351565,0.655,4.45229697008,0.5782725041305308,0.73,3.31852815525,0.7835457825115633
7,192,0.8213942769348951,0.0856506429975,0.0007701256965667228,0.6675,nan,0.6043044516286517,0.5325,3.36975525645,0.35634553709623756,0.745,3.38309620611,0.5195957407441036,0.755061728395061,3.14993892304,0.2921387021335805,0.6775,4.96721868672,0.5486300108535844,0.63,4.35087259973,0.46708076089776807,0.66,6.19238749208,0.39221392143804956
7,223,0.8713654695602071,4.45742633625,0.06673781075659951,0.5825,nan,0.4053143580617235,0.5575,3.57229230027,0.4435431698924718,0.605,1.6885667992,0.11612342401249798,0.8103703703703701,3.81406842699,0.4881122196947857,0.605,2.62208511668,0.25045778936082264,0.6375000000000001,4.43926500792,0.5000740058936107,0.6775,6.6529091911,0.5061947206440408
7,388,0.713885154599577,3.9327160498e-09,1.803847723203175e-11,0.7825000000000001,nan,0.8109801520368936,0.675,2.14016306803,0.8062369983469861,0.915,1.2037684106,0.9308315997613303,0.851358024691358,3.69121994837,0.6440421787202631,0.7675000000000001,1.91102674567,0.8768467566399154,0.7575000000000001,1.64815420279,0.9043489753145657,0.7675000000000001,1.5692914756,0.8691277581318249
7,398,0.8828884194353751,7.55979068407,0.1353125128983415,0.847499999999999,nan,0.8818641129996074,0.545,3.49636878234,0.39930828389476836,0.61,1.78318739536,0.12480173891473972,0.720493827160493,2.48635935979,0.1944830823566784,0.6325000000000001,3.91679751343,0.3405254528405423,0.635,4.41519248508,0.48900479445138884,0.66,6.19238749208,0.39221392143804956
7,462,0.965469560207413,3.08720203511,0.9475099430287479,0.7075,nan,0.6876769580471995,0.64,2.80309091912,0.7197350637079778,0.79,2.93332656769,0.6623040333877209,0.810864197530864,3.81620596875,0.48999624146013265,0.68,4.95464292726,0.5610340183897092,0.7975000000000001,0.876807059043,0.9534116918823544,0.8300000000000001,0.898511556076,0.9421440578040883
7,509,0.6792778951411561,1.27156992664e-12,5.0159567120265286e-15,0.8225,nan,0.8584332236988759,0.5125000000000001,3.08053385379,0.29168776552828507,0.919999999999999,1.12351551649,0.9366490710782043,0.9125925925925921,2.5054185852,0.8383462353526476,0.6950000000000001,4.71771161964,0.6339098356004116,0.6375000000000001,4.43926500792,0.5000740058936107,0.6950000000000001,6.04048347959,0.6186857196910032
7,568,0.786863837142308,0.00137306203892,9.565591470525897e-06,0.5675,nan,0.37100402755706946,0.865,0.240744462024,0.9882193370224193,0.9450000000000001,0.758753774862,0.9600309109661356,0.9432098765432091,1.74427273448,0.9033190543155063,0.6625,4.87183226345,0.47447184223442385,0.685,3.90222846621,0.7051552386626004,0.7975000000000001,1.15141376372,0.9088799582176574
7,570,0.765700019204916,6.04316393901e-05,3.6678809509414214e-07,0.857499999999999,nan,0.889951748910982,0.735,1.21128443307,0.9048056950488115,0.8775000000000001,1.82440217777,0.8740313915053824,0.946172839506172,1.67401787301,0.9083829225811044,0.8625,0.470004543658,0.969711246603329,0.754999999999999,1.71145460838,0.9001498552590033,0.7825000000000001,1.30774958876,0.890516396829972
7,610,0.880929517956596,6.98924940464,0.12106415545972271,0.8225,nan,0.8584332236988759,0.615,3.22482382964,0.6441866618896509,0.9175000000000001,1.16342039729,0.9337904988481871,0.899753086419753,2.81854036556,0.8041502055113541,0.7825000000000001,1.47415578249,0.9020947447862009,0.6875,3.83161846036,0.7148231248697021,0.725,3.69734038581,0.7660175183595019
7,630,0.9405031688112151,8.78178553573,0.8061909800740568,0.7725000000000001,nan,0.79714559902883,0.5575,3.57229230027,0.4435431698924718,0.6875,3.25658681138,0.32294857710428687,0.7629629629629631,3.2849993752,0.3175667074131132,0.74,2.97924449209,0.8102798036162697,0.6375000000000001,4.43926500792,0.5000740058936107,0.68,6.62797067,0.5228005617995997
7,658,0.656270405223737,2.98636918024e-15,1.0784547152828965e-17,0.63,nan,0.5179475262769705,0.47750000000000004,2.42392061147,0.19502697522082618,0.665,2.89526123351,0.2534917579880047,0.65679012345679,1.28288224143,0.07569964773434865,0.59,1.96602617548,0.21616544864493428,0.54,1.54234034672,0.19555852465712045,0.5775,0.721498957005,0.14520904339849164
7,659,0.531745726906087,9.20349923401e-34,2.2720287624681975e-36,0.62,nan,0.49417743665992137,0.47750000000000004,2.42392061147,0.19502697522082618,0.65,2.59909879347,0.2122500003197254,0.622222222222222,0.784997504844,0.04037264793376965,0.645,4.41556723442,0.39271789567294324,0.5925,3.3217314813,0.32072704040120936,0.6125,2.20022359587,0.19061536947901142
7,716,0.7945073938928361,0.00378997870711,2.7848579545949027e-05,0.8025,nan,0.8362694467637406,0.645,2.70969495062,0.7335177584961385,0.735,3.44308603067,0.4854430924860098,0.819259259259259,3.83964878363,0.5221491534455618,0.8325,0.684192864547,0.9526371377836996,0.715,2.94039979029,0.8082601559441389,0.7225,3.89602510693,0.7565269169433091
7,767,0.7599385442673321,2.3817109342e-05,1.395742435867347e-07,0.7325,nan,0.733776783678436,0.5975,3.44294781871,0.5857250581933351,0.8725,1.90376460023,0.8647102116425494,0.9007407407407401,2.79510427051,0.8069223867529551,0.7000000000000001,4.58337960785,0.6571728242142391,0.6625,4.37628851506,0.611408905933159,0.6950000000000001,6.04048347959,0.6186857196910032
7,839,0.782024198194737,0.000700180953159,4.720540742324707e-06,0.735,nan,0.7381144848093831,0.7275,1.30540833179,0.895371891465824,0.925,1.0452351857,0.9420700444399634,1.0,0.666636469044,0.9688327995737863,0.845,0.58307483259,0.9605351884441202,0.7875000000000001,1.03049184625,0.9438941851375955,0.8150000000000001,1.01358528106,0.9277973884973523
7,858,0.7714614941425001,0.000148087373384,9.318664042180663e-07,0.5675,nan,0.37100402755706946,0.5525,3.5483654761,0.425737869851902,0.6475000000000001,2.54761752539,0.20581652826159327,0.631604938271604,0.905769180612,0.04829602789582749,0.65,4.57935482105,0.4152151563173584,0.635,4.41519248508,0.48900479445138884,0.61,2.02634991396,0.1853343897674437
7,864,0.8713654695602071,4.45742633625,0.06673781075659951,0.75,nan,0.7630858304526047,0.5625,3.58734366102,0.4614459956670276,0.919999999999999,1.12351551649,0.9366490710782043,0.899753086419753,2.81854036556,0.8041502055113541,0.71,4.24899706679,0.7014001901439464,0.6375000000000001,4.43926500792,0.5000740058936107,0.6900000000000001,6.31211607548,0.5877766581323134
7,922,0.9174188592279621,13.5817080653,0.5386675801471825,0.4525,nan,0.17623698081133765,0.454999999999999,1.97990724057,0.14551051086334316,0.6825,3.18839357097,0.30683277870382986,0.5837037037037031,0.40303142907,0.01806727215606431,0.5750000000000001,1.42666980355,0.19088745176082106,0.595,3.41094980537,0.3291432089354425,0.605,1.71145345727,0.17600835013905133
7,930,0.56024582293067,6.89248616305e-29,1.8384204030702215e-31,0.7125,nan,0.6972877926838894,0.685,1.9590432939,0.8267262573435359,0.885,1.70233830453,0.887258648045471,0.750123456790123,3.06124275331,0.27680122868795676,0.7925000000000001,1.24365086604,0.9156453549233161,0.75,1.84365092817,0.8912651806125638,0.78,1.34163064078,0.8872053052139793
7,995,0.8674860764355671,3.60150952203,0.05114230283725245,0.7875000000000001,nan,0.8175988084589242,0.52,3.19969334931,0.3152456959305833,0.65,2.59909879347,0.2122500003197254,0.7664197530864191,3.34101863296,0.32901966635065233,0.5325,0.619541359167,0.15090351067795638,0.51,0.961784051056,0.15896466728773984,0.5775,0.721498957005,0.14520904339849164
7,996,0.8703668139043591,4.22639225137,0.06240234195856673,0.625,nan,0.506081725191681,0.5325,3.36975525645,0.35634553709623756,0.725,3.47359236322,0.4508324536528474,0.8390123456790121,3.7938239882,0.5977800479776245,0.6375000000000001,4.12933958134,0.3606469733604666,0.6000000000000001,3.58404767755,0.34663401291855456,0.65,5.49804046995,0.3335543509054333
7,1119,0.8574227002112541,1.91396335,0.02402833831542582,0.5,nan,0.2389983917823702,0.5075000000000001,2.99527201317,0.27649648993076414,0.7325,3.45373211778,0.47682167368223993,0.8874074074074071,3.0979455492,0.7676005528134254,0.58,1.59145358479,0.19842629168905365,0.545,1.67736233353,0.2036032854733142,0.6000000000000001,1.44103017636,0.16814562504088823
7,1128,0.858882273862108,2.11224836886,0.026964797130634894,0.8700000000000001,nan,0.8990708561431668,0.6025,3.38910945966,0.602808263067654,0.7725000000000001,3.12448624456,0.6092919473992469,0.7935802469135801,3.69474330273,0.42495214292476247,0.6775,4.96721868672,0.5486300108535844,0.6925,3.68276693164,0.7336130228281725,0.7425,2.51448483893,0.8197693921268715
7,1186,0.7987708853466481,0.00651001725273,4.931728863263557e-05,0.5750000000000001,nan,0.3880133747126737,0.65,2.61487483414,0.7468296413639448,0.67,2.98635427888,0.26819785038625193,0.712592592592592,2.32762738273,0.17546474388886626,0.6625,4.87183226345,0.47447184223442385,0.6175,4.10211515242,0.41412528650728264,0.7225,3.89602510693,0.7565269169433091
7,1356,0.704513155367774,5.06434779382e-10,2.2245221314744807e-12,0.79,nan,0.8208337963623209,0.73,1.27335709277,0.8985952052130572,0.925,1.0452351857,0.9420700444399634,0.8316049382716041,3.82803163873,0.5695382286028738,0.8125,0.905292156686,0.9368922823411368,0.774999999999999,1.25715947161,0.9296390015542899,0.7575000000000001,1.85152256747,0.8521140867107033
7,1357,0.283887075091223,4.07235579271e-92,5.5236210688349e-95,0.76,nan,0.7787263270160935,0.72,1.40575348989,0.885209009141831,0.835,2.42669430896,0.7830948296484801,0.6083950617283951,0.627122080586,0.03063738618299574,0.8075000000000001,0.976689946034,0.9321905513645031,0.78,1.16155788826,0.9356829574809511,0.8025,1.10985933312,0.91453189105969
7,1386,0.694680238140964,5.32880390164e-11,2.2413237938192e-13,0.5825,nan,0.4053143580617235,0.6525000000000001,2.56713061462,0.753307181139657,0.8600000000000001,2.09304442919,0.8397154861135259,0.866666666666666,3.48817549023,0.6990981656837232,0.7425,2.87147851336,0.8175929403859851,0.7025,3.36221203618,0.7688584729001362,0.6975,5.88158561237,0.63359120377586
7,1404,0.41317457269060803,4.17598444099e-58,7.670783930467184e-61,0.75,nan,0.7630858304526047,0.77,0.843551888308,0.9404500637071833,0.75,3.34424148082,0.5364162219283087,0.575802469135802,0.345947137375,0.015112738432150559,0.7875000000000001,1.35313860776,0.9091580448394678,0.6725,4.20638501924,0.6543836059667021,0.6725,6.63373178365,0.47293953130177246
7,1500,0.9097753024774341,13.6078134073,0.43410827535724184,0.6875,nan,0.6473663256819664,0.387499999999999,0.894867697868,0.05120700235130801,0.9375,0.86054018819,0.9539631661753687,0.8859259259259251,3.12947800048,0.7629875866361985,0.5825,1.67960813024,0.20251433043865255,0.5675,2.40316242388,0.24918535641289313,0.73,3.31852815525,0.7835457825115633
7,1501,0.8521605531015941,1.31660205226,0.015605935267517919,0.55,nan,0.33275449714768424,0.4,1.05795243658,0.06339342321922935,0.9450000000000001,0.758753774862,0.9600309109661356,0.775308641975308,3.47500737782,0.35932446872761925,0.6025,2.50661392471,0.2440473128254272,0.505,0.900674325758,0.15431226260800002,0.6425000000000001,4.84696251192,0.29471102742993005
7,1511,0.8636450931438441,2.86713128996,0.038755727461864294,0.6075,nan,0.46435224394986807,0.5925,3.48919022533,0.5683914485047008,0.8700000000000001,1.94272313041,0.8599019956208748,0.724444444444444,2.56548409237,0.20446213373686262,0.54,0.694311856361,0.15581588087550208,0.52,1.11263531792,0.16930352964044984,0.6125,2.20022359587,0.19061536947901142
7,1556,0.788745918955252,0.0017727088531,1.251077499631404e-05,0.705,nan,0.6827999141312473,0.6525000000000001,2.56713061462,0.753307181139657,0.7825000000000001,3.01572435074,0.6399950160063377,0.675555555555555,1.60890703663,0.10277879037818699,0.705,4.42601271551,0.6797052203083618,0.6625,4.37628851506,0.611408905933159,0.675,6.65489886263,0.48955514742750283
7,1630,0.888611484540042,9.25224371784,0.18342102033186844,0.8525,nan,0.8859975182338493,0.6075,3.3281938025,0.619604354096118,0.64,2.39166278551,0.1872932647570812,0.6335802469135801,0.932593587607,0.050111615251051185,0.6825,4.93406138734,0.5733965527900012,0.6325000000000001,4.38569398968,0.47800256577882944,0.6525000000000001,5.69407871531,0.34754717054512174
7,1667,0.660072978682542,8.44697329486e-15,3.093540031196266e-17,0.75,nan,0.7630858304526047,0.49,2.67035764708,0.22687260710859278,0.8,2.82361266618,0.6910884527778456,0.902222222222222,2.75970609781,0.8110370962500009,0.6175,3.21788535176,0.28693742155842505,0.6625,4.37628851506,0.611408905933159,0.68,6.62797067,0.5228005617995997
7,1680,0.8974841559439211,11.6636301687,0.2765718429858224,0.784999999999999,nan,0.8143142921247478,0.6975,1.74575818396,0.849864510760947,0.8700000000000001,1.94272313041,0.8599019956208748,0.875061728395061,3.34447078046,0.7277932463278558,0.7275,3.52779847484,0.7696165813626926,0.6950000000000001,3.60507531545,0.7427232314988403,0.7925000000000001,1.19682525235,0.9030113501685877
7,1725,0.84251968503937,0.616511655577,0.006641733805974383,0.615,nan,0.4822503119423574,0.625,3.06797129418,0.675666893397735,0.7425,3.40048252103,0.5111159634540642,0.760987654320987,3.25210749921,0.3111102038977809,0.6475000000000001,4.50044790269,0.40386411690980883,0.6000000000000001,3.58404767755,0.34663401291855456,0.685,6.5114227898,0.5556852564366541
7,1764,0.7307470712502401,1.24008872719e-07,6.18075149922465e-10,0.7725000000000001,nan,0.79714559902883,0.645,2.70969495062,0.7335177584961385,0.857499999999999,2.12914181194,0.8344376252031129,0.880987654320987,3.23091587642,0.7472805129618336,0.7425,2.87147851336,0.8175929403859851,0.67,4.25566062989,0.6438051553715046,0.7075,5.13564880165,0.6887985358962374
7,1770,0.785327443825619,0.0011116380585,7.663536981947922e-06,0.635,nan,0.5297597566593526,0.5525,3.5483654761,0.425737869851902,0.835,2.42669430896,0.7830948296484801,0.722962962962963,2.53584927621,0.20068336194766007,0.64,4.22956565229,0.3710965279316717,0.5775,2.76832254991,0.2750308222183174,0.6025,1.57069572075,0.17190798482130487
7,1799,0.434415210293835,2.90619743678e-53,5.617779192844425e-56,0.8250000000000001,nan,0.8609874824910333,0.8500000000000001,0.305751728539,0.9841336951697205,0.8,2.82361266618,0.6910884527778456,0.7614814814814811,3.2603881301,0.3127182290689791,0.885,0.354154677611,0.9789347210657168,0.8400000000000001,0.426724132431,0.9801245496189125,0.81,1.05146132744,0.9226348963844241
7,1872,0.683272517764547,3.43319140436e-12,1.3764349093895087e-14,0.6075,nan,0.46435224394986807,0.52,3.19969334931,0.3152456959305833,0.9475,0.726503052984,0.9618873018140957,0.7866666666666661,3.62146604538,0.3996540950068086,0.6475000000000001,4.50044790269,0.40386411690980883,0.6075,3.82573494338,0.37443615939139374,0.66,6.19238749208,0.39221392143804956
7,1927,0.814518916842711,0.0411982072552,0.0003510135467845967,0.5,nan,0.2389983917823702,0.52,3.19969334931,0.3152456959305833,0.8400000000000001,2.36461086912,0.7950739594934904,0.8172839506172841,3.83635876806,0.5145676824587242,0.5775,1.50712093395,0.19455387690919249,0.5775,2.76832254991,0.2750308222183174,0.66,6.19238749208,0.39221392143804956
7,1996,0.8560015363933161,1.73499851496,0.021437068893688568,0.62,nan,0.49417743665992137,0.6000000000000001,3.41694717514,0.5943003163710802,0.7325,3.45373211778,0.47682167368223993,0.7866666666666661,3.62146604538,0.3996540950068086,0.495,0.501000935175,0.1309294044752648,0.525,1.20354915183,0.17508952197494076,0.67,6.589475832,0.4564057368986214
7,1997,0.8905703860188201,9.82168255949,0.2021049705237068,0.7775000000000001,nan,0.8041626407086269,0.59,3.5093188313,0.5596428874101927,0.67,2.98635427888,0.26819785038625193,0.493827160493827,0.0518822914398,0.0018338543815861266,0.685,4.90562294395,0.5856977767335027,0.6625,4.37628851506,0.611408905933159,0.6900000000000001,6.31211607548,0.5877766581323134
7,2335,0.9059343191857111,13.2415965706,0.382465756860283,0.75,nan,0.7630858304526047,0.485,2.57255334011,0.2137647453325495,0.6900000000000001,3.28758059039,0.33112923241652054,0.884444444444444,3.16051642937,0.7583282693720016,0.64,4.22956565229,0.3710965279316717,0.5825,2.95424774632,0.28933705268974247,0.675,6.65489886263,0.48955514742750283
7,2465,0.937007874015748,9.74792636498,0.7738034625366095,-0.25,nan,0.035332313717357205,0.555,3.56142561138,0.43462556254653095,0.7225,3.47589596227,0.4421451247085625,0.8153086419753081,3.83168588149,0.5069940787520033,0.6675,4.93603789925,0.4990047762411737,0.7775000000000001,1.20850741341,0.9327207262618544,0.7225,3.89602510693,0.7565269169433091
7,2605,0.8767428461686191,5.81806057753,0.09428165949572093,-0.25,nan,0.035332313717357205,0.355,0.552147888901,0.028001358264604398,0.59,1.42112735724,0.09283263835147623,0.803456790123456,3.77564979452,0.4618671277085774,0.339999999999999,0.536066826675,0.03850861645321472,0.3025,0.778462827852,0.02257665460888055,0.339999999999999,0.135866409068,0.007798034626473375
7,2876,0.602458229306702,2.30379779443e-22,6.950239705985211e-25,0.6075,nan,0.46435224394986807,0.889999999999999,0.154838892685,0.9931077609356243,0.9550000000000001,0.635056879402,0.9669881071452038,0.886913580246913,3.10851011067,0.7660680924379002,0.8174999999999991,0.841185756382,0.9412556234155367,0.794999999999999,0.913116699341,0.9511745685157909,0.8400000000000001,0.818521520037,0.9507315109284122
7,2877,0.748454004225081,3.3530417613e-06,1.8377429185901114e-08,0.6875,nan,0.6473663256819664,0.635,2.89439664387,0.7054903318009849,0.8075000000000001,2.7413561892,0.7119572404857626,0.845432098765432,3.74752437007,0.6219950887421619,0.6725,4.96797715848,0.5237784038416468,0.75,1.84365092817,0.8912651806125638,0.635,4.14400393948,0.26097943112194755
7,2958,0.8905703860188201,9.82168255949,0.2021049705237068,0.6825,nan,0.6368438131717298,0.7475,1.06731788873,0.9190308289389341,0.8775000000000001,1.82440217777,0.8740313915053824,0.9797530864197531,0.977679853117,0.9523321879932165,0.5325,0.619541359167,0.15090351067795638,0.59,3.23114654119,0.31253569031878814,0.65,5.49804046995,0.3335543509054333
7,4771,0.7637795275590551,4.44791899351e-05,2.667964435308092e-07,0.6025,nan,0.45243955659611207,0.5175000000000001,3.16124523429,0.30729424395018634,0.8975000000000001,1.49403100247,0.9072397911012617,0.79753086419753,3.73061456027,0.43962100933583353,0.705,4.42601271551,0.6797052203083618,0.635,4.41519248508,0.48900479445138884,0.705,5.33477881261,0.6757092238580417
7,4778,0.594814672556174,1.74856428408e-23,5.154016799725023e-26,0.7875000000000001,nan,0.8175988084589242,0.6575000000000001,2.47135326811,0.7659034699949909,0.9400000000000001,0.825796497237,0.9560709219409819,0.941234567901234,1.79168276378,0.8998268242920688,0.774999999999999,1.67849153633,0.8902897602180189,0.7125,3.02532312631,0.8008030149314347,0.6875,6.42153747268,0.5718556609933498
7,4801,0.8214326867678121,0.0859909439851,0.0007734220549619731,0.7075,nan,0.6876769580471995,0.6725,2.18661139746,0.8008286141618577,0.764999999999999,3.20335312628,0.5855603643654632,0.8103703703703701,3.81406842699,0.4881122196947857,0.64,4.22956565229,0.3710965279316717,0.625,4.26578941865,0.44553069398842227,0.735,2.97023642255,0.7992538148999888
7,4805,0.7753024774342231,0.000264037593802,1.7029800122345804e-06,0.7675000000000001,nan,0.7899284271487793,0.6975,1.74575818396,0.849864510760947,0.9125000000000001,1.24450709335,0.9277713311909468,0.940246913580246,1.81554664837,0.8980454848416362,0.8400000000000001,0.620979936258,0.9575263183029527,0.74,2.12958878936,0.871422146224466,0.7725000000000001,1.46465260501,0.8767039501123827
7,4819,0.8751680430190121,5.40058437626,0.08544997569465958,0.6025,nan,0.45243955659611207,0.56,3.58093878764,0.452485173731441,0.7225,3.47589596227,0.4421451247085625,0.884444444444444,3.16051642937,0.7583282693720016,0.715,4.05595785846,0.722168478487425,0.6725,4.20638501924,0.6543836059667021,0.6725,6.63373178365,0.47293953130177246
7,4977,0.7945073938928361,0.00378997870711,2.7848579545949027e-05,0.64,nan,0.5415039657132521,0.705,1.62591287835,0.862504284608729,0.8500000000000001,2.23371081065,0.8180734275664745,0.7970370370370371,3.72638014321,0.43777977309827365,0.685,4.90562294395,0.5856977767335027,0.725,2.60433827513,0.8359764295768107,0.71,4.93135776602,0.7013831683931848
7,5024,0.9289802189360471,11.7906381772,0.6870964499580219,0.67,nan,0.6098234929201374,0.495,2.76646467565,0.2404654945925242,0.7425,3.40048252103,0.5111159634540642,0.9032098765432091,2.73595366356,0.8137510120813334,0.7625000000000001,2.08160211968,0.8668702711838586,0.6525000000000001,4.46704498166,0.5671221969505711,0.7000000000000001,5.70971602514,0.6480828358121742
7,5041,0.7061647781832141,7.31752298047e-10,3.2383822208998045e-12,0.75,nan,0.7630858304526047,0.36250000000000004,0.62124581083,0.0323979887964109,0.6375000000000001,2.33948735575,0.18137932864663545,0.8246913580246911,3.84144373388,0.5430162322265388,0.47750000000000004,0.523780878564,0.12199898945211818,0.454999999999999,0.629149997088,0.11797054139359361,0.41000000000000003,0.504094710194,0.028121679926925332
7,5303,0.865603994622623,3.22745317227,0.044720249849312756,0.25,nan,0.10484364356218479,0.6950000000000001,1.78710631941,0.8454485726393206,0.8600000000000001,2.09304442919,0.8397154861135259,0.78716049382716,3.62712288353,0.4014438726419508,0.5,0.500190513311,0.13343100632515448,0.47250000000000003,0.676760904632,0.12935912457198426,0.75,2.1429146696,0.8371823531071095
7,5309,0.8444785865181481,0.724661698753,0.007952903272263268,0.6950000000000001,nan,0.6628242297715516,0.585,3.54334255205,0.5420077212392731,0.7675000000000001,3.17746623605,0.5935364870654705,0.9041975308641971,2.71208555815,0.8164414110844735,0.6950000000000001,4.71771161964,0.6339098356004116,0.6900000000000001,3.75837304344,0.7243111347277037,0.6975,5.88158561237,0.63359120377586
7,5385,0.9020933358939881,12.6427086062,0.3326852328558383,0.7625000000000001,nan,0.7825106107610337,0.5075000000000001,2.99527201317,0.27649648993076414,0.8425,2.33276132188,0.8009457914613297,0.9446913580246911,1.70901065356,0.9058770096426605,0.6000000000000001,2.39321207002,0.23792299453351565,0.5875,3.13950262093,0.30457219007318403,0.6075,1.86335992248,0.18047454609936994
7,5562,0.256769733051661,3.07522596089e-100,3.9173046472677573e-103,0.6875,nan,0.6473663256819664,0.7575000000000001,0.962703793702,0.9291735909273435,0.9575,0.606387333424,0.9685397212501079,0.9111111111111111,2.54229432915,0.8346071717920414,0.8200000000000001,0.811593376527,0.9433212740004321,0.774999999999999,1.25715947161,0.9296390015542899,0.8025,1.10985933312,0.91453189105969
7,5627,0.8681774534280771,3.7457530307,0.05368195641820814,0.6675,nan,0.6043044516286517,0.5675,3.59337035409,0.47940156044166665,0.59,1.42112735724,0.09283263835147623,0.7688888888888881,3.37975407047,0.33731714367753013,0.66,4.82796167369,0.4623454970786228,0.5225000000000001,1.15675150283,0.17213970977677334,0.59,1.02867850137,0.15593456026853109
7,5729,0.696216631457653,7.62769244937e-11,3.229646066379632e-13,0.5,nan,0.2389983917823702,0.41000000000000003,1.2014064019,0.074680582096483,0.6375000000000001,2.33948735575,0.18137932864663545,0.826172839506172,3.84006173959,0.5487063361209279,0.545,0.757908454625,0.15944154926447324,0.5225000000000001,1.15675150283,0.17213970977677334,0.5,0.797162580036,0.09507897596693304
7,7055,0.8713654695602071,4.45742633625,0.06673781075659951,0.8075000000000001,nan,0.8421008357824429,0.464999999999999,2.17540074148,0.16628305599189686,0.6375000000000001,2.33948735575,0.18137932864663545,0.7412345679012341,2.89497198813,0.25032353497584975,0.5675,1.20885506736,0.18102632412879358,0.47250000000000003,0.676760904632,0.12935912457198426,0.54,0.593055470599,0.12297026721821679
7,7341,0.8636835029767621,2.87391286637,0.03886598369910221,0.5,nan,0.2389983917823702,0.6025,3.38910945966,0.602808263067654,0.7675000000000001,3.17746623605,0.5935364870654705,0.8864197530864191,3.11902115858,0.7645304281796268,0.754999999999999,2.35946574624,0.8502320760152426,0.6125,3.97140825972,0.3939348057182272,0.7000000000000001,5.70971602514,0.6480828358121742
7,7342,0.8137507201843671,0.0378593117703,0.00032066434698666826,0.59,nan,0.4228499833166409,0.52,3.19969334931,0.3152456959305833,0.847499999999999,2.2673285626,0.8124470008486121,0.9061728395061721,2.66402726794,0.8217512200970625,0.56,1.02601288185,0.1726670753735341,0.545,1.67736233353,0.2036032854733142,0.5875,0.950343323356,0.15346270635565157
7,7343,0.8559631265603991,1.73034979489,0.02137051720016716,0.6325000000000001,nan,0.5238612564979264,0.665,2.328020975,0.7839004337420791,0.9125000000000001,1.24450709335,0.9277713311909468,0.9619753086419751,1.32085934155,0.9319940645117523,0.715,4.05595785846,0.722168478487425,0.6875,3.83161846036,0.7148231248697021,0.7075,5.13564880165,0.6887985358962374
7,7588,0.8559631265603991,1.73034979489,0.02137051720016716,0.6025,nan,0.45243955659611207,0.845,0.329768581978,0.9825453895945448,0.8150000000000001,2.6584626056,0.7322072292433863,0.958024691358024,1.40533767333,0.9266098938890088,0.6175,3.21788535176,0.28693742155842505,0.6725,4.20638501924,0.6543836059667021,0.6950000000000001,6.04048347959,0.6186857196910032
7,7599,0.8646437487996921,3.04713286943,0.041708246438036285,0.75,nan,0.7630858304526047,0.5325,3.36975525645,0.35634553709623756,0.9500000000000001,0.695126348332,0.9636641546663224,0.9456790123456791,1.68565134061,0.9075533759119343,0.5675,1.20885506736,0.18102632412879358,0.5625,2.22779872492,0.23761056268162126,0.6000000000000001,1.44103017636,0.16814562504088823
7,7903,0.8857307470712501,8.40038597206,0.15799247168759334,0.75,nan,0.7630858304526047,0.5375,3.42607136457,0.3733381194390225,0.64,2.39166278551,0.1872932647570812,0.6716049382716051,1.5374845081,0.09656414611941357,0.645,4.41556723442,0.39271789567294324,0.6425000000000001,4.47084018997,0.5223585344186639,0.68,6.62797067,0.5228005617995997
7,8207,0.8859612060687531,8.4687804999,0.15993629735709042,0.6625,nan,0.5931598378161063,0.54,3.45145278003,0.38193542085717685,0.7775000000000001,3.07040650927,0.6247795237505738,0.7046913580246911,2.16937117429,0.1576995588725133,0.6575000000000001,4.77650999568,0.45033835257511423,0.7375,2.20526087183,0.8660039110356612,0.6975,5.88158561237,0.63359120377586
7,8290,0.783022853850585,0.000806146852772,5.471513698140905e-06,0.8925000000000001,nan,0.9128576961110358,0.75,1.0403302416,0.9216652695188294,0.8300000000000001,2.48682415326,0.7708102751337591,0.8898765432098761,3.0443445582,0.7751838896538731,0.8325,0.684192864547,0.9526371377836996,0.7825000000000001,1.11626876951,0.9385298994413458,0.77,1.51437166736,0.872981198963531
7,8961,0.73309007105819,1.95553551726e-07,9.865420039216323e-10,0.535,nan,0.301952870361133,0.5325,3.36975525645,0.35634553709623756,0.9075000000000001,1.3269385506,0.9213431854058215,0.835555555555555,3.81235308868,0.5846322751465584,0.6025,2.50661392471,0.2440473128254272,0.6325000000000001,4.38569398968,0.47800256577882944,0.6625,6.32293941032,0.4078621478172277
7,9191,0.8905319761859031,9.81064362346,0.2017279333206229,0.5825,nan,0.4053143580617235,0.5925,3.48919022533,0.5683914485047008,0.6825,3.18839357097,0.30683277870382986,0.28098765432098705,8.17747380781e-05,2.5114124427789614e-06,0.63,3.80545902439,0.3308720142483934,0.605,3.74797124793,0.36496839207075304,0.685,6.5114227898,0.5556852564366541
7,9518,0.8706740925676971,4.29670608793,0.06371180736440997,0.75,nan,0.7630858304526047,0.675,2.14016306803,0.8062369983469861,0.8500000000000001,2.23371081065,0.8180734275664745,0.919012345679012,2.34442502512,0.8539144562527543,0.725,3.63678376305,0.7606606450988673,0.625,4.26578941865,0.44553069398842227,0.7000000000000001,5.70971602514,0.6480828358121742
7,10630,0.6800845016324181,1.55611029965e-12,6.1583795486963874e-15,0.58,nan,0.3995184480375287,0.7075,1.58739849893,0.8665207727021272,0.867499999999999,1.9811559011,0.8549970342408367,0.7698765432098761,3.39493414142,0.3406626838131282,0.7225,3.74454720719,0.7514336803883919,0.6675,4.30053876586,0.6331089677823007,0.7275,3.50451071059,0.7750185026941177
7,10672,0.8137507201843671,0.0378593117703,0.00032066434698666826,-0.25,nan,0.035332313717357205,0.5,2.86026760428,0.2545334149284269,0.9275,1.00695417732,0.9446351539868344,0.72395061728395,2.55561157792,0.20319766542087164,0.6425000000000001,4.32512726345,0.38179091413530325,0.535,1.41827549676,0.1881616069145094,0.6075,1.86335992248,0.18047454609936994
7,11039,0.7560975609756091,1.25564485205e-05,7.192430743674643e-08,0.715,nan,0.7020208697495203,0.72,1.40575348989,0.885209009141831,0.8125,2.6862185333,0.7255263454308565,0.0,2.21082097719e-09,4.845433125388669e-11,0.8425,0.601647389698,0.9590544377386603,0.7625000000000001,1.52719047976,0.9122842057236333,0.735,2.97023642255,0.7992538148999888
7,11140,0.865565584789706,3.22010377269,0.04459642509327069,0.5275000000000001,nan,0.287353410537208,0.55,3.53314384271,0.4168855365539967,0.7825000000000001,3.01572435074,0.6399950160063377,0.245432098765432,2.60897510108e-05,7.740082409782499e-07,0.6325000000000001,3.91679751343,0.3405254528405423,0.5775,2.76832254991,0.2750308222183174,0.6975,5.88158561237,0.63359120377586
7,11230,0.7756865757633951,0.000279521029003,1.8073430821006642e-06,0.6825,nan,0.6368438131717298,0.6125,3.26077693585,0.63607936310509,0.8975000000000001,1.49403100247,0.9072397911012617,0.8301234567901231,3.8324030097,0.5638637312491864,0.6950000000000001,4.71771161964,0.6339098356004116,0.6725,4.20638501924,0.6543836059667021,0.74,2.65709953646,0.8133068750957904
7,11275,0.45938160169003206,7.69974825094e-48,1.5816324309156813e-50,0.8250000000000001,nan,0.8609874824910333,0.8200000000000001,0.467975717302,0.9726371821972266,0.8775000000000001,1.82440217777,0.8740313915053824,0.8740740740740741,3.36246093877,0.7244811584446247,0.8775000000000001,0.389984994952,0.9761457407614221,0.7875000000000001,1.03049184625,0.9438941851375955,0.8225,0.956650038072,0.9351862428134571
7,12534,0.8021893604762821,0.00991627699328,7.701286533902956e-05,0.6900000000000001,nan,0.6525631081261625,0.5625,3.58734366102,0.4614459956670276,0.735,3.44308603067,0.4854430924860098,0.895308641975308,2.92221468578,0.7913918387003387,0.6525000000000001,4.65190030735,0.426755588984138,0.6475000000000001,4.48008133297,0.5447451623849975,0.665,6.43333864433,0.4238118184529521
7,14112,0.777222969080084,0.000350546506874,2.2893997657180145e-06,0.715,nan,0.7020208697495203,0.705,1.62591287835,0.862504284608729,0.8174999999999991,2.63053164748,0.7388185126494249,0.869135802469135,3.44812910346,0.7076618977740239,0.77,1.83037183877,0.8815228534788278,0.75,1.84365092817,0.8912651806125638,0.754999999999999,1.94029084849,0.8473759894868893
7,15812,0.7657384290378331,6.08008115422e-05,3.691163598827401e-07,0.5475,nan,0.32748238424663717,0.5,2.86026760428,0.2545334149284269,0.7125,3.46174369838,0.4074250889351181,0.8222222222222221,3.84195718488,0.53353009336236,0.5675,1.20885506736,0.18102632412879358,0.5750000000000001,2.67580878667,0.26822576703911805,0.62,2.78289789135,0.2092475142992822
7,15877,0.9789130017284421,1.49845406687,0.9772888458750542,0.375,nan,0.12381821049271789,0.4325,1.56555851449,0.10570429026459889,0.764999999999999,3.20335312628,0.5855603643654632,0.741728395061728,2.90439873777,0.25175547917906765,0.43999999999999906,0.607547169373,0.1007977737450333,0.47000000000000003,0.668154154207,0.12767814461321775,0.545,0.574199626207,0.12588618027315562
7,15878,0.769541002496639,0.00011026598775,6.854855623002732e-07,0.6925,nan,0.6577159606939874,0.65,2.61487483414,0.7468296413639448,0.8,2.82361266618,0.6910884527778456,0.8696296296296291,3.43989226907,0.7093626468765546,0.7025,4.50737090347,0.6685374208271019,0.6975,3.52557219663,0.7516368898974526,0.75,2.1429146696,0.8371823531071095
7,16373,0.880929517956596,6.98924940464,0.12106415545972271,0.6675,nan,0.6043044516286517,0.5975,3.44294781871,0.5857250581933351,0.7000000000000001,3.38906558849,0.3645433217688274,0.6641975308641971,1.40743804864,0.08566026006386993,0.65,4.57935482105,0.4152151563173584,0.6925,3.68276693164,0.7336130228281725,0.6925,6.18456977678,0.6034011324515476
7,17703,0.9251008258114071,12.5891993404,0.6397536256972073,0.0,nan,0.10131659527049382,0.42750000000000005,1.47986893526,0.09809180416520401,0.595,1.50741964147,0.1001527871932672,0.9827160493827161,0.926761563714,0.9551531264032321,0.76,2.17139131064,0.8615546396496302,0.635,4.41519248508,0.48900479445138884,0.605,1.71145345727,0.17600835013905133
7,17743,0.8367966199347031,0.376414064392,0.0038494627452054105,0.5,nan,0.2389983917823702,0.6625,2.37566502401,0.778020864985906,0.784999999999999,2.98827588174,0.6475000246606362,0.8755555555555551,3.33537221997,0.7294425930979986,0.6825,4.93406138734,0.5733965527900012,0.6725,4.20638501924,0.6543836059667021,0.665,6.43333864433,0.4238118184529521
7,17938,0.9558671019781061,4.86782451532,0.9097877521832117,0.5,nan,0.2389983917823702,0.4575,2.02830899418,0.15052070524520256,0.7125,3.46174369838,0.4074250889351181,0.908148148148148,2.6155811805,0.8269657079130106,0.262499999999999,0.213487064324,0.009494297897347915,0.3125,0.860873512091,0.030832721543697022,0.4375,0.700593119281,0.044749217299701265
7,17979,0.87866333781448,6.34544440109,0.10595862178591313,0.7125,nan,0.6972877926838894,0.49,2.67035764708,0.22687260710859278,0.6775,3.11256041445,0.2910773800918019,0.752592592592592,3.10596213313,0.28441520880912163,0.6825,4.93406138734,0.5733965527900012,0.6525000000000001,4.46704498166,0.5671221969505711,0.7325,3.1402172245,0.7916175411120783
7,18166,0.8275398502016511,0.158753271232,0.0015002798604835121,0.6125,nan,0.47628321464506695,0.5625,3.58734366102,0.4614459956670276,0.8825000000000001,1.7433705709,0.8829514484208878,0.997037037037037,0.706788469209,0.9667985423851213,0.6625,4.87183226345,0.47447184223442385,0.5875,3.13950262093,0.30457219007318403,0.64,4.61571903338,0.2828816901024937
7,18246,0.9107355483003641,13.6603963751,0.44720164256271977,0.774999999999999,nan,0.8006791005197827,0.77,0.843551888308,0.9404500637071833,0.8725,1.90376460023,0.8647102116425494,0.9624691358024691,1.31049628443,0.9326437801147685,0.78,1.5391730811,0.8983287205993168,0.784999999999999,1.0725955437,0.9412656479572564,0.7525000000000001,2.03728899972,0.8424057728414884
7,18248,0.9520261186863831,5.74306556944,0.8894380016911365,0.9175000000000001,nan,0.9245759175976278,0.8174999999999991,0.483493110918,0.9714479117823099,0.9075000000000001,1.3269385506,0.9213431854058215,0.8562962962962961,3.63457614553,0.6621341471533834,0.7725000000000001,1.75285602127,0.8860012323049422,0.7475,1.91250263432,0.8865703657403694,0.8625,0.632774467014,0.9670630529061706
7,18270,0.779181870558863,0.000466209141052,3.084257267920667e-06,0.645,nan,0.5531663915807693,0.6275000000000001,3.02592649446,0.6832844743720539,0.7925000000000001,2.90586564254,0.6696030195139319,0.9501234567901231,1.58212479685,0.9148141046507399,0.764999999999999,1.99478822921,0.8719651303346562,0.6775,4.09554234851,0.6751449917037291,0.7425,2.51448483893,0.8197693921268715
7,18297,0.7647397733819851,5.1870550807e-05,3.129692289568156e-07,0.75,nan,0.7630858304526047,0.7275,1.30540833179,0.895371891465824,0.8525,2.19947670987,0.8236150411447527,0.853333333333333,3.66960833263,0.6513123639496458,0.7525000000000001,2.45747255078,0.8442114263175895,0.745,1.98314368576,0.8817011760140538,0.745,2.38130389799,0.8258871641061674
7,18311,0.814518916842711,0.0411982072552,0.0003510135467845967,0.75,nan,0.7630858304526047,0.41750000000000004,1.31654517458,0.08411889083702309,0.8300000000000001,2.48682415326,0.7708102751337591,0.838024691358024,3.79957634052,0.5940301904882057,0.42000000000000004,0.640812131473,0.08828548386909021,0.382499999999999,0.482918232174,0.07779740873839067,0.58,0.767107182259,0.1470683220975165
7,18312,0.9389667754945261,9.20812010069,0.7923710684673848,1.0,nan,0.9436142233424798,0.48250000000000004,2.52319671898,0.2073950068902358,0.9025000000000001,1.41026673938,0.9145004504241908,0.7891358024691351,3.64911364824,0.4086304479773405,0.5275000000000001,0.581862526782,0.14790375693883667,0.48250000000000004,0.720468204686,0.13633161298862012,0.6525000000000001,5.69407871531,0.34754717054512174
7,18319,0.9348185135394661,10.3394736669,0.751811191528247,0.47750000000000004,nan,0.20595581407314942,0.615,3.22482382964,0.6441866618896509,0.7525000000000001,3.32300852785,0.5447505148441634,0.8538271604938271,3.6639864284,0.6531231316774253,0.53,0.599575166249,0.1493800984671185,0.485,0.734204772011,0.1381496884804695,0.48250000000000004,0.840077046513,0.08067772756144692
7,18392,0.812944113693105,0.0346236185064,0.00029144968376779406,0.5775,nan,0.393750748893267,0.52,3.19969334931,0.3152456959305833,0.725,3.47359236322,0.4508324536528474,0.655308641975308,1.2586707649,0.0738170454281996,0.595,2.1738184974,0.2265098446759417,0.5775,2.76832254991,0.2750308222183174,0.5975,1.32229230553,0.16469372493991832
7,18476,0.8598041098521221,2.2452771347,0.028972788865849343,0.75,nan,0.7630858304526047,0.6875,1.91512256318,0.8315688410018219,0.8925000000000001,1.5777686059,0.8995601853406618,0.8730864197530861,3.38017138727,0.7211514402638126,0.73,3.41802846488,0.7782989839757231,0.7075,3.19479627091,0.7852522571641415,0.784999999999999,1.27670447691,0.8937464155911236
7,18739,0.869829076243518,4.10501721224,0.060162381511150165,0.6875,nan,0.6473663256819664,0.5875,3.52738454774,0.5508465735584411,0.847499999999999,2.2673285626,0.8124470008486121,0.7308641975308641,2.69312551875,0.22134240179548825,0.754999999999999,2.35946574624,0.8502320760152426,0.6925,3.68276693164,0.7336130228281725,0.745,2.38130389799,0.8258871641061674
7,18763,0.928596120606875,11.8767807801,0.6825510969096458,-0.25,nan,0.035332313717357205,0.5,2.86026760428,0.2545334149284269,0.9575,0.606387333424,0.9685397212501079,0.955555555555555,1.45950680745,0.9230732593592073,0.29250000000000004,0.335496289304,0.017675704766450154,0.29250000000000004,0.637741320489,0.015459802839050218,0.5825,0.820087889441,0.14905072301646
7,19718,0.640868062223929,3.77727626494e-17,1.291275529238008e-19,0.875,nan,0.9024196505585524,0.635,2.89439664387,0.7054903318009849,0.905,1.36851916804,0.9179739040460729,0.8444444444444441,3.75564886926,0.6182897881702103,0.77,1.83037183877,0.8815228534788278,0.6925,3.68276693164,0.7336130228281725,0.9225000000000001,0.222624811065,0.9916748667261864
7,19745,0.6714038793931241,1.70724512865e-13,6.527888063341882e-16,-0.25,nan,0.035332313717357205,0.625,3.06797129418,0.675666893397735,0.857499999999999,2.12914181194,0.8344376252031129,0.6167901234567901,0.720122559235,0.0362863441232387,0.857499999999999,0.499727336029,0.9672876541227022,0.857499999999999,0.308702734109,0.986515294807854,0.8925000000000001,0.40117893555,0.9824774751374628
7,20639,0.864298060303437,2.98395721533,0.04066583370317109,0.5825,nan,0.4053143580617235,0.3375,0.412500910119,0.01960347179911314,0.81,2.71383777617,0.7187762504117448,0.972345679012345,1.11298109604,0.9445959959302465,0.41500000000000004,0.646117831145,0.08506758388570985,0.4425,0.605042409935,0.11026005858041239,0.5275000000000001,0.656412961904,0.11517782414349698
7,25302,0.7191088918763201,1.18337423717e-08,5.5652395288703646e-11,0.5,nan,0.2389983917823702,0.39,0.92605083734,0.05348300215694313,0.725,3.47359236322,0.4508324536528474,0.925925925925925,2.17030588613,0.8695208139087268,0.5625,1.08314673012,0.17530274179908392,0.48750000000000004,0.749268664932,0.1400037429183605,0.5125000000000001,0.739554722024,0.10470145542074998
7,27972,0.850240061455732,1.14037271356,0.013249946482202287,0.6675,nan,0.6043044516286517,0.6675,2.28059280961,0.789661149857765,0.827499999999999,2.51624320764,0.764556357752451,0.779753086419753,3.5358990269,0.37490587708246675,0.7775000000000001,1.60727182926,0.8943963111145161,0.7025,3.36221203618,0.7688584729001362,0.7525000000000001,2.03728899972,0.8424057728414884
7,28024,0.658382946034184,5.33139396796e-15,1.940326599030419e-17,0.9175000000000001,nan,0.9245759175976278,1.0,0.0110817699966,0.9996548746334144,1.0,0.255835107914,0.9859784034558216,0.8562962962962961,3.63457614553,0.6621341471533834,0.8500000000000001,0.54798084583,0.9633617477196259,0.899999999999999,0.126185109783,0.9953086122684529,1.0,0.026101357676,0.9992974256853508
7,28466,0.7730362972921061,0.000188059190484,1.1953550414699854e-06,0.61,nan,0.47031649775867423,0.5875,3.52738454774,0.5508465735584411,0.9575,0.606387333424,0.9685397212501079,0.9456790123456791,1.68565134061,0.9075533759119343,0.68,4.95464292726,0.5610340183897092,0.68,4.034456108,0.6853082332160583,0.665,6.43333864433,0.4238118184529521
7,28484,0.8394468984059921,0.474880154236,0.004973121038779908,0.605,nan,0.45839255652395167,0.61,3.29526004009,0.6278840022758945,0.8600000000000001,2.09304442919,0.8397154861135259,0.9358024691358021,1.92410168035,0.889735824250353,0.5675,1.20885506736,0.18102632412879358,0.625,4.26578941865,0.44553069398842227,0.6375000000000001,4.38074624876,0.27163553842158306
7,28512,0.814518916842711,0.0411982072552,0.0003510135467845967,0.827499999999999,nan,0.8634942577273745,0.635,2.89439664387,0.7054903318009849,0.7525000000000001,3.32300852785,0.5447505148441634,0.9906172839506171,0.800049437905,0.9619663968247716,0.725,3.63678376305,0.7606606450988673,0.6775,4.09554234851,0.6751449917037291,0.764999999999999,1.6299390754,0.8651299685338704
7,28570,0.957787593623967,4.46442109146,0.918745245985362,0.7225,nan,0.7159271411666648,0.4325,1.56555851449,0.10570429026459889,0.6375000000000001,2.33948735575,0.18137932864663545,0.7214814814814811,2.50616798994,0.19694852919752825,0.47500000000000003,0.528721448504,0.12068342080092861,0.5,0.848166210679,0.14994358467643726,0.4625,0.820403226659,0.06394672130364151
7,28894,0.9097753024774341,13.6078134073,0.43410827535724184,0.5,nan,0.2389983917823702,0.459999999999999,2.07705440583,0.15565234229208325,0.705,3.42553240334,0.3815838930497404,0.7851851851851851,3.60412104787,0.39430173935689433,0.67,4.956084897,0.511371622370938,0.62,4.16121902353,0.424455363574915,0.6475000000000001,5.29016605064,0.32006683362577726
7,29183,0.8598041098521221,2.2452771347,0.028972788865849343,0.5825,nan,0.4053143580617235,0.5825,3.55715309535,0.5331316504947581,0.8225,2.57398309035,0.7518302267361958,0.84,3.78770524544,0.60152404317455,0.6475000000000001,4.50044790269,0.40386411690980883,0.635,4.41519248508,0.48900479445138884,0.6900000000000001,6.31211607548,0.5877766581323134
7,29184,0.8626848473209141,2.70125482002,0.036082780537230116,0.5375,nan,0.3069428224478798,0.449999999999999,1.88429374004,0.13585071137133245,0.774999999999999,3.09754964746,0.6170695418953254,0.8222222222222221,3.84195718488,0.53353009336236,0.5725,1.35013614299,0.18741726271379489,0.5700000000000001,2.49298606531,0.2553052814597907,0.62,2.78289789135,0.2092475142992822
7,29229,0.846360668331092,0.84340877496,0.00942612506084279,0.4375,nan,0.16176927575270267,0.3075,0.23607923977,0.010059095470147075,0.7725000000000001,3.12448624456,0.6092919473992469,0.8493827160493821,3.71141855517,0.6367306970427279,0.34750000000000003,0.562219523583,0.04262878865296906,0.34750000000000003,0.657908105744,0.05898280567470558,0.36750000000000005,0.236835013076,0.012794660851001937
7,29338,0.9519877088534661,5.75225675379,0.8892172350128233,-0.25,nan,0.035332313717357205,0.62,3.14883611169,0.660122986325487,0.615,1.88027485176,0.13395941262989464,0.602962962962962,0.571592252418,0.027383256401330595,0.6900000000000001,4.82597990536,0.6100391736146498,0.6525000000000001,4.46704498166,0.5671221969505711,0.7000000000000001,5.70971602514,0.6480828358121742
7,29381,0.7350105627040521,2.82819917567e-07,1.44118550145748e-09,0.5325,nan,0.29702377373857747,0.55,3.53314384271,0.4168855365539967,0.66,2.79972158103,0.2392526488005947,0.5051851851851851,0.0696961004229,0.0025198741065358588,0.67,4.956084897,0.511371622370938,0.595,3.41094980537,0.3291432089354425,0.625,3.21512847071,0.22423003691979318
7,29764,0.8482811599769541,0.981100981902,0.011175307674823368,0.6000000000000001,nan,0.44649538018460033,0.5875,3.52738454774,0.5508465735584411,0.774999999999999,3.09754964746,0.6170695418953254,0.829629629629629,3.83367790763,0.5619708680183204,0.7225,3.74454720719,0.7514336803883919,0.68,4.034456108,0.6853082332160583,0.7425,2.51448483893,0.8197693921268715
7,30094,0.91937776070674,13.4142692411,0.5651190729363036,0.625,nan,0.506081725191681,0.5825,3.55715309535,0.5331316504947581,0.63,2.18355643309,0.1644188268225908,0.8212345679012341,3.84154032333,0.5297357444685018,0.5625,1.08314673012,0.17530274179908392,0.62,4.16121902353,0.424455363574915,0.675,6.65489886263,0.48955514742750283
7,31557,0.7937776070674091,0.00344854223112,2.520913401547824e-05,1.0,nan,0.9436142233424798,0.5825,3.55715309535,0.5331316504947581,0.9275,1.00695417732,0.9446351539868344,0.8627160493827161,3.54819244762,0.6851974950483404,0.7925000000000001,1.24365086604,0.9156453549233161,0.5575,2.05944704275,0.22689566822640553,0.725,3.69734038581,0.7660175183595019
7,32060,0.8214326867678121,0.0859909439851,0.0007734220549619731,0.75,nan,0.7630858304526047,0.5625,3.58734366102,0.4614459956670276,1.0,0.255835107914,0.9859784034558216,0.9476543209876541,1.63930832949,0.9108372024779655,0.55,0.833744331948,0.16341536767074152,0.65,4.47632899008,0.555941833203395,0.65,5.49804046995,0.3335543509054333
7,38608,0.9289802189360471,11.7906381772,0.6870964499580219,0.75,nan,0.7630858304526047,0.764999999999999,0.889765303464,0.9361175443706545,0.7875000000000001,2.96080193752,0.654936374419457,0.802469135802469,3.7688995175,0.45814139899177997,0.67,4.956084897,0.511371622370938,0.74,2.12958878936,0.871422146224466,0.7275,3.50451071059,0.7750185026941177
7,38649,0.8565776838870751,1.80590835635,0.022457004731005367,0.8225,nan,0.8584332236988759,0.867499999999999,0.230918067157,0.9888088561280126,0.7575000000000001,3.27751276321,0.5612533745105885,0.811851851851851,3.82023268192,0.4937673496010848,0.78,1.5391730811,0.8983287205993168,0.7525000000000001,1.77662592862,0.8957901429254272,0.7925000000000001,1.19682525235,0.9030113501685877
7,39144,0.9097753024774341,13.6078134073,0.43410827535724184,0.6675,nan,0.6043044516286517,0.5,2.86026760428,0.2545334149284269,0.655,2.7006917534,0.22550035747704328,0.6666666666666661,1.45020134369,0.08918808613585155,0.63,3.80545902439,0.3308720142483934,0.5575,2.05944704275,0.22689566822640553,0.6425000000000001,4.84696251192,0.29471102742993005
7,39247,0.8508162089494911,1.19108032261,0.013921489896802135,0.5175000000000001,nan,0.26879717987640883,0.595,3.46704843247,0.5770871607514984,0.847499999999999,2.2673285626,0.8124470008486121,0.9037037037037031,2.7240336806,0.8150991582786107,0.5525,0.876566862639,0.1655525546501499,0.65,4.47632899008,0.555941833203395,0.5750000000000001,0.682718101141,0.14345513805986287
7,39495,0.8521605531015941,1.31660205226,0.015605935267517919,0.66,nan,0.5875366098413188,0.5525,3.5483654761,0.425737869851902,0.75,3.34424148082,0.5364162219283087,0.87358024691358,3.37135140565,0.7228184858407238,0.6900000000000001,4.82597990536,0.6100391736146498,0.7225,2.68742738143,0.8293618939939307,0.764999999999999,1.6299390754,0.8651299685338704
7,39581,0.8943729594776261,10.8771639174,0.24148548738262987,-0.25,nan,0.035332313717357205,0.47000000000000003,2.27456770005,0.1774077198638135,0.9575,0.606387333424,0.9685397212501079,0.8029629629629621,3.77231316066,0.46000342997470345,0.6675,4.93603789925,0.4990047762411737,0.6175,4.10211515242,0.41412528650728264,0.735,2.97023642255,0.7992538148999888
7,40799,0.8536969464182831,1.47297047585,0.01774706513659262,0.75,nan,0.7630858304526047,0.5725,3.59031204249,0.49736455247881534,0.9550000000000001,0.635056879402,0.9669881071452038,0.96395061728395,1.27967677399,0.934562376620265,0.6225,3.45712654298,0.3036262206269117,0.68,4.034456108,0.6853082332160583,0.735,2.97023642255,0.7992538148999888
7,40956,0.988937968119838,0.820482848223,0.988627321317771,-0.25,nan,0.035332313717357205,0.6575000000000001,2.47135326811,0.7659034699949909,0.595,1.50741964147,0.1001527871932672,0.6474074074074071,1.13368223866,0.06437042928836027,0.72,3.85063866602,0.7419393021034353,0.625,4.26578941865,0.44553069398842227,0.7825000000000001,1.30774958876,0.890516396829972
7,41042,0.9097753024774341,13.6078134073,0.43410827535724184,-0.25,nan,0.035332313717357205,0.515,3.12149876102,0.29944055175458173,0.8325,2.45698676067,0.7769901298452695,0.8207407407407401,3.84119934471,0.5278387680816887,0.444999999999999,0.596915792711,0.10380921583677064,0.34750000000000003,0.657908105744,0.05898280567470558,0.5425,0.582960296159,0.12444003247753195
7,41069,0.6005377376608411,1.21243436217e-22,3.63629297580679e-25,0.7725000000000001,nan,0.79714559902883,0.8025,0.583344003277,0.9634612852402247,0.81,2.71383777617,0.7187762504117448,0.810864197530864,3.81620596875,0.48999624146013265,0.845,0.58307483259,0.9605351884441202,0.8525,0.339377080603,0.9848960482125554,0.827499999999999,0.918063941072,0.9398733006302195
7,41615,0.820741309775302,0.080050536535,0.000716045804503494,0.9675,nan,0.9389063105411242,0.81,0.531953645216,0.9676417887211621,0.8775000000000001,1.82440217777,0.8740313915053824,0.544691358024691,0.179845879154,0.007158454778781088,0.847499999999999,0.565203900236,0.9619703964606033,0.7425,2.05552571728,0.8766531961731343,0.919999999999999,0.23502437945,0.9911029007774479
7,41703,0.7849433454964471,0.00105406812503,7.247707682359993e-06,0.6975,nan,0.6678873058171917,0.685,1.9590432939,0.8267262573435359,0.77,3.15114991611,0.601447337886752,0.7925925925925921,3.68507567136,0.42130776526984925,0.7875000000000001,1.35313860776,0.9091580448394678,0.735,2.28245739044,0.8603945711425772,0.6925,6.18456977678,0.6034011324515476
7,41708,0.784904935663529,0.0010484690524,7.207328720698607e-06,0.6775,nan,0.6261545775856776,0.51,3.03843121394,0.284038830609197,0.665,2.89526123351,0.2534917579880047,0.6498765432098761,1.17197892992,0.06721677974084177,0.735,3.19780175385,0.7948384935185759,0.645,4.47825821477,0.5335460734331066,0.6725,6.63373178365,0.47293953130177246
7,41851,0.9193393508738231,13.418151943,0.5646037584536123,-0.25,nan,0.035332313717357205,0.3275,0.345397424322,0.015821317113127203,0.65,2.59909879347,0.2122500003197254,0.8898765432098761,3.0443445582,0.7751838896538731,0.635,4.02492194884,0.3504533233224172,0.6000000000000001,3.58404767755,0.34663401291855456,0.6425000000000001,4.84696251192,0.29471102742993005
7,43759,0.934741693873631,10.3599036161,0.7510161317401983,0.75,nan,0.7630858304526047,0.7675000000000001,0.86642650735,0.9383126860463141,0.6975,3.3671950155,0.3560974971153388,0.7056790123456791,2.18908372452,0.1598518801578706,0.75,2.55789634214,0.8379426983573791,0.8174999999999991,0.630127610119,0.9683594193150263,0.8625,0.632774467014,0.9670630529061706
7,44059,0.9020933358939881,12.6427086062,0.3326852328558383,-0.25,nan,0.035332313717357205,0.5325,3.36975525645,0.35634553709623756,0.8225,2.57398309035,0.7518302267361958,0.9565432098765431,1.43771656895,0.9245039736641432,0.605,2.62208511668,0.25045778936082264,0.5125000000000001,0.99579511682,0.16141114611320706,0.6575000000000001,6.04301433486,0.37691590016074505
7,44938,0.7176877280583821,8.79462249503e-09,4.107694163230186e-11,0.8125,nan,0.8477378180389192,0.464999999999999,2.17540074148,0.16628305599189686,0.9275,1.00695417732,0.9446351539868344,0.834567901234567,3.81682209247,0.580864751058629,0.6425000000000001,4.32512726345,0.38179091413530325,0.6075,3.82573494338,0.37443615939139374,0.75,2.1429146696,0.8371823531071095
7,50703,0.735394661033224,3.04336328579e-07,1.5539637337686007e-09,0.675,nan,0.6207495728240482,0.645,2.70969495062,0.7335177584961385,0.74,3.41635211786,0.5025945921305867,0.8562962962962961,3.63457614553,0.6621341471533834,0.7000000000000001,4.58337960785,0.6571728242142391,0.7125,3.02532312631,0.8008030149314347,0.7325,3.1402172245,0.7916175411120783
7,50830,0.8275398502016511,0.158753271232,0.0015002798604835121,0.6375000000000001,nan,0.5356412407091908,0.5725,3.59031204249,0.49736455247881534,0.81,2.71383777617,0.7187762504117448,0.8967901234567901,2.88800001641,0.7956957459502222,0.66,4.82796167369,0.4623454970786228,0.5650000000000001,2.3146977024,0.24328833649127163,0.655,5.8763467599,0.36201326642942855
7,50921,0.8290762435183401,0.184225515006,0.0017633177747985343,0.8325,nan,0.8683661336818262,0.5975,3.44294781871,0.5857250581933351,0.7025,3.40852198228,0.3730408129316244,0.9397530864197531,1.82751632282,0.8971459641357662,0.68,4.95464292726,0.5610340183897092,0.5925,3.3217314813,0.32072704040120936,0.64,4.61571903338,0.2828816901024937
7,51734,0.9270213174572691,12.2145061039,0.6635782124202048,0.56,nan,0.35434145913350534,0.56,3.58093878764,0.452485173731441,0.7275,3.46907644534,0.45951124266939775,0.8503703703703701,3.70149677404,0.6403914252617287,0.7225,3.74454720719,0.7514336803883919,0.6000000000000001,3.58404767755,0.34663401291855456,0.6825,6.58056207473,0.5393158416762632
7,52992,0.748454004225081,3.3530417613e-06,1.8377429185901114e-08,0.6725,nan,0.6153055475031832,0.6725,2.18661139746,0.8008286141618577,0.8225,2.57398309035,0.7518302267361958,0.928395061728395,2.10830863302,0.8748030133965683,0.705,4.42601271551,0.6797052203083618,0.75,1.84365092817,0.8912651806125638,0.71,4.93135776602,0.7013831683931848
7,54491,0.8689456500864221,3.91029362544,0.0566223445605587,0.705,nan,0.6827999141312473,0.9450000000000001,0.0478919659486,0.9982384769944906,0.9025000000000001,1.41026673938,0.9145004504241908,0.952098765432098,1.53701106259,0.9178946372259886,0.7975000000000001,1.14497268298,0.9216125751574608,0.77,1.35972429874,0.9230997541913211,0.7775000000000001,1.37876990452,0.8838055292484255
7,54885,0.945265988092951,7.47278065159,0.8448845181890643,0.625,nan,0.506081725191681,0.5625,3.58734366102,0.4614459956670276,0.8500000000000001,2.23371081065,0.8180734275664745,0.9525925925925921,1.52582431799,0.9186508913393177,0.55,0.833744331948,0.16341536767074152,0.585,3.04710356431,0.2968388063422463,0.68,6.62797067,0.5228005617995997
7,56634,0.429652391012099,2.48747180031e-54,4.7534421259130225e-57,0.764999999999999,nan,0.7862446279566702,0.7575000000000001,0.962703793702,0.9291735909273435,0.9400000000000001,0.825796497237,0.9560709219409819,0.8646913580246911,3.5188189127,0.6921774706448984,0.845,0.58307483259,0.9605351884441202,0.8525,0.339377080603,0.9848960482125554,0.8300000000000001,0.898511556076,0.9421440578040883
7,56758,0.73808334933743,5.06229572271e-07,2.6219467801864574e-09,0.8125,nan,0.8477378180389192,0.745,1.09488722638,0.9163281953311322,0.68,3.1513811311,0.29890767262778256,0.7827160493827161,3.57399272557,0.3854395611823378,0.8225,0.783501529657,0.9453148406389222,0.7725000000000001,1.30755323136,0.9264334773869881,0.77,1.51437166736,0.872981198963531
7,56917,0.869444977914346,4.0196361842,0.05860208386179363,0.7325,nan,0.733776783678436,0.6575000000000001,2.47135326811,0.7659034699949909,0.8300000000000001,2.48682415326,0.7708102751337591,0.829629629629629,3.83367790763,0.5619708680183204,0.77,1.83037183877,0.8815228534788278,0.72,2.77125480811,0.8225386770343825,0.73,3.31852815525,0.7835457825115633
7,56975,0.9289802189360471,11.7906381772,0.6870964499580219,0.6000000000000001,nan,0.44649538018460033,0.7175,1.44062835316,0.8816511821679891,0.8,2.82361266618,0.6910884527778456,0.776296296296296,3.48891317076,0.3627634590158898,0.7325,3.30789513874,0.786706421428642,0.68,4.034456108,0.6853082332160583,0.6975,5.88158561237,0.63359120377586
7,67160,0.830036489341271,0.201957230162,0.0019486157862393218,0.68,nan,0.6315196212076551,0.76,0.937889789566,0.9315492259757414,0.8625,2.05633756197,0.8449023393102034,0.88,3.25048599876,0.7440798002130385,0.8500000000000001,0.54798084583,0.9633617477196259,0.8150000000000001,0.657125418641,0.9667505594639128,0.774999999999999,1.41961829837,0.880308365471457
7,67299,0.9328212022277701,10.8611989703,0.7306355719945286,0.5,nan,0.2389983917823702,0.6625,2.37566502401,0.778020864985906,0.545,0.779641734334,0.0442316593616638,0.7091358024691351,2.25825601411,0.16753856791759292,0.6825,4.93406138734,0.5733965527900012,0.6775,4.09554234851,0.6751449917037291,0.6775,6.6529091911,0.5061947206440408
7,67423,0.9385442673324371,9.32506771481,0.7884558496943308,0.59,nan,0.4228499833166409,0.6775,2.09414035024,0.8115297842781783,0.6825,3.18839357097,0.30683277870382986,0.652839506172839,1.21885515021,0.07075851059416707,0.6875,4.86951866892,0.5979182781968739,0.6375000000000001,4.43926500792,0.5000740058936107,0.705,5.33477881261,0.6757092238580417
7,67905,0.786863837142308,0.00137306203892,9.565591470525897e-06,0.6675,nan,0.6043044516286517,0.75,1.0403302416,0.9216652695188294,0.845,2.30034038207,0.8067372898261829,0.8,3.75068985501,0.4488575662522357,0.8,1.09943268964,0.9244175728622728,0.764999999999999,1.46951913843,0.9160297042287893,0.7975000000000001,1.15141376372,0.9088799582176574
7,68565,0.8021893604762821,0.00991627699328,7.701286533902956e-05,0.5775,nan,0.393750748893267,0.665,2.328020975,0.7839004337420791,0.857499999999999,2.12914181194,0.8344376252031129,0.8958024691358021,2.91084997858,0.7928321032598864,0.7575000000000001,2.26405461009,0.8560109188430058,0.6950000000000001,3.60507531545,0.7427232314988403,0.7175,4.30616794254,0.7360270617678608
7,68688,0.8899942385250621,9.65550516281,0.19649404418901983,0.79,nan,0.8208337963623209,0.62,3.14883611169,0.660122986325487,0.8075000000000001,2.7413561892,0.7119572404857626,0.883456790123456,3.18092518403,0.7551966743026008,0.8025,1.05628057961,0.9271117285795376,0.685,3.90222846621,0.7051552386626004,0.78,1.34163064078,0.8872053052139793
7,69217,0.777222969080084,0.000350546506874,2.2893997657180145e-06,0.7675000000000001,nan,0.7899284271487793,0.6425000000000001,2.756611955,0.726684792267859,0.72,3.475917439,0.43345487588639975,0.9125925925925921,2.5054185852,0.8383462353526476,0.74,2.97924449209,0.8102798036162697,0.7000000000000001,3.44452879489,0.7603498090324861,0.7675000000000001,1.5692914756,0.8691277581318249
7,69292,0.751603610524294,5.82079538569e-06,3.2481452652134686e-08,0.75,nan,0.7630858304526047,0.7875000000000001,0.695411761005,0.953886614322927,0.74,3.41635211786,0.5025945921305867,0.75358024691358,3.12364516493,0.2874915680209561,0.8150000000000001,0.872382866664,0.9391140080337751,0.74,2.12958878936,0.871422146224466,0.76,1.77053596382,0.8566400880965825
7,70225,0.9116573842903781,13.6958220497,0.4598117531196677,-0.25,nan,0.035332313717357205,0.5375,3.42607136457,0.3733381194390225,0.804999999999999,2.76880642052,0.7050695261750369,0.795555555555555,3.71324575519,0.43226885965414863,0.64,4.22956565229,0.3710965279316717,0.58,2.86122648453,0.2820677052427234,0.5925,1.11648695282,0.15861399434317086
7,70358,0.9552525446514301,5.00183580402,0.906755137004058,0.5325,nan,0.29702377373857747,0.545,3.49636878234,0.39930828389476836,0.75,3.34424148082,0.5364162219283087,0.8291358024691351,3.83486184957,0.5600773976706529,0.48,0.519149674154,0.1233025829132199,0.47500000000000003,0.686200276545,0.13106264290190076,0.5425,0.582960296159,0.12444003247753195
7,70659,0.90497407336278,13.1126140784,0.3698113447090166,0.5275000000000001,nan,0.287353410537208,0.55,3.53314384271,0.4168855365539967,0.5650000000000001,1.03456393056,0.06229381257477542,0.7832098765432091,3.58013817774,0.3872060156926044,0.685,4.90562294395,0.5856977767335027,0.6025,3.6673090596,0.3556987187665168,0.6950000000000001,6.04048347959,0.6186857196910032
7,70707,0.853082389091607,1.40872310963,0.01686169997850494,0.7225,nan,0.7159271411666648,0.6425000000000001,2.756611955,0.726684792267859,0.8825000000000001,1.7433705709,0.8829514484208878,0.8493827160493821,3.71141855517,0.6367306970427279,0.7525000000000001,2.45747255078,0.8442114263175895,0.6675,4.30053876586,0.6331089677823007,0.67,6.589475832,0.4564057368986214
7,70749,0.8905703860188201,9.82168255949,0.2021049705237068,0.65,nan,0.5647340083849793,0.365,0.645569507577,0.03398137165757138,0.6575000000000001,2.75058404203,0.23231459739583366,0.8661728395061721,3.49595386724,0.6973736860966172,0.39,0.649773482634,0.06878552665687934,0.36,0.549589104264,0.0664852964237367,0.39,0.363622894045,0.01947510588228981
7,70793,0.8893028615325521,9.4545700863,0.1898878226730019,0.392499999999999,nan,0.13136325394775814,0.5275000000000001,3.30646654799,0.33965219052914003,0.6125,1.83143652,0.12931989295290613,0.808395061728395,3.80469794352,0.48058729698974445,0.59,1.96602617548,0.21616544864493428,0.545,1.67736233353,0.2036032854733142,0.66,6.19238749208,0.39221392143804956
7,70852,0.90013443441521,12.2577731322,0.30828834260577376,0.5925,nan,0.42873731284081595,0.595,3.46704843247,0.5770871607514984,0.6975,3.3671950155,0.3560974971153388,0.799012345679012,3.74288075943,0.4451570131179166,0.705,4.42601271551,0.6797052203083618,0.6900000000000001,3.75837304344,0.7243111347277037,0.6975,5.88158561237,0.63359120377586
7,72086,0.8713654695602071,4.45742633625,0.06673781075659951,0.40750000000000003,nan,0.13956086550864777,0.41750000000000004,1.31654517458,0.08411889083702309,0.847499999999999,2.2673285626,0.8124470008486121,0.515061728395061,0.0893787711925,0.003301894706156107,0.545,0.757908454625,0.15944154926447324,0.5650000000000001,2.3146977024,0.24328833649127163,0.585,0.880987059669,0.15117536046399413
7,74604,0.8229690800845011,0.10065830984,0.0009165358156269699,0.794999999999999,nan,0.8271555894439364,0.9075000000000001,0.10993138135,0.9954075112971636,0.804999999999999,2.76880642052,0.7050695261750369,0.789629629629629,3.65444987575,0.41043379968190696,0.827499999999999,0.731421588229,0.949099975553146,0.8300000000000001,0.508987755537,0.9754559231443758,0.9125000000000001,0.274979548193,0.9891929703216178
7,74635,0.8252736700595351,0.126959827993,0.0011777543476056715,0.382499999999999,nan,0.12680829069937202,0.655,2.51926566236,0.759665193899671,0.605,1.6885667992,0.11612342401249798,0.769382716049382,3.38736702796,0.33898803965248525,0.675,4.97168352253,0.5362046853068485,0.5575,2.05944704275,0.22689566822640553,0.5375,0.60426532425,0.12147382669310135
7,74688,0.8560015363933161,1.73499851496,0.021437068893688568,0.75,nan,0.7630858304526047,0.625,3.06797129418,0.675666893397735,0.5,0.373617438466,0.01911217696347216,0.580246913580246,0.377234890806,0.016719037713939622,0.75,2.55789634214,0.8379426983573791,0.7000000000000001,3.44452879489,0.7603498090324861,0.774999999999999,1.41961829837,0.880308365471457
7,74696,0.8636450931438441,2.86713128996,0.038755727461864294,0.6675,nan,0.6043044516286517,0.6950000000000001,1.78710631941,0.8454485726393206,0.7825000000000001,3.01572435074,0.6399950160063377,0.892839506172839,2.97840546717,0.7841069009873913,0.7175,3.95459792398,0.732182263699833,0.7125,3.02532312631,0.8008030149314347,0.6975,5.88158561237,0.63359120377586
7,76409,0.9366621855194931,9.84235260538,0.7704173863378851,0.25,nan,0.10484364356218479,0.52,3.19969334931,0.3152456959305833,0.7175,3.47359692427,0.42476748946656073,0.885432098765432,3.13987994814,0.7614395947461291,0.5325,0.619541359167,0.15090351067795638,0.51,0.961784051056,0.15896466728773984,0.5775,0.721498957005,0.14520904339849164
7,76496,0.660072978682542,8.44697329486e-15,3.093540031196266e-17,0.889999999999999,nan,0.9114849906448156,0.804999999999999,0.565882044204,0.9648977479065145,0.9325000000000001,0.932327843982,0.9494822383971818,0.8044444444444441,3.78209050112,0.46559937074314167,0.8975000000000001,0.299563192485,0.9830141195330147,0.9175000000000001,0.0827646587791,0.9971153035658586,0.835,0.85886038036,0.9465377890995188
7,78211,0.525676973305166,7.53554669036e-35,1.8306948165918766e-37,0.8025,nan,0.8362694467637406,0.827499999999999,0.423298260477,0.975977711603013,0.794999999999999,2.87842716569,0.6768333805152045,0.8740740740740741,3.36246093877,0.7244811584446247,0.8600000000000001,0.484644802812,0.9685180238146527,0.81,0.714194330531,0.9633240129408963,0.8300000000000001,0.898511556076,0.9421440578040883
7,79262,0.786863837142308,0.00137306203892,9.565591470525897e-06,0.66,nan,0.5875366098413188,0.827499999999999,0.423298260477,0.975977711603013,0.8400000000000001,2.36461086912,0.7950739594934904,0.897283950617283,2.8765162732,0.7971190848918193,0.8150000000000001,0.872382866664,0.9391140080337751,0.7275,2.52215222656,0.842384338291997,0.7575000000000001,1.85152256747,0.8521140867107033
7,79313,0.9217591703476091,13.128622823,0.5967411318627147,0.7000000000000001,nan,0.6729046220816662,0.41250000000000003,1.23907232364,0.07773103105435658,0.764999999999999,3.20335312628,0.5855603643654632,0.7886419753086421,3.64371237357,0.40682974752681395,0.56,1.02601288185,0.1726670753735341,0.515,1.03222357331,0.16394565753577664,0.6175,2.57908165003,0.20254691140218656
7,79388,0.9097753024774341,13.6078134073,0.43410827535724184,0.7925000000000001,nan,0.8240193554048989,0.715,1.47622735301,0.8780052638787991,0.725,3.47359236322,0.4508324536528474,0.8069135802469131,3.79681816284,0.47495645486778726,0.75,2.55789634214,0.8379426983573791,0.7325,2.36108084562,0.8545904346019777,0.77,1.51437166736,0.872981198963531
7,80513,0.8483195698098711,0.984035789724,0.011213047938950121,0.76,nan,0.7787263270160935,0.5975,3.44294781871,0.5857250581933351,0.8250000000000001,2.54528273815,0.758229375408126,0.8207407407407401,3.84119934471,0.5278387680816887,0.76,2.17139131064,0.8615546396496302,0.7075,3.19479627091,0.7852522571641415,0.7825000000000001,1.30774958876,0.890516396829972
7,80619,0.869406568081428,4.01115873032,0.058447853151738574,0.7625000000000001,nan,0.7825106107610337,0.6975,1.74575818396,0.849864510760947,0.8150000000000001,2.6584626056,0.7322072292433863,0.9777777777777771,1.01264886158,0.9503665654891591,0.8250000000000001,0.756809731442,0.9472399482420554,0.7775000000000001,1.20850741341,0.9327207262618544,0.77,1.51437166736,0.872981198963531
7,80759,0.854042634914538,1.51012811483,0.018262655252496488,0.5575,nan,0.3488735023850701,0.845,0.329768581978,0.9825453895945448,0.605,1.6885667992,0.11612342401249798,0.6167901234567901,0.720122559235,0.0362863441232387,0.7825000000000001,1.47415578249,0.9020947447862009,0.6675,4.30053876586,0.6331089677823007,0.6675,6.52247406703,0.4400111144787572
7,80766,0.8905703860188201,9.82168255949,0.2021049705237068,0.6000000000000001,nan,0.44649538018460033,0.645,2.70969495062,0.7335177584961385,0.6375000000000001,2.33948735575,0.18137932864663545,0.8197530864197531,3.8402533537,0.5240454291802046,0.7225,3.74454720719,0.7514336803883919,0.645,4.47825821477,0.5335460734331066,0.6975,5.88158561237,0.63359120377586
7,80873,0.9597080852698291,4.08467402088,0.9269506711292401,0.5,nan,0.2389983917823702,0.705,1.62591287835,0.862504284608729,0.6325000000000001,2.23535905513,0.1699424226654344,0.8182716049382711,3.83817764345,0.5183576055223094,0.7075,4.33973859814,0.6906633873810841,0.735,2.28245739044,0.8603945711425772,0.7775000000000001,1.37876990452,0.8838055292484255
7,84558,0.8444785865181481,0.724661698753,0.007952903272263268,0.6275000000000001,nan,0.512020393478807,0.75,1.0403302416,0.9216652695188294,0.7775000000000001,3.07040650927,0.6247795237505738,0.8256790123456791,3.84061228661,0.5468098696942512,0.837499999999999,0.641135582194,0.9559488522757309,0.7925000000000001,0.950801272572,0.948844962615115,0.7775000000000001,1.37876990452,0.8838055292484255
7,104560,0.850240061455732,1.14037271356,0.013249946482202287,0.515,nan,0.26432768216172825,0.40750000000000003,1.16445945088,0.07172339987077031,0.8500000000000001,2.23371081065,0.8180734275664745,0.9170370370370371,2.3941135855,0.8492344032375416,0.48,0.519149674154,0.1233025829132199,0.4,0.510438489957,0.08643659969768594,0.485,0.837211070494,0.08277457935586975
7,104598,0.8269637027078931,0.150052382874,0.0014113423286676993,0.5,nan,0.2389983917823702,0.515,3.12149876102,0.29944055175458173,0.67,2.98635427888,0.26819785038625193,0.8543209876543211,3.65827743817,0.6549311016425079,0.645,4.41556723442,0.39271789567294324,0.5825,2.95424774632,0.28933705268974247,0.685,6.5114227898,0.5556852564366541
7,104599,0.8580756673708471,2.00082380362,0.025306290887862397,-0.25,nan,0.035332313717357205,0.47000000000000003,2.27456770005,0.1774077198638135,0.6875,3.25658681138,0.32294857710428687,0.8804938271604931,3.24073201848,0.7456825726649584,0.595,2.1738184974,0.2265098446759417,0.5725,2.58394684953,0.2616512347536883,0.61,2.02634991396,0.1853343897674437
7,104688,0.657384290378336,4.05616687299e-15,1.470790024678215e-17,0.75,nan,0.7630858304526047,0.7225,1.37159702695,0.8886805483298841,0.8125,2.6862185333,0.7255263454308565,0.743209876543209,2.93255731821,0.2560791732567511,0.73,3.41802846488,0.7782989839757231,0.7275,2.52215222656,0.842384338291997,0.6625,6.32293941032,0.4078621478172277
7,104824,0.882081812944113,7.32360975869,0.1293100923090802,0.5,nan,0.2389983917823702,0.5675,3.59337035409,0.47940156044166665,0.875,1.86431229523,0.8694204070324456,0.8222222222222221,3.84195718488,0.53353009336236,0.6000000000000001,2.39321207002,0.23792299453351565,0.6325000000000001,4.38569398968,0.47800256577882944,0.6175,2.57908165003,0.20254691140218656
7,107778,0.833877472632994,0.289185071495,0.0028829152065650834,0.78,nan,0.8075962971368783,0.6000000000000001,3.41694717514,0.5943003163710802,0.685,3.22349448371,0.3148480473712446,0.589135802469135,0.446235252362,0.020372426995647633,0.7175,3.95459792398,0.732182263699833,0.68,4.034456108,0.6853082332160583,0.7375,2.80908286219,0.8064760835480447
7,107870,0.765815248703668,6.15456496086e-05,3.7381563687320065e-07,0.72,nan,0.7113408055637264,0.735,1.21128443307,0.9048056950488115,0.909999999999999,1.28558231532,0.924608783806405,0.90716049382716,2.63984957313,0.8243704262592735,0.8225,0.783501529657,0.9453148406389222,0.8125,0.685134032897,0.965072949929849,0.8150000000000001,1.01358528106,0.9277973884973523
7,107898,0.9443057422700211,7.7330735574,0.8375840469942231,0.605,nan,0.45839255652395167,0.6075,3.3281938025,0.619604354096118,0.6175,1.92967004326,0.13872173137876567,0.7614814814814811,3.2603881301,0.3127182290689791,0.794999999999999,1.19301014081,0.9186906281222965,0.7025,3.36221203618,0.7688584729001362,0.6975,5.88158561237,0.63359120377586
7,108143,0.8767428461686191,5.81806057753,0.09428165949572093,0.5625,nan,0.35985381267087857,0.73,1.27335709277,0.8985952052130572,0.7225,3.47589596227,0.4421451247085625,0.8824691358024691,3.20110086695,0.7520450370987776,0.6950000000000001,4.71771161964,0.6339098356004116,0.485,0.734204772011,0.1381496884804695,0.625,3.21512847071,0.22423003691979318
7,108336,0.8269637027078931,0.150052382874,0.0014113423286676993,0.41750000000000004,nan,0.14604300870854986,0.387499999999999,0.894867697868,0.05120700235130801,0.5575,0.933343348067,0.05491840508799006,0.8469135802469131,3.73465925436,0.6275375473001581,0.56,1.02601288185,0.1726670753735341,0.535,1.41827549676,0.1881616069145094,0.595,1.21422381967,0.16152527015227053
7,108341,0.8097560975609751,0.0241772880115,0.0001986408778327342,0.595,nan,0.43464209857642094,0.52,3.19969334931,0.3152456959305833,0.8075000000000001,2.7413561892,0.7119572404857626,0.9516049382716051,1.54823492122,0.9171328496126029,0.52,0.54093275845,0.14370411598533,0.5825,2.95424774632,0.28933705268974247,0.595,1.21422381967,0.16152527015227053
7,108351,0.839408488573074,0.473306161152,0.0049549112143942725,0.665,nan,0.598749517859483,0.64,2.80309091912,0.7197350637079778,0.6825,3.18839357097,0.30683277870382986,0.598518518518518,0.528828223358,0.024938759321422345,0.685,4.90562294395,0.5856977767335027,0.65,4.47632899008,0.555941833203395,0.615,2.38463489797,0.19634429344027707
7,108388,0.8406376032264261,0.525990348619,0.005568540733420417,0.58,nan,0.3995184480375287,0.6000000000000001,3.41694717514,0.5943003163710802,0.6900000000000001,3.28758059039,0.33112923241652054,0.819259259259259,3.83964878363,0.5221491534455618,0.64,4.22956565229,0.3710965279316717,0.5475,1.74885941858,0.20788552059528814,0.5875,0.950343323356,0.15346270635565157
7,108411,0.8743230266948331,5.1827341395,0.08097875235487775,0.515,nan,0.26432768216172825,0.7075,1.58739849893,0.8665207727021272,0.875,1.86431229523,0.8694204070324456,0.9303703703703701,2.05888026248,0.8789187264744266,0.6575000000000001,4.77650999568,0.45033835257511423,0.6175,4.10211515242,0.41412528650728264,0.67,6.589475832,0.4564057368986214
7,108416,0.8364893412713651,0.366250508853,0.003735366532804635,0.7125,nan,0.6972877926838894,0.74,1.1518320706,0.9107124173276737,0.804999999999999,2.76880642052,0.7050695261750369,0.807407407407407,3.7995252038,0.4768320985037919,0.8174999999999991,0.841185756382,0.9412556234155367,0.71,3.11019739497,0.7931335808922401,0.804999999999999,1.09002535051,0.9172816456581218
7,108417,0.860149798348377,2.29674944678,0.029757826927374352,0.52,nan,0.27333546540237885,0.605,3.35950152042,0.6112443883829604,0.8,2.82361266618,0.6910884527778456,0.973333333333333,1.09428901767,0.9456859895652746,0.6325000000000001,3.91679751343,0.3405254528405423,0.5825,2.95424774632,0.28933705268974247,0.5325,0.629232478641,0.11839128929377696
7,108652,0.945265988092951,7.47278065159,0.8448845181890643,0.5625,nan,0.35985381267087857,0.43999999999999906,1.69879102606,0.11794220018934745,0.525,0.571772691739,0.030794114220302392,0.5560493827160491,0.230586943065,0.009479518358349282,0.6425000000000001,4.32512726345,0.38179091413530325,0.5075000000000001,0.930106771923,0.1566002808872064,0.5650000000000001,0.585353317339,0.13718501823478843
7,109008,0.8137507201843671,0.0378593117703,0.00032066434698666826,0.595,nan,0.43464209857642094,0.5,2.86026760428,0.2545334149284269,0.6950000000000001,3.34295320914,0.347709323016539,0.6819753086419751,1.72774181211,0.1134872673865387,0.5325,0.619541359167,0.15090351067795638,0.5275000000000001,1.25307241038,0.17815972716774367,0.63,3.67260685316,0.24144102523660663
7,109067,0.7877856731323211,0.00155677699089,1.0914332140254317e-05,0.75,nan,0.7630858304526047,0.71,1.54961152691,0.870441883344294,0.8,2.82361266618,0.6910884527778456,0.8479012345679011,3.7256319723,0.6312216713287992,0.794999999999999,1.19301014081,0.9186906281222965,0.7625000000000001,1.52719047976,0.9122842057236333,0.7525000000000001,2.03728899972,0.8424057728414884
7,129429,0.7937776070674091,0.00344854223112,2.520913401547824e-05,0.76,nan,0.7787263270160935,0.54,3.45145278003,0.38193542085717685,0.7925000000000001,2.90586564254,0.6696030195139319,0.8172839506172841,3.83635876806,0.5145676824587242,0.5875,1.86701856655,0.21137485344280146,0.5775,2.76832254991,0.2750308222183174,0.68,6.62797067,0.5228005617995997
7,129459,0.896331860956404,11.382343641,0.26329274067844005,0.605,nan,0.45839255652395167,0.6375000000000001,2.84904767215,0.7126697728092549,0.705,3.42553240334,0.3815838930497404,0.838024691358024,3.79957634052,0.5940301904882057,0.6925,4.77527598536,0.6220422057762516,0.6725,4.20638501924,0.6543836059667021,0.6875,6.42153747268,0.5718556609933498
7,129490,0.8252736700595351,0.126959827993,0.0011777543476056715,0.7000000000000001,nan,0.6729046220816662,0.625,3.06797129418,0.675666893397735,0.889999999999999,1.61948500337,0.8955635874638882,0.9654320987654321,1.2492676669,0.9364356176777284,0.754999999999999,2.35946574624,0.8502320760152426,0.6575000000000001,4.43217582479,0.5893792035674119,0.6975,5.88158561237,0.63359120377586
7,129672,0.839408488573074,0.473306161152,0.0049549112143942725,-0.25,nan,0.035332313717357205,0.43500000000000005,1.60936130536,0.10967280994922962,0.725,3.47359236322,0.4508324536528474,0.901234567901234,2.78333664383,0.808299780905023,0.38,0.639643974674,0.06233278181199857,0.485,0.734204772011,0.1381496884804695,0.405,0.46741491039,0.025693168787768107
7,129907,0.9058959093527941,13.2367149283,0.38195724302520057,0.6075,nan,0.46435224394986807,0.54,3.45145278003,0.38193542085717685,0.65,2.59909879347,0.2122500003197254,0.725432098765432,2.58521004712,0.20700568857101204,0.63,3.80545902439,0.3308720142483934,0.65,4.47632899008,0.555941833203395,0.65,5.49804046995,0.3335543509054333
7,129987,0.9306702515844051,11.3958390639,0.7066928808600628,0.5,nan,0.2389983917823702,0.6575000000000001,2.47135326811,0.7659034699949909,0.5625,1.00006882608,0.05975067916359311,0.6869135802469131,1.82125582068,0.12224952343758916,0.6875,4.86951866892,0.5979182781968739,0.6575000000000001,4.43217582479,0.5893792035674119,0.6575000000000001,6.04301433486,0.37691590016074505
7,130043,0.8598041098521221,2.2452771347,0.028972788865849343,0.804999999999999,nan,0.8392095094663934,0.6950000000000001,1.78710631941,0.8454485726393206,0.865,2.01903515196,0.8499966775053374,0.942716049382716,1.75608412749,0.9024547698249878,0.899999999999999,0.289357944742,0.9837502230478208,0.8300000000000001,0.508987755537,0.9754559231443758,0.764999999999999,1.6299390754,0.8651299685338704
7,130166,0.918225465719224,13.5203875096,0.5495986694255445,0.875,nan,0.9024196505585524,0.875,0.203122034111,0.9904349408311413,0.8600000000000001,2.09304442919,0.8397154861135259,0.8681481481481481,3.46437666867,0.704248289756419,0.9325000000000001,0.176769678229,0.9912256500366856,0.7875000000000001,1.03049184625,0.9438941851375955,0.9325000000000001,0.177567222503,0.9936698227350663
7,130586,0.892452467831764,10.3543666186,0.22109414627453028,-0.25,nan,0.035332313717357205,0.25,0.0644086780932,0.0022635731476000434,0.42750000000000005,0.0902901527451,0.004385496297221034,0.741728395061728,2.90439873777,0.25175547917906765,0.28500000000000003,0.303147905521,0.015281309399638883,0.20750000000000002,0.00857774126924,0.00019250301279495198,0.35750000000000004,0.193563256501,0.010649340478125666
7,134922,0.857922028039178,1.98011922818,0.025000478286663474,0.4375,nan,0.16176927575270267,0.635,2.89439664387,0.7054903318009849,0.79,2.93332656769,0.6623040333877209,0.679012345679012,1.67248828108,0.10845005576849019,0.725,3.63678376305,0.7606606450988673,0.6925,3.68276693164,0.7336130228281725,0.6775,6.6529091911,0.5061947206440408
7,134923,0.879969272133666,6.71396476724,0.11448519607808141,0.6725,nan,0.6153055475031832,0.68,2.04858678202,0.8167080911560292,0.735,3.44308603067,0.4854430924860098,0.77037037037037,3.40245492421,0.34234105340028537,0.725,3.63678376305,0.7606606450988673,0.6825,3.96993053825,0.695314405926585,0.7025,5.52679280199,0.6621305712960635
7,135551,0.823314768580756,0.104257703632,0.0009519510532970524,0.7825000000000001,nan,0.8109801520368936,0.6425000000000001,2.756611955,0.726684792267859,0.774999999999999,3.09754964746,0.6170695418953254,0.7629629629629631,3.2849993752,0.3175667074131132,0.8250000000000001,0.756809731442,0.9472399482420554,0.7575000000000001,1.64815420279,0.9043489753145657,0.7725000000000001,1.46465260501,0.8767039501123827
7,135973,0.849241405799884,1.05669589261,0.012153327308246392,0.6675,nan,0.6043044516286517,0.745,1.09488722638,0.9163281953311322,0.8975000000000001,1.49403100247,0.9072397911012617,0.9017283950617281,2.77153699478,0.8096713559448201,0.7925000000000001,1.24365086604,0.9156453549233161,0.8,0.841823414836,0.9555597087925143,0.7825000000000001,1.30774958876,0.890516396829972
7,136122,0.8521605531015941,1.31660205226,0.015605935267517919,0.5225000000000001,nan,0.2779416095935624,0.61,3.29526004009,0.6278840022758945,0.8325,2.45698676067,0.7769901298452695,0.653827160493827,1.23470019705,0.07197013390585096,0.745,2.76514545882,0.8246383910076275,0.78,1.16155788826,0.9356829574809511,0.745,2.38130389799,0.8258871641061674
7,136139,0.7495678893796811,4.08016594159e-06,2.250456837501502e-08,0.8225,nan,0.8584332236988759,0.76,0.937889789566,0.9315492259757414,0.845,2.30034038207,0.8067372898261829,0.9422222222222221,1.76792329872,0.9015846456663978,0.837499999999999,0.641135582194,0.9559488522757309,0.8025,0.80811737378,0.9576218736033326,0.784999999999999,1.27670447691,0.8937464155911236
7,136288,0.852506241597849,1.35055837923,0.016066918431590818,0.7425,nan,0.7508265500070788,0.6225,3.10897027767,0.6679454894298347,0.827499999999999,2.51624320764,0.764556357752451,0.93679012345679,1.89982574841,0.8916241768328271,0.8125,0.905292156686,0.9368922823411368,0.7375,2.20526087183,0.8660039110356612,0.7925000000000001,1.19682525235,0.9030113501685877
7,136820,0.9385442673324371,9.32506771481,0.7884558496943308,0.6025,nan,0.45243955659611207,0.5650000000000001,3.59149097565,0.47042001058283617,0.655,2.7006917534,0.22550035747704328,0.852345679012345,3.68058983934,0.6476826076165226,0.655,4.71772680266,0.4384690577705019,0.6275000000000001,4.31085474819,0.45625253379179553,0.6175,2.57908165003,0.20254691140218656
7,136846,0.7226810063376221,2.47162336968e-08,1.182851672021881e-10,0.7625000000000001,nan,0.7825106107610337,0.875,0.203122034111,0.9904349408311413,0.6525000000000001,2.65015947919,0.21881167186128192,0.6074074074074071,0.616756218976,0.03002313519957181,0.7925000000000001,1.24365086604,0.9156453549233161,0.8075000000000001,0.744348780354,0.9615010665253867,0.804999999999999,1.09002535051,0.9172816456581218
7,137085,0.660418667178797,9.27721597587e-15,3.401973976548832e-17,0.847499999999999,nan,0.8818641129996074,0.8500000000000001,0.305751728539,0.9841336951697205,0.9400000000000001,0.825796497237,0.9560709219409819,0.8148148148148141,3.83030354869,0.5051022260023716,0.875,0.402496463651,0.9751552011474173,0.8400000000000001,0.426724132431,0.9801245496189125,0.8775000000000001,0.512218559231,0.9756419901681207
7,137869,0.0,3.94022505977e-194,2.779050670311026e-197,0.8150000000000001,nan,0.8504837584645717,0.8625,0.25085547997,0.9876048966272705,0.972499999999999,0.453753679506,0.9764492527964732,0.9772839506172831,1.02151832077,0.9498643040754373,0.905,0.269630016214,0.9851473167628706,0.875,0.218021500791,0.9910882655226603,0.8700000000000001,0.571644814062,0.9715787975061132
7,138039,0.8560015363933161,1.73499851496,0.021437068893688568,0.655,nan,0.5761945642295561,0.6075,3.3281938025,0.619604354096118,0.7325,3.45373211778,0.47682167368223993,0.716049382716049,2.39709136729,0.1836309135002192,0.63,3.80545902439,0.3308720142483934,0.6975,3.52557219663,0.7516368898974526,0.6375000000000001,4.38074624876,0.27163553842158306
7,140859,0.9577491837910501,4.47225840669,0.9185736178325088,0.4375,nan,0.16176927575270267,0.59,3.5093188313,0.5596428874101927,0.59,1.42112735724,0.09283263835147623,0.6948148148148141,1.97409467712,0.13724112743860162,0.65,4.57935482105,0.4152151563173584,0.5975,3.49849183781,0.3377803925248294,0.6000000000000001,1.44103017636,0.16814562504088823
7,140984,0.8857307470712501,8.40038597206,0.15799247168759334,0.645,nan,0.5531663915807693,0.6925,1.82912984396,0.8409284162515414,0.8925000000000001,1.5777686059,0.8995601853406618,0.9160493827160491,2.41891788488,0.8468575949615446,0.7625000000000001,2.08160211968,0.8668702711838586,0.754999999999999,1.71145460838,0.9001498552590033,0.7425,2.51448483893,0.8197693921268715
7,141053,1.0,0.392323187604,0.9950911501388049,0.625,nan,0.506081725191681,0.5,2.86026760428,0.2545334149284269,0.7025,3.40852198228,0.3730408129316244,0.611358024691358,0.658943791797,0.032542400245565005,0.645,4.41556723442,0.39271789567294324,0.65,4.47632899008,0.555941833203395,0.7025,5.52679280199,0.6621305712960635
7,141356,0.811791818705588,0.0304425829671,0.00025400970042301996,0.7025,nan,0.6778756532669752,0.8425,0.342224054659,0.9817054611213882,0.9475,0.726503052984,0.9618873018140957,0.8508641975308641,3.69640263461,0.6422180707394356,0.8250000000000001,0.756809731442,0.9472399482420554,0.794999999999999,0.913116699341,0.9511745685157909,0.8400000000000001,0.818521520037,0.9507315109284122
7,142811,0.8137507201843671,0.0378593117703,0.00032066434698666826,0.635,nan,0.5297597566593526,0.535,3.39881807498,0.3648066240288911,0.7825000000000001,3.01572435074,0.6399950160063377,0.714567901234567,2.36731675729,0.18010172243800365,0.595,2.1738184974,0.2265098446759417,0.58,2.86122648453,0.2820677052427234,0.675,6.65489886263,0.48955514742750283
7,142951,0.8876896485500281,8.98079681005,0.17501695759565564,0.6475000000000001,nan,0.5589628353809696,0.68,2.04858678202,0.8167080911560292,0.784999999999999,2.98827588174,0.6475000246606362,0.929382716049382,2.08357239407,0.8768730746968239,0.804999999999999,1.01540420058,0.9297008722429168,0.764999999999999,1.46951913843,0.9160297042287893,0.7375,2.80908286219,0.8064760835480447
7,143324,0.8636835029767621,2.87391286637,0.03886598369910221,0.5750000000000001,nan,0.3880133747126737,0.59,3.5093188313,0.5596428874101927,0.6775,3.11256041445,0.2910773800918019,0.6972839506172831,2.02254062911,0.1421751859816057,0.5725,1.35013614299,0.18741726271379489,0.66,4.40679479368,0.600428999421641,0.625,3.21512847071,0.22423003691979318
7,145305,0.9097753024774341,13.6078134073,0.43410827535724184,0.605,nan,0.45839255652395167,0.6575000000000001,2.47135326811,0.7659034699949909,0.725,3.47359236322,0.4508324536528474,0.7970370370370371,3.72638014321,0.43777977309827365,0.7675000000000001,1.91102674567,0.8768467566399154,0.745,1.98314368576,0.8817011760140538,0.6875,6.42153747268,0.5718556609933498
7,145335,0.693796811983867,4.33079862921e-11,1.8146467806416978e-13,0.5225000000000001,nan,0.2779416095935624,0.5875,3.52738454774,0.5508465735584411,0.8,2.82361266618,0.6910884527778456,0.79753086419753,3.73061456027,0.43962100933583353,0.55,0.833744331948,0.16341536767074152,0.5425,1.60850244655,0.19949651082254719,0.5,0.797162580036,0.09507897596693304
7,145444,0.8017284424812751,0.00937551709246,7.256798583829697e-05,0.725,nan,0.7204640872591253,0.7975000000000001,0.619286819511,0.9604552799946292,0.794999999999999,2.87842716569,0.6768333805152045,0.861728395061728,3.56239458479,0.6816860672310989,0.8525,0.531356385274,0.9647107993989728,0.754999999999999,1.71145460838,0.9001498552590033,0.6925,6.18456977678,0.6034011324515476
7,146557,0.8974841559439211,11.6636301687,0.2765718429858224,-0.25,nan,0.035332313717357205,0.5700000000000001,3.59297705958,0.4883849683010812,0.74,3.41635211786,0.5025945921305867,0.9002469135802461,2.80683910168,0.8055391894930859,0.73,3.41802846488,0.7782989839757231,0.72,2.77125480811,0.8225386770343825,0.6825,6.58056207473,0.5393158416762632
7,146877,0.5736892644516991,1.01445259854e-26,2.810489944754068e-29,0.8075000000000001,nan,0.8421008357824429,0.8400000000000001,0.354979325723,0.980834019488501,0.865,2.01903515196,0.8499966775053374,0.863209876543209,3.54096960878,0.686947908759591,0.865,0.455776613431,0.970868390051663,0.715,2.94039979029,0.8082601559441389,0.5625,0.572984549642,0.13573794918943796
7,146928,0.837718455924716,0.408409764389,0.00421102589481304,0.7000000000000001,nan,0.6729046220816662,0.8150000000000001,0.499326724556,0.9702194531340612,0.885,1.70233830453,0.887258648045471,0.803456790123456,3.77564979452,0.4618671277085774,0.855,0.515285519082,0.9660189908611256,0.8600000000000001,0.294206288485,0.9872688171997286,0.8174999999999991,0.994683295378,0.9303077312600126
7,146993,0.37584021509506405,3.97591160319e-67,6.684163319416017e-70,0.8125,nan,0.8477378180389192,0.9500000000000001,0.0424361448312,0.9984640676660812,0.8,2.82361266618,0.6910884527778456,0.8528395061728391,3.67514288799,0.649498841529828,1.0,0.0479646964847,0.9981061791742576,1.0,0.00706592144663,0.9998123611273244,1.0,0.026101357676,0.9992974256853508
7,147026,0.8626848473209141,2.70125482002,0.036082780537230116,0.5,nan,0.2389983917823702,0.52,3.19969334931,0.3152456959305833,0.645,2.49581927871,0.19951217671274302,0.815802469135802,3.83298284086,0.5088865930666262,0.655,4.71772680266,0.4384690577705019,0.615,4.03876350541,0.4039483280772971,0.625,3.21512847071,0.22423003691979318
7,147101,0.861724601497983,2.54237752328,0.03356574962203105,0.625,nan,0.506081725191681,0.8600000000000001,0.261253325749,0.9869648205948774,0.8525,2.19947670987,0.8236150411447527,0.9007407407407401,2.79510427051,0.8069223867529551,0.865,0.455776613431,0.970868390051663,0.7225,2.68742738143,0.8293618939939307,0.6825,6.58056207473,0.5393158416762632
7,147111,0.9010946802381411,12.4526613354,0.3201533151087092,0.595,nan,0.43464209857642094,0.605,3.35950152042,0.6112443883829604,0.837499999999999,2.3959126882,0.7891231936634358,0.852345679012345,3.68058983934,0.6476826076165226,0.735,3.19780175385,0.7948384935185759,0.774999999999999,1.25715947161,0.9296390015542899,0.6225,2.99524877724,0.21646851782356583
7,147193,0.752294987516804,6.56075207391e-06,3.675674980099299e-08,0.75,nan,0.7630858304526047,0.8500000000000001,0.305751728539,0.9841336951697205,0.75,3.34424148082,0.5364162219283087,0.6439506172839501,1.08126084337,0.060542537238531695,0.7825000000000001,1.47415578249,0.9020947447862009,0.7825000000000001,1.11626876951,0.9385298994413458,0.7975000000000001,1.15141376372,0.9088799582176574
7,819,0.8252736700595351,0.126959827993,0.0011777543476056715,0.725,nan,0.7204640872591253,0.7775000000000001,0.777586378089,0.946526896958058,0.8300000000000001,2.48682415326,0.7708102751337591,0.7214814814814811,2.50616798994,0.19694852919752825,0.7025,4.50737090347,0.6685374208271019,0.7075,3.19479627091,0.7852522571641415,0.7225,3.89602510693,0.7565269169433091
7,1942,0.8467447666602651,0.869562638938,0.009755078238830492,0.715,nan,0.7020208697495203,0.585,3.54334255205,0.5420077212392731,0.784999999999999,2.98827588174,0.6475000246606362,0.755061728395061,3.14993892304,0.2921387021335805,0.6725,4.96797715848,0.5237784038416468,0.5925,3.3217314813,0.32072704040120936,0.6075,1.86335992248,0.18047454609936994
7,1993,0.8857307470712501,8.40038597206,0.15799247168759334,0.6625,nan,0.5931598378161063,0.63,2.98292375731,0.6907957275833164,0.905,1.36851916804,0.9179739040460729,0.905679012345679,2.67608014966,0.8204326740421715,0.7375,3.08813126992,0.8026957832317522,0.7525000000000001,1.77662592862,0.8957901429254272,0.835,0.85886038036,0.9465377890995188
