left,boolean,ranking,id,score,distanceScore,roomScore,serviceScore,bathScore,equipmentScore,locationScore,mealScore,chargeScore,kinnennScore
left,true_positive,0,140984,0.208652362289,0.916049382716,0.7625,0.7425,0.6925,0.755,0.8925,0.645,0.885730747071,1
left,true_positive,1,141356,0.1821992468,0.850864197531,0.825,0.84,0.8425,0.795,0.9475,0.7025,0.811791818706,1
left,true_positive,2,130166,0.116008697523,0.868148148148,0.9325,0.9325,0.875,0.7875,0.86,0.875,0.918225465719,0
left,true_positive,3,28024,0.106041466501,0.856296296296,0.85,1.0,1.0,0.9,1.0,0.9175,0.658382946034,1
left,true_positive,4,56917,0.0821100511645,0.82962962963,0.77,0.73,0.6575,0.72,0.83,0.7325,0.869444977914,1
left,true_positive,5,29764,0.0416155828669,0.82962962963,0.7225,0.7425,0.5875,0.68,0.775,0.6,0.848281159977,1
left,false_positive,6,69217,0.0325710743799,0.912592592593,0.74,0.7675,0.6425,0.7,0.72,0.7675,0.77722296908,0
left,false_positive,7,68688,0.03087583168,0.883456790123,0.8025,0.78,0.62,0.685,0.8075,0.79,0.889994238525,0
left,true_positive,8,2876,0.025105795904,0.886913580247,0.8175,0.84,0.89,0.795,0.955,0.6075,0.602458229307,0
left,false_positive,9,18297,0.024236631665,0.853333333333,0.7525,0.745,0.7275,0.745,0.8525,0.75,0.764739773382,0
left,true_positive,10,147111,0.0222376120329,0.852345679012,0.735,0.6225,0.605,0.775,0.8375,0.595,0.901094680238,1
left,true_positive,11,84558,0.0134256011981,0.825679012346,0.8375,0.7775,0.75,0.7925,0.7775,0.6275,0.844478586518,0
left,true_positive,12,67905,0.013341446,0.8,0.8,0.7975,0.75,0.765,0.845,0.6675,0.786863837142,1
left,false_positive,13,864,0.0128024261749,0.89975308642,0.71,0.69,0.5625,0.6375,0.92,0.75,0.87136546956,0
left,false_positive,14,5309,0.00809271505061,0.904197530864,0.695,0.6975,0.585,0.69,0.7675,0.695,0.844478586518,0
left,false_positive,15,15878,0.00761164095785,0.86962962963,0.7025,0.75,0.65,0.6975,0.8,0.6925,0.769541002497,0
left,true_positive,16,41703,0.00539472090874,0.792592592593,0.7875,0.6925,0.685,0.735,0.77,0.6975,0.784943345496,1
left,true_positive,17,4771,0.00531249188375,0.797530864198,0.705,0.705,0.5175,0.635,0.8975,0.6025,0.763779527559,1
left,false_positive,18,108388,0.00445970081876,0.819259259259,0.64,0.5875,0.6,0.5475,0.69,0.58,0.840637603226,1
left,true_positive,19,146877,0.0043298999868,0.863209876543,0.865,0.5625,0.84,0.715,0.865,0.8075,0.573689264452,1
left,false_positive,20,147026,0.00393052685453,0.815802469136,0.655,0.625,0.52,0.615,0.645,0.5,0.862684847321,1
left,true_positive,21,1128,0.00363117553697,0.793580246914,0.6775,0.7425,0.6025,0.6925,0.7725,0.87,0.858882273862,1
left,false_positive,22,104598,0.000577961240183,0.854320987654,0.645,0.685,0.515,0.5825,0.67,0.5,0.826963702708,0
left,false_positive,23,70358,6.5818962061e-05,0.829135802469,0.48,0.5425,0.545,0.475,0.75,0.5325,0.955252544651,1
left,false_positive,24,70659,5.79993325285e-05,0.783209876543,0.685,0.695,0.55,0.6025,0.565,0.5275,0.904974073363,1
left,false_positive,25,223,1.59526049823e-05,0.81037037037,0.605,0.6775,0.5575,0.6375,0.605,0.5825,0.87136546956,0
left,false_positive,26,1927,3.70085789481e-06,0.817283950617,0.5775,0.66,0.52,0.5775,0.84,0.5,0.814518916843,0
left,false_positive,27,30094,1.21188777229e-06,0.821234567901,0.5625,0.675,0.5825,0.62,0.63,0.625,0.919377760707,0
left,false_positive,28,70793,1.16280266951e-06,0.808395061728,0.59,0.66,0.5275,0.545,0.6125,0.3925,0.889302861533,0
left,false_positive,29,18311,1.14096896212e-06,0.838024691358,0.42,0.58,0.4175,0.3825,0.83,0.75,0.814518916843,1
left,false_positive,30,39247,8.78662009322e-08,0.903703703704,0.5525,0.575,0.595,0.65,0.8475,0.5175,0.850816208949,0
left,false_positive,31,18319,4.82056236056e-15,0.853827160494,0.53,0.4825,0.615,0.485,0.7525,0.4775,0.934818513539,0
left,false_positive,32,2465,5.12399253908e-25,0.815308641975,0.6675,0.7225,0.555,0.7775,0.7225,-0.25,0.937007874016,1
left,false_positive,33,2605,5.31375692945e-36,0.803456790123,0.34,0.34,0.355,0.3025,0.59,-0.25,0.876742846169,1
left,true_negative,34,4778,0.0965517423126,0.941234567901,0.775,0.6875,0.6575,0.7125,0.94,0.7875,0.594814672556,1
left,true_negative,35,101,0.0215107465487,0.97975308642,0.6,0.73,0.625,0.655,0.94,0.6975,0.929710005761,1
left,true_negative,36,7343,0.0177485984074,0.961975308642,0.715,0.7075,0.665,0.6875,0.9125,0.6325,0.85596312656,0
left,true_negative,37,28484,0.00783545928294,0.935802469136,0.5675,0.6375,0.61,0.625,0.86,0.605,0.839446898406,1
left,true_negative,38,54885,0.00428787440274,0.952592592593,0.55,0.68,0.5625,0.585,0.85,0.625,0.945265988093,1
left,true_negative,39,32060,0.00427813897685,0.947654320988,0.55,0.65,0.5625,0.65,1.0,0.75,0.821432686768,1
left,true_negative,40,18166,0.00258545486134,0.997037037037,0.6625,0.64,0.5625,0.5875,0.8825,0.6125,0.827539850202,0
left,true_negative,41,5385,5.47255324618e-05,0.944691358025,0.6,0.6075,0.5075,0.5875,0.8425,0.7625,0.902093335894,0
left,true_negative,42,134923,1.6748763223e-05,0.77037037037,0.725,0.7025,0.68,0.6825,0.735,0.6725,0.879969272134,0
left,true_negative,43,995,8.6451868525e-06,0.766419753086,0.5325,0.5775,0.52,0.51,0.65,0.7875,0.867486076436,1
left,true_negative,44,20639,2.42077025757e-06,0.972345679012,0.415,0.5275,0.3375,0.4425,0.81,0.5825,0.864298060303,1
left,true_negative,45,1799,4.0701345792e-07,0.761481481481,0.885,0.81,0.85,0.84,0.8,0.825,0.434415210294,0
left,true_negative,46,69292,6.9385660319e-09,0.753580246914,0.815,0.76,0.7875,0.74,0.74,0.75,0.751603610524,0
left,true_negative,47,142811,3.22992152668e-14,0.714567901235,0.595,0.675,0.535,0.58,0.7825,0.635,0.813750720184,1
left,true_negative,48,129907,1.9431363602e-18,0.725432098765,0.63,0.65,0.54,0.65,0.65,0.6075,0.905895909353,0
left,true_negative,49,109008,7.2923854846e-23,0.681975308642,0.5325,0.63,0.5,0.5275,0.695,0.595,0.813750720184,1
left,true_negative,50,8207,1.20015838313e-28,0.704691358025,0.6575,0.6975,0.54,0.7375,0.7775,0.6625,0.885961206069,0
left,true_negative,51,136122,1.86929340722e-32,0.653827160494,0.745,0.745,0.61,0.78,0.8325,0.5225,0.852160553102,1
left,true_negative,52,28570,3.76916919695e-35,0.721481481481,0.475,0.4625,0.4325,0.5,0.6375,0.7225,0.957787593624,0
left,true_negative,53,147193,2.65211191745e-36,0.643950617284,0.7825,0.7975,0.85,0.7825,0.75,0.75,0.752294987517,1
left,true_negative,54,39144,2.81512848092e-55,0.666666666667,0.63,0.6425,0.5,0.5575,0.655,0.6675,0.909775302477,0
left,true_negative,55,922,3.35459745989e-65,0.583703703704,0.575,0.605,0.455,0.595,0.6825,0.4525,0.917418859228,1
left,true_negative,56,41615,6.6253547659e-89,0.544691358025,0.8475,0.92,0.81,0.7425,0.8775,0.9675,0.820741309775,1
left,true_negative,57,80759,6.23094375015e-105,0.616790123457,0.7825,0.6675,0.845,0.6675,0.605,0.5575,0.854042634915,0
left,true_negative,58,130586,3.35703872029e-108,0.741728395062,0.285,0.3575,0.25,0.2075,0.4275,-0.25,0.892452467832,0
left,true_negative,59,136846,4.52626342701e-116,0.607407407407,0.7925,0.805,0.875,0.8075,0.6525,0.7625,0.722681006338,0
left,true_negative,60,9191,0.0,0.280987654321,0.63,0.685,0.5925,0.605,0.6825,0.5825,0.890531976186,0
