n_clusters,cluster,bathAverage,bathScore,chargeScore,description,distance,distanceScore,equipmentAverage,equipmentScore,hotelMiddleCharge,id,locationAverage,locationScore,mealAverage,mealScore,name,nearestStation,roomAverage,roomScore,serviceAverage,serviceScore,url
4,1,3.69,0.6725,0.748454004225,若きクリエーター達によるこだわりのインテリア・寛ぎの空間でお出迎えするアートでポップなデザインホテル,0.204,0.928395061728,4.0,0.75,8200.0,52992,4.29,0.8225,3.69,0.6725,渋谷グランベルホテル,渋谷,3.82,0.705,3.84,0.71,http://img.travel.rakuten.co.jp/image/tr/api/hs/dQ4dX/?f_no=52992
4,1,3.6,0.65,0.769541002497,都内主要地へ行くにも交通便利。絶好のロケーション。,0.323,0.86962962963,3.79,0.6975,7651.0,15878,4.2,0.8,3.77,0.6925,ホテル東京ガーデンパレス,御茶ノ水,3.81,0.7025,4.0,0.75,http://img.travel.rakuten.co.jp/image/tr/api/hs/dQ4dX/?f_no=15878
4,3,3.54,0.635,0.640868062224,　,0.374,0.844444444444,3.77,0.6925,11001.0,19718,4.62,0.905,4.5,0.875,山の上ホテル＜東京都＞,御茶ノ水,4.08,0.77,4.69,0.9225,http://img.travel.rakuten.co.jp/image/tr/api/hs/dQ4dX/?f_no=19718
4,1,3.72,0.68,0.879969272134,２０１１年１１月開業。都内名所、羽田空港に抜群のアクセス。最新設備とＣＯＯＬなデザイナーズルーム。,0.524,0.77037037037,3.73,0.6825,4776.0,134923,3.94,0.735,3.69,0.6725,相鉄フレッサイン　浜松町大門,浜松町,3.9,0.725,3.81,0.7025,http://img.travel.rakuten.co.jp/image/tr/api/hs/dQ4dX/?f_no=134923
4,3,3.84,0.71,0.787785673132,★Wi-Fi無料サービス開始★羽田空港・都心・横浜へアクセス抜群★観光、ビジネスの拠点に！★,0.367,0.847901234568,4.05,0.7625,7176.0,109067,4.2,0.8,4.0,0.75,京急ＥＸイン　蒲田,蒲田,4.18,0.795,4.01,0.7525,http://img.travel.rakuten.co.jp/image/tr/api/hs/dQ4dX/?f_no=109067
4,1,3.58,0.645,0.735394661033,上野駅より徒歩３分の好立地！人気の秘密は、無料朝食と選べる枕♪,0.35,0.856296296296,3.85,0.7125,8540.0,50703,3.96,0.74,3.7,0.675,スーパーホテルＪＲ上野入谷口,上野,3.8,0.7,3.93,0.7325,http://img.travel.rakuten.co.jp/image/tr/api/hs/dQ4dX/?f_no=50703
4,1,3.61,0.6525,0.788745918955,全室地デジ液晶TV設置!旅先がオフィスに、マイルームに変身!,0.716,0.675555555556,3.65,0.6625,7151.0,1556,4.13,0.7825,3.82,0.705,ホテル・パークサイド＜東京／上野＞,上野,3.82,0.705,3.7,0.675,http://img.travel.rakuten.co.jp/image/tr/api/hs/dQ4dX/?f_no=1556
4,1,3.86,0.715,0.909775302477,近所にコンビニ、銀座や汐留・お台場・丸の内どこへ行くにも絶好の立地。観光やビジネスに最適,0.45,0.806913580247,3.93,0.7325,4000.0,79388,3.9,0.725,4.17,0.7925,日比谷シティホテル,新橋,4.0,0.75,4.08,0.77,http://img.travel.rakuten.co.jp/image/tr/api/hs/dQ4dX/?f_no=79388
4,2,3.88,0.72,0.756097560976,皇居の水と緑の優しい風景に包まれたホテル,2.084,0.0,4.05,0.7625,8001.0,11039,4.25,0.8125,3.86,0.715,ホテルグランドアーク半蔵門,東京,4.37,0.8425,3.94,0.735,http://img.travel.rakuten.co.jp/image/tr/api/hs/dQ4dX/?f_no=11039
4,3,3.82,0.705,0.77722296908,JR渋谷駅新南口直結！！ビジネスでのご利用はもちろん、観光スポットへのアクセスも抜群です！,0.324,0.869135802469,4.0,0.75,7451.0,14112,4.27,0.8175,3.86,0.715,ホテルメッツ渋谷　東京,渋谷,4.08,0.77,4.02,0.755,http://img.travel.rakuten.co.jp/image/tr/api/hs/dQ4dX/?f_no=14112
4,3,3.98,0.745,0.8492414058,2011年11月オープン！新橋駅から徒歩3分とビジネス観光に大変便利。大浴場で疲れを癒して下さい。,0.258,0.901728395062,4.2,0.8,5576.0,135973,4.59,0.8975,3.67,0.6675,ホテル新橋三番館,新橋,4.17,0.7925,4.13,0.7825,http://img.travel.rakuten.co.jp/image/tr/api/hs/dQ4dX/?f_no=135973
4,1,3.75,0.6875,0.859804109852,浅草駅より徒歩３分。優雅さと気品に満ちたルーム。本館男性大浴場サウナあり。,0.316,0.873086419753,3.83,0.7075,5301.0,18476,4.57,0.8925,4.0,0.75,浅草セントラルホテル,浅草,3.92,0.73,4.14,0.785,http://img.travel.rakuten.co.jp/image/tr/api/hs/dQ4dX/?f_no=18476
4,1,3.57,0.6425,0.853082389092,高速インターネット/ＬＡＮケーブル（無料）,0.364,0.849382716049,3.67,0.6675,5476.0,70707,4.53,0.8825,3.89,0.7225,ザ・ビー池袋,池袋,4.01,0.7525,3.68,0.67,http://img.travel.rakuten.co.jp/image/tr/api/hs/dQ4dX/?f_no=70707
4,1,4.11,0.7775,0.82527367006,全客室Wｉｆｉ可能！　川面を一望の展望露天風呂！　お仕事に観光に、どちらにも最適のホテルです,0.623,0.721481481481,3.83,0.7075,6200.0,819,4.32,0.83,3.9,0.725,超軟水展望大浴場　あさひ湯　ドーミーインＥＸＰＲＥＳＳ浅草（旧：ドーミーイン浅草）,浅草,3.81,0.7025,3.89,0.7225,http://img.travel.rakuten.co.jp/image/tr/api/hs/dQ4dX/?f_no=819
4,1,3.35,0.5875,0.869829076244,『渋谷駅』から徒歩7分と抜群の立地!!客室は落ち着いた内装となっております。,0.604,0.730864197531,3.77,0.6925,5040.0,18739,4.39,0.8475,3.75,0.6875,渋谷シティホテル,渋谷,4.02,0.755,3.98,0.745,http://img.travel.rakuten.co.jp/image/tr/api/hs/dQ4dX/?f_no=18739
4,0,4.8,0.95,0.375840215095,2014年8月、創業116年の旅館が全室和モダンなスイートルームのホテルとしてリニューアルオープン！,0.357,0.852839506173,5.0,1.0,17901.0,146993,4.2,0.8,4.25,0.8125,ホテル龍名館お茶の水本店,御茶ノ水,5.0,1.0,5.0,1.0,http://img.travel.rakuten.co.jp/image/tr/api/hs/dQ4dX/?f_no=146993
4,3,4.46,0.865,0.786863837142,美人の湯、熱の湯特徴を持った蒲田黒湯温泉で癒しののひととき。全室LANポート設置。羽田送客プランも有,0.174,0.943209876543,3.74,0.685,7200.0,568,4.78,0.945,3.27,0.5675,ホテル末広＜東京都＞,蒲田,3.65,0.6625,4.19,0.7975,http://img.travel.rakuten.co.jp/image/tr/api/hs/dQ4dX/?f_no=568
4,3,3.94,0.735,0.765700019205,【東京スカイツリー(R)フレンドシップホテル】粋な町・浅草らしさでおもてなし。,0.168,0.946172839506,4.02,0.755,7751.0,570,4.51,0.8775,4.43,0.8575,浅草ビューホテル,浅草,4.45,0.8625,4.13,0.7825,http://img.travel.rakuten.co.jp/image/tr/api/hs/dQ4dX/?f_no=570
4,0,4.03,0.7575,0.429652391012,贅沢を感じる東京夜景を満喫、東京駅上空の天空ホテル【12時チェックアウト】ワンランク上の東京ステイ,0.333,0.864691358025,4.41,0.8525,16500.0,56634,4.76,0.94,4.06,0.765,ホテルメトロポリタン丸の内,東京,4.38,0.845,4.32,0.83,http://img.travel.rakuten.co.jp/image/tr/api/hs/dQ4dX/?f_no=56634
4,3,4.56,0.89,0.602458229307,◆阪急阪神第一ホテルグループ◆　エレガンス＆エクセレンス。ヨーロピアンスタイル。,0.288,0.886913580247,4.18,0.795,12001.0,2876,4.82,0.955,3.43,0.6075,第一ホテル東京,新橋,4.27,0.8175,4.36,0.84,http://img.travel.rakuten.co.jp/image/tr/api/hs/dQ4dX/?f_no=2876
4,3,4.0,0.75,0.786863837142,JR・東京モノレール浜松町駅徒歩約6分★羽田空港からアクセス軽快！★東京タワーまで徒歩圏内,0.464,0.8,4.06,0.765,7200.0,67905,4.38,0.845,3.67,0.6675,ホテルコンソレイユ　芝・東京（リッチモンドホテルズ提携ホテル）,浜松町,4.2,0.8,4.19,0.7975,http://img.travel.rakuten.co.jp/image/tr/api/hs/dQ4dX/?f_no=67905
4,1,3.67,0.6675,0.850240061456,泊まり心地にこだわった隠れ家のようなホテルです！３種類の焼立てパンと飲み物の軽朝食が無料！,0.505,0.77975308642,3.81,0.7025,5550.0,27972,4.31,0.8275,3.67,0.6675,京王プレッソイン池袋,池袋,4.11,0.7775,4.01,0.7525,http://img.travel.rakuten.co.jp/image/tr/api/hs/dQ4dX/?f_no=27972
4,1,3.44,0.61,0.839446898406,JR新橋駅徒歩２分。銀座・汐留各方面アクセス抜群！清潔さ・安らぎ・合理化による低価格をご提供します。,0.189,0.935802469136,3.5,0.625,5831.0,28484,4.44,0.86,3.42,0.605,チェックイン新橋,新橋,3.27,0.5675,3.55,0.6375,http://img.travel.rakuten.co.jp/image/tr/api/hs/dQ4dX/?f_no=28484
4,1,3.35,0.5875,0.848281159977,渋谷駅から徒歩5分。小さいけれど小粋な、パリっとしたプチホテル☆青山大学まで1本道で徒歩5分,0.404,0.82962962963,3.72,0.68,5601.0,29764,4.1,0.775,3.4,0.6,サクラ・フルール　青山,渋谷,3.89,0.7225,3.97,0.7425,http://img.travel.rakuten.co.jp/image/tr/api/hs/dQ4dX/?f_no=29764
4,3,4.08,0.77,0.9107355483,JR蒲田駅東口から徒歩１分！羽田空港行きシャトルバス乗り場も徒歩1分です。！,0.135,0.962469135802,4.14,0.785,3975.0,18246,4.49,0.8725,4.1,0.775,アーヴェストホテル蒲田（東口）,蒲田,4.12,0.78,4.01,0.7525,http://img.travel.rakuten.co.jp/image/tr/api/hs/dQ4dX/?f_no=18246
4,3,3.91,0.7275,0.782024198195,JR山手線大塚駅南口より徒歩１分！駐車場完備！車派も電車派も◎ワンランク上のウェディングスホテル！,0.059,1.0,4.15,0.7875,7326.0,839,4.7,0.925,3.94,0.735,ホテル　ベルクラシック東京,大塚（東京）,4.38,0.845,4.26,0.815,http://img.travel.rakuten.co.jp/image/tr/api/hs/dQ4dX/?f_no=839
4,1,3.21,0.5525,0.852160553102,全室有線ＬＡＮインターネット接続無料。全室ビデオ・ＤＶＤデッキを完備。２４時間フロント対応。,0.315,0.873580246914,3.89,0.7225,5500.0,39495,4.0,0.75,3.64,0.66,ミヤビイン蒲田,蒲田,3.76,0.69,4.06,0.765,http://img.travel.rakuten.co.jp/image/tr/api/hs/dQ4dX/?f_no=39495
4,3,4.27,0.8175,0.952026118686,女性に安心してお泊り頂けるホテルです。駅から徒歩3分、無線ＬＡＮ接続ご利用いただけます。,0.35,0.856296296296,3.99,0.7475,2900.0,18248,4.63,0.9075,4.67,0.9175,ビジネスホテル福千,南千住,4.09,0.7725,4.45,0.8625,http://img.travel.rakuten.co.jp/image/tr/api/hs/dQ4dX/?f_no=18248
4,3,3.92,0.73,0.704513155368,JR他新宿駅南口から徒歩3分。 客室は、全て22階以上！ビジネスやレジャーに絶好のロケーションです,0.4,0.831604938272,4.1,0.775,9344.0,1356,4.7,0.925,4.16,0.79,小田急ホテルセンチュリーサザンタワー,新宿,4.25,0.8125,4.03,0.7575,http://img.travel.rakuten.co.jp/image/tr/api/hs/dQ4dX/?f_no=1356
4,0,3.88,0.72,0.283887075091,都庁、新宿中央公園に隣接。　新宿駅より送迎バスあり。,0.852,0.608395061728,4.12,0.78,20295.0,1357,4.34,0.835,4.04,0.76,ハイアット　リージェンシー　東京,新宿,4.23,0.8075,4.21,0.8025,http://img.travel.rakuten.co.jp/image/tr/api/hs/dQ4dX/?f_no=1357
4,3,4.0,0.75,0.844478586518,２０１０年４月開業！全室洗濯乾燥機付きのホテル。夜洗って朝着られる快適なステイをお楽しみ下さい,0.412,0.825679012346,4.17,0.7925,5700.0,84558,4.11,0.7775,3.51,0.6275,東急ステイ池袋,池袋,4.35,0.8375,4.11,0.7775,http://img.travel.rakuten.co.jp/image/tr/api/hs/dQ4dX/?f_no=84558
4,1,3.48,0.62,0.889994238525,クチコミ件数が物語るコストパフォーマンス！蒲田駅西口徒歩約３分！羽田空港へのアクセスも便利,0.295,0.883456790123,3.74,0.685,4515.0,68688,4.23,0.8075,4.16,0.79,スーパーホテル東京・ＪＲ蒲田西口,蒲田,4.21,0.8025,4.12,0.78,http://img.travel.rakuten.co.jp/image/tr/api/hs/dQ4dX/?f_no=68688
4,1,3.63,0.6575,0.869444977914,JR御茶ノ水駅、秋葉原駅、東京メトロから徒歩圏内。１階にコンビニとレストランを併設。損保会館至近。,0.404,0.82962962963,3.88,0.72,5050.0,56917,4.32,0.83,3.93,0.7325,ホテルマイステイズ御茶ノ水,御茶ノ水,4.08,0.77,3.92,0.73,http://img.travel.rakuten.co.jp/image/tr/api/hs/dQ4dX/?f_no=56917
4,3,4.04,0.76,0.830036489341,全室に洗濯乾燥機・電子レンジを完備！連泊に便利なホテルです。,0.302,0.88,4.26,0.815,6076.0,67160,4.45,0.8625,3.72,0.68,東急ステイ水道橋,水道橋,4.4,0.85,4.1,0.775,http://img.travel.rakuten.co.jp/image/tr/api/hs/dQ4dX/?f_no=67160
4,1,3.43,0.6075,0.88861148454,JR新宿駅東口から徒歩８分。広々お部屋　全室セミダブルベッド　ゆったりバスタブ。門限なし。,0.801,0.633580246914,3.53,0.6325,4551.0,1630,3.56,0.64,4.41,0.8525,政府登録ホテル白川郷,新宿,3.73,0.6825,3.61,0.6525,http://img.travel.rakuten.co.jp/image/tr/api/hs/dQ4dX/?f_no=1630
4,1,3.51,0.6275,0.779181870559,東京駅より１駅＆秋葉原までも徒歩10分♪コンビニ近隣にあります！サンキュープランがおススメです★,0.16,0.95012345679,3.71,0.6775,7400.0,18270,4.17,0.7925,3.58,0.645,京王プレッソイン神田,神田（東京）,4.06,0.765,3.97,0.7425,http://img.travel.rakuten.co.jp/image/tr/api/hs/dQ4dX/?f_no=18270
4,1,3.29,0.5725,0.853696946418,ＪＲ上野駅の浅草口を出て左へ徒歩１分。ビジネス・観光等に最適です。全室ウォッシュレット完備。,0.132,0.963950617284,3.72,0.68,5460.0,40799,4.82,0.955,4.0,0.75,ホテル　ニューウエノ,上野,3.49,0.6225,3.94,0.735,http://img.travel.rakuten.co.jp/image/tr/api/hs/dQ4dX/?f_no=40799
4,1,3.57,0.6425,0.77722296908,ＪＲ神田駅東口徒歩４分。無料朝食・ウェルカムコーヒーサービス、全室無線・有線ＬＡＮネット無料,0.236,0.912592592593,3.8,0.7,7451.0,69217,3.88,0.72,4.07,0.7675,コンフォートホテル東京神田,神田（東京）,3.96,0.74,4.07,0.7675,http://img.travel.rakuten.co.jp/image/tr/api/hs/dQ4dX/?f_no=69217
4,3,4.0,0.75,0.783022853851,JR御茶ノ水駅徒歩２分、JR秋葉原駅まで徒歩６分、東京ドーム・日本武道館も至近の好立地！,0.282,0.88987654321,4.13,0.7825,7300.0,8290,4.32,0.83,4.57,0.8925,お茶の水ホテルジュラク,御茶ノ水,4.33,0.8325,4.08,0.77,http://img.travel.rakuten.co.jp/image/tr/api/hs/dQ4dX/?f_no=8290
4,1,3.61,0.6525,0.694680238141,池袋西口C６出口からすぐ！！広々とした客室には全室シーリー社製最高級ベッド導入！！,0.329,0.866666666667,3.81,0.7025,9600.0,1386,4.44,0.86,3.33,0.5825,ホテルストリックス東京,池袋,3.97,0.7425,3.79,0.6975,http://img.travel.rakuten.co.jp/image/tr/api/hs/dQ4dX/?f_no=1386
4,3,4.21,0.8025,0.600537737661,JR新橋駅より徒歩5分。銀座で唯一のタワー型デザインホテル。こだわり空間と眺望を堪能できます。,0.442,0.810864197531,4.41,0.8525,12051.0,41069,4.24,0.81,4.09,0.7725,三井ガーデンホテル銀座プレミア,新橋,4.38,0.845,4.31,0.8275,http://img.travel.rakuten.co.jp/image/tr/api/hs/dQ4dX/?f_no=41069
4,3,4.63,0.9075,0.822969080085,平成２１年６月新装オープン。大浴場、サウナあり。洋室の他、和室、露天風呂付など客室１０タイプ。,0.485,0.78962962963,4.32,0.83,6260.0,74604,4.22,0.805,4.18,0.795,お茶の水ホテル昇龍館,御茶ノ水,4.31,0.8275,4.65,0.9125,http://img.travel.rakuten.co.jp/image/tr/api/hs/dQ4dX/?f_no=74604
4,1,3.82,0.705,0.794507393893,ＪＲ上野駅より徒歩3分！上野公園上野動物園徒歩でいけます。,0.47,0.797037037037,3.9,0.725,7001.0,4977,4.4,0.85,3.56,0.64,ホテル　丸谷,上野,3.74,0.685,3.84,0.71,http://img.travel.rakuten.co.jp/image/tr/api/hs/dQ4dX/?f_no=4977
4,1,4.38,0.845,0.854042634915,アクセス充実。新宿・渋谷・池袋といったメジャースポットへもアクセス便利な、歌舞伎町の先にたたずむ隠れ家的ホテル。,0.835,0.616790123457,3.67,0.6675,5451.0,80759,3.42,0.605,3.23,0.5575,ヴィラフォンテーヌ新宿,新宿,4.13,0.7825,3.67,0.6675,http://img.travel.rakuten.co.jp/image/tr/api/hs/dQ4dX/?f_no=80759
4,3,4.5,0.875,0.918225465719,『Our room your home』ご自宅のようにくつろげる、都会の中の隠れ家風旅館,0.326,0.868148148148,4.15,0.7875,3780.0,130166,4.44,0.86,4.5,0.875,御宿ちよだ,南千住,4.73,0.9325,4.73,0.9325,http://img.travel.rakuten.co.jp/image/tr/api/hs/dQ4dX/?f_no=130166
4,3,5.0,1.0,0.658382946034,仲見世から近い、純和風のお宿です。,0.35,0.856296296296,4.6,0.9,10545.0,28024,5.0,1.0,4.67,0.9175,旅館　加茂川,浅草,4.4,0.85,5.0,1.0,http://img.travel.rakuten.co.jp/image/tr/api/hs/dQ4dX/?f_no=28024
4,3,3.91,0.7275,0.764739773382,☆全客室禁煙☆全客室にWifi無料完備♪新宿駅南口から徒歩3分！空港リムジンバスも発着！,0.356,0.853333333333,3.98,0.745,7776.0,18297,4.41,0.8525,4.0,0.75,ホテルサンルートプラザ新宿,新宿,4.01,0.7525,3.98,0.745,http://img.travel.rakuten.co.jp/image/tr/api/hs/dQ4dX/?f_no=18297
4,0,4.08,0.77,0.413174572691,今なら憧れのスイートが30%OFF！11～12月はお得に利用できる日もあるので今すぐ空室検索を,0.918,0.575802469136,3.69,0.6725,16929.0,1404,4.0,0.75,4.0,0.75,ヒルトン東京,新宿,4.15,0.7875,3.69,0.6725,http://img.travel.rakuten.co.jp/image/tr/api/hs/dQ4dX/?f_no=1404
4,1,3.58,0.645,0.890570386019,羽田空港からのアクセス至便。明日の元気をくれる安らぎの時間。,0.424,0.81975308642,3.58,0.645,4500.0,80766,3.55,0.6375,3.4,0.6,ヴィラフォンテーヌ浜松町,浜松町,3.89,0.7225,3.79,0.6975,http://img.travel.rakuten.co.jp/image/tr/api/hs/dQ4dX/?f_no=80766
4,1,3.39,0.5975,0.84831956981,同チェーンで女性客比率№１ホテル！池袋駅構内Ｃ１出口を出て後ろを振り返るとすぐ♪,0.422,0.820740740741,3.83,0.7075,5600.0,80513,4.3,0.825,4.04,0.76,スーパーホテル　ＪＲ池袋西口,池袋,4.04,0.76,4.13,0.7825,http://img.travel.rakuten.co.jp/image/tr/api/hs/dQ4dX/?f_no=80513
4,3,3.96,0.74,0.836489341271,山手線池袋駅北口から徒歩4分！とても便利な立地です。繁華街近ですが、とても静かな環境です。,0.449,0.807407407407,3.84,0.71,5908.0,108416,4.22,0.805,3.85,0.7125,東横イン池袋北口１,池袋,4.27,0.8175,4.22,0.805,http://img.travel.rakuten.co.jp/image/tr/api/hs/dQ4dX/?f_no=108416
4,0,4.31,0.8275,0.525676973305,贅沢さより上質さにこだわった美しい和のホテルです。,0.314,0.874074074074,4.24,0.81,14000.0,78211,4.18,0.795,4.21,0.8025,庭のホテル　東京,水道橋,4.44,0.86,4.32,0.83,http://img.travel.rakuten.co.jp/image/tr/api/hs/dQ4dX/?f_no=78211
4,3,3.7,0.675,0.7138851546,駅至近にもかかわらず、館内は街の喧騒から一線を画し、またインターナショナルな雰囲気です。,0.36,0.851358024691,4.03,0.7575,9100.0,388,4.66,0.915,4.13,0.7825,ホテルメトロポリタン,池袋,4.07,0.7675,4.07,0.7675,http://img.travel.rakuten.co.jp/image/tr/api/hs/dQ4dX/?f_no=388
4,2,3.2,0.55,0.86556558479,渋谷から1駅！池尻大橋駅徒歩3分♪駅近便利！※門限有り(24時30分),1.587,0.245432098765,3.31,0.5775,5151.0,11140,4.13,0.7825,3.11,0.5275,大橋会館,渋谷,3.53,0.6325,3.79,0.6975,http://img.travel.rakuten.co.jp/image/tr/api/hs/dQ4dX/?f_no=11140
4,1,3.83,0.7075,0.680084501632,JR上野駅から5分、京成上野から1分。客室は広めの設計です。コンビニへは10秒！全室無線LAN無料！,0.525,0.76987654321,3.67,0.6675,9980.0,10630,4.47,0.8675,3.32,0.58,ホテル　レインボー,上野,3.89,0.7225,3.91,0.7275,http://img.travel.rakuten.co.jp/image/tr/api/hs/dQ4dX/?f_no=10630
4,3,4.5,0.875,0.722681006338,【全館超軟水・男女別大浴場完備・全室Wi-Fi利用可能】,0.854,0.607407407407,4.23,0.8075,8871.0,136846,3.61,0.6525,4.05,0.7625,ドーミーインPREMIUM渋谷神宮前,渋谷,4.17,0.7925,4.22,0.805,http://img.travel.rakuten.co.jp/image/tr/api/hs/dQ4dX/?f_no=136846
4,1,3.87,0.7175,0.928980218936,禁煙・喫煙をフロアー毎にわけております。門限を１時で設定しております。,0.512,0.776296296296,3.72,0.68,3500.0,56975,4.2,0.8,3.4,0.6,ホテルＮＥＯ東京,南千住,3.93,0.7325,3.79,0.6975,http://img.travel.rakuten.co.jp/image/tr/api/hs/dQ4dX/?f_no=56975
4,0,4.45,0.8625,0.0,JR東京駅丸の内南口直結。駅舎と共に甦った名門ホテル。,0.105,0.977283950617,4.5,0.875,27686.0,137869,4.89,0.9725,4.26,0.815,東京ステーションホテル,東京,4.62,0.905,4.48,0.87,http://img.travel.rakuten.co.jp/image/tr/api/hs/dQ4dX/?f_no=137869
4,1,3.79,0.6975,0.897484155944,ＪＲ上野駅から徒歩２分・コンビニまで３０秒と好立地！全館ネット接続可能（無料）☆,0.312,0.875061728395,3.78,0.695,4320.0,1680,4.48,0.87,4.14,0.785,上野東金屋ホテル,上野,3.91,0.7275,4.17,0.7925,http://img.travel.rakuten.co.jp/image/tr/api/hs/dQ4dX/?f_no=1680
4,1,3.63,0.6575,0.909775302477,2014年4月11日新築オープン！新橋駅徒歩6分！ビジネスにもレジャーにも都心各所へアクセス抜群！,0.47,0.797037037037,3.98,0.745,4000.0,145305,3.9,0.725,3.42,0.605,アパホテル＜新橋　虎ノ門＞,新橋,4.07,0.7675,3.75,0.6875,http://img.travel.rakuten.co.jp/image/tr/api/hs/dQ4dX/?f_no=145305
4,3,4.31,0.8275,0.786863837142,★西鉄イン蒲田★アートさえ感じる、快適な宿泊空間！,0.267,0.897283950617,3.91,0.7275,7200.0,79262,4.36,0.84,3.64,0.66,西鉄イン蒲田,蒲田,4.26,0.815,4.03,0.7575,http://img.travel.rakuten.co.jp/image/tr/api/hs/dQ4dX/?f_no=79262
4,3,4.44,0.86,0.861724601498,２０１４年夏・ＮＥＷ　ＯＰＥＮ！羽田空港へアクセス◎全室バス・トイレ・洗面台独立の快適空間♪,0.26,0.900740740741,3.89,0.7225,5251.0,147101,4.41,0.8525,3.5,0.625,三交インＧｒａｎｄｅ東京浜松町,浜松町,4.46,0.865,3.73,0.6825,http://img.travel.rakuten.co.jp/image/tr/api/hs/dQ4dX/?f_no=147101
4,3,3.74,0.685,0.560245822931,高層階からは、新宿の夜景満喫。東京ディズニーリゾート（R）へ無料バス有。全室Wi-Fi無料！,0.565,0.75012345679,4.0,0.75,13100.0,930,4.54,0.885,3.85,0.7125,京王プラザホテル,新宿,4.17,0.7925,4.12,0.78,http://img.travel.rakuten.co.jp/image/tr/api/hs/dQ4dX/?f_no=930
4,1,4.38,0.845,0.85596312656,JR神田駅（東京駅隣）から徒歩２分。男女サウナ付大浴場完備。ネット接続無料（全室有線・無線ＬＡＮ),0.144,0.958024691358,3.69,0.6725,5401.0,7588,4.26,0.815,3.41,0.6025,ニューセントラルホテル＜東京都＞,神田（東京）,3.47,0.6175,3.78,0.695,http://img.travel.rakuten.co.jp/image/tr/api/hs/dQ4dX/?f_no=7588
4,1,3.42,0.605,0.901094680238,センチュリオンホテルが池袋に新規オープン！ビジネス・レジャーに好アクセス！,0.358,0.852345679012,4.1,0.775,4226.0,147111,4.35,0.8375,3.38,0.595,センチュリオンホテル池袋（２０１４年９月グランドオープン）,池袋,3.94,0.735,3.49,0.6225,http://img.travel.rakuten.co.jp/image/tr/api/hs/dQ4dX/?f_no=147111
4,3,4.15,0.7875,0.751603610524,世界８０カ国４，２００軒以上の世界最大級ホテルチェーンベストウェスタン！,0.558,0.753580246914,3.96,0.74,8118.0,69292,3.96,0.74,4.0,0.75,ベストウェスタン新宿　アスティナホテル東京,新宿,4.26,0.815,4.04,0.76,http://img.travel.rakuten.co.jp/image/tr/api/hs/dQ4dX/?f_no=69292
4,3,3.98,0.745,0.738083349337,汐留シオサイト、『イタリア街』に建つスタイリッシュホテル。最上階には宿泊者専用の大浴場も完備,0.499,0.782716049383,4.09,0.7725,8470.0,56758,3.72,0.68,4.25,0.8125,三井ガーデンホテル汐留イタリア街（２０１４年４月リニューアル）,浜松町,4.29,0.8225,4.08,0.77,http://img.travel.rakuten.co.jp/image/tr/api/hs/dQ4dX/?f_no=56758
4,0,4.03,0.7575,0.256769733052,東京駅丸の内北口正面。皇居、東京ディズニーランド、国際フォーラムに簡単アクセス　（丸ノ内ホテル）,0.239,0.911111111111,4.1,0.775,21001.0,5562,4.83,0.9575,3.75,0.6875,丸ノ内ホテル,東京,4.28,0.82,4.21,0.8025,http://img.travel.rakuten.co.jp/image/tr/api/hs/dQ4dX/?f_no=5562
4,1,3.77,0.6925,0.885730747071,駅近なのでビジネスにも観光にも便利です！銀座へは徒歩圏内。2階に大戸屋、１階にコンビニ有！,0.229,0.916049382716,4.02,0.755,4626.0,140984,4.57,0.8925,3.58,0.645,相鉄フレッサイン　新橋日比谷口,新橋,4.05,0.7625,3.97,0.7425,http://img.travel.rakuten.co.jp/image/tr/api/hs/dQ4dX/?f_no=140984
4,1,3.5,0.625,0.842519685039,駅チカ 都心にありながら自然のやすらぎに恵まれたホテル（JR東日本ホテルズ）,0.543,0.760987654321,3.4,0.6,5751.0,1725,3.97,0.7425,3.46,0.615,シーサイドホテル芝弥生＜ＪＲ東日本ホテルズ＞,浜松町,3.59,0.6475,3.74,0.685,http://img.travel.rakuten.co.jp/image/tr/api/hs/dQ4dX/?f_no=1725
4,1,3.34,0.585,0.844478586518,ＪＲ神田駅（東京駅隣）北口か西口から３分・バス・トイレ・アメニティー・ドライヤー・光回線・空冷蔵庫,0.253,0.904197530864,3.76,0.69,5700.0,5309,4.07,0.7675,3.78,0.695,グランドセントラルホテル＜東京都＞,神田（東京）,3.78,0.695,3.79,0.6975,http://img.travel.rakuten.co.jp/image/tr/api/hs/dQ4dX/?f_no=5309
4,3,4.04,0.76,0.74956788938,江戸風情や粋を取り入れつつ未来の浅草を表現した客室。皆様のお越しをお待ちいたしております。,0.176,0.942222222222,4.21,0.8025,8171.0,136139,4.38,0.845,4.29,0.8225,リッチモンドホテル浅草,浅草,4.35,0.8375,4.14,0.785,http://img.travel.rakuten.co.jp/image/tr/api/hs/dQ4dX/?f_no=136139
4,1,3.58,0.645,0.794507393893,ビジネスや観光の拠点として幅広くご利用いただけます。ご宿泊頂きましたお客様に朝食バイキングサービス,0.425,0.819259259259,3.86,0.715,7001.0,716,3.94,0.735,4.21,0.8025,アートホテルズ浜松町,浜松町,4.33,0.8325,3.89,0.7225,http://img.travel.rakuten.co.jp/image/tr/api/hs/dQ4dX/?f_no=716
4,1,3.56,0.64,0.965469560207,東京ドームまですぐという至便な立地ながら大通りより一本入った閑静なたたずまいのホテル。朝食サービス付,0.442,0.810864197531,4.19,0.7975,2550.0,462,4.16,0.79,3.83,0.7075,ホテルウィングインターナショナル後楽園,水道橋,3.72,0.68,4.32,0.83,http://img.travel.rakuten.co.jp/image/tr/api/hs/dQ4dX/?f_no=462
4,3,4.22,0.805,0.660072978683,２０１２年６月で３周年を迎えたホテル龍名館東京が、新しい和のおもてなしをお届けします。,0.455,0.804444444444,4.67,0.9175,10501.0,76496,4.73,0.9325,4.56,0.89,ホテル龍名館東京,東京,4.59,0.8975,4.34,0.835,http://img.travel.rakuten.co.jp/image/tr/api/hs/dQ4dX/?f_no=76496
4,1,3.5,0.625,0.82527367006,上野駅２分・全館Ｗｉ-Ｆｉ接続（無料）・携帯充電器・シモンズベッド・ロフテー枕・ズボンプレッサー完備,0.129,0.965432098765,3.63,0.6575,6200.0,129490,4.56,0.89,3.8,0.7,ホテルサンルート“ステラ”上野,上野,4.02,0.755,3.79,0.6975,http://img.travel.rakuten.co.jp/image/tr/api/hs/dQ4dX/?f_no=129490
4,1,3.66,0.665,0.802189360476,新橋駅烏森口から徒歩3分。ビジネス・銀座やお台場観光の拠点として最適。,0.27,0.895802469136,3.78,0.695,6801.0,68565,4.43,0.8575,3.31,0.5775,ホテルサンルート新橋,新橋,4.03,0.7575,3.87,0.7175,http://img.travel.rakuten.co.jp/image/tr/api/hs/dQ4dX/?f_no=68565
4,3,4.78,0.945,0.868945650086,JR蒲田駅西口徒歩1分。靴を脱いでゆったりと過ごす源泉掛け流し天然温泉が味わえる、客室付き温浴施設。,0.156,0.952098765432,4.08,0.77,5063.0,54491,4.61,0.9025,3.82,0.705,ＳＰＡ＆ＨＯＴＥＬ　和,蒲田,4.19,0.7975,4.11,0.7775,http://img.travel.rakuten.co.jp/image/tr/api/hs/dQ4dX/?f_no=54491
4,1,3.45,0.6125,0.775686575763,新宿駅西口徒歩３分、高速バスターミナルより徒歩3分　空港リムジンバス乗り場より徒歩5分　,0.403,0.83012345679,3.69,0.6725,7491.0,11230,4.59,0.8975,3.73,0.6825,かどやホテル＜東京都＞,新宿,3.78,0.695,3.96,0.74,http://img.travel.rakuten.co.jp/image/tr/api/hs/dQ4dX/?f_no=11230
4,1,3.15,0.5375,0.885730747071,池袋駅東口徒歩8分≪女性用アメニティ無料配布中≫【近隣にコンビニ、２４時間スーパーあり】,0.724,0.671604938272,3.57,0.6425,4626.0,7903,3.56,0.64,4.0,0.75,ホテルウィングインターナショナル池袋,池袋,3.58,0.645,3.72,0.68,http://img.travel.rakuten.co.jp/image/tr/api/hs/dQ4dX/?f_no=7903
4,1,3.58,0.645,0.73074707125,東京の主要エリアへ自在にアクセス。,0.3,0.880987654321,3.68,0.67,8661.0,1764,4.43,0.8575,4.09,0.7725,ホテルユニゾ新橋,新橋,3.97,0.7425,3.83,0.7075,http://img.travel.rakuten.co.jp/image/tr/api/hs/dQ4dX/?f_no=1764
4,1,3.74,0.685,0.784943345496,広めのお部屋で全客室に洗濯乾燥機、電子レンジもあって長期滞在に便利。別館は２分程離れた所にあります。,0.479,0.792592592593,3.94,0.735,7250.0,41703,4.08,0.77,3.79,0.6975,東急ステイ渋谷新南口,渋谷,4.15,0.7875,3.77,0.6925,http://img.travel.rakuten.co.jp/image/tr/api/hs/dQ4dX/?f_no=41703
4,3,3.79,0.6975,0.869406568081,東京スカイツリー（R）眺望の客室あり☆「大人のくつろぎ」と「安らかなひととき」を演出します。,0.104,0.977777777778,4.11,0.7775,5051.0,80619,4.26,0.815,4.05,0.7625,ホテル京阪浅草,浅草,4.3,0.825,4.08,0.77,http://img.travel.rakuten.co.jp/image/tr/api/hs/dQ4dX/?f_no=80619
4,1,3.39,0.5975,0.880929517957,新宿歌舞伎町のビジネスホテル★期間限定割引実施中★,0.739,0.664197530864,3.77,0.6925,4751.0,16373,3.8,0.7,3.67,0.6675,ホテル　シェーナ,新宿,3.6,0.65,3.77,0.6925,http://img.travel.rakuten.co.jp/image/tr/api/hs/dQ4dX/?f_no=16373
4,1,3.25,0.5625,0.827539850202,最新型VOD導入。全室インターネット回線接続可能。朝食フリーサービス。,0.065,0.997037037037,3.35,0.5875,6141.0,18166,4.53,0.8825,3.45,0.6125,Ｒ＆Ｂホテル大塚駅北口,大塚（東京）,3.65,0.6625,3.56,0.64,http://img.travel.rakuten.co.jp/image/tr/api/hs/dQ4dX/?f_no=18166
4,3,4.47,0.8675,0.856577683887,◆無料送迎実施中！東京ドームシティまで徒歩３分★朝食はうれしいバイキング！◆布団・枕　羽毛,0.44,0.811851851852,4.01,0.7525,5385.0,38649,4.03,0.7575,4.29,0.8225,炭酸泉人工温泉　楽楽の湯　ドーミーイン水道橋,水道橋,4.12,0.78,4.17,0.7925,http://img.travel.rakuten.co.jp/image/tr/api/hs/dQ4dX/?f_no=38649
4,3,3.78,0.695,0.859804109852,暮らすように泊まる。あなたらしいホテルステイ。キッチン・生活家電付のスタイリッシュなホテル,0.175,0.942716049383,4.32,0.83,5301.0,130043,4.46,0.865,4.22,0.805,レジデンシャルホテル　ビーコンテ浅草,浅草,4.6,0.9,4.06,0.765,http://img.travel.rakuten.co.jp/image/tr/api/hs/dQ4dX/?f_no=130043
4,3,4.4,0.85,0.752294987517,２０１４年１０月３日新規オープン！高濃度人工炭酸泉完備！新宿歌舞伎町に位置し新宿駅から徒歩８分。ビジネスや観光の拠点に最適,0.78,0.643950617284,4.13,0.7825,8100.0,147193,4.0,0.75,4.0,0.75,スーパーホテル新宿歌舞伎町（２０１４年１０月３日グランドオープン）,新宿,4.13,0.7825,4.19,0.7975,http://img.travel.rakuten.co.jp/image/tr/api/hs/dQ4dX/?f_no=147193
4,1,3.05,0.5125,0.679277895141,快適化計画進行中！テンピュール枕、液晶テレビ、加湿空気清浄機、除菌消臭スプレー、LANケーブルを完備,0.236,0.912592592593,3.55,0.6375,10001.0,509,4.68,0.92,4.29,0.8225,渋谷東急イン,渋谷,3.78,0.695,3.78,0.695,http://img.travel.rakuten.co.jp/image/tr/api/hs/dQ4dX/?f_no=509
4,1,3.39,0.5975,0.759938544267,銀座8丁目・並木通りに位置するレンガ色の建物,0.26,0.900740740741,3.65,0.6625,7901.0,767,4.49,0.8725,3.93,0.7325,銀座グランドホテル(旧：ホテルコムズ銀座）,新橋,3.8,0.7,3.78,0.695,http://img.travel.rakuten.co.jp/image/tr/api/hs/dQ4dX/?f_no=767
