n_clusters,cluster,bathAverage,bathScore,chargeScore,description,distance,distanceScore,equipmentAverage,equipmentScore,hotelMiddleCharge,id,locationAverage,locationScore,mealAverage,mealScore,name,nearestStation,roomAverage,roomScore,serviceAverage,serviceScore,url
4,1,3.54,0.635,0.640868062224,　,0.374,0.844444444444,3.77,0.6925,11001.0,19718,4.62,0.905,4.5,0.875,山の上ホテル＜東京都＞,御茶ノ水,4.08,0.77,4.69,0.9225,http://img.travel.rakuten.co.jp/image/tr/api/hs/dQ4dX/?f_no=19718
4,0,3.13,0.5325,0.902093335894,窮屈なビジネスホテルが多い中、ゆったりとしたお部屋で快適にお過ごし頂けるホテルです。駅からも近い。,0.147,0.956543209877,3.05,0.5125,4200.0,44059,4.29,0.8225,0.0,-0.25,大塚シティホテル,大塚（東京）,3.42,0.605,3.63,0.6575,http://img.travel.rakuten.co.jp/image/tr/api/hs/dQ4dX/?f_no=44059
4,1,3.86,0.715,0.909775302477,近所にコンビニ、銀座や汐留・お台場・丸の内どこへ行くにも絶好の立地。観光やビジネスに最適,0.45,0.806913580247,3.93,0.7325,4000.0,79388,3.9,0.725,4.17,0.7925,日比谷シティホテル,新橋,4.0,0.75,4.08,0.77,http://img.travel.rakuten.co.jp/image/tr/api/hs/dQ4dX/?f_no=79388
4,2,2.94,0.485,0.905934319186,◆全室高速ＬＡＮ、空気清浄機有完備。一部客室にはＤＶＤプレイヤーもあり。,0.293,0.884444444444,3.33,0.5825,4100.0,2335,3.76,0.69,4.0,0.75,ホテルサンライン蒲田,蒲田,3.56,0.64,3.7,0.675,http://img.travel.rakuten.co.jp/image/tr/api/hs/dQ4dX/?f_no=2335
4,1,3.98,0.745,0.8492414058,2011年11月オープン！新橋駅から徒歩3分とビジネス観光に大変便利。大浴場で疲れを癒して下さい。,0.258,0.901728395062,4.2,0.8,5576.0,135973,4.59,0.8975,3.67,0.6675,ホテル新橋三番館,新橋,4.17,0.7925,4.13,0.7825,http://img.travel.rakuten.co.jp/image/tr/api/hs/dQ4dX/?f_no=135973
4,1,3.75,0.6875,0.859804109852,浅草駅より徒歩３分。優雅さと気品に満ちたルーム。本館男性大浴場サウナあり。,0.316,0.873086419753,3.83,0.7075,5301.0,18476,4.57,0.8925,4.0,0.75,浅草セントラルホテル,浅草,3.92,0.73,4.14,0.785,http://img.travel.rakuten.co.jp/image/tr/api/hs/dQ4dX/?f_no=18476
4,1,3.7,0.675,0.870674092568,ＪＲ上野駅入谷出口より徒歩1分!朝はパンと飲み物をサービス！全室高速インターネット接続！,0.223,0.919012345679,3.5,0.625,5018.0,9518,4.4,0.85,4.0,0.75,サットンプレイスホテル上野,上野,3.9,0.725,3.8,0.7,http://img.travel.rakuten.co.jp/image/tr/api/hs/dQ4dX/?f_no=9518
4,1,4.37,0.8425,0.811791818706,東京駅から徒歩3分。男女別の大浴場「八重桜の湯」は健康イオン水大浴場と炭酸泉がお楽しみいただけます。,0.361,0.850864197531,4.18,0.795,6551.0,141356,4.79,0.9475,3.81,0.7025,スーパーホテルＬｏｈａｓ東京駅八重洲中央口　八重桜の湯,東京,4.3,0.825,4.36,0.84,http://img.travel.rakuten.co.jp/image/tr/api/hs/dQ4dX/?f_no=141356
4,1,4.11,0.7775,0.82527367006,全客室Wｉｆｉ可能！　川面を一望の展望露天風呂！　お仕事に観光に、どちらにも最適のホテルです,0.623,0.721481481481,3.83,0.7075,6200.0,819,4.32,0.83,3.9,0.725,超軟水展望大浴場　あさひ湯　ドーミーインＥＸＰＲＥＳＳ浅草（旧：ドーミーイン浅草）,浅草,3.81,0.7025,3.89,0.7225,http://img.travel.rakuten.co.jp/image/tr/api/hs/dQ4dX/?f_no=819
4,3,3.08,0.52,0.809756097561,便利な山手線大塚駅北口徒歩3分！都心へのアクセス抜群！アットホームな大塚駅北口Ⅰ,0.157,0.951604938272,3.33,0.5825,6604.0,108341,4.23,0.8075,3.38,0.595,東横イン大塚駅北口１,大塚（東京）,3.08,0.52,3.38,0.595,http://img.travel.rakuten.co.jp/image/tr/api/hs/dQ4dX/?f_no=108341
4,1,4.46,0.865,0.786863837142,美人の湯、熱の湯特徴を持った蒲田黒湯温泉で癒しののひととき。全室LANポート設置。羽田送客プランも有,0.174,0.943209876543,3.74,0.685,7200.0,568,4.78,0.945,3.27,0.5675,ホテル末広＜東京都＞,蒲田,3.65,0.6625,4.19,0.7975,http://img.travel.rakuten.co.jp/image/tr/api/hs/dQ4dX/?f_no=568
4,1,3.94,0.735,0.765700019205,【東京スカイツリー(R)フレンドシップホテル】粋な町・浅草らしさでおもてなし。,0.168,0.946172839506,4.02,0.755,7751.0,570,4.51,0.8775,4.43,0.8575,浅草ビューホテル,浅草,4.45,0.8625,4.13,0.7825,http://img.travel.rakuten.co.jp/image/tr/api/hs/dQ4dX/?f_no=570
4,2,2.96,0.49,0.878663337814,池袋駅徒歩５分♪朝食無料♪１階にミニスーパーまいばすけっと有り♪,0.56,0.752592592593,3.61,0.6525,4810.0,17979,3.71,0.6775,3.85,0.7125,スーパーホテルＩｎｎ池袋駅北口（旧　スーパーホテルＣｉｔｙ池袋北口）,池袋,3.73,0.6825,3.93,0.7325,http://img.travel.rakuten.co.jp/image/tr/api/hs/dQ4dX/?f_no=17979
4,3,3.25,0.5625,0.821432686768,ＪＲ上野駅より徒歩１分。ビジネス、観光等に交通の便よく、女性御一人でも安心してお泊りいただけます。,0.165,0.947654320988,3.6,0.65,6300.0,32060,5.0,1.0,4.0,0.75,ホテル　福屋＜東京都＞,上野,3.2,0.55,3.6,0.65,http://img.travel.rakuten.co.jp/image/tr/api/hs/dQ4dX/?f_no=32060
4,3,3.44,0.61,0.839446898406,JR新橋駅徒歩２分。銀座・汐留各方面アクセス抜群！清潔さ・安らぎ・合理化による低価格をご提供します。,0.189,0.935802469136,3.5,0.625,5831.0,28484,4.44,0.86,3.42,0.605,チェックイン新橋,新橋,3.27,0.5675,3.55,0.6375,http://img.travel.rakuten.co.jp/image/tr/api/hs/dQ4dX/?f_no=28484
4,1,4.08,0.77,0.9107355483,JR蒲田駅東口から徒歩１分！羽田空港行きシャトルバス乗り場も徒歩1分です。！,0.135,0.962469135802,4.14,0.785,3975.0,18246,4.49,0.8725,4.1,0.775,アーヴェストホテル蒲田（東口）,蒲田,4.12,0.78,4.01,0.7525,http://img.travel.rakuten.co.jp/image/tr/api/hs/dQ4dX/?f_no=18246
4,1,3.91,0.7275,0.782024198195,JR山手線大塚駅南口より徒歩１分！駐車場完備！車派も電車派も◎ワンランク上のウェディングスホテル！,0.059,1.0,4.15,0.7875,7326.0,839,4.7,0.925,3.94,0.735,ホテル　ベルクラシック東京,大塚（東京）,4.38,0.845,4.26,0.815,http://img.travel.rakuten.co.jp/image/tr/api/hs/dQ4dX/?f_no=839
4,1,4.27,0.8175,0.952026118686,女性に安心してお泊り頂けるホテルです。駅から徒歩3分、無線ＬＡＮ接続ご利用いただけます。,0.35,0.856296296296,3.99,0.7475,2900.0,18248,4.63,0.9075,4.67,0.9175,ビジネスホテル福千,南千住,4.09,0.7725,4.45,0.8625,http://img.travel.rakuten.co.jp/image/tr/api/hs/dQ4dX/?f_no=18248
4,0,3.0,0.5,0.928596120607,上野駅浅草口徒歩１分の駅前和室（タタミ）ホテル/ファミマ徒歩５秒（無償無線LANサービス有）,0.149,0.955555555556,2.17,0.2925,3510.0,18763,4.83,0.9575,0.0,-0.25,ホテル小松＜東京都＞,上野,2.17,0.2925,3.33,0.5825,http://img.travel.rakuten.co.jp/image/tr/api/hs/dQ4dX/?f_no=18763
4,3,3.38,0.595,0.850816208949,“清潔さ”“低価格”“安らぎ、安心”を追求し、新しいホテルのカタチをご提案します。,0.254,0.903703703704,3.6,0.65,5535.0,39247,4.39,0.8475,3.07,0.5175,アネックス　チェックイン新橋,新橋,3.21,0.5525,3.3,0.575,http://img.travel.rakuten.co.jp/image/tr/api/hs/dQ4dX/?f_no=39247
4,2,3.43,0.6075,0.88861148454,JR新宿駅東口から徒歩８分。広々お部屋　全室セミダブルベッド　ゆったりバスタブ。門限なし。,0.801,0.633580246914,3.53,0.6325,4551.0,1630,3.56,0.64,4.41,0.8525,政府登録ホテル白川郷,新宿,3.73,0.6825,3.61,0.6525,http://img.travel.rakuten.co.jp/image/tr/api/hs/dQ4dX/?f_no=1630
4,1,3.51,0.6275,0.779181870559,東京駅より１駅＆秋葉原までも徒歩10分♪コンビニ近隣にあります！サンキュープランがおススメです★,0.16,0.95012345679,3.71,0.6775,7400.0,18270,4.17,0.7925,3.58,0.645,京王プレッソイン神田,神田（東京）,4.06,0.765,3.97,0.7425,http://img.travel.rakuten.co.jp/image/tr/api/hs/dQ4dX/?f_no=18270
4,3,3.25,0.5625,0.87136546956,新橋駅から徒歩３分。銀座８丁目に有る立地条件の良いビジネスホテル。,0.262,0.89975308642,3.55,0.6375,5000.0,864,4.68,0.92,4.0,0.75,銀座国際ホテル,新橋,3.84,0.71,3.76,0.69,http://img.travel.rakuten.co.jp/image/tr/api/hs/dQ4dX/?f_no=864
4,1,3.54,0.635,0.814518916843,池袋エリアでビジネス・レジャーに交通至便。静かで落ち着いた雰囲気のホテルです。,0.078,0.990617283951,3.71,0.6775,6480.0,28512,4.01,0.7525,4.31,0.8275,ホテルメンテルス大塚,大塚（東京）,3.9,0.725,4.06,0.765,http://img.travel.rakuten.co.jp/image/tr/api/hs/dQ4dX/?f_no=28512
4,1,3.46,0.615,0.880929517957,池袋駅東口徒歩2分と絶好のロケーション。全室LAN接続無料。館内24時間営業のコンビニあり。,0.262,0.89975308642,3.75,0.6875,4751.0,610,4.67,0.9175,4.29,0.8225,第一イン池袋,池袋,4.13,0.7825,3.9,0.725,http://img.travel.rakuten.co.jp/image/tr/api/hs/dQ4dX/?f_no=610
4,1,3.49,0.6225,0.852506241598,■ＪＲ山手線大塚駅より徒歩3分！■焼き立てパン朝食無料！■全館Wi-Fi完備！■全室ワイドベッド！,0.187,0.936790123457,3.95,0.7375,5491.0,136288,4.31,0.8275,3.97,0.7425,スーパーホテル　東京・大塚,大塚（東京）,4.25,0.8125,4.17,0.7925,http://img.travel.rakuten.co.jp/image/tr/api/hs/dQ4dX/?f_no=136288
4,3,3.5,0.625,0.929710005761,ＪＲ蒲田駅徒歩0分！別館”和”の温泉＋岩盤浴が付いてるオトクなプランあり！ＶＯＤプランもオススメ！,0.1,0.97975308642,3.62,0.655,3481.0,101,4.76,0.94,3.79,0.6975,シティホテル弘城,蒲田,3.4,0.6,3.92,0.73,http://img.travel.rakuten.co.jp/image/tr/api/hs/dQ4dX/?f_no=101
4,3,3.25,0.5625,0.945265988093,大塚駅より徒歩２分と交通至便。リーズナブルな料金でビジネス出張に好適。,0.155,0.952592592593,3.34,0.585,3076.0,54885,4.4,0.85,3.5,0.625,ホテルサンターガス大塚店,大塚（東京）,3.2,0.55,3.72,0.68,http://img.travel.rakuten.co.jp/image/tr/api/hs/dQ4dX/?f_no=54885
4,1,3.72,0.68,0.88768964855,蒲田エリア最大室数！　羽田利用ならこのホテル！,0.202,0.929382716049,4.06,0.765,4575.0,142951,4.14,0.785,3.59,0.6475,相鉄フレッサイン　東京蒲田,蒲田,4.22,0.805,3.95,0.7375,http://img.travel.rakuten.co.jp/image/tr/api/hs/dQ4dX/?f_no=142951
4,2,3.41,0.6025,0.858882273862,【池袋東口5分！サンシャイン60近く】新鮮野菜と手作り料理の朝食が自慢。wifiルータ貸し出し中♪,0.477,0.793580246914,3.77,0.6925,5325.0,1128,4.09,0.7725,4.48,0.87,ホテルグランドシティ,池袋,3.71,0.6775,3.97,0.7425,http://img.travel.rakuten.co.jp/image/tr/api/hs/dQ4dX/?f_no=1128
4,1,4.63,0.9075,0.822969080085,平成２１年６月新装オープン。大浴場、サウナあり。洋室の他、和室、露天風呂付など客室１０タイプ。,0.485,0.78962962963,4.32,0.83,6260.0,74604,4.22,0.805,4.18,0.795,お茶の水ホテル昇龍館,御茶ノ水,4.31,0.8275,4.65,0.9125,http://img.travel.rakuten.co.jp/image/tr/api/hs/dQ4dX/?f_no=74604
4,2,3.92,0.73,0.876742846169,神田駅西口より徒歩２分の好立地に２０１０年１月オープン！室内はバスとトイレが別のデザイナーズ設計。,0.297,0.882469135802,2.94,0.485,4860.0,108143,3.89,0.7225,3.25,0.5625,ホテルメイン神田,神田（東京）,3.78,0.695,3.5,0.625,http://img.travel.rakuten.co.jp/image/tr/api/hs/dQ4dX/?f_no=108143
4,2,3.23,0.5575,0.940503168811,客室の窓からは浅草寺の境内がのぞめる部屋もあり散策が楽しめる。,0.539,0.762962962963,3.55,0.6375,3200.0,630,3.75,0.6875,4.09,0.7725,ヴィアイン浅草,浅草,3.96,0.74,3.72,0.68,http://img.travel.rakuten.co.jp/image/tr/api/hs/dQ4dX/?f_no=630
4,2,3.26,0.565,0.938544267332,2012年3月16日、新築オープン！東京駅より1駅2分/秋葉原（アキバ）へは徒歩10分の好アクセス！,0.358,0.852345679012,3.51,0.6275,3251.0,136820,3.62,0.655,3.41,0.6025,アパホテル＜神田駅東＞,神田（東京）,3.62,0.655,3.47,0.6175,http://img.travel.rakuten.co.jp/image/tr/api/hs/dQ4dX/?f_no=136820
4,3,3.27,0.5675,0.882081812944,アメ横に近く食事や買物に便利。スカイライナーで成田空港へ４４分、海外旅行の前泊や後泊にもご利用下さい,0.419,0.822222222222,3.53,0.6325,4721.0,104824,4.5,0.875,3.0,0.5,きぬや本館,上野,3.4,0.6,3.47,0.6175,http://img.travel.rakuten.co.jp/image/tr/api/hs/dQ4dX/?f_no=104824
4,1,3.57,0.6425,0.823314768581,【全室ダブルベット設置】【健康焼きたてパン朝食無料】【大好評健康イオン水客室給水】,0.539,0.762962962963,4.03,0.7575,6251.0,135551,4.1,0.775,4.13,0.7825,スーパーホテル浅草,浅草,4.3,0.825,4.09,0.7725,http://img.travel.rakuten.co.jp/image/tr/api/hs/dQ4dX/?f_no=135551
4,2,3.58,0.645,0.890570386019,羽田空港からのアクセス至便。明日の元気をくれる安らぎの時間。,0.424,0.81975308642,3.58,0.645,4500.0,80766,3.55,0.6375,3.4,0.6,ヴィラフォンテーヌ浜松町,浜松町,3.89,0.7225,3.79,0.6975,http://img.travel.rakuten.co.jp/image/tr/api/hs/dQ4dX/?f_no=80766
4,3,3.42,0.605,0.860149798348,近隣には、池袋サンシャイン、巣鴨地蔵があり、ビジネス・レジャーどちらも便利です,0.113,0.973333333333,3.33,0.5825,5292.0,108417,4.2,0.8,3.08,0.52,東横イン山手線大塚駅北口２,大塚（東京）,3.53,0.6325,3.13,0.5325,http://img.travel.rakuten.co.jp/image/tr/api/hs/dQ4dX/?f_no=108417
4,1,4.31,0.8275,0.525676973305,贅沢さより上質さにこだわった美しい和のホテルです。,0.314,0.874074074074,4.24,0.81,14000.0,78211,4.18,0.795,4.21,0.8025,庭のホテル　東京,水道橋,4.44,0.86,4.32,0.83,http://img.travel.rakuten.co.jp/image/tr/api/hs/dQ4dX/?f_no=78211
4,1,3.7,0.675,0.7138851546,駅至近にもかかわらず、館内は街の喧騒から一線を画し、またインターナショナルな雰囲気です。,0.36,0.851358024691,4.03,0.7575,9100.0,388,4.66,0.915,4.13,0.7825,ホテルメトロポリタン,池袋,4.07,0.7675,4.07,0.7675,http://img.travel.rakuten.co.jp/image/tr/api/hs/dQ4dX/?f_no=388
4,3,2.93,0.4825,0.938966775495,夫婦で40年夫婦善哉風に経営してきました。3丁目の夕日の映画のようなレトロな和室です。　　　,0.486,0.789135802469,2.93,0.4825,3240.0,18312,4.61,0.9025,5.0,1.0,一富士旅館＜東京都＞,浅草,3.11,0.5275,3.61,0.6525,http://img.travel.rakuten.co.jp/image/tr/api/hs/dQ4dX/?f_no=18312
4,2,3.18,0.545,0.882888419435,羽田空港までモノレールで20分★観光・ビジネスにアクセス抜群！！ 全室無料Wi-F完備！,0.625,0.72049382716,3.54,0.635,4700.0,398,3.44,0.61,4.39,0.8475,チサンホテル浜松町,浜松町,3.53,0.6325,3.64,0.66,http://img.travel.rakuten.co.jp/image/tr/api/hs/dQ4dX/?f_no=398
4,3,3.99,0.7475,0.890570386019,ＪＲ神田駅（東京駅隣）から徒歩１分。男女大浴場完備。インターネット接続無料（全室有線・無線ＬＡＮ),0.1,0.97975308642,3.36,0.59,4500.0,2958,4.51,0.8775,3.73,0.6825,セントラルホテル＜東京都＞,神田（東京）,3.13,0.5325,3.6,0.65,http://img.travel.rakuten.co.jp/image/tr/api/hs/dQ4dX/?f_no=2958
4,2,3.33,0.5825,0.919377760707,２０１２年５月１８日リニューアルオープン！浅草寺すぐ！ビジネス・観光拠点に！女性専用フロアあり,0.421,0.821234567901,3.48,0.62,3750.0,30094,3.52,0.63,3.5,0.625,浅草ホテル　和草(旧　ホテル栃木屋本店）,浅草,3.25,0.5625,3.7,0.675,http://img.travel.rakuten.co.jp/image/tr/api/hs/dQ4dX/?f_no=30094
4,2,2.86,0.465,0.87136546956,池袋駅徒歩7分！羽根布団使用。全館WiFi接続OK高速ＬＡＮ回線完備。,0.583,0.741234567901,2.89,0.4725,5000.0,7055,3.55,0.6375,4.23,0.8075,ホテル　オーエド＜HOTEL　OHEDO＞,池袋,3.27,0.5675,3.16,0.54,http://img.travel.rakuten.co.jp/image/tr/api/hs/dQ4dX/?f_no=7055
4,1,4.24,0.81,0.820741309775,浅草駅から徒歩５分・東京スカイツリーまで徒歩9分！当館は家庭的なご奉仕をモットーとする和風旅館です。,0.981,0.544691358025,3.97,0.7425,6318.0,41615,4.51,0.8775,4.87,0.9675,つるや旅館＜東京都＞,浅草,4.39,0.8475,4.68,0.92,http://img.travel.rakuten.co.jp/image/tr/api/hs/dQ4dX/?f_no=41615
4,1,3.79,0.6975,0.897484155944,ＪＲ上野駅から徒歩２分・コンビニまで３０秒と好立地！全館ネット接続可能（無料）☆,0.312,0.875061728395,3.78,0.695,4320.0,1680,4.48,0.87,4.14,0.785,上野東金屋ホテル,上野,3.91,0.7275,4.17,0.7925,http://img.travel.rakuten.co.jp/image/tr/api/hs/dQ4dX/?f_no=1680
4,2,3.63,0.6575,0.909775302477,2014年4月11日新築オープン！新橋駅徒歩6分！ビジネスにもレジャーにも都心各所へアクセス抜群！,0.47,0.797037037037,3.98,0.745,4000.0,145305,3.9,0.725,3.42,0.605,アパホテル＜新橋　虎ノ門＞,新橋,4.07,0.7675,3.75,0.6875,http://img.travel.rakuten.co.jp/image/tr/api/hs/dQ4dX/?f_no=145305
4,3,2.35,0.3375,0.864298060303,交通至便。周辺は飲食店が充実し、ビジネス・観光の拠点におすすめ★有線＆無線LAN接続可,0.115,0.972345679012,2.77,0.4425,5184.0,20639,4.24,0.81,3.33,0.5825,大塚ステーションホテル,大塚（東京）,2.66,0.415,3.11,0.5275,http://img.travel.rakuten.co.jp/image/tr/api/hs/dQ4dX/?f_no=20639
4,1,4.44,0.86,0.861724601498,２０１４年夏・ＮＥＷ　ＯＰＥＮ！羽田空港へアクセス◎全室バス・トイレ・洗面台独立の快適空間♪,0.26,0.900740740741,3.89,0.7225,5251.0,147101,4.41,0.8525,3.5,0.625,三交インＧｒａｎｄｅ東京浜松町,浜松町,4.46,0.865,3.73,0.6825,http://img.travel.rakuten.co.jp/image/tr/api/hs/dQ4dX/?f_no=147101
4,2,2.98,0.495,0.928980218936,シングルからご家族・グループ向けの４名１室のフォースまで幅広いタイプをご用意してお待ちしております。,0.255,0.903209876543,3.61,0.6525,3500.0,5024,3.97,0.7425,3.68,0.67,オリンピックイン神田,神田（東京）,4.05,0.7625,3.8,0.7,http://img.travel.rakuten.co.jp/image/tr/api/hs/dQ4dX/?f_no=5024
4,1,3.66,0.665,0.85596312656,東京ドームの前に位置し、JR水道橋駅西口から最も近いホテルです。全室無料無線LAN完備！,0.136,0.961975308642,3.75,0.6875,5401.0,7343,4.65,0.9125,3.53,0.6325,東京グリーンホテル後楽園,水道橋,3.86,0.715,3.83,0.7075,http://img.travel.rakuten.co.jp/image/tr/api/hs/dQ4dX/?f_no=7343
4,1,3.98,0.745,0.738083349337,汐留シオサイト、『イタリア街』に建つスタイリッシュホテル。最上階には宿泊者専用の大浴場も完備,0.499,0.782716049383,4.09,0.7725,8470.0,56758,3.72,0.68,4.25,0.8125,三井ガーデンホテル汐留イタリア街（２０１４年４月リニューアル）,浜松町,4.29,0.8225,4.08,0.77,http://img.travel.rakuten.co.jp/image/tr/api/hs/dQ4dX/?f_no=56758
4,2,3.34,0.585,0.844478586518,ＪＲ神田駅（東京駅隣）北口か西口から３分・バス・トイレ・アメニティー・ドライヤー・光回線・空冷蔵庫,0.253,0.904197530864,3.76,0.69,5700.0,5309,4.07,0.7675,3.78,0.695,グランドセントラルホテル＜東京都＞,神田（東京）,3.78,0.695,3.79,0.6975,http://img.travel.rakuten.co.jp/image/tr/api/hs/dQ4dX/?f_no=5309
4,1,3.79,0.6975,0.775302477434,地上43階の超高層ホテル★JR水道橋駅地下鉄4線の駅から徒歩1～6分と抜群のロケーション♪,0.18,0.94024691358,3.96,0.74,7501.0,4805,4.65,0.9125,4.07,0.7675,東京ドームホテル,水道橋,4.36,0.84,4.09,0.7725,http://img.travel.rakuten.co.jp/image/tr/api/hs/dQ4dX/?f_no=4805
4,1,4.04,0.76,0.74956788938,江戸風情や粋を取り入れつつ未来の浅草を表現した客室。皆様のお越しをお待ちいたしております。,0.176,0.942222222222,4.21,0.8025,8171.0,136139,4.38,0.845,4.29,0.8225,リッチモンドホテル浅草,浅草,4.35,0.8375,4.14,0.785,http://img.travel.rakuten.co.jp/image/tr/api/hs/dQ4dX/?f_no=136139
4,1,3.52,0.63,0.885730747071,JR・地下鉄御茶ノ水駅から徒歩3分の好立地でアクセス抜群。2010年にデザイナーズルームに変身。,0.25,0.905679012346,4.01,0.7525,4626.0,1993,4.62,0.905,3.65,0.6625,お茶の水イン,御茶ノ水,3.95,0.7375,4.34,0.835,http://img.travel.rakuten.co.jp/image/tr/api/hs/dQ4dX/?f_no=1993
4,1,3.58,0.645,0.794507393893,ビジネスや観光の拠点として幅広くご利用いただけます。ご宿泊頂きましたお客様に朝食バイキングサービス,0.425,0.819259259259,3.86,0.715,7001.0,716,3.94,0.735,4.21,0.8025,アートホテルズ浜松町,浜松町,4.33,0.8325,3.89,0.7225,http://img.travel.rakuten.co.jp/image/tr/api/hs/dQ4dX/?f_no=716
4,3,3.4,0.6,0.856001536393,アットホームで比較的静かな落ち着いた雰囲気のホテル,0.491,0.786666666667,3.1,0.525,5400.0,1996,3.93,0.7325,3.48,0.62,ビジネスホテル　山陽会館,渋谷,2.98,0.495,3.68,0.67,http://img.travel.rakuten.co.jp/image/tr/api/hs/dQ4dX/?f_no=1996
4,2,3.24,0.56,0.875168043019,楽天トラベルアワード受賞記念プラン、クオカードプランなど嬉しい特典付きプランが人気☆駅から3分♪,0.293,0.884444444444,3.69,0.6725,4901.0,4819,3.89,0.7225,3.41,0.6025,アーバイン東京・羽田　蒲田,蒲田,3.86,0.715,3.69,0.6725,http://img.travel.rakuten.co.jp/image/tr/api/hs/dQ4dX/?f_no=4819
4,1,3.5,0.625,0.82527367006,上野駅２分・全館Ｗｉ-Ｆｉ接続（無料）・携帯充電器・シモンズベッド・ロフテー枕・ズボンプレッサー完備,0.129,0.965432098765,3.63,0.6575,6200.0,129490,4.56,0.89,3.8,0.7,ホテルサンルート“ステラ”上野,上野,4.02,0.755,3.79,0.6975,http://img.travel.rakuten.co.jp/image/tr/api/hs/dQ4dX/?f_no=129490
4,3,3.18,0.545,0.955252544651,本館1階にコインランドリーがオープンしました(24時間営業)。,0.405,0.829135802469,2.9,0.475,2816.0,70358,4.0,0.75,3.13,0.5325,サクラホテル池袋,池袋,2.92,0.48,3.17,0.5425,http://img.travel.rakuten.co.jp/image/tr/api/hs/dQ4dX/?f_no=70358
4,1,4.78,0.945,0.868945650086,JR蒲田駅西口徒歩1分。靴を脱いでゆったりと過ごす源泉掛け流し天然温泉が味わえる、客室付き温浴施設。,0.156,0.952098765432,4.08,0.77,5063.0,54491,4.61,0.9025,3.82,0.705,ＳＰＡ＆ＨＯＴＥＬ　和,蒲田,4.19,0.7975,4.11,0.7775,http://img.travel.rakuten.co.jp/image/tr/api/hs/dQ4dX/?f_no=54491
4,3,2.55,0.3875,0.909775302477,上野駅正面に位置し、交通至便。全室無料Wi－Fi接続。空調は個別温度調整可能。,0.29,0.885925925926,3.27,0.5675,4000.0,1500,4.75,0.9375,3.75,0.6875,ツーリストホテル,上野,3.33,0.5825,3.92,0.73,http://img.travel.rakuten.co.jp/image/tr/api/hs/dQ4dX/?f_no=1500
4,2,3.13,0.5325,0.870366813904,東京メトロ副都心線池袋駅から徒歩１分で交通至便。シングルルームには、テンピュールの枕を使用。,0.385,0.839012345679,3.4,0.6,5026.0,996,3.9,0.725,3.5,0.625,ホテルスタープラザ池袋,池袋,3.55,0.6375,3.6,0.65,http://img.travel.rakuten.co.jp/image/tr/api/hs/dQ4dX/?f_no=996
4,2,3.82,0.705,0.95970808527,２００９年８月改装オープン！★PC、モバイルから明月までの道案内をご覧いただけるようになりました★,0.427,0.818271604938,3.94,0.735,2700.0,80873,3.53,0.6325,3.0,0.5,ホテル明月,南千住,3.83,0.7075,4.11,0.7775,http://img.travel.rakuten.co.jp/image/tr/api/hs/dQ4dX/?f_no=80873
4,2,3.39,0.5975,0.829076243518,★☆★2012年8月客室リニューアルオープン★☆★ＪＲ大塚駅北口から徒歩３分！,0.181,0.93975308642,3.37,0.5925,6101.0,50921,3.81,0.7025,4.33,0.8325,大塚タウンホテル,大塚（東京）,3.72,0.68,3.56,0.64,http://img.travel.rakuten.co.jp/image/tr/api/hs/dQ4dX/?f_no=50921
4,1,4.07,0.7675,0.934741693874,ビジネスから旅行まで幅広く使える簡易ホテル。無線・有線ＬＡＮ環境及びコイン式インターネット設置。,0.655,0.705679012346,4.27,0.8175,3350.0,43759,3.79,0.6975,4.0,0.75,ホテル　ヒカリ,南千住,4.0,0.75,4.45,0.8625,http://img.travel.rakuten.co.jp/image/tr/api/hs/dQ4dX/?f_no=43759
4,1,4.26,0.815,0.837718455925,２０１４年８月１５日オープン！東京ドームへ徒歩２分！全室WiFi無料！都内中心部の好立地！,0.457,0.803456790123,4.44,0.86,5876.0,146928,4.54,0.885,3.8,0.7,リッチモンドホテル東京水道橋（２０１４年８月１５日オープン）,水道橋,4.42,0.855,4.27,0.8175,http://img.travel.rakuten.co.jp/image/tr/api/hs/dQ4dX/?f_no=146928
4,1,4.47,0.8675,0.856577683887,◆無料送迎実施中！東京ドームシティまで徒歩３分★朝食はうれしいバイキング！◆布団・枕　羽毛,0.44,0.811851851852,4.01,0.7525,5385.0,38649,4.03,0.7575,4.29,0.8225,炭酸泉人工温泉　楽楽の湯　ドーミーイン水道橋,水道橋,4.12,0.78,4.17,0.7925,http://img.travel.rakuten.co.jp/image/tr/api/hs/dQ4dX/?f_no=38649
4,1,3.78,0.695,0.859804109852,暮らすように泊まる。あなたらしいホテルステイ。キッチン・生活家電付のスタイリッシュなホテル,0.175,0.942716049383,4.32,0.83,5301.0,130043,4.46,0.865,4.22,0.805,レジデンシャルホテル　ビーコンテ浅草,浅草,4.6,0.9,4.06,0.765,http://img.travel.rakuten.co.jp/image/tr/api/hs/dQ4dX/?f_no=130043
4,0,3.63,0.6575,0.98893796812,東京バックパッカーズ　南千住駅南口より徒歩８分　男女別ドミトリーのゲストハウス,0.773,0.647407407407,3.5,0.625,1939.0,40956,3.38,0.595,0.0,-0.25,東京バックパッカーズ,南千住,3.88,0.72,4.13,0.7825,http://img.travel.rakuten.co.jp/image/tr/api/hs/dQ4dX/?f_no=40956
