user,id,equipmentScore,equipmentScore_pdf,equipmentScore_cdf,roomScore,roomScore_pdf,roomScore_cdf,mealScore,mealScore_pdf,mealScore_cdf,serviceScore,serviceScore_pdf,serviceScore_cdf,locationScore,locationScore_pdf,locationScore_cdf
4,101,0.655,3.45577367029,0.3252959062837546
,0.6000000000000001,1.55158210157,0.11259627140849388
,0.6975,3.12678976378,0.4928909078216862
,0.73,4.63399264251,0.522822676093089
,0.9400000000000001,1.78901623493,0.9184625183743559
4,192,0.63,2.84747368942,0.2465150979899573
,0.6775,2.79702638216,0.27254934829163724
,0.6675,2.99296508528,0.4007003511491144
,0.66,3.42482754237,0.2300606691149244
,0.745,2.91593342102,0.25138585663566504
4,223,0.6375000000000001,3.02832526104,0.26854599319693306
,0.605,1.5958822854,0.12046423027074443
,0.5825,2.0134654307,0.18359975711151438
,0.6775,3.8855488623,0.2941276802083336
,0.605,0.672907476622,0.03406564820680557
4,388,0.7575000000000001,3.87634913745,0.7447915453979834
,0.7675000000000001,4.02282024025,0.5966733036087448
,0.7825000000000001,2.54293915961,0.7438707202611139
,0.7675000000000001,4.26919467846,0.6926472350193718
,0.915,2.51231652098,0.8647394229159354
4,398,0.635,2.96746879662,0.2610513450403876
,0.6325000000000001,1.90635335031,0.16827818963266772
,0.847499999999999,1.51399724066,0.8760118146102384
,0.66,3.42482754237,0.2300606691149244
,0.61,0.718221094876,0.037543046009481044
4,462,0.7975000000000001,2.58282522699,0.8756485872419264
,0.68,2.85478300716,0.2796141170820604
,0.7075,3.13405942218,0.5242119339579898
,0.8300000000000001,2.09838779068,0.8963488797167402
,0.79,3.95616505704,0.40860234289417746
4,509,0.6375000000000001,3.02832526104,0.26854599319693306
,0.6950000000000001,3.19313817314,0.3250006627910036
,0.8225,1.91217121658,0.8332427545086987
,0.6950000000000001,4.25920955462,0.3655446762673523
,0.919999999999999,2.36726015269,0.8769391089601879
4,568,0.685,4.070692327,0.4388021968040602
,0.6625,2.45740590835,0.2331658486447894
,0.5675,1.80059391972,0.15499379628872623
,0.7975000000000001,3.34478760816,0.8080007200437123
,0.9450000000000001,1.65098837682,0.9270607871081004
4,570,0.754999999999999,3.93487105564,0.7350267605591957
,0.8625,2.09634843606,0.9143043562189637
,0.857499999999999,1.36536607332,0.8904019422300038
,0.7825000000000001,3.86438286832,0.7538190875143693
,0.8775000000000001,3.4445123,0.7519202415250417
4,610,0.6875,4.10902847235,0.4490273603118201
,0.7825000000000001,3.96357054651,0.6566865531991122
,0.8225,1.91217121658,0.8332427545086987
,0.725,4.61667372641,0.499690332588306
,0.9175000000000001,2.44001164933,0.8709299439459124
4,630,0.6375000000000001,3.02832526104,0.26854599319693306
,0.74,3.90908802554,0.48698746949210814
,0.7725000000000001,2.67991390607,0.7177455993945281
,0.68,3.94503484634,0.30391629444088236
,0.6875,1.61451884115,0.12489307247264037
4,658,0.54,1.29760013012,0.06627464717788673
,0.59,1.46540570828,0.09751174499518306
,0.63,2.63853444975,0.29457309603341714
,0.5775,1.17599818381,0.04445656224397093
,0.665,1.30032000402,0.09223795241668961
4,659,0.5925,2.08654153822,0.15486616183711144
,0.645,2.10782432908,0.19332165824689684
,0.62,2.51859671856,0.2687803675860021
,0.6125,2.04646304178,0.10027104800202569
,0.65,1.12275794375,0.07408844466331979
4,716,0.715,4.34607333758,0.5661118252524352
,0.8325,3.05325416676,0.8366940666899975
,0.8025,2.23766534442,0.7917322167622634
,0.7225,4.60300358866,0.488165057046
,0.735,2.63812079147,0.2236233856900881
4,767,0.6625,3.63051037762,0.35187532058609794
,0.7000000000000001,3.29913522498,0.34123330038438404
,0.7325,3.06100715179,0.6019266472303153
,0.6950000000000001,4.25920955462,0.3655446762673523
,0.8725,3.53805030137,0.7344605758787931
4,839,0.7875000000000001,2.94535486509,0.8480022559459666
,0.845,2.67351569887,0.8725297383966892
,0.735,3.04639423633,0.6095611739651209
,0.8150000000000001,2.66779621607,0.8606552753662552
,0.925,2.22109851962,0.8884101833987188
4,858,0.635,2.96746879662,0.2610513450403876
,0.65,2.20035197669,0.20408937194927035
,0.5675,1.80059391972,0.15499379628872623
,0.61,1.97800267827,0.09524064217725181
,0.6475000000000001,1.09485667647,0.0713165150273696
4,864,0.6375000000000001,3.02832526104,0.26854599319693306
,0.71,3.49481805905,0.3752230419128251
,0.75,2.93156412093,0.6544531519824484
,0.6900000000000001,4.16317274709,0.3444848898844237
,0.919999999999999,2.36726015269,0.8769391089601879
4,922,0.595,2.12875636947,0.16013506696325008
,0.5750000000000001,1.32838130333,0.07653652421910925
,0.4525,0.520826691496,0.029912598363299948
,0.605,1.84370739767,0.08568786200015718
,0.6825,1.53800638848,0.11701366249166723
4,930,0.75,4.04072501902,0.715081450939494
,0.7925000000000001,3.8708524333,0.6958955588677065
,0.7125,3.13002623262,0.5398743153209252
,0.78,3.94103479467,0.7440616174534249
,0.885,3.28936052448,0.7771834575295569
4,995,0.51,0.842956183359,0.034211521266918496
,0.5325,0.812818419063,0.030414606603680776
,0.7875000000000001,2.46994359424,0.7564040460710753
,0.5775,1.17599818381,0.04445656224397093
,0.65,1.12275794375,0.07408844466331979
4,996,0.6000000000000001,2.21649878788,0.17099628688395335
,0.6375000000000001,1.9817368543,0.1779955412938433
,0.625,2.57962648496,0.28152676891339423
,0.65,3.13708287711,0.19724129629400722
,0.725,2.37547082408,0.19857235377992494
4,1119,0.545,1.37319265566,0.07295195558833045
,0.58,1.37610614612,0.08329879872096732
,0.5,0.939277376575,0.06393019382164235
,0.6000000000000001,1.71311309826,0.07679739701829413
,0.7325,2.57062057349,0.21711267906137333
4,1128,0.6925,4.17808664667,0.4697494804873681
,0.6775,2.79702638216,0.27254934829163724
,0.8700000000000001,1.19201793476,0.9063700758322604
,0.7425,4.61414051592,0.580721401795183
,0.7725000000000001,3.64038027398,0.3418966544381969
4,1186,0.6175,2.5632008203,0.21272581904581522
,0.6625,2.45740590835,0.2331658486447894
,0.5750000000000001,1.90708113644,0.16889741705483652
,0.7225,4.60300358866,0.488165057046
,0.67,1.36421146997,0.09889813309059306
4,1356,0.774999999999999,3.37509486629,0.8084570817087626
,0.8125,3.5492909571,0.7704023321823217
,0.79,2.43248842367,0.7625322103920706
,0.7575000000000001,4.45824945707,0.6489532196773221
,0.925,2.22109851962,0.8884101833987188
4,1357,0.78,3.20821347465,0.8249187204888875
,0.8075000000000001,3.64683600979,0.7524073110383983
,0.76,2.83053738896,0.6832791065976112
,0.8025,3.15522154165,0.8242530341951221
,0.835,4.01791959727,0.5916386782512837
4,1386,0.7025,4.28326496222,0.5120943572260046
,0.7425,3.93044272203,0.4967873248000898
,0.5825,2.0134654307,0.18359975711151438
,0.6975,4.30370982662,0.3762488262318161
,0.8600000000000001,3.73913835614,0.6889312561788765
4,1404,0.6725,3.84494471154,0.38927359349871804
,0.7875000000000001,3.9227456262,0.6764068961661518
,0.75,2.93156412093,0.6544531519824484
,0.6725,3.76128588976,0.27500776616781664
,0.75,3.05656410177,0.2663172744494307
4,1500,0.5675,1.70408308076,0.10759390964003501
,0.5825,1.39908249118,0.08676789563839629
,0.6875,3.09995275161,0.4617413954177145
,0.73,4.63399264251,0.522822676093089
,0.9375,1.85948337349,0.913902075010075
4,1501,0.505,0.771219111652,0.030177008632996827
,0.6025,1.57352157503,0.11650257732482722
,0.55,1.55567138866,0.1256376042834117
,0.6425000000000001,2.91576932075,0.1745414478141586
,0.9450000000000001,1.65098837682,0.9270607871081004
4,1511,0.52,0.991874314902,0.04338073450540891
,0.54,0.914643721639,0.03689354048288421
,0.6075,2.35803243224,0.2382905165214248
,0.6125,2.04646304178,0.10027104800202569
,0.8700000000000001,3.58192075024,0.7255602161611099
4,1556,0.6625,3.63051037762,0.35187532058609794
,0.705,3.39997422445,0.35798340964625897
,0.705,3.13413773972,0.5163764205362777
,0.675,3.82426556853,0.2844900480376957
,0.7825000000000001,3.84080281885,0.37934374892751654
4,1630,0.6325000000000001,2.90713840414,0.2537082105627112
,0.6825,2.91242142165,0.2868231647640681
,0.8525,1.43867807144,0.8833927091877833
,0.6525000000000001,3.21005953001,0.2051753376012725
,0.64,1.01356963181,0.06341209687139357
4,1667,0.6625,3.63051037762,0.35187532058609794
,0.6175,1.71872327796,0.14115732015644122
,0.75,2.93156412093,0.6544531519824484
,0.68,3.94503484634,0.30391629444088236
,0.8,4.0591109917,0.44872761828717483
4,1680,0.6950000000000001,4.20862759987,0.48023344245895916
,0.7275,3.77102257746,0.43893304587413107
,0.784999999999999,2.5067770617,0.7501830105262555
,0.7925000000000001,3.52766875464,0.7908163052505273
,0.8700000000000001,3.58192075024,0.7255602161611099
4,1725,0.6000000000000001,2.21649878788,0.17099628688395335
,0.6475000000000001,2.15326989766,0.19864767909679892
,0.615,2.45564141182,0.25634401107264565
,0.685,4.0582380354,0.3239277816461129
,0.7425,2.84570734019,0.24418385987418173
4,1764,0.67,3.79376938062,0.37972482935260854
,0.7425,3.93044272203,0.4967873248000898
,0.7725000000000001,2.67991390607,0.7177455993945281
,0.7075,4.45665282583,0.42008496038778664
,0.857499999999999,3.77413644332,0.6795393196670378
4,1770,0.5775,1.85109081822,0.1253665140660899
,0.64,2.02203168492,0.18299988871782463
,0.635,2.69512553839,0.30790825193131177
,0.6025,1.77793434912,0.08116100553738083
,0.835,4.01791959727,0.5916386782512837
4,1799,0.8400000000000001,1.213484596,0.9545962582001839
,0.885,1.37579898766,0.9532080704245104
,0.8250000000000001,1.87133104981,0.837972111877039
,0.81,2.8635818471,0.846827031360292
,0.8,4.0591109917,0.44872761828717483
4,1872,0.6075,2.35727805476,0.18814077928790007
,0.6475000000000001,2.15326989766,0.19864767909679892
,0.6075,2.35803243224,0.2382905165214248
,0.66,3.42482754237,0.2300606691149244
,0.9475,1.58364907244,0.9311038335998336
4,1927,0.5775,1.85109081822,0.1253665140660899
,0.5775,1.35256058473,0.07988783956590018
,0.5,0.939277376575,0.06393019382164235
,0.66,3.42482754237,0.2300606691149244
,0.8400000000000001,3.97492586567,0.6116236406815787
4,1996,0.525,1.06804434057,0.048530233142412255
,0.495,0.346302966343,0.009107390136661328
,0.62,2.51859671856,0.2687803675860021
,0.67,3.69671605795,0.2656849438575526
,0.7325,2.57062057349,0.21711267906137333
4,1997,0.6625,3.63051037762,0.35187532058609794
,0.685,2.96977444558,0.29417598626836167
,0.7775000000000001,2.61305503942,0.7309794548550275
,0.6900000000000001,4.16317274709,0.3444848898844237
,0.67,1.36421146997,0.09889813309059306
4,2335,0.5825,1.92680602745,0.1348103759556524
,0.64,2.02203168492,0.18299988871782463
,0.75,2.93156412093,0.6544531519824484
,0.675,3.82426556853,0.2844900480376957
,0.6900000000000001,1.65456237309,0.128979162801766
4,2465,0.7775000000000001,3.29266463032,0.816792228432863
,0.6675,2.56819569182,0.24572840620140163
,-0.25,1.31012233074e-18,1.1585878956068959e-20
,0.7225,4.60300358866,0.488165057046
,0.7225,2.31327693896,0.19271174057759827
4,2605,0.3025,8.21969962561e-05,9.799528056084648e-07
,0.339999999999999,2.14643710101e-05,2.0807783266903894e-07
,-0.25,1.31012233074e-18,1.1585878956068959e-20
,0.339999999999999,1.0866038945e-06,9.956916272450095e-09
,0.59,0.543094391182,0.024957302795236808
4,2876,0.794999999999999,2.67393403739,0.8690776366497704
,0.8174999999999991,3.44062095061,0.7878816690697196
,0.6075,2.35803243224,0.2382905165214248
,0.8400000000000001,1.75208655267,0.9155723747233759
,0.9550000000000001,1.38945284506,0.9422452479529559
4,2877,0.75,4.04072501902,0.715081450939494
,0.6725,2.68183539075,0.2588525611749569
,0.6875,3.09995275161,0.4617413954177145
,0.635,2.69340082742,0.15350736222976458
,0.8075000000000001,4.09857032346,0.47933847338998836
4,2958,0.59,2.04532844494,0.14970152428250555
,0.5325,0.812818419063,0.030414606603680776
,0.6825,3.07959478157,0.4462906598870855
,0.65,3.13708287711,0.19724129629400722
,0.8775000000000001,3.4445123,0.7519202415250417
4,4771,0.635,2.96746879662,0.2610513450403876
,0.705,3.39997422445,0.35798340964625897
,0.6025,2.29113652726,0.2266670430470288
,0.705,4.42231250156,0.4089856958258338
,0.8975000000000001,2.99220273954,0.8164912643002079
4,4778,0.7125,4.34005229433,0.5552534615380824
,0.774999999999999,4.00472732879,0.6267906509282497
,0.7875000000000001,2.46994359424,0.7564040460710753
,0.6875,4.11177980995,0.3341407434029729
,0.9400000000000001,1.78901623493,0.9184625183743559
4,4801,0.625,2.73064477168,0.23257132045334578
,0.64,2.02203168492,0.18299988871782463
,0.7075,3.13405942218,0.5242119339579898
,0.735,4.63728044939,0.5460068745520126
,0.764999999999999,3.46113377138,0.3152527269608223
4,4805,0.74,4.20574744345,0.6737964306293549
,0.8400000000000001,2.83032582128,0.8587677825983366
,0.7675000000000001,2.74315949078,0.7041863393512007
,0.7725000000000001,4.14957808792,0.7137009226086394
,0.9125000000000001,2.58400470689,0.8583688753121115
4,4819,0.6725,3.84494471154,0.38927359349871804
,0.715,3.58298623763,0.39292045584983726
,0.6025,2.29113652726,0.2266670430470288
,0.6725,3.76128588976,0.27500776616781664
,0.7225,2.31327693896,0.19271174057759827
4,4977,0.725,4.33505985626,0.6095653139351795
,0.685,2.96977444558,0.29417598626836167
,0.64,2.74920503071,0.3215201654478922
,0.71,4.48827930053,0.4312666984874683
,0.8500000000000001,3.86952465791,0.6508667430275088
4,5024,0.6525000000000001,3.3957235235,0.3167313874196676
,0.7625000000000001,4.0226473191,0.5765556489926373
,0.67,3.00992406875,0.4082041631916673
,0.7000000000000001,4.34577240375,0.3870611939654974
,0.7425,2.84570734019,0.24418385987418173
4,5041,0.454999999999999,0.235166819662,0.006559763223257932
,0.47750000000000004,0.196023968193,0.004440871211740942
,0.75,2.93156412093,0.6544531519824484
,0.41000000000000003,0.000643902119258,7.886703029295576e-06
,0.6375000000000001,0.987222801234,0.060911180708131604
4,5303,0.47250000000000003,0.379854312421,0.011871856386132463
,0.5,0.39892626058,0.010968773286400814
,0.25,0.00526787507577,0.00014026949451339908
,0.75,4.5550936142,0.6151291625253064
,0.8600000000000001,3.73913835614,0.6889312561788765
4,5309,0.6900000000000001,4.14485729998,0.45934524962363604
,0.6950000000000001,3.19313817314,0.3250006627910036
,0.6950000000000001,3.12186822721,0.4850798321967834
,0.6975,4.30370982662,0.3762488262318161
,0.7675000000000001,3.52319809719,0.3239835813391009
4,5385,0.5875,2.00503045139,0.1446387568684633
,0.6000000000000001,1.55158210157,0.11259627140849388
,0.7625000000000001,2.80246103295,0.6903205795325524
,0.6075,1.9104065016,0.09038031432855971
,0.8425,3.95093354362,0.6215313009012701
4,5562,0.774999999999999,3.37509486629,0.8084570817087626
,0.8200000000000001,3.38224543701,0.7964108018312072
,0.6875,3.09995275161,0.4617413954177145
,0.8025,3.15522154165,0.8242530341951221
,0.9575,1.32758313434,0.9456412287833285
4,5627,0.5225000000000001,1.0298699403,0.04590787100452209
,0.66,2.4034587834,0.22708999355210885
,0.6675,2.99296508528,0.4007003511491144
,0.59,1.4637841275,0.06092645613886288
,0.59,0.543094391182,0.024957302795236808
4,5729,0.5225000000000001,1.0298699403,0.04590787100452209
,0.545,0.981180560148,0.041633735325617816
,0.5,0.939277376575,0.06393019382164235
,0.5,0.127032432809,0.002635122664277168
,0.6375000000000001,0.987222801234,0.060911180708131604
4,7055,0.47250000000000003,0.379854312421,0.011871856386132463
,0.5675,1.25157091714,0.06685752854187507
,0.8075000000000001,2.15717297667,0.8027197516485511
,0.54,0.4991171359,0.013994497529440458
,0.6375000000000001,0.987222801234,0.060911180708131604
4,7341,0.6125,2.45763411363,0.20017586470850895
,0.754999999999999,4.0048295674,0.5464396789240029
,0.5,0.939277376575,0.06393019382164235
,0.7000000000000001,4.34577240375,0.3870611939654974
,0.7675000000000001,3.52319809719,0.3239835813391009
4,7342,0.545,1.37319265566,0.07295195558833045
,0.56,1.16786163496,0.05778028660631575
,0.59,2.11902097239,0.19909732663806237
,0.5875,1.40403975075,0.057341897910172496
,0.847499999999999,3.89820902683,0.6411567549885697
4,7343,0.6875,4.10902847235,0.4490273603118201
,0.715,3.58298623763,0.39292045584983726
,0.6325000000000001,2.6671317723,0.3012053020176586
,0.7075,4.45665282583,0.42008496038778664
,0.9125000000000001,2.58400470689,0.8583688753121115
4,7588,0.6725,3.84494471154,0.38927359349871804
,0.6175,1.71872327796,0.14115732015644122
,0.6025,2.29113652726,0.2266670430470288
,0.6950000000000001,4.25920955462,0.3655446762673523
,0.8150000000000001,4.10828712298,0.510131714862144
4,7599,0.5625,1.63139000391,0.09925523951711811
,0.5675,1.25157091714,0.06685752854187507
,0.75,2.93156412093,0.6544531519824484
,0.6000000000000001,1.71311309826,0.07679739701829413
,0.9500000000000001,1.51755752346,0.9349800725398069
4,7903,0.6425000000000001,3.15101316849,0.28399397179273933
,0.645,2.10782432908,0.19332165824689684
,0.75,2.93156412093,0.6544531519824484
,0.68,3.94503484634,0.30391629444088236
,0.64,1.01356963181,0.06341209687139357
4,8207,0.7375,4.2370908948,0.6632420553475906
,0.6575000000000001,2.35066145138,0.22114759625464314
,0.6625,2.95622112874,0.385825843495508
,0.6975,4.30370982662,0.3762488262318161
,0.7775000000000001,3.74677150145,0.3603693826645011
4,8290,0.7825000000000001,3.1219999328,0.8328318269426851
,0.8325,3.05325416676,0.8366940666899975
,0.8925000000000001,0.920467664466,0.9300335926546531
,0.77,4.21141327923,0.7032488501581409
,0.8300000000000001,4.05371939897,0.571456419975432
4,8961,0.6325000000000001,2.90713840414,0.2537082105627112
,0.6025,1.57352157503,0.11650257732482722
,0.535,1.35462100784,0.10382387345178692
,0.6625,3.49460132802,0.23871017534452849
,0.9075000000000001,2.72486466503,0.8450951225373344
4,9191,0.605,2.30907088907,0.18230811496047084
,0.63,1.8712159193,0.16355657611044527
,0.5825,2.0134654307,0.18359975711151438
,0.685,4.0582380354,0.3239277816461129
,0.6825,1.53800638848,0.11701366249166723
4,9518,0.625,2.73064477168,0.23257132045334578
,0.725,3.73729686002,0.429547231383653
,0.75,2.93156412093,0.6544531519824484
,0.7000000000000001,4.34577240375,0.3870611939654974
,0.8500000000000001,3.86952465791,0.6508667430275088
4,10630,0.6675,3.74087805714,0.37030617678149
,0.7225,3.70159352614,0.42024820972238086
,0.58,1.97806011934,0.17861033380170682
,0.7275,4.62703644261,0.5112456695739201
,0.867499999999999,3.62391392639,0.7165525366893001
4,10672,0.535,1.2213330614,0.059977085505130305
,0.6425000000000001,2.06406671312,0.188107150356636
,-0.25,1.31012233074e-18,1.1585878956068959e-20
,0.6075,1.9104065016,0.09038031432855971
,0.9275,2.14802438171,0.8938715574325848
4,11039,0.7625000000000001,3.74868109401,0.763859874746704
,0.8425,2.75262642822,0.8657467854880843
,0.715,3.12604850571,0.5476946828454518
,0.735,4.63728044939,0.5460068745520126
,0.8125,4.10814067667,0.4998605608763439
4,11140,0.5775,1.85109081822,0.1253665140660899
,0.6325000000000001,1.90635335031,0.16827818963266772
,0.5275000000000001,1.25861898685,0.09402634316998412
,0.6975,4.30370982662,0.3762488262318161
,0.7825000000000001,3.84080281885,0.37934374892751654
4,11230,0.6725,3.84494471154,0.38927359349871804
,0.6950000000000001,3.19313817314,0.3250006627910036
,0.6825,3.07959478157,0.4462906598870855
,0.74,4.62572732612,0.5691707438083005
,0.8975000000000001,2.99220273954,0.8164912643002079
4,11275,0.7875000000000001,2.94535486509,0.8480022559459666
,0.8775000000000001,1.6058088421,0.9420357608242976
,0.8250000000000001,1.87133104981,0.837972111877039
,0.8225,2.37780420158,0.8795717349778046
,0.8775000000000001,3.4445123,0.7519202415250417
4,12534,0.6475000000000001,3.27392799649,0.3000565070843079
,0.6525000000000001,2.24900275577,0.2096507466674954
,0.6900000000000001,3.10842920357,0.4695021131844135
,0.665,3.5632557689,0.24753274289386357
,0.735,2.63812079147,0.2236233856900881
4,14112,0.75,4.04072501902,0.715081450939494
,0.77,4.01927867984,0.6067264383709071
,0.715,3.12604850571,0.5476946828454518
,0.754999999999999,4.49480656228,0.637761004683161
,0.8174999999999991,4.10553703486,0.5203995825718384
4,15812,0.5750000000000001,1.81392717357,0.12078532105828058
,0.5675,1.25157091714,0.06685752854187507
,0.5475,1.52144777111,0.12179125715062461
,0.62,2.25662860363,0.11640336711151704
,0.7125,2.08082518501,0.17076361357385378
4,15877,0.47000000000000003,0.356251645689,0.010951930149470481
,0.43999999999999906,0.0381116208716,0.0006493616798455113
,0.375,0.146213325565,0.006179573401573881
,0.545,0.571327857479,0.016668151223497032
,0.764999999999999,3.46113377138,0.3152527269608223
4,15878,0.6975,4.23639377718,0.49079030612216606
,0.7025,3.35025549882,0.3495453197373902
,0.6925,3.11574135363,0.47728257116154066
,0.75,4.5550936142,0.6151291625253064
,0.8,4.0591109917,0.44872761828717483
4,16373,0.6925,4.17808664667,0.4697494804873681
,0.65,2.20035197669,0.20408937194927035
,0.6675,2.99296508528,0.4007003511491144
,0.6925,4.21234036117,0.3549547526080685
,0.7000000000000001,1.82835789481,0.14637466426971935
4,17703,0.635,2.96746879662,0.2610513450403876
,0.76,4.0190126674,0.5665030878098882
,0.0,1.1181368104e-08,1.5210434631965377e-10
,0.605,1.84370739767,0.08568786200015718
,0.595,0.585322754794,0.02777789485401786
4,17743,0.6725,3.84494471154,0.38927359349871804
,0.6825,2.91242142165,0.2868231647640681
,0.5,0.939277376575,0.06393019382164235
,0.665,3.5632557689,0.24753274289386357
,0.784999999999999,3.88279262687,0.3889989634671507
4,17938,0.3125,0.000178010900814,2.2239808428951194e-06
,0.262499999999999,2.37617609515e-09,1.6980470999220036e-11
,0.5,0.939277376575,0.06393019382164235
,0.4375,0.00456932646841,6.432967626283104e-05
,0.7125,2.08082518501,0.17076361357385378
4,17979,0.6525000000000001,3.3957235235,0.3167313874196676
,0.6825,2.91242142165,0.2868231647640681
,0.7125,3.13002623262,0.5398743153209252
,0.7325,4.63744126912,0.5344127098321635
,0.6775,1.46576861905,0.10950588577131246
4,18166,0.5875,2.00503045139,0.1446387568684633
,0.6625,2.45740590835,0.2331658486447894
,0.6125,2.42350353494,0.2502449925162202
,0.64,2.84161068252,0.16734471108704205
,0.8825000000000001,3.34306743627,0.768892509532001
4,18246,0.784999999999999,3.03429002362,0.8405274730382448
,0.78,3.97992520399,0.6467566269602154
,0.774999999999999,2.64691441397,0.7244043185616491
,0.7525000000000001,4.5270777346,0.6264827589642714
,0.8725,3.53805030137,0.7344605758787931
4,18248,0.7475,4.08789076335,0.7049198696049476
,0.7725000000000001,4.01326226041,0.6167676346566896
,0.9175000000000001,0.682771484445,0.9499363067121116
,0.8625,1.12117474051,0.9474822423624153
,0.9075000000000001,2.72486466503,0.8450951225373344
4,18270,0.6775,3.94162561482,0.408743308183886
,0.764999999999999,4.02392947806,0.5866143640601407
,0.645,2.80057778424,0.3353957910670633
,0.7425,4.61414051592,0.580721401795183
,0.7925000000000001,3.98740805998,0.4185325731298362
4,18297,0.745,4.1311372484,0.694645263684578
,0.7525000000000001,3.99434642941,0.5364402431318216
,0.75,2.93156412093,0.6544531519824484
,0.745,4.59855887618,0.5922381171484508
,0.8525,3.83929665703,0.6605030923223996
4,18311,0.382499999999999,0.0137916346653,0.0002485576224547081
,0.42000000000000004,0.0123913148863,0.00018473356929634547
,0.75,2.93156412093,0.6544531519824484
,0.58,1.23132693121,0.04746547978848145
,0.8300000000000001,4.05371939897,0.571456419975432
4,18312,0.48250000000000004,0.484101251212,0.01617861048220294
,0.5275000000000001,0.744618583743,0.026521112639093007
,1.0,0.2538728344,0.9857815489214978
,0.6525000000000001,3.21005953001,0.2051753376012725
,0.9025000000000001,2.86131344323,0.8311275878693771
4,18319,0.485,0.512573845282,0.01742425825294047
,0.53,0.778688942129,0.02842522504351666
,0.47750000000000004,0.72023211626,0.04533322245208557
,0.48250000000000004,0.0583863925236,0.0010749705336501555
,0.7525000000000001,3.12646639111,0.2740461651233423
4,18392,0.5775,1.85109081822,0.1253665140660899
,0.595,1.50843279281,0.1049464938780753
,0.5775,1.94258970927,0.1737095107624011
,0.5975,1.64926681125,0.07259462752274473
,0.725,2.37547082408,0.19857235377992494
4,18476,0.7075,4.3180363646,0.5336027890550984
,0.73,3.8027416562,0.4484006719637177
,0.75,2.93156412093,0.6544531519824484
,0.784999999999999,3.78448699096,0.763380827964778
,0.8925000000000001,3.11656996589,0.8012164435079234
4,18739,0.6925,4.17808664667,0.4697494804873681
,0.754999999999999,4.0048295674,0.5464396789240029
,0.6875,3.09995275161,0.4617413954177145
,0.745,4.59855887618,0.5922381171484508
,0.847499999999999,3.89820902683,0.6411567549885697
4,18763,0.29250000000000004,3.64625693511e-05,4.1542150634237713e-07
,0.29250000000000004,1.14431322223e-07,9.111458384563691e-10
,-0.25,1.31012233074e-18,1.1585878956068959e-20
,0.5825,1.28779100318,0.050614142972316804
,0.9575,1.32758313434,0.9456412287833285
4,19718,0.6925,4.17808664667,0.4697494804873681
,0.77,4.01927867984,0.6067264383709071
,0.875,1.12700859148,0.9121665661727242
,0.9225000000000001,0.343344826999,0.9864350031970156
,0.905,2.79371595664,0.8381966507218381
4,19745,0.857499999999999,0.821838243899,0.9722467115038897
,0.857499999999999,2.26342545258,0.9034048817507845
,-0.25,1.31012233074e-18,1.1585878956068959e-20
,0.8925000000000001,0.607676254482,0.972578087358992
,0.857499999999999,3.77413644332,0.6795393196670378
4,20639,0.4425,0.15963692266,0.004114827303455382
,0.41500000000000004,0.00909557762627,0.00013138943437644536
,0.5825,2.0134654307,0.18359975711151438
,0.5275000000000001,0.344527681673,0.008760292314222281
,0.81,4.10494859552,0.489593549745455
4,25302,0.48750000000000004,0.541976801892,0.01874225513398871
,0.5625,1.19654081103,0.06073594959829247
,0.5,0.939277376575,0.06393019382164235
,0.5125000000000001,0.206556923729,0.004689483869459208
,0.725,2.37547082408,0.19857235377992494
4,27972,0.7025,4.28326496222,0.5120943572260046
,0.7775000000000001,3.99362968279,0.6367891357031628
,0.6675,2.99296508528,0.4007003511491144
,0.7525000000000001,4.5270777346,0.6264827589642714
,0.827499999999999,4.06865809912,0.5613030156282911
4,28024,0.899999999999999,0.256315009834,0.9934951625498971
,0.8500000000000001,2.51179980471,0.8854947569448495
,0.9175000000000001,0.682771484445,0.9499363067121116
,1.0,0.0426596826233,0.999088577928622
,1.0,0.527732626411,0.9833612212619678
4,28466,0.68,3.98688737253,0.4186543971646246
,0.68,2.85478300716,0.2796141170820604
,0.61,2.39095880829,0.24422683244453303
,0.665,3.5632557689,0.24753274289386357
,0.9575,1.32758313434,0.9456412287833285
4,28484,0.625,2.73064477168,0.23257132045334578
,0.5675,1.25157091714,0.06685752854187507
,0.605,2.3247498042,0.23243696716573947
,0.6375000000000001,2.76745172958,0.16033339451321943
,0.8600000000000001,3.73913835614,0.6889312561788765
4,28512,0.6775,3.94162561482,0.408743308183886
,0.725,3.73729686002,0.429547231383653
,0.827499999999999,1.83061099483,0.8425995098890249
,0.764999999999999,4.32282853992,0.6819063336882776
,0.7525000000000001,3.12646639111,0.2740461651233423
4,28570,0.5,0.701928251883,0.02649525032962035
,0.47500000000000003,0.178967865894,0.003972357498581799
,0.7225,3.10617111833,0.5710729826583579
,0.4625,0.0207862664862,0.0003374250331255723
,0.6375000000000001,0.987222801234,0.060911180708131604
4,28894,0.62,2.61786157209,0.2192018947600624
,0.67,2.62473868174,0.2522194418894125
,0.5,0.939277376575,0.06393019382164235
,0.6475000000000001,3.06362585161,0.18949032346794556
,0.705,1.92435349704,0.15575375515700748
4,29183,0.635,2.96746879662,0.2610513450403876
,0.6475000000000001,2.15326989766,0.19864767909679892
,0.5825,2.0134654307,0.18359975711151438
,0.6900000000000001,4.16317274709,0.3444848898844237
,0.8225,4.09196549957,0.5408976499949594
4,29184,0.5700000000000001,1.7405118054,0.11189962895732827
,0.5725,1.30351536564,0.0732465055912847
,0.5375,1.38734969448,0.10725126487849351
,0.62,2.25662860363,0.11640336711151704
,0.774999999999999,3.69503069997,0.3510665034986973
4,29229,0.34750000000000003,0.00195912906579,2.9161364611107092e-05
,0.34750000000000003,4.43658228507e-05,4.4517181219086105e-07
,0.4375,0.421613459426,0.022862421966844446
,0.36750000000000005,1.69491524551e-05,1.7244960456263976e-07
,0.7725000000000001,3.64038027398,0.3418966544381969
4,29338,0.6525000000000001,3.3957235235,0.3167313874196676
,0.6900000000000001,3.08297427988,0.3093088712285309
,-0.25,1.31012233074e-18,1.1585878956068959e-20
,0.7000000000000001,4.34577240375,0.3870611939654974
,0.615,0.764564723506,0.0412495747006687
4,29381,0.595,2.12875636947,0.16013506696325008
,0.67,2.62473868174,0.2522194418894125
,0.5325,1.32224594321,0.10047786512517999
,0.625,2.40022606292,0.12804447006289377
,0.66,1.23899323106,0.08589066259879236
4,29764,0.68,3.98688737253,0.4186543971646246
,0.7225,3.70159352614,0.42024820972238086
,0.6000000000000001,2.25721841409,0.22098153856545028
,0.7425,4.61414051592,0.580721401795183
,0.774999999999999,3.69503069997,0.3510665034986973
4,30094,0.62,2.61786157209,0.2192018947600624
,0.5625,1.19654081103,0.06073594959829247
,0.625,2.57962648496,0.28152676891339423
,0.675,3.82426556853,0.2844900480376957
,0.63,0.910236646331,0.05379757771033901
4,31557,0.5575,1.55848654482,0.09128036859762884
,0.7925000000000001,3.8708524333,0.6958955588677065
,1.0,0.2538728344,0.9857815489214978
,0.725,4.61667372641,0.499690332588306
,0.9275,2.14802438171,0.8938715574325848
4,32060,0.65,3.33505122235,0.3083178071730817
,0.55,1.04589621812,0.04670230537957079
,0.75,2.93156412093,0.6544531519824484
,0.65,3.13708287711,0.19724129629400722
,1.0,0.527732626411,0.9833612212619678
4,38608,0.74,4.20574744345,0.6737964306293549
,0.67,2.62473868174,0.2522194418894125
,0.75,2.93156412093,0.6544531519824484
,0.7275,4.62703644261,0.5112456695739201
,0.7875000000000001,3.92127464085,0.3987547881350511
4,38649,0.7525000000000001,3.98969403249,0.725120273129763
,0.78,3.97992520399,0.6467566269602154
,0.8225,1.91217121658,0.8332427545086987
,0.7925000000000001,3.52766875464,0.7908163052505273
,0.7575000000000001,3.26412089672,0.29002412926099963
4,39144,0.5575,1.55848654482,0.09128036859762884
,0.63,1.8712159193,0.16355657611044527
,0.6675,2.99296508528,0.4007003511491144
,0.6425000000000001,2.91576932075,0.1745414478141586
,0.655,1.17989538371,0.07984430899555796
4,39247,0.65,3.33505122235,0.3083178071730817
,0.5525,1.07740037601,0.04935655516003679
,0.5175000000000001,1.13623317844,0.08205770433855485
,0.5750000000000001,1.12182748475,0.04158452386079586
,0.847499999999999,3.89820902683,0.6411567549885697
4,39495,0.7225,4.3432307821,0.5987166804694194
,0.6900000000000001,3.08297427988,0.3093088712285309
,0.66,2.93648636738,0.3784597742122267
,0.764999999999999,4.32282853992,0.6819063336882776
,0.75,3.05656410177,0.2663172744494307
4,39581,0.6175,2.5632008203,0.21272581904581522
,0.6675,2.56819569182,0.24572840620140163
,-0.25,1.31012233074e-18,1.1585878956068959e-20
,0.735,4.63728044939,0.5460068745520126
,0.9575,1.32758313434,0.9456412287833285
4,40799,0.68,3.98688737253,0.4186543971646246
,0.6225,1.77540005488,0.14989043990071516
,0.75,2.93156412093,0.6544531519824484
,0.735,4.63728044939,0.5460068745520126
,0.9550000000000001,1.38945284506,0.9422452479529559
4,40956,0.625,2.73064477168,0.23257132045334578
,0.72,3.66394644292,0.41104088370451763
,-0.25,1.31012233074e-18,1.1585878956068959e-20
,0.7825000000000001,3.86438286832,0.7538190875143693
,0.595,0.585322754794,0.02777789485401786
4,41042,0.34750000000000003,0.00195912906579,2.9161364611107092e-05
,0.444999999999999,0.049085036683,0.0008663958704568157
,-0.25,1.31012233074e-18,1.1585878956068959e-20
,0.5425,0.534484828689,0.015286191690920568
,0.8325,4.03676760806,0.5815699354132438
4,41069,0.8525,0.922721387775,0.9678888523674125
,0.845,2.67351569887,0.8725297383966892
,0.7725000000000001,2.67991390607,0.7177455993945281
,0.827499999999999,2.18996591868,0.8909887989939715
,0.81,4.10494859552,0.489593549745455
4,41615,0.7425,4.17042887843,0.6842674795590352
,0.847499999999999,2.59317673834,0.879113340257429
,0.9675,0.376771801487,0.9756386962897423
,0.919999999999999,0.359924023137,0.985556061772785
,0.8775000000000001,3.4445123,0.7519202415250417
4,41703,0.735,4.26447196951,0.6526142785055424
,0.7875000000000001,3.9227456262,0.6764068961661518
,0.6975,3.12678976378,0.4928909078216862
,0.6925,4.21234036117,0.3549547526080685
,0.77,3.5830274688,0.332866854628082
4,41708,0.645,3.21252527223,0.2919484000698769
,0.735,3.86006236424,0.4675611051693914
,0.6775,3.0548496078,0.4309527600669053
,0.6725,3.76128588976,0.27500776616781664
,0.665,1.30032000402,0.09223795241668961
4,41851,0.6000000000000001,2.21649878788,0.17099628688395335
,0.635,1.94318281075,0.17308975332321855
,-0.25,1.31012233074e-18,1.1585878956068959e-20
,0.6425000000000001,2.91576932075,0.1745414478141586
,0.65,1.12275794375,0.07408844466331979
4,43759,0.8174999999999991,1.87783342043,0.9201453250335571
,0.75,3.98164129246,0.5264697983704961
,0.75,2.93156412093,0.6544531519824484
,0.8625,1.12117474051,0.9474822423624153
,0.6975,1.78272636293,0.14186112791416122
4,44059,0.5125000000000001,0.879598207982,0.036364617330959546
,0.605,1.5958822854,0.12046423027074443
,-0.25,1.31012233074e-18,1.1585878956068959e-20
,0.6575000000000001,3.35406055888,0.22158686534709365
,0.8225,4.09196549957,0.5408976499949594
4,44938,0.6075,2.35727805476,0.18814077928790007
,0.6425000000000001,2.06406671312,0.188107150356636
,0.8125,2.07582944227,0.8133025284081978
,0.75,4.5550936142,0.6151291625253064
,0.9275,2.14802438171,0.8938715574325848
4,50703,0.7125,4.34005229433,0.5552534615380824
,0.7000000000000001,3.29913522498,0.34123330038438404
,0.675,3.04089109106,0.4233328681237603
,0.7325,4.63744126912,0.5344127098321635
,0.74,2.77585482113,0.2371570082055751
4,50830,0.5650000000000001,1.66773283856,0.10337914836999976
,0.66,2.4034587834,0.22708999355210885
,0.6375000000000001,2.72249141229,0.3146804064668725
,0.655,3.28242830042,0.2132910874064711
,0.81,4.10494859552,0.489593549745455
4,50921,0.5925,2.08654153822,0.15486616183711144
,0.68,2.85478300716,0.2796141170820604
,0.8325,1.74970127619,0.8515499499225236
,0.64,2.84161068252,0.16734471108704205
,0.7025,1.87554934319,0.15100421752323048
4,51734,0.6000000000000001,2.21649878788,0.17099628688395335
,0.7225,3.70159352614,0.42024820972238086
,0.56,1.69471635762,0.14188698177742956
,0.6825,4.00262798334,0.3138512769197362
,0.7275,2.43916367439,0.20459034439623688
4,52992,0.75,4.04072501902,0.715081450939494
,0.705,3.39997422445,0.35798340964625897
,0.6725,3.02590769134,0.41574915868825546
,0.71,4.48827930053,0.4312666984874683
,0.8225,4.09196549957,0.5408976499949594
4,54491,0.77,3.53290940388,0.7911828938212265
,0.7975000000000001,3.80765106647,0.7150965685873658
,0.705,3.13413773972,0.5163764205362777
,0.7775000000000001,4.01423741002,0.7341167885439972
,0.9025000000000001,2.86131344323,0.8311275878693771
4,54885,0.585,1.96555513502,0.13967568634880306
,0.55,1.04589621812,0.04670230537957079
,0.625,2.57962648496,0.28152676891339423
,0.68,3.94503484634,0.30391629444088236
,0.8500000000000001,3.86952465791,0.6508667430275088
4,56634,0.8525,0.922721387775,0.9678888523674125
,0.845,2.67351569887,0.8725297383966892
,0.764999999999999,2.77332283099,0.6972905268334728
,0.8300000000000001,2.09838779068,0.8963488797167402
,0.9400000000000001,1.78901623493,0.9184625183743559
4,56758,0.7725000000000001,3.45525541431,0.799918645839133
,0.8225,3.32126976582,0.8047907291190011
,0.8125,2.07582944227,0.8133025284081978
,0.77,4.21141327923,0.7032488501581409
,0.68,1.50138928667,0.1132146328763147
4,56917,0.72,4.34774042847,0.5878522112108231
,0.77,4.01927867984,0.6067264383709071
,0.7325,3.06100715179,0.6019266472303153
,0.73,4.63399264251,0.522822676093089
,0.8300000000000001,4.05371939897,0.571456419975432
4,56975,0.68,3.98688737253,0.4186543971646246
,0.7325,3.83242897354,0.4579450609385495
,0.6000000000000001,2.25721841409,0.22098153856545028
,0.6975,4.30370982662,0.3762488262318161
,0.8,4.0591109917,0.44872761828717483
4,67160,0.8150000000000001,1.96166389642,0.9153463017795826
,0.8500000000000001,2.51179980471,0.8854947569448495
,0.68,3.06775885227,0.4386062417595984
,0.774999999999999,4.08380609523,0.7239934592866233
,0.8625,3.70246965396,0.6982336194110799
4,67299,0.6775,3.94162561482,0.408743308183886
,0.6825,2.91242142165,0.2868231647640681
,0.5,0.939277376575,0.06393019382164235
,0.6775,3.8855488623,0.2941276802083336
,0.545,0.227785828045,0.008120364168702222
4,67423,0.6375000000000001,3.02832526104,0.26854599319693306
,0.6875,3.02667835758,0.30167166259701483
,0.59,2.11902097239,0.19909732663806237
,0.705,4.42231250156,0.4089856958258338
,0.6825,1.53800638848,0.11701366249166723
4,67905,0.764999999999999,3.67982117467,0.773146172783596
,0.8,3.77175850123,0.7245714289324063
,0.6675,2.99296508528,0.4007003511491144
,0.7975000000000001,3.34478760816,0.8080007200437123
,0.845,3.92535044047,0.631376983242611
4,68565,0.6950000000000001,4.20862759987,0.48023344245895916
,0.7575000000000001,4.0130620846,0.5564625155266429
,0.5775,1.94258970927,0.1737095107624011
,0.7175,4.56612243081,0.46523704439925306
,0.857499999999999,3.77413644332,0.6795393196670378
4,68688,0.685,4.070692327,0.4388021968040602
,0.8025,3.73299076547,0.7339529648956873
,0.79,2.43248842367,0.7625322103920706
,0.78,3.94103479467,0.7440616174534249
,0.8075000000000001,4.09857032346,0.47933847338998836
4,69217,0.7000000000000001,4.26130065264,0.5014130285586179
,0.74,3.90908802554,0.48698746949210814
,0.7675000000000001,2.74315949078,0.7041863393512007
,0.7675000000000001,4.26919467846,0.6926472350193718
,0.72,2.25266319261,0.18700465175709935
4,69292,0.74,4.20574744345,0.6737964306293549
,0.8150000000000001,3.49632318617,0.7792099251417111
,0.75,2.93156412093,0.6544531519824484
,0.76,4.41739331097,0.6600486689020961
,0.74,2.77585482113,0.2371570082055751
4,70225,0.58,1.88868436482,0.13004113332522876
,0.64,2.02203168492,0.18299988871782463
,-0.25,1.31012233074e-18,1.1585878956068959e-20
,0.5925,1.52458277022,0.06466169709662675
,0.804999999999999,4.08887724171,0.4691034608916349
4,70358,0.47500000000000003,0.404446191267,0.012852026158874026
,0.48,0.214173280746,0.004953388498324418
,0.5325,1.32224594321,0.10047786512517999
,0.5425,0.534484828689,0.015286191690920568
,0.75,3.05656410177,0.2663172744494307
4,70659,0.6025,2.26215589359,0.17659434763841986
,0.685,2.96977444558,0.29417598626836167
,0.5275000000000001,1.25861898685,0.09402634316998412
,0.6950000000000001,4.25920955462,0.3655446762673523
,0.5650000000000001,0.350959995727,0.01385485520713578
4,70707,0.6675,3.74087805714,0.37030617678149
,0.7525000000000001,3.99434642941,0.5364402431318216
,0.7225,3.10617111833,0.5710729826583579
,0.67,3.69671605795,0.2656849438575526
,0.8825000000000001,3.34306743627,0.768892509532001
4,70749,0.36,0.00413080206935,6.572039179837307e-05
,0.39,0.00162894637539,2.030335786702359e-05
,0.65,2.84904760536,0.34952110515198265
,0.39,0.000127486077863,1.425193347268787e-06
,0.6575000000000001,1.20918396044,0.08283055312566745
4,70793,0.545,1.37319265566,0.07295195558833045
,0.59,1.46540570828,0.09751174499518306
,0.392499999999999,0.203327207118,0.009217844885700736
,0.66,3.42482754237,0.2300606691149244
,0.6125,0.741262162093,0.03936734609774607
4,70852,0.6900000000000001,4.14485729998,0.45934524962363604
,0.705,3.39997422445,0.35798340964625897
,0.5925,2.15389626592,0.20443851198842794
,0.6975,4.30370982662,0.3762488262318161
,0.6975,1.78272636293,0.14186112791416122
4,72086,0.5650000000000001,1.66773283856,0.10337914836999976
,0.545,0.981180560148,0.041633735325617816
,0.40750000000000003,0.263917687446,0.012708031011574118
,0.585,1.34536879999,0.05390536287952738
,0.847499999999999,3.89820902683,0.6411567549885697
4,74604,0.8300000000000001,1.48710965319,0.9411236239502527
,0.827499999999999,3.19187125931,0.821077610312537
,0.794999999999999,2.35591498032,0.7745040862747649
,0.9125000000000001,0.41429151175,0.9826574203890093
,0.804999999999999,4.08887724171,0.4691034608916349
4,74635,0.5575,1.55848654482,0.09128036859762884
,0.675,2.73932068084,0.2656289427449082
,0.382499999999999,0.168998891278,0.007360085448311594
,0.5375,0.465232307575,0.012789370179428838
,0.605,0.672907476622,0.03406564820680557
4,74688,0.7000000000000001,4.26130065264,0.5014130285586179
,0.75,3.98164129246,0.5264697983704961
,0.75,2.93156412093,0.6544531519824484
,0.774999999999999,4.08380609523,0.7239934592866233
,0.5,0.0681948772448,0.0020297073235197014
4,74696,0.7125,4.34005229433,0.5552534615380824
,0.7175,3.62439524866,0.401930064452074
,0.6675,2.99296508528,0.4007003511491144
,0.6975,4.30370982662,0.3762488262318161
,0.7825000000000001,3.84080281885,0.37934374892751654
4,76409,0.51,0.842956183359,0.034211521266918496
,0.5325,0.812818419063,0.030414606603680776
,0.25,0.00526787507577,0.00014026949451339908
,0.5775,1.17599818381,0.04445656224397093
,0.7175,2.19369114234,0.18144705601055242
4,76496,0.9175000000000001,0.139475318083,0.9968810864477963
,0.8975000000000001,1.02907144388,0.9681852852948789
,0.889999999999999,0.947933419521,0.9276982338666027
,0.835,1.92090313497,0.9063937567339393
,0.9325000000000001,2.00269967873,0.9042477361003183
4,78211,0.81,2.13394868506,0.9051096565249226
,0.8600000000000001,2.17989885998,0.9089590636195403
,0.8025,2.23766534442,0.7917322167622634
,0.8300000000000001,2.09838779068,0.8963488797167402
,0.794999999999999,4.01497583257,0.42853631973630113
4,79262,0.7275,4.32315841764,0.6203888708337857
,0.8150000000000001,3.49632318617,0.7792099251417111
,0.66,2.93648636738,0.3784597742122267
,0.7575000000000001,4.45824945707,0.6489532196773221
,0.8400000000000001,3.97492586567,0.6116236406815787
4,79313,0.515,0.916674248276,0.03860987402938759
,0.56,1.16786163496,0.05778028660631575
,0.7000000000000001,3.13048692497,0.5007127606714136
,0.6175,2.18582144381,0.11085045242931954
,0.764999999999999,3.46113377138,0.3152527269608223
4,79388,0.7325,4.28791670337,0.6419229761103389
,0.75,3.98164129246,0.5264697983704961
,0.7925000000000001,2.39446191695,0.7685660120609816
,0.77,4.21141327923,0.7032488501581409
,0.725,2.37547082408,0.19857235377992494
4,80513,0.7075,4.3180363646,0.5336027890550984
,0.76,4.0190126674,0.5665030878098882
,0.76,2.83053738896,0.6832791065976112
,0.7825000000000001,3.86438286832,0.7538190875143693
,0.8250000000000001,4.08145372267,0.5511149150762065
4,80619,0.7775000000000001,3.29266463032,0.816792228432863
,0.8250000000000001,3.25777920369,0.8130150545773971
,0.7625000000000001,2.80246103295,0.6903205795325524
,0.77,4.21141327923,0.7032488501581409
,0.8150000000000001,4.10828712298,0.510131714862144
4,80759,0.6675,3.74087805714,0.37030617678149
,0.7825000000000001,3.96357054651,0.6566865531991122
,0.5575,1.65967871373,0.1376940205298884
,0.6675,3.63066736678,0.25652541839077464
,0.605,0.672907476622,0.03406564820680557
4,80766,0.645,3.21252527223,0.2919484000698769
,0.7225,3.70159352614,0.42024820972238086
,0.6000000000000001,2.25721841409,0.22098153856545028
,0.6975,4.30370982662,0.3762488262318161
,0.6375000000000001,0.987222801234,0.060911180708131604
4,80873,0.735,4.26447196951,0.6526142785055424
,0.7075,3.44819168997,0.36654393953464126
,0.5,0.939277376575,0.06393019382164235
,0.7775000000000001,4.01423741002,0.7341167885439972
,0.6325000000000001,0.935568175623,0.05610476679574862
4,84558,0.7925000000000001,2.76490405329,0.862279032524718
,0.837499999999999,2.90643901002,0.8515964784746983
,0.6275000000000001,2.60935790273,0.28801311245657535
,0.7775000000000001,4.01423741002,0.7341167885439972
,0.7775000000000001,3.74677150145,0.3603693826645011
4,104560,0.4,0.0314119092697,0.0006261549130437093
,0.48,0.214173280746,0.004953388498324418
,0.515,1.10671631226,0.07925411038636361
,0.485,0.0657090214558,0.0012299405662429944
,0.8500000000000001,3.86952465791,0.6508667430275088
4,104598,0.5825,1.92680602745,0.1348103759556524
,0.645,2.10782432908,0.19332165824689684
,0.5,0.939277376575,0.06393019382164235
,0.685,4.0582380354,0.3239277816461129
,0.67,1.36421146997,0.09889813309059306
4,104599,0.5725,1.77709793216,0.11629659964623901
,0.595,1.50843279281,0.1049464938780753
,-0.25,1.31012233074e-18,1.1585878956068959e-20
,0.61,1.97800267827,0.09524064217725181
,0.6875,1.61451884115,0.12489307247264037
4,104688,0.7275,4.32315841764,0.6203888708337857
,0.73,3.8027416562,0.4484006719637177
,0.75,2.93156412093,0.6544531519824484
,0.6625,3.49460132802,0.23871017534452849
,0.8125,4.10814067667,0.4998605608763439
4,104824,0.6325000000000001,2.90713840414,0.2537082105627112
,0.6000000000000001,1.55158210157,0.11259627140849388
,0.5,0.939277376575,0.06393019382164235
,0.6175,2.18582144381,0.11085045242931954
,0.875,3.49225913326,0.7432488668316266
4,107778,0.68,3.98688737253,0.4186543971646246
,0.7175,3.62439524866,0.401930064452074
,0.78,2.57838108183,0.7374689149028851
,0.7375,4.63340886515,0.5575960197168346
,0.685,1.5756916946,0.12090555493666535
4,107870,0.8125,2.04709028697,0.9103356751291793
,0.8225,3.32126976582,0.8047907291190011
,0.72,3.11412687741,0.5632973323650883
,0.8150000000000001,2.66779621607,0.8606552753662552
,0.909999999999999,2.65490854147,0.8518200531271323
4,107898,0.7025,4.28326496222,0.5120943572260046
,0.794999999999999,3.84067709433,0.705535562581717
,0.605,2.3247498042,0.23243696716573947
,0.6975,4.30370982662,0.3762488262318161
,0.6175,0.78813421183,0.04319039212754211
4,108143,0.485,0.512573845282,0.01742425825294047
,0.6950000000000001,3.19313817314,0.3250006627910036
,0.5625,1.7298981416,0.14616772244987844
,0.625,2.40022606292,0.12804447006289377
,0.7225,2.31327693896,0.19271174057759827
4,108336,0.535,1.2213330614,0.059977085505130305
,0.56,1.16786163496,0.05778028660631575
,0.41750000000000004,0.310820278631,0.015577214443593824
,0.595,1.58641672634,0.0685502327573558
,0.5575,0.301072860083,0.011412340826913739
4,108341,0.5825,1.92680602745,0.1348103759556524
,0.52,0.643688590042,0.021316592477039237
,0.595,2.18857196543,0.20986664163515856
,0.595,1.58641672634,0.0685502327573558
,0.8075000000000001,4.09857032346,0.47933847338998836
4,108351,0.65,3.33505122235,0.3083178071730817
,0.685,2.96977444558,0.29417598626836167
,0.665,2.97505574292,0.3932401297333768
,0.615,2.11575015917,0.10547364649105055
,0.6825,1.53800638848,0.11701366249166723
4,108388,0.5475,1.41067807076,0.07643183949512786
,0.64,2.02203168492,0.18299988871782463
,0.58,1.97806011934,0.17861033380170682
,0.5875,1.40403975075,0.057341897910172496
,0.6900000000000001,1.65456237309,0.128979162801766
4,108411,0.6175,2.5632008203,0.21272581904581522
,0.6575000000000001,2.35066145138,0.22114759625464314
,0.515,1.10671631226,0.07925411038636361
,0.67,3.69671605795,0.2656849438575526
,0.875,3.49225913326,0.7432488668316266
4,108416,0.71,4.33067958347,0.5444143568589541
,0.8174999999999991,3.44062095061,0.7878816690697196
,0.7125,3.13002623262,0.5398743153209252
,0.804999999999999,3.05867798776,0.8320206006146111
,0.804999999999999,4.08887724171,0.4691034608916349
4,108417,0.5825,1.92680602745,0.1348103759556524
,0.6325000000000001,1.90635335031,0.16827818963266772
,0.52,1.16619171663,0.08493564436858819
,0.5325,0.401921085577,0.01062396269234784
,0.8,4.0591109917,0.44872761828717483
4,108652,0.5075000000000001,0.806809943951,0.03214942319991822
,0.6425000000000001,2.06406671312,0.188107150356636
,0.5625,1.7298981416,0.14616772244987844
,0.5650000000000001,0.917216930866,0.03140573911656438
,0.525,0.1378893572,0.0045195996027727215
4,109008,0.5275000000000001,1.10633555169,0.05124818998114729
,0.5325,0.812818419063,0.030414606603680776
,0.595,2.18857196543,0.20986664163515856
,0.63,2.54602616676,0.14040930507340063
,0.6950000000000001,1.73859458896,0.13745978249675325
4,109067,0.7625000000000001,3.74868109401,0.763859874746704
,0.794999999999999,3.84067709433,0.705535562581717
,0.75,2.93156412093,0.6544531519824484
,0.7525000000000001,4.5270777346,0.6264827589642714
,0.8,4.0591109917,0.44872761828717483
4,129429,0.5775,1.85109081822,0.1253665140660899
,0.5875,1.44364093902,0.09387538257839625
,0.76,2.83053738896,0.6832791065976112
,0.68,3.94503484634,0.30391629444088236
,0.7925000000000001,3.98740805998,0.4185325731298362
4,129459,0.6725,3.84494471154,0.38927359349871804
,0.6925,3.13850942309,0.3170858998139654
,0.605,2.3247498042,0.23243696716573947
,0.6875,4.11177980995,0.3341407434029729
,0.705,1.92435349704,0.15575375515700748
4,129490,0.6575000000000001,3.51503203238,0.33400959587018986
,0.754999999999999,4.0048295674,0.5464396789240029
,0.7000000000000001,3.13048692497,0.5007127606714136
,0.6975,4.30370982662,0.3762488262318161
,0.889999999999999,3.17606911055,0.7933502583093095
4,129672,0.485,0.512573845282,0.01742425825294047
,0.38,0.000754092776394,8.899647872076842e-06
,-0.25,1.31012233074e-18,1.1585878956068959e-20
,0.405,0.000436167610076,5.217887853752952e-06
,0.725,2.37547082408,0.19857235377992494
4,129907,0.65,3.33505122235,0.3083178071730817
,0.63,1.8712159193,0.16355657611044527
,0.6075,2.35803243224,0.2382905165214248
,0.65,3.13708287711,0.19724129629400722
,0.65,1.12275794375,0.07408844466331979
4,129987,0.6575000000000001,3.51503203238,0.33400959587018986
,0.6875,3.02667835758,0.30167166259701483
,0.5,0.939277376575,0.06393019382164235
,0.6575000000000001,3.35406055888,0.22158686534709365
,0.5625,0.333869785396,0.012998911225329543
4,130043,0.8300000000000001,1.48710965319,0.9411236239502527
,0.899999999999999,0.96616661328,0.9706788561980135
,0.804999999999999,2.19755088222,0.7972762972498391
,0.764999999999999,4.32282853992,0.6819063336882776
,0.865,3.66407929295,0.7074421697970434
4,130166,0.7875000000000001,2.94535486509,0.8480022559459666
,0.9325000000000001,0.363663983804,0.9912122303582303
,0.875,1.12700859148,0.9121665661727242
,0.9325000000000001,0.283157349795,0.9895600086082621
,0.8600000000000001,3.73913835614,0.6889312561788765
4,130586,0.20750000000000002,6.83156964548e-09,5.586414662620489e-11
,0.28500000000000003,4.5273673682e-08,3.505032261066615e-10
,-0.25,1.31012233074e-18,1.1585878956068959e-20
,0.35750000000000004,6.46867645351e-06,6.328034915143854e-08
,0.42750000000000005,0.0053496429859,0.00011155071100029315
4,134922,0.6925,4.17808664667,0.4697494804873681
,0.725,3.73729686002,0.429547231383653
,0.4375,0.421613459426,0.022862421966844446
,0.6775,3.8855488623,0.2941276802083336
,0.79,3.95616505704,0.40860234289417746
4,134923,0.6825,4.02994501169,0.4286759081158152
,0.725,3.73729686002,0.429547231383653
,0.6725,3.02590769134,0.41574915868825546
,0.7025,4.38532932313,0.3979756002058539
,0.735,2.63812079147,0.2236233856900881
4,135551,0.7575000000000001,3.87634913745,0.7447915453979834
,0.8250000000000001,3.25777920369,0.8130150545773971
,0.7825000000000001,2.54293915961,0.7438707202611139
,0.7725000000000001,4.14957808792,0.7137009226086394
,0.774999999999999,3.69503069997,0.3510665034986973
4,135973,0.8,2.49183776448,0.8819918641594425
,0.7925000000000001,3.8708524333,0.6958955588677065
,0.6675,2.99296508528,0.4007003511491144
,0.7825000000000001,3.86438286832,0.7538190875143693
,0.8975000000000001,2.99220273954,0.8164912643002079
4,136122,0.78,3.20821347465,0.8249187204888875
,0.745,3.94966679055,0.5066379076081247
,0.5225000000000001,1.19658263659,0.08788902327023014
,0.745,4.59855887618,0.5922381171484508
,0.8325,4.03676760806,0.5815699354132438
4,136139,0.8025,2.40122276028,0.8881080867519338
,0.837499999999999,2.90643901002,0.8515964784746983
,0.8225,1.91217121658,0.8332427545086987
,0.784999999999999,3.78448699096,0.763380827964778
,0.845,3.92535044047,0.631376983242611
4,136288,0.7375,4.2370908948,0.6632420553475906
,0.8125,3.5492909571,0.7704023321823217
,0.7425,2.99470987504,0.6322226135621126
,0.7925000000000001,3.52766875464,0.7908163052505273
,0.827499999999999,4.06865809912,0.5613030156282911
4,136820,0.6275000000000001,2.78860353527,0.2394701796465135
,0.655,2.29913870907,0.21533562378670262
,0.6025,2.29113652726,0.2266670430470288
,0.6175,2.18582144381,0.11085045242931954
,0.655,1.17989538371,0.07984430899555796
4,136846,0.8075000000000001,2.22205792868,0.8996648888730865
,0.7925000000000001,3.8708524333,0.6958955588677065
,0.7625000000000001,2.80246103295,0.6903205795325524
,0.804999999999999,3.05867798776,0.8320206006146111
,0.6525000000000001,1.15109599532,0.07693066865180562
4,137085,0.8400000000000001,1.213484596,0.9545962582001839
,0.875,1.68531964415,0.9379221068667901
,0.847499999999999,1.51399724066,0.8760118146102384
,0.8775000000000001,0.822514936208,0.9619438067152624
,0.9400000000000001,1.78901623493,0.9184625183743559
4,137869,0.875,0.531278186551,0.9839516964295751
,0.905,0.847346551895,0.9752087061152743
,0.8150000000000001,2.03496359815,0.8184410381138612
,0.8700000000000001,0.960227702045,0.9552724399135153
,0.972499999999999,0.9900098733,0.962948965261506
4,138039,0.6975,4.23639377718,0.49079030612216606
,0.63,1.8712159193,0.16355657611044527
,0.655,2.89441685515,0.3638810995891444
,0.6375000000000001,2.76745172958,0.16033339451321943
,0.7325,2.57062057349,0.21711267906137333
4,140859,0.5975,2.17205209834,0.16551084468551605
,0.65,2.20035197669,0.20408937194927035
,0.4375,0.421613459426,0.022862421966844446
,0.6000000000000001,1.71311309826,0.07679739701829413
,0.59,0.543094391182,0.024957302795236808
4,140984,0.754999999999999,3.93487105564,0.7350267605591957
,0.7625000000000001,4.0226473191,0.5765556489926373
,0.645,2.80057778424,0.3353957910670633
,0.7425,4.61414051592,0.580721401795183
,0.8925000000000001,3.11656996589,0.8012164435079234
4,141053,0.65,3.33505122235,0.3083178071730817
,0.645,2.10782432908,0.19332165824689684
,0.625,2.57962648496,0.28152676891339423
,0.7025,4.38532932313,0.3979756002058539
,0.7025,1.87554934319,0.15100421752323048
4,141356,0.794999999999999,2.67393403739,0.8690776366497704
,0.8250000000000001,3.25777920369,0.8130150545773971
,0.7025,3.13294180458,0.5085423071773416
,0.8400000000000001,1.75208655267,0.9155723747233759
,0.9475,1.58364907244,0.9311038335998336
4,142811,0.58,1.88868436482,0.13004113332522876
,0.595,1.50843279281,0.1049464938780753
,0.635,2.69512553839,0.30790825193131177
,0.675,3.82426556853,0.2844900480376957
,0.7825000000000001,3.84080281885,0.37934374892751654
4,142951,0.764999999999999,3.67982117467,0.773146172783596
,0.804999999999999,3.69134722787,0.7432339860149465
,0.6475000000000001,2.82518787725,0.3424281518980285
,0.7375,4.63340886515,0.5575960197168346
,0.784999999999999,3.88279262687,0.3889989634671507
4,143324,0.66,3.57333185375,0.34287026755007594
,0.5725,1.30351536564,0.0732465055912847
,0.5750000000000001,1.90708113644,0.16889741705483652
,0.625,2.40022606292,0.12804447006289377
,0.6775,1.46576861905,0.10950588577131246
4,145305,0.745,4.1311372484,0.694645263684578
,0.7675000000000001,4.02282024025,0.5966733036087448
,0.605,2.3247498042,0.23243696716573947
,0.6875,4.11177980995,0.3341407434029729
,0.725,2.37547082408,0.19857235377992494
4,145335,0.5425,1.33549439829,0.06956605384150057
,0.55,1.04589621812,0.04670230537957079
,0.5225000000000001,1.19658263659,0.08788902327023014
,0.5,0.127032432809,0.002635122664277168
,0.8,4.0591109917,0.44872761828717483
4,145444,0.754999999999999,3.93487105564,0.7350267605591957
,0.8525,2.42958112005,0.8916716376914202
,0.725,3.09688087568,0.5788270758274328
,0.6925,4.21234036117,0.3549547526080685
,0.794999999999999,4.01497583257,0.42853631973630113
4,146557,0.72,4.34774042847,0.5878522112108231
,0.73,3.8027416562,0.4484006719637177
,-0.25,1.31012233074e-18,1.1585878956068959e-20
,0.6825,4.00262798334,0.3138512769197362
,0.74,2.77585482113,0.2371570082055751
4,146877,0.715,4.34607333758,0.5661118252524352
,0.865,2.01297980606,0.9194409573632301
,0.8075000000000001,2.15717297667,0.8027197516485511
,0.5625,0.869212394116,0.029172973139000014
,0.865,3.66407929295,0.7074421697970434
4,146928,0.8600000000000001,0.774533665794,0.9742417494192243
,0.855,2.34672159068,0.8976421284151588
,0.7000000000000001,3.13048692497,0.5007127606714136
,0.8174999999999991,2.57036801462,0.8672028675736667
,0.885,3.28936052448,0.7771834575295569
4,146993,1.0,0.00170575300966,0.9999776512556191
,1.0,0.0168697454673,0.9997335158771925
,0.8125,2.07582944227,0.8133025284081978
,1.0,0.0426596826233,0.999088577928622
,0.8,4.0591109917,0.44872761828717483
4,147026,0.615,2.50977743321,0.20638485907637522
,0.655,2.29913870907,0.21533562378670262
,0.5,0.939277376575,0.06393019382164235
,0.625,2.40022606292,0.12804447006289377
,0.645,1.06737056443,0.06861381538886299
4,147101,0.7225,4.3432307821,0.5987166804694194
,0.865,2.01297980606,0.9194409573632301
,0.625,2.57962648496,0.28152676891339423
,0.6825,4.00262798334,0.3138512769197362
,0.8525,3.83929665703,0.6605030923223996
4,147111,0.774999999999999,3.37509486629,0.8084570817087626
,0.735,3.86006236424,0.4675611051693914
,0.595,2.18857196543,0.20986664163515856
,0.6225,2.32811716144,0.12213416346215067
,0.837499999999999,3.9972772179,0.601658038551215
4,147193,0.7825000000000001,3.1219999328,0.8328318269426851
,0.7825000000000001,3.96357054651,0.6566865531991122
,0.75,2.93156412093,0.6544531519824484
,0.7975000000000001,3.34478760816,0.8080007200437123
,0.75,3.05656410177,0.2663172744494307
4,819,0.7075,4.3180363646,0.5336027890550984
,0.7025,3.35025549882,0.3495453197373902
,0.725,3.09688087568,0.5788270758274328
,0.7225,4.60300358866,0.488165057046
,0.8300000000000001,4.05371939897,0.571456419975432
4,1942,0.5925,2.08654153822,0.15486616183711144
,0.6725,2.68183539075,0.2588525611749569
,0.715,3.12604850571,0.5476946828454518
,0.6075,1.9104065016,0.09038031432855971
,0.784999999999999,3.88279262687,0.3889989634671507
4,1993,0.7525000000000001,3.98969403249,0.725120273129763
,0.7375,3.88562170221,0.47724364435034067
,0.6625,2.95622112874,0.385825843495508
,0.835,1.92090313497,0.9063937567339393
,0.905,2.79371595664,0.8381966507218381
