user,id,equipmentScore,equipmentScore_pdf,equipmentScore_cdf,kinnennScore,kinnennScore_pdf,kinnennScore_cdf,roomScore,roomScore_pdf,roomScore_cdf,locationScore,locationScore_pdf,locationScore_cdf,serviceScore,serviceScore_pdf,serviceScore_cdf,bathScore,bathScore_pdf,bathScore_cdf,mealScore,mealScore_pdf,mealScore_cdf
15,101,0.655,4.95197512099,0.46000004278395856
,1.0,4.48275862069,0.551724137931
,0.6000000000000001,2.45483180845,0.13511354509786774
,0.9400000000000001,1.03864534319,0.9418257562205692
,0.73,4.18521154639,0.6036606450850874
,0.625,3.05720494248,0.5693471837406808
,0.6975,1.98664483358,0.6870953220018162
15,192,0.63,4.85228072353,0.3361382657946092
,1.0,4.48275862069,0.551724137931
,0.6775,4.77618822219,0.43874717687847203
,0.745,2.77461744523,0.5470657468117315
,0.66,4.12127198103,0.2889280437574835
,0.5325,2.6179574745,0.2963052518689475
,0.6675,2.0229482739,0.626796204389314
15,223,0.6375000000000001,4.94835963756,0.37292607757468843
,0.0,0.51724137931,0.051724137931
,0.605,2.66089526597,0.14789902570095176
,0.605,2.05905330012,0.14100393035959763
,0.6775,4.52584010636,0.3649029005237827
,0.5575,2.86504605065,0.3649924704596736
,0.5825,1.80317353221,0.46098753435546713
15,388,0.7575000000000001,2.35442447235,0.8363853322354666
,1.0,4.48275862069,0.551724137931
,0.7675000000000001,2.69709698484,0.7904680807306006
,0.915,1.42570859101,0.9110473218388406
,0.7675000000000001,3.08045787408,0.7403283202899987
,0.675,2.67232119112,0.7143461413187779
,0.7825000000000001,1.55487767184,0.840897387992224
15,398,0.635,4.92263690847,0.3605860116750109
,0.0,0.51724137931,0.051724137931
,0.6325000000000001,3.84365978133,0.23746117915177709
,0.61,2.15641128424,0.15154243646964327
,0.66,4.12127198103,0.2889280437574835
,0.545,2.75048258925,0.32987504419648767
,0.847499999999999,0.998204141106,0.9243139015135622
15,462,0.7975000000000001,1.69491615853,0.9174500981907201
,1.0,4.48275862069,0.551724137931
,0.68,4.76885983752,0.4506797051960371
,0.79,2.29976151754,0.6599036375623619
,0.8300000000000001,1.58751147335,0.8822559802296106
,0.64,2.98704757842,0.6147310114374797
,0.7075,1.9607168878,0.7068378998252705
15,509,0.6375000000000001,4.94835963756,0.37292607757468843
,0.0,0.51724137931,0.051724137931
,0.6950000000000001,4.61352784237,0.5212703799290809
,0.919999999999999,1.34794581762,0.9179818100649852
,0.6950000000000001,4.67791263714,0.44584669917856984
,0.5125000000000001,2.37649073821,0.2463084007133001
,0.8225,1.2207991273,0.8965762955995336
15,568,0.685,4.33820321586,0.600971443012448
,1.0,4.48275862069,0.551724137931
,0.6625,4.68918310931,0.36746729399980627
,0.9450000000000001,0.964806023143,0.946833475690712
,0.7975000000000001,2.26844697527,0.8201337745670076
,0.865,0.387483532675,0.9739932358061972
,0.5675,1.72174307625,0.4345379094210385
15,570,0.754999999999999,2.39891498273,0.8304439349657764
,1.0,4.48275862069,0.551724137931
,0.8625,0.791855319341,0.9455116568197008
,0.8775000000000001,1.92277614974,0.847606628696043
,0.7825000000000001,2.65293829442,0.7832807279802947
,0.735,1.8010082813,0.849849341155957
,0.857499999999999,0.910432416566,0.9338556878721028
15,610,0.6875,4.26266789371,0.611723009502013
,0.0,0.51724137931,0.051724137931
,0.7825000000000001,2.30879958917,0.8279697950943099
,0.9175000000000001,1.38693285422,0.9145631770793053
,0.725,4.30736986308,0.5824240805144705
,0.615,3.08060600786,0.5386423901018608
,0.8225,1.2207991273,0.8965762955995336
15,630,0.6375000000000001,4.94835963756,0.37292607757468843
,0.0,0.51724137931,0.051724137931
,0.74,3.48273601613,0.7056531505202521
,0.6875,3.24293182312,0.3696182511463573
,0.68,4.56455638627,0.37626701374539223
,0.5575,2.86504605065,0.3649924704596736
,0.7725000000000001,1.62860987944,0.8249757547868204
15,658,0.54,1.30096638683,0.04749458490574762
,0.0,0.51724137931,0.051724137931
,0.59,2.07518285408,0.11250324612746972
,0.665,3.09272342486,0.29795270397772833
,0.5775,1.43705878847,0.06286280143431322
,0.47750000000000004,1.9000343169,0.17133464905288048
,0.63,1.98211427856,0.5514068948851384
15,659,0.5925,3.62380133763,0.1737893172235051
,0.0,0.51724137931,0.051724137931
,0.645,4.29254646289,0.2884280439345245
,0.65,2.89071990486,0.2529932830430714
,0.6125,2.49694219048,0.13090137132742474
,0.47750000000000004,1.9000343169,0.17133464905288048
,0.62,1.95560902544,0.5317129869333451
15,716,0.715,3.37604129993,0.7167721897336359
,0.0,0.51724137931,0.051724137931
,0.8325,1.24459514787,0.9153707095537283
,0.735,2.90884922378,0.5186451786134523
,0.7225,4.36352754022,0.571584719705468
,0.645,2.95455921475,0.6295868816844814
,0.8025,1.39405030682,0.8704130726721311
15,767,0.6625,4.86311684012,0.4968384321514586
,0.0,0.51724137931,0.051724137931
,0.7000000000000001,4.52587964287,0.5441252709113983
,0.8725,1.96980379497,0.837872877640853
,0.6950000000000001,4.67791263714,0.44584669917856984
,0.5975,3.07624276643,0.4846864156036954
,0.7325,1.86575804615,0.7547580177405642
15,839,0.7875000000000001,1.8665138621,0.899632309727064
,1.0,4.48275862069,0.551724137931
,0.845,1.03628883526,0.9295984203342813
,0.925,1.26969347032,0.9245259657764952
,0.8150000000000001,1.8772074663,0.8563205890575842
,0.7275,1.92060195243,0.8358930691434412
,0.735,1.85392409658,0.7594077076254966
15,858,0.635,4.92263690847,0.3605860116750109
,0.0,0.51724137931,0.051724137931
,0.65,4.43686571667,0.3102611612160993
,0.6475000000000001,2.85111826249,0.2458156878332474
,0.61,2.41258081638,0.124764697285662
,0.5525,2.82158025753,0.3507745378406708
,0.5675,1.72174307625,0.4345379094210385
15,864,0.6375000000000001,4.94835963756,0.37292607757468843
,0.0,0.51724137931,0.051724137931
,0.71,4.31025527283,0.5883459009046874
,0.919999999999999,1.34794581762,0.9179818100649852
,0.6900000000000001,4.66345069268,0.42248344172044355
,0.5625,2.90513274674,0.3794193661779886
,0.75,1.77426991339,0.7866374948432651
15,922,0.595,3.73565765732,0.1829892125016208
,1.0,4.48275862069,0.551724137931
,0.5750000000000001,1.60225253522,0.08507135780348887
,0.6825,3.22785005253,0.35343674247084395
,0.605,2.24734237372,0.11311689879426111
,0.454999999999999,1.58163046028,0.13216897933378205
,0.4525,0.913689212818,0.28138410766753663
15,930,0.75,2.49230846713,0.8182185116251718
,1.0,4.48275862069,0.551724137931
,0.7925000000000001,2.06852105148,0.8498444142111677
,0.885,1.84212166649,0.8617323825100347
,0.78,2.7214148413,0.7765630382156596
,0.685,2.54905638855,0.7404636167628349
,0.7125,1.94515872509,0.716603308524626
15,995,0.51,0.571201328068,0.020735085070537694
,1.0,4.48275862069,0.551724137931
,0.5325,0.78228225367,0.03652616938339991
,0.65,2.89071990486,0.2529932830430714
,0.5775,1.43705878847,0.06286280143431322
,0.52,2.47066130793,0.2644876400262914
,0.7875000000000001,1.5162053553,0.8485755678974826
15,996,0.6000000000000001,3.95019363269,0.20220935188600586
,0.0,0.51724137931,0.051724137931
,0.6375000000000001,4.03631878146,0.25716739988966825
,0.725,3.03353005483,0.48892057012570217
,0.65,3.8106221916,0.24923312184483828
,0.5325,2.6179574745,0.2963052518689475
,0.625,1.96965539715,0.5415268037852798
15,1119,0.545,1.4763872058,0.05443145010164484
,0.0,0.51724137931,0.051724137931
,0.58,1.74668019738,0.09343829622440025
,0.7325,2.94136047266,0.5113322737247604
,0.6000000000000001,2.08714857108,0.10228285879414822
,0.5075000000000001,2.31169823237,0.23458730986519072
,0.5,1.26526467596,0.3331148184466408
15,1128,0.6925,4.10569560179,0.6326467625039006
,1.0,4.48275862069,0.551724137931
,0.6775,4.77618822219,0.43874717687847203
,0.7725000000000001,2.43982206875,0.61853077903359
,0.7425,3.83738087109,0.6538526049030466
,0.6025,3.08332152139,0.5000872473128377
,0.8700000000000001,0.803795169661,0.9445652961491735
15,1186,0.6175,4.56981050893,0.2770959195217959
,0.0,0.51724137931,0.051724137931
,0.6625,4.68918310931,0.36746729399980627
,0.67,3.1436737684,0.31354753199625557
,0.7225,4.36352754022,0.571584719705468
,0.65,2.9176790013,0.6442692828250333
,0.5750000000000001,1.76373343492,0.44760997482869497
15,1356,0.774999999999999,2.06758708375,0.8750346381458063
,0.0,0.51724137931,0.051724137931
,0.8125,1.62906689282,0.8867315391060161
,0.925,1.26969347032,0.9245259657764952
,0.7575000000000001,3.3825057451,0.7080208082558936
,0.73,1.88078586234,0.8406448212290761
,0.79,1.49645542435,0.852341449343428
15,1357,0.78,1.98819484783,0.8851743626895315
,0.0,0.51724137931,0.051724137931
,0.8075000000000001,1.73395084159,0.8783253820755841
,0.835,2.16160462122,0.7596207027743864
,0.8025,2.1504888812,0.8311790059305562
,0.72,2.03926146366,0.8210426481467978
,0.76,1.71322305799,0.8040800818581257
15,1386,0.7025,3.77898417739,0.6720775936817098
,0.0,0.51724137931,0.051724137931
,0.7425,3.40920092085,0.7142680680709641
,0.8600000000000001,2.06316812738,0.8126310935096444
,0.6975,4.67629430464,0.45754068178287755
,0.6525000000000001,2.89762981002,0.6515386394754925
,0.5825,1.80317353221,0.46098753435546713
15,1404,0.6725,4.67112287378,0.5445742701849489
,0.0,0.51724137931,0.051724137931
,0.7875000000000001,2.18686265012,0.8392074261578573
,0.75,2.7074016968,0.5607703639402725
,0.6725,4.43283390644,0.34249780685589015
,0.77,1.26273844203,0.9032953693324365
,0.75,1.77426991339,0.7866374948432651
15,1500,0.5675,2.43386550656,0.09797337837677003
,0.0,0.51724137931,0.051724137931
,0.5825,1.82380987746,0.0979007170845701
,0.9375,1.0763250601,0.9391821383924438
,0.73,4.18521154639,0.6036606450850874
,0.387499999999999,0.747695072889,0.05521053213725765
,0.6875,2.00564936262,0.6671280834783881
15,1501,0.505,0.496409967325,0.01807059156754217
,0.0,0.51724137931,0.051724137931
,0.6025,2.55671205677,0.14137746488350036
,0.9450000000000001,0.964806023143,0.946833475690712
,0.6425000000000001,3.55534569873,0.2216020531955442
,0.4,0.87715426556,0.06535090926031437
,0.55,1.615057716,0.40532439349518434
15,1511,0.52,0.756657719665,0.02733170999448926
,1.0,4.48275862069,0.551724137931
,0.54,0.888090893299,0.04278278539219849
,0.8700000000000001,1.9912356384,0.8329212879538811
,0.6125,2.49694219048,0.13090137132742474
,0.5925,3.06459305641,0.4693324390527833
,0.6075,1.91374447141,0.5075196471398915
15,1556,0.6625,4.86311684012,0.4968384321514586
,1.0,4.48275862069,0.551724137931
,0.705,4.42405981313,0.5665055612825662
,0.7825000000000001,2.35150375704,0.6424690718314474
,0.675,4.48185980989,0.3536422006802857
,0.6525000000000001,2.89762981002,0.6515386394754925
,0.705,1.96784783823,0.7019271038338759
15,1630,0.6325000000000001,4.89059453205,0.34831815999519866
,0.0,0.51724137931,0.051724137931
,0.6825,4.75579986705,0.4625866991921769
,0.64,2.7246139581,0.22490005165981256
,0.6525000000000001,3.89210919265,0.2588619880956354
,0.6075,3.08575817718,0.5155118928025657
,0.8525,0.954108777876,0.9291945331208598
15,1667,0.6625,4.86311684012,0.4968384321514586
,0.0,0.51724137931,0.051724137931
,0.6175,3.20388409602,0.18452779616124987
,0.8,2.24885570605,0.682630614325859
,0.68,4.56455638627,0.37626701374539223
,0.49,2.07515796726,0.19618312957748923
,0.75,1.77426991339,0.7866374948432651
15,1680,0.6950000000000001,4.02503979097,0.6428104155846842
,1.0,4.48275862069,0.551724137931
,0.7275,3.84633071806,0.6598343668033266
,0.8700000000000001,1.9912356384,0.8329212879538811
,0.7925000000000001,2.39150207699,0.8084860378418659
,0.6975,2.37869901387,0.7712791551321604
,0.784999999999999,1.5356832184,0.8447606493018254
15,1725,0.6000000000000001,3.95019363269,0.20220935188600586
,1.0,4.48275862069,0.551724137931
,0.6475000000000001,4.36758252728,0.2992543722540845
,0.7425,2.80845239151,0.5400869127037543
,0.685,4.62546700673,0.39925142734023067
,0.625,3.05720494248,0.5693471837406808
,0.615,1.940003696,0.5219733120058184
15,1764,0.67,4.72625709255,0.5328266235973468
,0.0,0.51724137931,0.051724137931
,0.7425,3.40920092085,0.7142680680709641
,0.857499999999999,2.07781701591,0.8074545955078765
,0.7075,4.61244059546,0.5040593318104429
,0.645,2.95455921475,0.6295868816844814
,0.7725000000000001,1.62860987944,0.8249757547868204
15,1770,0.5775,2.91361301315,0.12470005364973576
,0.0,0.51724137931,0.051724137931
,0.64,4.1265326525,0.2673718929288205
,0.835,2.16160462122,0.7596207027743864
,0.6025,2.16658920953,0.10759975288800018
,0.5525,2.82158025753,0.3507745378406708
,0.635,1.99296077614,0.561345259074662
15,1799,0.8400000000000001,0.857285196224,0.9719748798688026
,0.0,0.51724137931,0.051724137931
,0.885,0.560449521074,0.960555942575419
,0.8,2.24885570605,0.682630614325859
,0.81,1.98289777185,0.8466722978846191
,0.8500000000000001,0.464892045175,0.9676208929388659
,0.8250000000000001,1.19863382847,0.8996006013824818
15,1872,0.6075,4.2437573818,0.23296001659484986
,0.0,0.51724137931,0.051724137931
,0.6475000000000001,4.36758252728,0.2992543722540845
,0.9475,0.928758054163,0.9492003007311619
,0.66,4.12127198103,0.2889280437574835
,0.52,2.47066130793,0.2644876400262914
,0.6075,1.91374447141,0.5075196471398915
15,1927,0.5775,2.91361301315,0.12470005364973576
,0.0,0.51724137931,0.051724137931
,0.5775,1.67284815723,0.08916456733787893
,0.8400000000000001,2.14893905774,0.7703980489651078
,0.66,4.12127198103,0.2889280437574835
,0.52,2.47066130793,0.2644876400262914
,0.5,1.26526467596,0.3331148184466408
15,1996,0.525,0.869747166126,0.031391686657949586
,0.0,0.51724137931,0.051724137931
,0.495,0.389649890888,0.015168504070770703
,0.7325,2.94136047266,0.5113322737247604
,0.67,4.37900629807,0.3314820331928076
,0.6000000000000001,3.08035845173,0.49238240630911845
,0.62,1.95560902544,0.5317129869333451
15,1997,0.6625,4.86311684012,0.4968384321514586
,1.0,4.48275862069,0.551724137931
,0.685,4.7372520959,0.47445413092761135
,0.67,3.1436737684,0.31354753199625557
,0.6900000000000001,4.66345069268,0.42248344172044355
,0.59,3.05708197994,0.46168011324305075
,0.7775000000000001,1.59237315387,0.833028752963061
15,2335,0.5825,3.15499238192,0.13987231940960862
,0.0,0.51724137931,0.051724137931
,0.64,4.1265326525,0.2673718929288205
,0.6900000000000001,3.24636188879,0.37773044036366443
,0.675,4.48185980989,0.3536422006802857
,0.485,2.00552603698,0.18598113865240556
,0.75,1.77426991339,0.7866374948432651
15,2465,0.7775000000000001,2.02797197606,0.8801541048841055
,1.0,4.48275862069,0.551724137931
,0.6675,4.74409595836,0.3910615399066421
,0.7225,3.06187617437,0.48130102263270413
,0.7225,4.36352754022,0.571584719705468
,0.555,2.84372321128,0.3578563354330617
,-0.25,8.2539782152,0.10344827586207184
15,2605,0.3025,0.000572194529278,1.1442640616180166e-05
,1.0,4.48275862069,0.551724137931
,0.339999999999999,0.00214437775549,4.105279172663087e-05
,0.59,1.77140117052,0.11228640112802024
,0.339999999999999,0.00243201736802,6.292359169869864e-05
,0.355,0.48065584681,0.03552400144262585
,-0.25,8.2539782152,0.10344827586207184
15,2876,0.794999999999999,1.73903986124,0.9131574724587934
,0.0,0.51724137931,0.051724137931
,0.8174999999999991,1.52755349563,0.8946216654878475
,0.9550000000000001,0.824673981046,0.9557716661575926
,0.8400000000000001,1.41588517315,0.8972591278464259
,0.889999999999999,0.287924781506,0.9823736439494062
,0.6075,1.91374447141,0.5075196471398915
15,2877,0.75,2.49230846713,0.8182185116251718
,1.0,4.48275862069,0.551724137931
,0.6725,4.77277884198,0.41486450133604574
,0.8075000000000001,2.2220777428,0.6993913454636878
,0.635,3.29006390987,0.19592785198179663
,0.635,3.01503891817,0.5997239019889805
,0.6875,2.00564936262,0.6671280834783881
15,2958,0.59,3.50939871711,0.16487232812167732
,0.0,0.51724137931,0.051724137931
,0.5325,0.78228225367,0.03652616938339991
,0.8775000000000001,1.92277614974,0.847606628696043
,0.65,3.8106221916,0.24923312184483828
,0.7475,1.60264726224,0.8711189729237181
,0.6825,2.01255820099,0.6570818450233964
15,4771,0.635,4.92263690847,0.3605860116750109
,1.0,4.48275862069,0.551724137931
,0.705,4.42405981313,0.5665055612825662
,0.8975000000000001,1.68358749648,0.8837967162464426
,0.705,4.63676908719,0.4924966962414145
,0.5175000000000001,2.43970516752,0.2583495873377718
,0.6025,1.89439181065,0.4979987021045753
15,4778,0.7125,3.45448258671,0.7082343401582133
,1.0,4.48275862069,0.551724137931
,0.774999999999999,2.49869287884,0.809947008858349
,0.9400000000000001,1.03864534319,0.9418257562205692
,0.6875,4.64737518576,0.4108436869397335
,0.6575000000000001,2.85439864154,0.6659204308353419
,0.7875000000000001,1.5162053553,0.8485755678974826
15,4801,0.625,4.75713731989,0.3121045352607579
,1.0,4.48275862069,0.551724137931
,0.64,4.1265326525,0.2673718929288205
,0.764999999999999,2.51989863464,0.5999387583737565
,0.735,4.05208020392,0.6242579084892335
,0.6725,2.70108214872,0.7076292073219301
,0.7075,1.9607168878,0.7068378998252705
15,4805,0.74,2.70096105922,0.7922788159977705
,0.0,0.51724137931,0.051724137931
,0.8400000000000001,1.11639545502,0.9242185447712531
,0.9125000000000001,1.46418226818,0.9074348858193497
,0.7725000000000001,2.93376537115,0.7553623511379873
,0.6975,2.37869901387,0.7712791551321604
,0.7675000000000001,1.66351321666,0.8167448768942303
15,4819,0.6725,4.67112287378,0.5445742701849489
,0.0,0.51724137931,0.051724137931
,0.715,4.1865405797,0.6095916043912915
,0.7225,3.06187617437,0.48130102263270413
,0.6725,4.43283390644,0.34249780685589015
,0.56,2.88552401992,0.37218086161725805
,0.6025,1.89439181065,0.4979987021045753
15,4977,0.725,3.07986887864,0.7490259567997218
,1.0,4.48275862069,0.551724137931
,0.685,4.7372520959,0.47445413092761135
,0.8500000000000001,2.11446814893,0.7917269649883543
,0.71,4.58281703862,0.515554485885671
,0.705,2.26936714428,0.7887123146268029
,0.64,2.0021734079,0.5713337793623088
15,5024,0.6525000000000001,4.97000612445,0.44759632109406894
,1.0,4.48275862069,0.551724137931
,0.7625000000000001,2.83394767544,0.7766419380776688
,0.7425,2.80845239151,0.5400869127037543
,0.7000000000000001,4.66883368025,0.46922330114097655
,0.495,2.14402744411,0.20673144761502918
,0.67,2.0222901589,0.6318528416460676
15,5041,0.454999999999999,0.131152611237,0.004481888532304839
,0.0,0.51724137931,0.051724137931
,0.47750000000000004,0.266278306654,0.009477640266020071
,0.6375000000000001,2.68028598888,0.21814373068542187
,0.41000000000000003,0.0217246338477,0.0007075841723038574
,0.36250000000000004,0.533334919106,0.039323205142787476
,0.75,1.77426991339,0.7866374948432651
15,5303,0.47250000000000003,0.20656243843,0.007387320283679416
,1.0,4.48275862069,0.551724137931
,0.5,0.431215165804,0.017219439588516187
,0.8600000000000001,2.06316812738,0.8126310935096444
,0.75,3.61183705113,0.6817916004084328
,0.6950000000000001,2.41404827301,0.7652880984185048
,0.25,0.0417468023482,0.2084051616346411
15,5309,0.6900000000000001,4.1850350196,0.6222830344420118
,0.0,0.51724137931,0.051724137931
,0.6950000000000001,4.61352784237,0.5212703799290809
,0.7675000000000001,2.49198461169,0.6062033699211173
,0.6975,4.67629430464,0.45754068178287755
,0.585,3.0387540044,0.4464387028799298
,0.6950000000000001,1.99204490058,0.6821218660589388
15,5385,0.5875,3.39285235463,0.1562441104058892
,0.0,0.51724137931,0.051724137931
,0.6000000000000001,2.45483180845,0.13511354509786774
,0.8425,2.14161206733,0.7757613939893638
,0.6075,2.3293586722,0.11883751758765251
,0.5075000000000001,2.31169823237,0.23458730986519072
,0.7625000000000001,1.69701592826,0.8083429574068886
15,5562,0.774999999999999,2.06758708375,0.8750346381458063
,0.0,0.51724137931,0.051724137931
,0.8200000000000001,1.47809495388,0.8983785427628391
,0.9575,0.791465035631,0.9577916767386971
,0.8025,2.1504888812,0.8311790059305562
,0.7575000000000001,1.44773359645,0.8863668671856368
,0.6875,2.00564936262,0.6671280834783881
15,5627,0.5225000000000001,0.811391656016,0.02929103011369691
,1.0,4.48275862069,0.551724137931
,0.66,4.65176331589,0.355789726876162
,0.59,1.77140117052,0.11228640112802024
,0.59,1.78329667187,0.0829496401525611
,0.5675,2.94164732123,0.39403784392520497
,0.6675,2.0229482739,0.626796204389314
15,5729,0.5225000000000001,0.811391656016,0.02929103011369691
,0.0,0.51724137931,0.051724137931
,0.545,0.965602919527,0.047414493013967614
,0.6375000000000001,2.68028598888,0.21814373068542187
,0.5,0.230035778938,0.008607922706969527
,0.41000000000000003,0.990633945204,0.07468287466749989
,0.5,1.26526467596,0.3331148184466408
15,7055,0.47250000000000003,0.20656243843,0.007387320283679416
,0.0,0.51724137931,0.051724137931
,0.5675,1.40896047317,0.07379614121699454
,0.6375000000000001,2.68028598888,0.21814373068542187
,0.54,0.650647502612,0.02495636378300372
,0.464999999999999,1.72290466059,0.1486906349453604
,0.8075000000000001,1.35162510587,0.8772775633519045
15,7341,0.6125,4.41699651744,0.2546200117361414
,0.0,0.51724137931,0.051724137931
,0.754999999999999,3.04536440364,0.7545987648624131
,0.7675000000000001,2.49198461169,0.6062033699211173
,0.7000000000000001,4.66883368025,0.46922330114097655
,0.6025,3.08332152139,0.5000872473128377
,0.5,1.26526467596,0.3331148184466408
15,7342,0.545,1.4763872058,0.05443145010164484
,1.0,4.48275862069,0.551724137931
,0.56,1.24088211937,0.06387386454959576
,0.847499999999999,2.12446780395,0.7864280819946964
,0.5875,1.71097328909,0.07858211498226328
,0.52,2.47066130793,0.2644876400262914
,0.59,1.83986170797,0.4746506968154345
15,7343,0.6875,4.26266789371,0.611723009502013
,0.0,0.51724137931,0.051724137931
,0.715,4.1865405797,0.6095916043912915
,0.9125000000000001,1.46418226818,0.9074348858193497
,0.7075,4.61244059546,0.5040593318104429
,0.665,2.78200813101,0.6870624800096149
,0.6325000000000001,1.98774049489,0.556369297639592
15,7588,0.6725,4.67112287378,0.5445742701849489
,1.0,4.48275862069,0.551724137931
,0.6175,3.20388409602,0.18452779616124987
,0.8150000000000001,2.20239528432,0.7159795582070261
,0.6950000000000001,4.67791263714,0.44584669917856984
,0.845,0.494616197189,0.9652230210473474
,0.6025,1.89439181065,0.4979987021045753
15,7599,0.5625,2.2019310582,0.0863871341259008
,1.0,4.48275862069,0.551724137931
,0.5675,1.40896047317,0.07379614121699454
,0.9500000000000001,0.893357959417,0.9514778059850452
,0.6000000000000001,2.08714857108,0.10228285879414822
,0.5325,2.6179574745,0.2963052518689475
,0.75,1.77426991339,0.7866374948432651
15,7903,0.6425000000000001,4.98075986544,0.3977594624329335
,1.0,4.48275862069,0.551724137931
,0.645,4.29254646289,0.2884280439345245
,0.64,2.7246139581,0.22490005165981256
,0.68,4.56455638627,0.37626701374539223
,0.5375,2.67291791029,0.3095334669687614
,0.75,1.77426991339,0.7866374948432651
15,8207,0.7375,2.75838130954,0.785455104184182
,0.0,0.51724137931,0.051724137931
,0.6575000000000001,4.60772203005,0.3442139966644383
,0.7775000000000001,2.39291073605,0.6306103543105381
,0.6975,4.67629430464,0.45754068178287755
,0.54,2.69944858299,0.31624906141300485
,0.6625,2.02298175061,0.6166806675891549
15,8290,0.7825000000000001,1.94811122259,0.890094823343204
,0.0,0.51724137931,0.051724137931
,0.8325,1.24459514787,0.9153707095537283
,0.8300000000000001,2.17234620489,0.7487852127215052
,0.77,3.00665331264,0.7479370285493326
,0.75,1.56348657899,0.8750765894828453
,0.8925000000000001,0.625079702516,0.9606030809233722
15,8961,0.6325000000000001,4.89059453205,0.34831815999519866
,0.0,0.51724137931,0.051724137931
,0.6025,2.55671205677,0.14137746488350036
,0.9075000000000001,1.53985725565,0.8999239783456301
,0.6625,4.19146890884,0.2993196939682823
,0.5325,2.6179574745,0.2963052518689475
,0.535,1.5156335048,0.38183625452842473
15,9191,0.605,4.15010612045,0.22246675865782672
,0.0,0.51724137931,0.051724137931
,0.63,3.74217579256,0.22797825574204753
,0.6825,3.22785005253,0.35343674247084395
,0.685,4.62546700673,0.39925142734023067
,0.5925,3.06459305641,0.4693324390527833
,0.5825,1.80317353221,0.46098753435546713
15,9518,0.625,4.75713731989,0.3121045352607579
,1.0,4.48275862069,0.551724137931
,0.725,3.91702598667,0.650129959177697
,0.8500000000000001,2.11446814893,0.7917269649883543
,0.7000000000000001,4.66883368025,0.46922330114097655
,0.675,2.67232119112,0.7143461413187779
,0.75,1.77426991339,0.7866374948432651
15,10630,0.6675,4.77681889352,0.5209467956836701
,1.0,4.48275862069,0.551724137931
,0.7225,3.98660452106,0.640250167257397
,0.867499999999999,2.01127473794,0.8279178603362184
,0.7275,4.24782403679,0.5931187454110955
,0.7075,2.23194906404,0.7943390523564751
,0.58,1.79032290937,0.45649560083268526
15,10672,0.535,1.14139120666,0.04139534957005134
,0.0,0.51724137931,0.051724137931
,0.6425000000000001,4.21207585685,0.277796169938409
,0.9275,1.23060062386,0.927651314190725
,0.6075,2.3293586722,0.11883751758765251
,0.5,2.21195727201,0.21762183803028107
,-0.25,8.2539782152,0.10344827586207184
15,11039,0.7625000000000001,2.26898838534,0.8479420947787233
,1.0,4.48275862069,0.551724137931
,0.8425,1.07579157881,0.9269585512812561
,0.8125,2.20834116562,0.7104662464907181
,0.735,4.05208020392,0.6242579084892335
,0.72,2.03926146366,0.8210426481467978
,0.715,1.93673250523,0.7214557623349118
15,11140,0.5775,2.91361301315,0.12470005364973576
,1.0,4.48275862069,0.551724137931
,0.6325000000000001,3.84365978133,0.23746117915177709
,0.7825000000000001,2.35150375704,0.6424690718314474
,0.6975,4.67629430464,0.45754068178287755
,0.55,2.79864225983,0.3437490966889209
,0.5275000000000001,1.46375750296,0.37066275153714456
15,11230,0.6725,4.67112287378,0.5445742701849489
,1.0,4.48275862069,0.551724137931
,0.6950000000000001,4.61352784237,0.5212703799290809
,0.8975000000000001,1.68358749648,0.8837967162464426
,0.74,3.91053534904,0.6441674306079557
,0.6125,3.08350284816,0.5309370079069591
,0.6825,2.01255820099,0.6570818450233964
15,11275,0.7875000000000001,1.8665138621,0.899632309727064
,1.0,4.48275862069,0.551724137931
,0.8775000000000001,0.627641786168,0.9561065040432433
,0.8775000000000001,1.92277614974,0.847606628696043
,0.8225,1.72735992738,0.8698313215785815
,0.8200000000000001,0.679784167022,0.9506785482754085
,0.8250000000000001,1.19863382847,0.8996006013824818
15,12534,0.6475000000000001,4.98784045013,0.4226914568815439
,0.0,0.51724137931,0.051724137931
,0.6525000000000001,4.50012412124,0.3214336788362794
,0.735,2.90884922378,0.5186451786134523
,0.665,4.2580304644,0.30988235858738156
,0.5625,2.90513274674,0.3794193661779886
,0.6900000000000001,2.00154698028,0.6721371688044362
15,14112,0.75,2.49230846713,0.8182185116251718
,0.0,0.51724137931,0.051724137931
,0.77,2.63002482035,0.7971267903594144
,0.8174999999999991,2.19691450727,0.7214786105873394
,0.754999999999999,3.45898912308,0.6994689668511842
,0.705,2.26936714428,0.7887123146268029
,0.715,1.93673250523,0.7214557623349118
15,15812,0.5750000000000001,2.79267317967,0.11756723495908225
,1.0,4.48275862069,0.551724137931
,0.5675,1.40896047317,0.07379614121699454
,0.7125,3.15892442291,0.450173145561206
,0.62,2.75602513837,0.15059482195115975
,0.5,2.21195727201,0.21762183803028107
,0.5475,1.59894282168,0.40130685164971003
15,15877,0.47000000000000003,0.193564244791,0.0068873451880079066
,1.0,4.48275862069,0.551724137931
,0.43999999999999906,0.100740255218,0.0029709934118618123
,0.764999999999999,2.51989863464,0.5999387583737565
,0.545,0.732361004006,0.02841089632278827
,0.4325,1.27311631511,0.10008712045513729
,0.375,0.412358131526,0.23098747612891427
15,15878,0.6975,3.94345313551,0.6527711859866172
,0.0,0.51724137931,0.051724137931
,0.7025,4.47660219527,0.5553790820184787
,0.8,2.24885570605,0.682630614325859
,0.75,3.61183705113,0.6817916004084328
,0.65,2.9176790013,0.6442692828250333
,0.6925,1.9970122322,0.6771354572534407
15,16373,0.6925,4.10569560179,0.6326467625039006
,1.0,4.48275862069,0.551724137931
,0.65,4.43686571667,0.3102611612160993
,0.7000000000000001,3.23290329469,0.41016261920514063
,0.6925,4.67363670901,0.43415603148655213
,0.5975,3.07624276643,0.4846864156036954
,0.6675,2.0229482739,0.626796204389314
15,17703,0.635,4.92263690847,0.3605860116750109
,1.0,4.48275862069,0.551724137931
,0.76,2.90365394797,0.7694701060283524
,0.595,1.86627717046,0.1213801000678916
,0.605,2.24734237372,0.11311689879426111
,0.42750000000000005,1.20755329168,0.09388602174646885
,0.0,3.36909106282e-06,0.2068966145350715
15,17743,0.6725,4.67112287378,0.5445742701849489
,0.0,0.51724137931,0.051724137931
,0.6825,4.75579986705,0.4625866991921769
,0.784999999999999,2.33288682243,0.648324271185738
,0.665,4.2580304644,0.30988235858738156
,0.6625,2.80711677355,0.6800758737954017
,0.5,1.26526467596,0.3331148184466408
15,17938,0.3125,0.000908996856548,1.8728498613271152e-05
,1.0,4.48275862069,0.551724137931
,0.262499999999999,2.66700019733e-05,3.9302256584580093e-07
,0.7125,3.15892442291,0.450173145561206
,0.4375,0.044932286362,0.0015892501793953262
,0.4575,1.61682290928,0.13616702300454125
,0.5,1.26526467596,0.3331148184466408
15,17979,0.6525000000000001,4.97000612445,0.44759632109406894
,1.0,4.48275862069,0.551724137931
,0.6825,4.75579986705,0.4625866991921769
,0.6775,3.20195387595,0.3373577864179917
,0.7325,4.11985605016,0.6140425173333072
,0.49,2.07515796726,0.19618312957748923
,0.7125,1.94515872509,0.716603308524626
15,18166,0.5875,3.39285235463,0.1562441104058892
,0.0,0.51724137931,0.051724137931
,0.6625,4.68918310931,0.36746729399980627
,0.8825000000000001,1.87031364248,0.8570915730907016
,0.64,3.46765754216,0.21282309891543993
,0.5625,2.90513274674,0.3794193661779886
,0.6125,1.93162637673,0.5171336953406586
15,18246,0.784999999999999,1.90758977767,0.8949145535446454
,1.0,4.48275862069,0.551724137931
,0.78,2.37115442072,0.8221200474454717
,0.8725,1.96980379497,0.837872877640853
,0.7525000000000001,3.53550323915,0.6907258365147142
,0.77,1.26273844203,0.9032953693324365
,0.774999999999999,1.61065369839,0.8290249028003362
15,18248,0.7475,2.54153232982,0.8119265877222948
,0.0,0.51724137931,0.051724137931
,0.7725000000000001,2.56388606026,0.8036189829152499
,0.9075000000000001,1.53985725565,0.8999239783456301
,0.8625,1.08828663173,0.9252828948946118
,0.8174999999999991,0.702042211754,0.9489514163684357
,0.9175000000000001,0.453295527496,0.9740176568420733
15,18270,0.6775,4.54837740034,0.5676295906318505
,1.0,4.48275862069,0.551724137931
,0.764999999999999,2.76508154214,0.7836405448349897
,0.7925000000000001,2.28519171563,0.6656345593826231
,0.7425,3.83738087109,0.6538526049030466
,0.6275000000000001,3.04841057933,0.5769794473295408
,0.645,2.00973382881,0.5813642393116418
15,18297,0.745,2.59263455312,0.8055092842406353
,0.0,0.51724137931,0.051724137931
,0.7525000000000001,3.11722778089,0.7468956505940546
,0.8525,2.10340692988,0.7969995378852159
,0.745,3.76303036588,0.6633533386480008
,0.7275,1.92060195243,0.8358930691434412
,0.75,1.77426991339,0.7866374948432651
15,18311,0.382499999999999,0.0150860898979,0.0003923656073140882
,1.0,4.48275862069,0.551724137931
,0.42000000000000004,0.0543900196767,0.0014580063629259792
,0.8300000000000001,2.17234620489,0.7487852127215052
,0.58,1.50317947885,0.06653776565003423
,0.41750000000000004,1.08097800028,0.08244877701546333
,0.75,1.77426991339,0.7866374948432651
15,18312,0.48250000000000004,0.268584780603,0.0097485180170687
,1.0,4.48275862069,0.551724137931
,0.5275000000000001,0.717798162062,0.03277783848871527
,0.9025000000000001,1.61322849658,0.8920401539887535
,0.6525000000000001,3.89210919265,0.2588619880956354
,0.48250000000000004,1.97047927621,0.18101110377956892
,1.0,0.11338582347,0.9951074752912378
15,18319,0.485,0.287061419556,0.010442795808478117
,0.0,0.51724137931,0.051724137931
,0.53,0.749479223098,0.03461170756015253
,0.7525000000000001,2.67433497876,0.5674974335493203
,0.48250000000000004,0.143767940263,0.0053980320212568015
,0.615,3.08060600786,0.5386423901018608
,0.47750000000000004,1.09815961001,0.3065236584045482
15,18392,0.5775,2.91361301315,0.12470005364973576
,1.0,4.48275862069,0.551724137931
,0.595,2.25903548188,0.12333355712607472
,0.725,3.03353005483,0.48892057012570217
,0.5975,2.00906332211,0.09716288039594687
,0.52,2.47066130793,0.2644876400262914
,0.5775,1.7771737164,0.4520361686216495
15,18476,0.7075,3.61514203325,0.6905620890927546
,1.0,4.48275862069,0.551724137931
,0.73,3.77471646703,0.6693608471749732
,0.8925000000000001,1.75027015414,0.8752104100540966
,0.784999999999999,2.58568618009,0.7898287503258641
,0.6875,2.51632834142,0.7467954976275827
,0.75,1.77426991339,0.7866374948432651
15,18739,0.6925,4.10569560179,0.6326467625039006
,0.0,0.51724137931,0.051724137931
,0.754999999999999,3.04536440364,0.7545987648624131
,0.847499999999999,2.12446780395,0.7864280819946964
,0.745,3.76303036588,0.6633533386480008
,0.5875,3.0484641224,0.45404795150367294
,0.6875,2.00564936262,0.6671280834783881
15,18763,0.29250000000000004,0.00035465293413,6.8889373826235625e-06
,1.0,4.48275862069,0.551724137931
,0.29250000000000004,0.000169404321542,2.7445587065944184e-06
,0.9575,0.791465035631,0.9577916767386971
,0.5825,1.57088897902,0.0703800228405417
,0.5,2.21195727201,0.21762183803028107
,-0.25,8.2539782152,0.10344827586207184
15,19718,0.6925,4.10569560179,0.6326467625039006
,0.0,0.51724137931,0.051724137931
,0.77,2.63002482035,0.7971267903594144
,0.905,1.57687588588,0.8960279324514261
,0.9225000000000001,0.54346917185,0.9722907397438639
,0.635,3.01503891817,0.5997239019889805
,0.875,0.762429654901,0.9484805113305463
15,19745,0.857499999999999,0.546940355974,0.9841664825666822
,1.0,4.48275862069,0.551724137931
,0.857499999999999,0.855864838231,0.9413943137146503
,0.857499999999999,2.07781701591,0.8074545955078765
,0.8925000000000001,0.766967696688,0.9528066709849949
,0.625,3.05720494248,0.5693471837406808
,-0.25,8.2539782152,0.10344827586207184
15,20639,0.4425,0.0942372060603,0.003084740282972753
,1.0,4.48275862069,0.551724137931
,0.41500000000000004,0.046093642755,0.0012072718520749121
,0.81,2.21486553996,0.7049373701887766
,0.5275000000000001,0.477074359798,0.017952874426593456
,0.3375,0.377135116216,0.02805636750148253
,0.5825,1.80317353221,0.46098753435546713
15,25302,0.48750000000000004,0.306939661576,0.011184992892775749
,0.0,0.51724137931,0.051724137931
,0.5625,1.29433004702,0.06704236705694673
,0.725,3.03353005483,0.48892057012570217
,0.5125000000000001,0.322013701285,0.012027120514331616
,0.39,0.772431705949,0.0571105678867589
,0.5,1.26526467596,0.3331148184466408
15,27972,0.7025,3.77898417739,0.6720775936817098
,0.0,0.51724137931,0.051724137931
,0.7775000000000001,2.434449707,0.816113239166389
,0.827499999999999,2.17728226567,0.7433481372268433
,0.7525000000000001,3.53550323915,0.6907258365147142
,0.6675,2.75595043126,0.6939851235414572
,0.6675,2.0229482739,0.626796204389314
15,28024,0.899999999999999,0.124350778926,0.996760365423238
,1.0,4.48275862069,0.551724137931
,0.8500000000000001,0.960660151386,0.9345888985128147
,1.0,0.359606169478,0.9813459982781725
,1.0,0.121879311329,0.9968589258616075
,1.0,0.0452991954763,0.99847113958181
,0.9175000000000001,0.453295527496,0.9740176568420733
15,28466,0.68,4.48143487907,0.5789175688475218
,1.0,4.48275862069,0.551724137931
,0.68,4.76885983752,0.4506797051960371
,0.9575,0.791465035631,0.9577916767386971
,0.665,4.2580304644,0.30988235858738156
,0.5875,3.0484641224,0.45404795150367294
,0.61,1.92287175026,0.5123154945516994
15,28484,0.625,4.75713731989,0.3121045352607579
,1.0,4.48275862069,0.551724137931
,0.5675,1.40896047317,0.07379614121699454
,0.8600000000000001,2.06316812738,0.8126310935096444
,0.6375000000000001,3.37914357276,0.20426445321358955
,0.61,3.0852192863,0.5232258595672565
,0.605,1.90424944212,0.5027470786602033
15,28512,0.6775,4.54837740034,0.5676295906318505
,0.0,0.51724137931,0.051724137931
,0.725,3.91702598667,0.650129959177697
,0.7525000000000001,2.67433497876,0.5674974335493203
,0.764999999999999,3.15507485624,0.7325340617016031
,0.635,3.01503891817,0.5997239019889805
,0.827499999999999,1.17640625231,0.9025694128424706
15,28570,0.5,0.431847815597,0.015753938000031817
,0.0,0.51724137931,0.051724137931
,0.47500000000000003,0.251295332651,0.00883080435272845
,0.6375000000000001,2.68028598888,0.21814373068542187
,0.4625,0.0852022257939,0.003162325572505208
,0.4325,1.27311631511,0.10008712045513729
,0.7225,1.90887446724,0.735879202124958
15,28894,0.62,4.63801598829,0.288606874931496
,1.0,4.48275862069,0.551724137931
,0.67,4.76167003321,0.4029451064435746
,0.705,3.21046277552,0.42627521933961504
,0.6475000000000001,3.72712512777,0.23981055197207538
,0.459999999999999,1.65211457067,0.1402531765557411
,0.5,1.26526467596,0.3331148184466408
15,29183,0.635,4.92263690847,0.3605860116750109
,1.0,4.48275862069,0.551724137931
,0.6475000000000001,4.36758252728,0.2992543722540845
,0.8225,2.18687973487,0.7324377134048645
,0.6900000000000001,4.66345069268,0.42248344172044355
,0.5825,3.02796729221,0.4388550786739681
,0.5825,1.80317353221,0.46098753435546713
15,29184,0.5700000000000001,2.55239460607,0.10420591179606088
,1.0,4.48275862069,0.551724137931
,0.5725,1.53480980543,0.08115067673942902
,0.774999999999999,2.41568927259,0.6245998895467699
,0.62,2.75602513837,0.15059482195115975
,0.449999999999999,1.51163436803,0.12443605861355136
,0.5375,1.53263230217,0.3856466193052953
15,29229,0.34750000000000003,0.00406786156359,9.363660474866272e-05
,0.0,0.51724137931,0.051724137931
,0.34750000000000003,0.00306682391182,6.040762504399247e-05
,0.7725000000000001,2.43982206875,0.61853077903359
,0.36750000000000005,0.0061618228945,0.000174116520391016
,0.3075,0.252710864727,0.018754629666150883
,0.4375,0.806024146601,0.26849024004452726
15,29338,0.6525000000000001,4.97000612445,0.44759632109406894
,1.0,4.48275862069,0.551724137931
,0.6900000000000001,4.68474298901,0.49801738008850327
,0.615,2.25393914402,0.16256833113700753
,0.7000000000000001,4.66883368025,0.46922330114097655
,0.62,3.07126648629,0.5540240413705971
,-0.25,8.2539782152,0.10344827586207184
15,29381,0.595,3.73565765732,0.1829892125016208
,1.0,4.48275862069,0.551724137931
,0.67,4.76167003321,0.4029451064435746
,0.66,3.03297985321,0.28263495915236925
,0.625,2.93267177163,0.1648155372776554
,0.55,2.79864225983,0.3437490966889209
,0.5325,1.49848270377,0.3780685784490973
15,29764,0.68,4.48143487907,0.5789175688475218
,1.0,4.48275862069,0.551724137931
,0.7225,3.98660452106,0.640250167257397
,0.774999999999999,2.41568927259,0.6245998895467699
,0.7425,3.83738087109,0.6538526049030466
,0.5875,3.0484641224,0.45404795150367294
,0.6000000000000001,1.88417696965,0.49327541728827473
15,30094,0.62,4.63801598829,0.288606874931496
,0.0,0.51724137931,0.051724137931
,0.5625,1.29433004702,0.06704236705694673
,0.63,2.54244412687,0.19855445458172355
,0.675,4.48185980989,0.3536422006802857
,0.5825,3.02796729221,0.4388550786739681
,0.625,1.96965539715,0.5415268037852798
15,31557,0.5575,1.97911683861,0.07593884429221619
,1.0,4.48275862069,0.551724137931
,0.7925000000000001,2.06852105148,0.8498444142111677
,0.9275,1.23060062386,0.927651314190725
,0.725,4.30736986308,0.5824240805144705
,0.5825,3.02796729221,0.4388550786739681
,1.0,0.11338582347,0.9951074752912378
15,32060,0.65,4.98199782186,0.435155045603771
,1.0,4.48275862069,0.551724137931
,0.55,1.04960242254,0.052449619683598424
,1.0,0.359606169478,0.9813459982781725
,0.65,3.8106221916,0.24923312184483828
,0.5625,2.90513274674,0.3794193661779886
,0.75,1.77426991339,0.7866374948432651
15,38608,0.74,2.70096105922,0.7922788159977705
,0.0,0.51724137931,0.051724137931
,0.67,4.76167003321,0.4029451064435746
,0.7875000000000001,2.31564773214,0.6541346544801443
,0.7275,4.24782403679,0.5931187454110955
,0.764999999999999,1.33534354359,0.8968010085296924
,0.75,1.77426991339,0.7866374948432651
15,38649,0.7525000000000001,2.44482105061,0.8243895774626803
,0.0,0.51724137931,0.051724137931
,0.78,2.37115442072,0.8221200474454717
,0.7575000000000001,2.6100068997,0.5807071351965609
,0.7925000000000001,2.39150207699,0.8084860378418659
,0.867499999999999,0.376076741004,0.9749476065370748
,0.8225,1.2207991273,0.8965762955995336
15,39144,0.5575,1.97911683861,0.07593884429221619
,0.0,0.51724137931,0.051724137931
,0.63,3.74217579256,0.22797825574204753
,0.655,2.9653267752,0.26763609195355076
,0.6425000000000001,3.55534569873,0.2216020531955442
,0.5,2.21195727201,0.21762183803028107
,0.6675,2.0229482739,0.626796204389314
15,39247,0.65,4.98199782186,0.435155045603771
,0.0,0.51724137931,0.051724137931
,0.5525,1.09431991259,0.055129123834141286
,0.847499999999999,2.12446780395,0.7864280819946964
,0.5750000000000001,1.37255197114,0.05935112680853537
,0.595,3.07098402007,0.47700214506366145
,0.5175000000000001,1.39283494491,0.3563782925742387
15,39495,0.7225,3.15093548087,0.741237897174731
,1.0,4.48275862069,0.551724137931
,0.6900000000000001,4.68474298901,0.49801738008850327
,0.75,2.7074016968,0.5607703639402725
,0.764999999999999,3.15507485624,0.7325340617016031
,0.5525,2.82158025753,0.3507745378406708
,0.66,2.02235881119,0.6116239032027408
15,39581,0.6175,4.56981050893,0.2770959195217959
,1.0,4.48275862069,0.551724137931
,0.6675,4.74409595836,0.3910615399066421
,0.9575,0.791465035631,0.9577916767386971
,0.735,4.05208020392,0.6242579084892335
,0.47000000000000003,1.79381975056,0.15748243141537288
,-0.25,8.2539782152,0.10344827586207184
15,40799,0.68,4.48143487907,0.5789175688475218
,1.0,4.48275862069,0.551724137931
,0.6225,3.42326571048,0.20109676388913156
,0.9550000000000001,0.824673981046,0.9557716661575926
,0.735,4.05208020392,0.6242579084892335
,0.5725,2.97440513594,0.4088295775326559
,0.75,1.77426991339,0.7866374948432651
15,40956,0.625,4.75713731989,0.3121045352607579
,1.0,4.48275862069,0.551724137931
,0.72,4.05486048022,0.6301980384928363
,0.595,1.86627717046,0.1213801000678916
,0.7825000000000001,2.65293829442,0.7832807279802947
,0.6575000000000001,2.85439864154,0.6659204308353419
,-0.25,8.2539782152,0.10344827586207184
15,41042,0.34750000000000003,0.00406786156359,9.363660474866272e-05
,1.0,4.48275862069,0.551724137931
,0.444999999999999,0.116227749992,0.003512686080411639
,0.8325,2.16715933386,0.7542096591842918
,0.5425,0.690607594756,0.026632560356630558
,0.515,2.4083070088,0.2522894825301968
,-0.25,8.2539782152,0.10344827586207184
15,41069,0.8525,0.62866406942,0.9812301076081128
,0.0,0.51724137931,0.051724137931
,0.845,1.03628883526,0.9295984203342813
,0.81,2.21486553996,0.7049373701887766
,0.827499999999999,1.6330441882,0.8782305087154758
,0.8025,0.851104869965,0.9373363302195833
,0.7725000000000001,1.62860987944,0.8249757547868204
15,41615,0.7425,2.64574139956,0.7989617439351331
,1.0,4.48275862069,0.551724137931
,0.847499999999999,0.997906184178,0.9321409289357043
,0.8775000000000001,1.92277614974,0.847606628696043
,0.919999999999999,0.55981151443,0.9709116953725822
,0.81,0.773220572288,0.9434233412986757
,0.9675,0.208046808766,0.7831079718215379
15,41703,0.735,2.81806729071,0.7784850206540677
,1.0,4.48275862069,0.551724137931
,0.7875000000000001,2.18686265012,0.8392074261578573
,0.77,2.46527095446,0.6123996820961553
,0.6925,4.67363670901,0.43415603148655213
,0.685,2.54905638855,0.7404636167628349
,0.6975,1.98664483358,0.6870953220018162
15,41708,0.645,4.98744844739,0.41022103953494504
,1.0,4.48275862069,0.551724137931
,0.735,3.62948119389,0.6878722549597729
,0.665,3.09272342486,0.29795270397772833
,0.6725,4.43283390644,0.34249780685589015
,0.51,2.34428000983,0.2404073575471422
,0.6775,2.01774164433,0.6470053772146211
15,41851,0.6000000000000001,3.95019363269,0.20220935188600586
,1.0,4.48275862069,0.551724137931
,0.635,3.94187178886,0.24719382747368523
,0.65,2.89071990486,0.2529932830430714
,0.6425000000000001,3.55534569873,0.2216020531955442
,0.3275,0.32901861576,0.024531770565479505
,-0.25,8.2539782152,0.10344827586207184
15,43759,0.8174999999999991,1.31212889216,0.9476020280527125
,1.0,4.48275862069,0.551724137931
,0.75,3.18964934572,0.7390121604689502
,0.6975,3.24028154608,0.40207059242339505
,0.8625,1.08828663173,0.9252828948946118
,0.7675000000000001,1.29878773138,0.9000935702621939
,0.75,1.77426991339,0.7866374948432651
15,44059,0.5125000000000001,0.61284185475,0.022214521201066092
,0.0,0.51724137931,0.051724137931
,0.605,2.66089526597,0.14789902570095176
,0.8225,2.18687973487,0.7324377134048645
,0.6575000000000001,4.04776155772,0.27871609544761966
,0.5325,2.6179574745,0.2963052518689475
,-0.25,8.2539782152,0.10344827586207184
15,44938,0.6075,4.2437573818,0.23296001659484986
,1.0,4.48275862069,0.551724137931
,0.6425000000000001,4.21207585685,0.277796169938409
,0.9275,1.23060062386,0.927651314190725
,0.75,3.61183705113,0.6817916004084328
,0.464999999999999,1.72290466059,0.1486906349453604
,0.8125,1.30852980382,0.8839282066225049
15,50703,0.7125,3.45448258671,0.7082343401582133
,0.0,0.51724137931,0.051724137931
,0.7000000000000001,4.52587964287,0.5441252709113983
,0.74,2.84221805963,0.5330235424448757
,0.7325,4.11985605016,0.6140425173333072
,0.645,2.95455921475,0.6295868816844814
,0.675,2.01968748395,0.6419585011882378
15,50830,0.5650000000000001,2.31692393977,0.09203526075745898
,0.0,0.51724137931,0.051724137931
,0.66,4.65176331589,0.355789726876162
,0.81,2.21486553996,0.7049373701887766
,0.655,3.9712645027,0.2686917248701862
,0.5725,2.97440513594,0.4088295775326559
,0.6375000000000001,1.99777254184,0.566333761085208
15,50921,0.5925,3.62380133763,0.1737893172235051
,0.0,0.51724137931,0.051724137931
,0.68,4.76885983752,0.4506797051960371
,0.7025,3.22293863851,0.41823295316190146
,0.64,3.46765754216,0.21282309891543993
,0.5975,3.07624276643,0.4846864156036954
,0.8325,1.13182638484,0.9083400464442155
15,51734,0.6000000000000001,3.95019363269,0.20220935188600586
,0.0,0.51724137931,0.051724137931
,0.7225,3.98660452106,0.640250167257397
,0.7275,3.00387893585,0.49646758527780466
,0.6825,4.59781850346,0.38772113646562045
,0.56,2.88552401992,0.37218086161725805
,0.56,1.67741530782,0.4217896728608789
15,52992,0.75,2.49230846713,0.8182185116251718
,0.0,0.51724137931,0.051724137931
,0.705,4.42405981313,0.5665055612825662
,0.8225,2.18687973487,0.7324377134048645
,0.71,4.58281703862,0.515554485885671
,0.6725,2.70108214872,0.7076292073219301
,0.6725,2.02120345245,0.636907298022435
15,54491,0.77,2.14696475715,0.8644985247226282
,0.0,0.51724137931,0.051724137931
,0.7975000000000001,1.95364930189,0.8598984184122602
,0.9025000000000001,1.61322849658,0.8920401539887535
,0.7775000000000001,2.79107896094,0.7696726638191291
,0.9450000000000001,0.136599920107,0.9937481720406958
,0.705,1.96784783823,0.7019271038338759
15,54885,0.585,3.27457615727,0.1479095081104589
,1.0,4.48275862069,0.551724137931
,0.55,1.04960242254,0.052449619683598424
,0.8500000000000001,2.11446814893,0.7917269649883543
,0.68,4.56455638627,0.37626701374539223
,0.5625,2.90513274674,0.3794193661779886
,0.625,1.96965539715,0.5415268037852798
15,56634,0.8525,0.62866406942,0.9812301076081128
,0.0,0.51724137931,0.051724137931
,0.845,1.03628883526,0.9295984203342813
,0.9400000000000001,1.03864534319,0.9418257562205692
,0.8300000000000001,1.58751147335,0.8822559802296106
,0.7575000000000001,1.44773359645,0.8863668671856368
,0.764999999999999,1.6804435638,0.8125648571245387
15,56758,0.7725000000000001,2.10719613141,0.8698161747846084
,0.0,0.51724137931,0.051724137931
,0.8225,1.42952609518,0.9020128815954762
,0.68,3.21623593876,0.34538107460520145
,0.77,3.00665331264,0.7479370285493326
,0.745,1.64203188899,0.8670631665323985
,0.8125,1.30852980382,0.8839282066225049
15,56917,0.72,3.22408331899,0.7332695441529471
,1.0,4.48275862069,0.551724137931
,0.77,2.63002482035,0.7971267903594144
,0.8300000000000001,2.17234620489,0.7487852127215052
,0.73,4.18521154639,0.6036606450850874
,0.6575000000000001,2.85439864154,0.6659204308353419
,0.7325,1.86575804615,0.7547580177405642
15,56975,0.68,4.48143487907,0.5789175688475218
,1.0,4.48275862069,0.551724137931
,0.7325,3.70237284912,0.6787073415625557
,0.8,2.24885570605,0.682630614325859
,0.6975,4.67629430464,0.45754068178287755
,0.7175,2.07841445731,0.8158955016324527
,0.6000000000000001,1.88417696965,0.49327541728827473
15,67160,0.8150000000000001,1.36241700718,0.944258745163937
,0.0,0.51724137931,0.051724137931
,0.8500000000000001,0.960660151386,0.9345888985128147
,0.8625,2.04721805819,0.8177693515674869
,0.774999999999999,2.86188260858,0.7626066934606532
,0.76,1.40984955075,0.8899387644205263
,0.68,2.01536538218,0.6520468507226844
15,67299,0.6775,4.54837740034,0.5676295906318505
,1.0,4.48275862069,0.551724137931
,0.6825,4.75579986705,0.4625866991921769
,0.545,0.993605517959,0.05067280208624414
,0.6775,4.52584010636,0.3649029005237827
,0.6625,2.80711677355,0.6800758737954017
,0.5,1.26526467596,0.3331148184466408
15,67423,0.6375000000000001,4.94835963756,0.37292607757468843
,0.0,0.51724137931,0.051724137931
,0.6875,4.71347604378,0.48626860244512593
,0.6825,3.22785005253,0.35343674247084395
,0.705,4.63676908719,0.4924966962414145
,0.6775,2.64271040738,0.7209901050621934
,0.59,1.83986170797,0.4746506968154345
15,67905,0.764999999999999,2.22768000051,0.8535627663646668
,1.0,4.48275862069,0.551724137931
,0.8,1.89748105094,0.8647121571677164
,0.845,2.13348648931,0.7811054436454032
,0.7975000000000001,2.26844697527,0.8201337745670076
,0.75,1.56348657899,0.8750765894828453
,0.6675,2.0229482739,0.626796204389314
15,68565,0.6950000000000001,4.02503979097,0.6428104155846842
,1.0,4.48275862069,0.551724137931
,0.7575000000000001,2.97414766187,0.7621230118106048
,0.857499999999999,2.07781701591,0.8074545955078765
,0.7175,4.46442335257,0.5495081573991983
,0.665,2.78200813101,0.6870624800096149
,0.5775,1.7771737164,0.4520361686216495
15,68688,0.685,4.33820321586,0.600971443012448
,0.0,0.51724137931,0.051724137931
,0.8025,1.84214500125,0.869386517074273
,0.8075000000000001,2.2220777428,0.6993913454636878
,0.78,2.7214148413,0.7765630382156596
,0.62,3.07126648629,0.5540240413705971
,0.79,1.49645542435,0.852341449343428
15,69217,0.7000000000000001,3.86131285122,0.6625272202380637
,0.0,0.51724137931,0.051724137931
,0.74,3.48273601613,0.7056531505202521
,0.72,3.08874807322,0.4736124179386439
,0.7675000000000001,3.08045787408,0.7403283202899987
,0.6425000000000001,2.97135938546,0.6221792531587131
,0.7675000000000001,1.66351321666,0.8167448768942303
15,69292,0.74,2.70096105922,0.7922788159977705
,0.0,0.51724137931,0.051724137931
,0.8150000000000001,1.57788284393,0.8907400496897224
,0.74,2.84221805963,0.5330235424448757
,0.76,3.30624579498,0.7163816822798609
,0.7875000000000001,1.02682659985,0.9232845397366964
,0.75,1.77426991339,0.7866374948432651
15,70225,0.58,3.03452836202,0.1321352797824512
,1.0,4.48275862069,0.551724137931
,0.64,4.1265326525,0.2673718929288205
,0.804999999999999,2.23008218587,0.6938263211139832
,0.5925,1.8571053689,0.08749983614326301
,0.5375,2.67291791029,0.3095334669687614
,-0.25,8.2539782152,0.10344827586207184
15,70358,0.47500000000000003,0.220478580736,0.00792092213826519
,1.0,4.48275862069,0.551724137931
,0.48,0.281897010649,0.010162725666592288
,0.75,2.7074016968,0.5607703639402725
,0.5425,0.690607594756,0.026632560356630558
,0.545,2.75048258925,0.32987504419648767
,0.5325,1.49848270377,0.3780685784490973
15,70659,0.6025,4.05214726972,0.2122130762627999
,1.0,4.48275862069,0.551724137931
,0.685,4.7372520959,0.47445413092761135
,0.5650000000000001,1.31933889008,0.0737387153194865
,0.6950000000000001,4.67791263714,0.44584669917856984
,0.55,2.79864225983,0.3437490966889209
,0.5275000000000001,1.46375750296,0.37066275153714456
15,70707,0.6675,4.77681889352,0.5209467956836701
,1.0,4.48275862069,0.551724137931
,0.7525000000000001,3.11722778089,0.7468956505940546
,0.8825000000000001,1.87031364248,0.8570915730907016
,0.67,4.37900629807,0.3314820331928076
,0.6425000000000001,2.97135938546,0.6221792531587131
,0.7225,1.90887446724,0.735879202124958
15,70749,0.36,0.00663712603207,0.00015936826519844844
,0.0,0.51724137931,0.051724137931
,0.39,0.018763695797,0.0004395046331485493
,0.6575000000000001,3.0000835305,0.27509322988394913
,0.39,0.0123095078347,0.0003749909913277471
,0.365,0.552065503687,0.04067983220182287
,0.65,2.01562652172,0.5914283379649281
15,70793,0.545,1.4763872058,0.05443145010164484
,0.0,0.51724137931,0.051724137931
,0.59,2.07518285408,0.11250324612746972
,0.6125,2.20518074561,0.15699442288198312
,0.66,4.12127198103,0.2889280437574835
,0.5275000000000001,2.56063475588,0.283357829220272
,0.392499999999999,0.510919547774,0.2390504874440876
15,70852,0.6900000000000001,4.1850350196,0.6222830344420118
,0.0,0.51724137931,0.051724137931
,0.705,4.42405981313,0.5665055612825662
,0.6975,3.24028154608,0.40207059242339505
,0.6975,4.67629430464,0.45754068178287755
,0.595,3.07098402007,0.47700214506366145
,0.5925,1.85144670749,0.4792649010933797
15,72086,0.5650000000000001,2.31692393977,0.09203526075745898
,0.0,0.51724137931,0.051724137931
,0.545,0.965602919527,0.047414493013967614
,0.847499999999999,2.12446780395,0.7864280819946964
,0.585,1.64016207154,0.0743935135452104
,0.41750000000000004,1.08097800028,0.08244877701546333
,0.40750000000000003,0.603413311119,0.24739943491961447
15,74604,0.8300000000000001,1.05701549082,0.962411377082954
,0.0,0.51724137931,0.051724137931
,0.827499999999999,1.3351439813,0.9089230003113509
,0.804999999999999,2.23008218587,0.6938263211139832
,0.9125000000000001,0.610715533379,0.9665241504823168
,0.9075000000000001,0.232412020236,0.9869137752925623
,0.794999999999999,1.45618681358,0.8597234684895453
15,74635,0.5575,1.97911683861,0.07593884429221619
,0.0,0.51724137931,0.051724137931
,0.675,4.77756113359,0.4268037276505431
,0.605,2.05905330012,0.14100393035959763
,0.5375,0.61246636312,0.023377840246997638
,0.655,2.87653030391,0.6587565565828271
,0.382499999999999,0.453278968392,0.2342323384136334
15,74688,0.7000000000000001,3.86131285122,0.6625272202380637
,1.0,4.48275862069,0.551724137931
,0.75,3.18964934572,0.7390121604689502
,0.5,0.43818349432,0.019511928119129263
,0.774999999999999,2.86188260858,0.7626066934606532
,0.625,3.05720494248,0.5693471837406808
,0.75,1.77426991339,0.7866374948432651
15,74696,0.7125,3.45448258671,0.7082343401582133
,1.0,4.48275862069,0.551724137931
,0.7175,4.12157989604,0.6199771450807741
,0.7825000000000001,2.35150375704,0.6424690718314474
,0.6975,4.67629430464,0.45754068178287755
,0.6950000000000001,2.41404827301,0.7652880984185048
,0.6675,2.0229482739,0.626796204389314
15,76409,0.51,0.571201328068,0.020735085070537694
,0.0,0.51724137931,0.051724137931
,0.5325,0.78228225367,0.03652616938339991
,0.7175,3.11398255548,0.46585864698452306
,0.5775,1.43705878847,0.06286280143431322
,0.52,2.47066130793,0.2644876400262914
,0.25,0.0417468023482,0.2084051616346411
15,76496,0.9175000000000001,0.0621922692853,0.9983308374652233
,0.0,0.51724137931,0.051724137931
,0.8975000000000001,0.468121655534,0.966960484212509
,0.9325000000000001,1.15289168232,0.9336096926545403
,0.835,1.49962311327,0.8899720667604758
,0.804999999999999,0.824395073472,0.9394305493641627
,0.889999999999999,0.643917206135,0.9590168930549812
15,78211,0.81,1.46128097551,0.9371984377506388
,1.0,4.48275862069,0.551724137931
,0.8600000000000001,0.823272863527,0.9434929911468664
,0.794999999999999,2.27189091926,0.6713306539323655
,0.8300000000000001,1.58751147335,0.8822559802296106
,0.827499999999999,0.617287462287,0.9555386097646423
,0.8025,1.39405030682,0.8704130726721311
15,79262,0.7275,3.01098939137,0.7566390650346255
,1.0,4.48275862069,0.551724137931
,0.8150000000000001,1.57788284393,0.8907400496897224
,0.8400000000000001,2.14893905774,0.7703980489651078
,0.7575000000000001,3.3825057451,0.7080208082558936
,0.827499999999999,0.617287462287,0.9555386097646423
,0.66,2.02235881119,0.6116239032027408
15,79313,0.515,0.657528063198,0.023801832536810973
,1.0,4.48275862069,0.551724137931
,0.56,1.24088211937,0.06387386454959576
,0.764999999999999,2.51989863464,0.5999387583737565
,0.6175,2.66876079674,0.14381400884358045
,0.41250000000000003,1.0202760334,0.07719641080726394
,0.7000000000000001,1.98081195187,0.6920547331564944
15,79388,0.7325,2.88005943525,0.7713628451886341
,0.0,0.51724137931,0.051724137931
,0.75,3.18964934572,0.7390121604689502
,0.725,3.03353005483,0.48892057012570217
,0.77,3.00665331264,0.7479370285493326
,0.715,2.11729952291,0.8106507991461168
,0.7925000000000001,1.47644518761,0.8560576280864358
15,80513,0.7075,3.61514203325,0.6905620890927546
,1.0,4.48275862069,0.551724137931
,0.76,2.90365394797,0.7694701060283524
,0.8250000000000001,2.18208664958,0.7378989111584975
,0.7825000000000001,2.65293829442,0.7832807279802947
,0.5975,3.07624276643,0.4846864156036954
,0.76,1.71322305799,0.8040800818581257
15,80619,0.7775000000000001,2.02797197606,0.8801541048841055
,1.0,4.48275862069,0.551724137931
,0.8250000000000001,1.3818681063,0.9055269322466252
,0.8150000000000001,2.20239528432,0.7159795582070261
,0.77,3.00665331264,0.7479370285493326
,0.6975,2.37869901387,0.7712791551321604
,0.7625000000000001,1.69701592826,0.8083429574068886
15,80759,0.6675,4.77681889352,0.5209467956836701
,0.0,0.51724137931,0.051724137931
,0.7825000000000001,2.30879958917,0.8279697950943099
,0.605,2.05905330012,0.14100393035959763
,0.6675,4.32064332192,0.32060655537117566
,0.845,0.494616197189,0.9652230210473474
,0.5575,1.66215794128,0.4176151581568512
15,80766,0.645,4.98744844739,0.41022103953494504
,1.0,4.48275862069,0.551724137931
,0.7225,3.98660452106,0.640250167257397
,0.6375000000000001,2.68028598888,0.21814373068542187
,0.6975,4.67629430464,0.45754068178287755
,0.645,2.95455921475,0.6295868816844814
,0.6000000000000001,1.88417696965,0.49327541728827473
15,80873,0.735,2.81806729071,0.7784850206540677
,0.0,0.51724137931,0.051724137931
,0.7075,4.36852304956,0.5774968859668147
,0.6325000000000001,2.58909132704,0.2049690013984996
,0.7775000000000001,2.79107896094,0.7696726638191291
,0.705,2.26936714428,0.7887123146268029
,0.5,1.26526467596,0.3331148184466408
15,84558,0.7925000000000001,1.7823132806,0.9087556079930216
,0.0,0.51724137931,0.051724137931
,0.837499999999999,1.15807940576,0.921375673896256
,0.7775000000000001,2.39291073605,0.6306103543105381
,0.7775000000000001,2.79107896094,0.7696726638191291
,0.75,1.56348657899,0.8750765894828453
,0.6275000000000001,1.97608491287,0.5464590622105171
15,104560,0.4,0.0271017830863,0.0007526622538651632
,0.0,0.51724137931,0.051724137931
,0.48,0.281897010649,0.010162725666592288
,0.8500000000000001,2.11446814893,0.7917269649883543
,0.485,0.153668800656,0.005769682916089396
,0.40750000000000003,0.961486106268,0.07224282918137227
,0.515,1.37484281736,0.3529186759519793
15,104598,0.5825,3.15499238192,0.13987231940960862
,0.0,0.51724137931,0.051724137931
,0.645,4.29254646289,0.2884280439345245
,0.67,3.1436737684,0.31354753199625557
,0.685,4.62546700673,0.39925142734023067
,0.515,2.4083070088,0.2522894825301968
,0.5,1.26526467596,0.3331148184466408
15,104599,0.5725,2.67212989173,0.11073635703062867
,1.0,4.48275862069,0.551724137931
,0.595,2.25903548188,0.12333355712607472
,0.6875,3.24293182312,0.3696182511463573
,0.61,2.41258081638,0.124764697285662
,0.47000000000000003,1.79381975056,0.15748243141537288
,-0.25,8.2539782152,0.10344827586207184
15,104688,0.7275,3.01098939137,0.7566390650346255
,1.0,4.48275862069,0.551724137931
,0.73,3.77471646703,0.6693608471749732
,0.8125,2.20834116562,0.7104662464907181
,0.6625,4.19146890884,0.2993196939682823
,0.7225,1.99988106435,0.8260916194355442
,0.75,1.77426991339,0.7866374948432651
15,104824,0.6325000000000001,4.89059453205,0.34831815999519866
,0.0,0.51724137931,0.051724137931
,0.6000000000000001,2.45483180845,0.13511354509786774
,0.875,1.94698040751,0.842769147045262
,0.6175,2.66876079674,0.14381400884358045
,0.5675,2.94164732123,0.39403784392520497
,0.5,1.26526467596,0.3331148184466408
15,107778,0.68,4.48143487907,0.5789175688475218
,1.0,4.48275862069,0.551724137931
,0.7175,4.12157989604,0.6199771450807741
,0.685,3.23675724902,0.36151806873466497
,0.7375,3.98220266983,0.6343011671350369
,0.6000000000000001,3.08035845173,0.49238240630911845
,0.78,1.57377780608,0.8369865062209225
15,107870,0.8125,1.41216785757,0.9407903911244268
,0.0,0.51724137931,0.051724137931
,0.8225,1.42952609518,0.9020128815954762
,0.909999999999999,1.50226236594,0.9037267384776503
,0.8150000000000001,1.8772074663,0.8563205890575842
,0.735,1.8010082813,0.849849341155957
,0.72,1.91858939655,0.7310947831367536
15,107898,0.7025,3.77898417739,0.6720775936817098
,1.0,4.48275862069,0.551724137931
,0.794999999999999,2.01065869114,0.8549432097906371
,0.6175,2.30262589816,0.16826405906316194
,0.6975,4.67629430464,0.45754068178287755
,0.6075,3.08575817718,0.5155118928025657
,0.605,1.90424944212,0.5027470786602033
15,108143,0.485,0.287061419556,0.010442795808478117
,0.0,0.51724137931,0.051724137931
,0.6950000000000001,4.61352784237,0.5212703799290809
,0.7225,3.06187617437,0.48130102263270413
,0.625,2.93267177163,0.1648155372776554
,0.73,1.88078586234,0.8406448212290761
,0.5625,1.69243744425,0.4260020386693837
15,108336,0.535,1.14139120666,0.04139534957005134
,0.0,0.51724137931,0.051724137931
,0.56,1.24088211937,0.06387386454959576
,0.5575,1.19278092945,0.06432129630688636
,0.595,1.93237107775,0.09223638123342907
,0.387499999999999,0.747695072889,0.05521053213725765
,0.41750000000000004,0.668633137991,0.25375748501558
15,108341,0.5825,3.15499238192,0.13987231940960862
,1.0,4.48275862069,0.551724137931
,0.52,0.628959216147,0.027733094413213116
,0.8075000000000001,2.2220777428,0.6993913454636878
,0.595,1.93237107775,0.09223638123342907
,0.52,2.47066130793,0.2644876400262914
,0.595,1.86269843154,0.4839076526170296
15,108351,0.65,4.98199782186,0.435155045603771
,1.0,4.48275862069,0.551724137931
,0.685,4.7372520959,0.47445413092761135
,0.6825,3.22785005253,0.35343674247084395
,0.615,2.58236539438,0.13725029343617157
,0.64,2.98704757842,0.6147310114374797
,0.665,2.02317853458,0.621738456823839
15,108388,0.5475,1.56987608263,0.05823849429519144
,1.0,4.48275862069,0.551724137931
,0.64,4.1265326525,0.2673718929288205
,0.6900000000000001,3.24636188879,0.37773044036366443
,0.5875,1.71097328909,0.07858211498226328
,0.6000000000000001,3.08035845173,0.49238240630911845
,0.58,1.79032290937,0.45649560083268526
15,108411,0.6175,4.56981050893,0.2770959195217959
,1.0,4.48275862069,0.551724137931
,0.6575000000000001,4.60772203005,0.3442139966644383
,0.875,1.94698040751,0.842769147045262
,0.67,4.37900629807,0.3314820331928076
,0.7075,2.23194906404,0.7943390523564751
,0.515,1.37484281736,0.3529186759519793
15,108416,0.71,3.53426894226,0.6994986551162713
,1.0,4.48275862069,0.551724137931
,0.8174999999999991,1.52755349563,0.8946216654878475
,0.804999999999999,2.23008218587,0.6938263211139832
,0.804999999999999,2.09339424758,0.8364836005528671
,0.74,1.72131371442,0.8586550425403736
,0.7125,1.94515872509,0.716603308524626
15,108417,0.5825,3.15499238192,0.13987231940960862
,1.0,4.48275862069,0.551724137931
,0.6325000000000001,3.84365978133,0.23746117915177709
,0.8,2.24885570605,0.682630614325859
,0.5325,0.541359086549,0.020496169161135704
,0.605,3.08512373349,0.5077980464977749
,0.52,1.41073010423,0.3598827698725828
15,108652,0.5075000000000001,0.532445224508,0.019356110811036588
,0.0,0.51724137931,0.051724137931
,0.6425000000000001,4.21207585685,0.277796169938409
,0.525,0.71212604424,0.03369938910729951
,0.5650000000000001,1.13115396658,0.04685508881416474
,0.43999999999999906,1.37383539685,0.11001155070610102
,0.5625,1.69243744425,0.4260020386693837
15,109008,0.5275000000000001,0.9318383021,0.0336428794456372
,1.0,4.48275862069,0.551724137931
,0.5325,0.78228225367,0.03652616938339991
,0.6950000000000001,3.24501249165,0.3939634179683906
,0.63,3.11116080478,0.17992462621118582
,0.5,2.21195727201,0.21762183803028107
,0.595,1.86269843154,0.4839076526170296
15,109067,0.7625000000000001,2.26898838534,0.8479420947787233
,1.0,4.48275862069,0.551724137931
,0.794999999999999,2.01065869114,0.8549432097906371
,0.8,2.24885570605,0.682630614325859
,0.7525000000000001,3.53550323915,0.6907258365147142
,0.71,2.19410609519,0.7998717058542424
,0.75,1.77426991339,0.7866374948432651
15,129429,0.5775,2.91361301315,0.12470005364973576
,1.0,4.48275862069,0.551724137931
,0.5875,1.98807263734,0.1074248610402543
,0.7925000000000001,2.28519171563,0.6656345593826231
,0.68,4.56455638627,0.37626701374539223
,0.54,2.69944858299,0.31624906141300485
,0.76,1.71322305799,0.8040800818581257
15,129459,0.6725,4.67112287378,0.5445742701849489
,1.0,4.48275862069,0.551724137931
,0.6925,4.65133225777,0.5096884191980957
,0.705,3.21046277552,0.42627521933961504
,0.6875,4.64737518576,0.4108436869397335
,0.6375000000000001,3.00161122042,0.6072449524251823
,0.605,1.90424944212,0.5027470786602033
15,129490,0.6575000000000001,4.92803929258,0.4723512753135061
,1.0,4.48275862069,0.551724137931
,0.754999999999999,3.04536440364,0.7545987648624131
,0.889999999999999,1.78204332534,0.8707947882380196
,0.6975,4.67629430464,0.45754068178287755
,0.625,3.05720494248,0.5693471837406808
,0.7000000000000001,1.98081195187,0.6920547331564944
15,129672,0.485,0.287061419556,0.010442795808478117
,1.0,4.48275862069,0.551724137931
,0.38,0.0126589248937,0.00028413338416190286
,0.725,3.03353005483,0.48892057012570217
,0.405,0.0189191761125,0.0006061165916278498
,0.43500000000000005,1.30639435935,0.10331144355176886
,-0.25,8.2539782152,0.10344827586207184
15,129907,0.65,4.98199782186,0.435155045603771
,0.0,0.51724137931,0.051724137931
,0.63,3.74217579256,0.22797825574204753
,0.65,2.89071990486,0.2529932830430714
,0.65,3.8106221916,0.24923312184483828
,0.54,2.69944858299,0.31624906141300485
,0.6075,1.91374447141,0.5075196471398915
15,129987,0.6575000000000001,4.92803929258,0.4723512753135061
,0.0,0.51724137931,0.051724137931
,0.6875,4.71347604378,0.48626860244512593
,0.5625,1.27661775518,0.07049387735204982
,0.6575000000000001,4.04776155772,0.27871609544761966
,0.6575000000000001,2.85439864154,0.6659204308353419
,0.5,1.26526467596,0.3331148184466408
15,130043,0.8300000000000001,1.05701549082,0.962411377082954
,0.0,0.51724137931,0.051724137931
,0.899999999999999,0.452296930119,0.9681108383359053
,0.865,2.02992951212,0.8228660681377917
,0.764999999999999,3.15507485624,0.7325340617016031
,0.6950000000000001,2.41404827301,0.7652880984185048
,0.804999999999999,1.37292861065,0.8738718320569698
15,130166,0.7875000000000001,1.8665138621,0.899632309727064
,0.0,0.51724137931,0.051724137931
,0.9325000000000001,0.304320320386,0.9801598936521636
,0.8600000000000001,2.06316812738,0.8126310935096444
,0.9325000000000001,0.480342007266,0.977407197757856
,0.875,0.344010669606,0.9776460060629324
,0.875,0.762429654901,0.9484805113305463
15,130586,0.20750000000000002,3.24426237867e-06,5.05035613550775e-08
,0.0,0.51724137931,0.051724137931
,0.28500000000000003,0.000108641425839,1.717685123983583e-06
,0.42750000000000005,0.0862534840688,0.003655012311490775
,0.35750000000000004,0.00444265581472,0.00012150794305511535
,0.25,0.126027610745,0.008335910479219109
,-0.25,8.2539782152,0.10344827586207184
15,134922,0.6925,4.10569560179,0.6326467625039006
,0.0,0.51724137931,0.051724137931
,0.725,3.91702598667,0.650129959177697
,0.79,2.29976151754,0.6599036375623619
,0.6775,4.52584010636,0.3649029005237827
,0.635,3.01503891817,0.5997239019889805
,0.4375,0.806024146601,0.26849024004452726
15,134923,0.6825,4.41125280731,0.5900340650431075
,0.0,0.51724137931,0.051724137931
,0.725,3.91702598667,0.650129959177697
,0.735,2.90884922378,0.5186451786134523
,0.7025,4.65561810939,0.4808800534453552
,0.68,2.61227704817,0.7275590078494945
,0.6725,2.02120345245,0.636907298022435
15,135551,0.7575000000000001,2.35442447235,0.8363853322354666
,1.0,4.48275862069,0.551724137931
,0.8250000000000001,1.3818681063,0.9055269322466252
,0.774999999999999,2.41568927259,0.6245998895467699
,0.7725000000000001,2.93376537115,0.7553623511379873
,0.6425000000000001,2.97135938546,0.6221792531587131
,0.7825000000000001,1.55487767184,0.840897387992224
15,135973,0.8,1.64991511879,0.9216313215913582
,1.0,4.48275862069,0.551724137931
,0.7925000000000001,2.06852105148,0.8498444142111677
,0.8975000000000001,1.68358749648,0.8837967162464426
,0.7825000000000001,2.65293829442,0.7832807279802947
,0.745,1.64203188899,0.8670631665323985
,0.6675,2.0229482739,0.626796204389314
15,136122,0.78,1.98819484783,0.8851743626895315
,1.0,4.48275862069,0.551724137931
,0.745,3.3357537016,0.7226992286425353
,0.8325,2.16715933386,0.7542096591842918
,0.745,3.76303036588,0.6633533386480008
,0.61,3.0852192863,0.5232258595672565
,0.5225000000000001,1.42852071924,0.3634318559779755
15,136139,0.8025,1.60402930915,0.9256989359309884
,1.0,4.48275862069,0.551724137931
,0.837499999999999,1.15807940576,0.921375673896256
,0.845,2.13348648931,0.7811054436454032
,0.784999999999999,2.58568618009,0.7898287503258641
,0.76,1.40984955075,0.8899387644205263
,0.8225,1.2207991273,0.8965762955995336
15,136288,0.7375,2.75838130954,0.785455104184182
,1.0,4.48275862069,0.551724137931
,0.8125,1.62906689282,0.8867315391060161
,0.827499999999999,2.17728226567,0.7433481372268433
,0.7925000000000001,2.39150207699,0.8084860378418659
,0.6225,3.06482486485,0.5616944013540699
,0.7425,1.81593046267,0.7731719842110231
15,136820,0.6275000000000001,4.80776482645,0.3240619253713515
,1.0,4.48275862069,0.551724137931
,0.655,4.55713422632,0.33275657352788246
,0.655,2.9653267752,0.26763609195355076
,0.6175,2.66876079674,0.14381400884358045
,0.5650000000000001,2.92384831213,0.3867057810352117
,0.6025,1.89439181065,0.4979987021045753
15,136846,0.8075000000000001,1.50967137595,0.9334845889796741
,0.0,0.51724137931,0.051724137931
,0.7925000000000001,2.06852105148,0.8498444142111677
,0.6525000000000001,2.92883101266,0.2602680452426659
,0.804999999999999,2.09339424758,0.8364836005528671
,0.875,0.344010669606,0.9776460060629324
,0.7625000000000001,1.69701592826,0.8083429574068886
15,137085,0.8400000000000001,0.857285196224,0.9719748798688026
,0.0,0.51724137931,0.051724137931
,0.875,0.652181239342,0.9545069542891301
,0.9400000000000001,1.03864534319,0.9418257562205692
,0.8775000000000001,0.912353311377,0.9402471165625084
,0.8500000000000001,0.464892045175,0.9676208929388659
,0.847499999999999,0.998204141106,0.9243139015135622
15,137869,0.875,0.314785372001,0.9915803200132153
,0.0,0.51724137931,0.051724137931
,0.905,0.422984460193,0.9702977873882411
,0.972499999999999,0.609756953271,0.9682620362677415
,0.8700000000000001,0.996261111886,0.9330947658771122
,0.8625,0.399282638742,0.9730098619558727
,0.8150000000000001,1.28676720178,0.8871723551971675
15,138039,0.6975,3.94345313551,0.6527711859866172
,0.0,0.51724137931,0.051724137931
,0.63,3.74217579256,0.22797825574204753
,0.7325,2.94136047266,0.5113322737247604
,0.6375000000000001,3.37914357276,0.20426445321358955
,0.6075,3.08575817718,0.5155118928025657
,0.655,2.01983846774,0.6015177031639352
15,140859,0.5975,3.84457914588,0.19246515936181924
,1.0,4.48275862069,0.551724137931
,0.65,4.43686571667,0.3102611612160993
,0.59,1.77140117052,0.11228640112802024
,0.6000000000000001,2.08714857108,0.10228285879414822
,0.59,3.05708197994,0.46168011324305075
,0.4375,0.806024146601,0.26849024004452726
15,140984,0.754999999999999,2.39891498273,0.8304439349657764
,1.0,4.48275862069,0.551724137931
,0.7625000000000001,2.83394767544,0.7766419380776688
,0.8925000000000001,1.75027015414,0.8752104100540966
,0.7425,3.83738087109,0.6538526049030466
,0.6925,2.44879190364,0.7592094184812368
,0.645,2.00973382881,0.5813642393116418
15,141053,0.65,4.98199782186,0.435155045603771
,1.0,4.48275862069,0.551724137931
,0.645,4.29254646289,0.2884280439345245
,0.7025,3.22293863851,0.41823295316190146
,0.7025,4.65561810939,0.4808800534453552
,0.5,2.21195727201,0.21762183803028107
,0.625,1.96965539715,0.5415268037852798
15,141356,0.794999999999999,1.73903986124,0.9131574724587934
,1.0,4.48275862069,0.551724137931
,0.8250000000000001,1.3818681063,0.9055269322466252
,0.9475,0.928758054163,0.9492003007311619
,0.8400000000000001,1.41588517315,0.8972591278464259
,0.8425,0.510307644295,0.963966984970382
,0.7025,1.97454625652,0.6969990210806585
15,142811,0.58,3.03452836202,0.1321352797824512
,1.0,4.48275862069,0.551724137931
,0.595,2.25903548188,0.12333355712607472
,0.7825000000000001,2.35150375704,0.6424690718314474
,0.675,4.48185980989,0.3536422006802857
,0.535,2.6457456827,0.30288500648827577
,0.635,1.99296077614,0.561345259074662
15,142951,0.764999999999999,2.22768000051,0.8535627663646668
,0.0,0.51724137931,0.051724137931
,0.804999999999999,1.78763557162,0.8739235709218336
,0.784999999999999,2.33288682243,0.648324271185738
,0.7375,3.98220266983,0.6343011671350369
,0.68,2.61227704817,0.7275590078494945
,0.6475000000000001,2.01288950957,0.5863926055361753
15,143324,0.66,4.89835822929,0.4846354508470586
,1.0,4.48275862069,0.551724137931
,0.5725,1.53480980543,0.08115067673942902
,0.6775,3.20195387595,0.3373577864179917
,0.625,2.93267177163,0.1648155372776554
,0.59,3.05708197994,0.46168011324305075
,0.5750000000000001,1.76373343492,0.44760997482869497
15,145305,0.745,2.59263455312,0.8055092842406353
,1.0,4.48275862069,0.551724137931
,0.7675000000000001,2.69709698484,0.7904680807306006
,0.725,3.03353005483,0.48892057012570217
,0.6875,4.64737518576,0.4108436869397335
,0.6575000000000001,2.85439864154,0.6659204308353419
,0.605,1.90424944212,0.5027470786602033
15,145335,0.5425,1.38672089384,0.05085337188164531
,0.0,0.51724137931,0.051724137931
,0.55,1.04960242254,0.052449619683598424
,0.8,2.24885570605,0.682630614325859
,0.5,0.230035778938,0.008607922706969527
,0.5875,3.0484641224,0.45404795150367294
,0.5225000000000001,1.42852071924,0.3634318559779755
15,145444,0.754999999999999,2.39891498273,0.8304439349657764
,1.0,4.48275862069,0.551724137931
,0.8525,0.924564542022,0.9369451884611452
,0.794999999999999,2.27189091926,0.6713306539323655
,0.6925,4.67363670901,0.43415603148655213
,0.7975000000000001,0.906759735801,0.9329429060374517
,0.725,1.8987322531,0.7406387993961545
15,146557,0.72,3.22408331899,0.7332695441529471
,0.0,0.51724137931,0.051724137931
,0.73,3.77471646703,0.6693608471749732
,0.74,2.84221805963,0.5330235424448757
,0.6825,4.59781850346,0.38772113646562045
,0.5700000000000001,2.95850697407,0.4014132348259808
,-0.25,8.2539782152,0.10344827586207184
15,146877,0.715,3.37604129993,0.7167721897336359
,1.0,4.48275862069,0.551724137931
,0.865,0.761609819078,0.9474532445423514
,0.865,2.02992951212,0.8228660681377917
,0.5625,1.07507823523,0.04409766148704419
,0.8400000000000001,0.526578906516,0.9626709996305645
,0.8075000000000001,1.35162510587,0.8772775633519045
15,146928,0.8600000000000001,0.508520808144,0.9854854586914154
,1.0,4.48275862069,0.551724137931
,0.855,0.88963020357,0.9392126890362149
,0.885,1.84212166649,0.8617323825100347
,0.8174999999999991,1.82611835877,0.8609495056825592
,0.8150000000000001,0.725029628697,0.947167729360162
,0.7000000000000001,1.98081195187,0.6920547331564944
15,146993,1.0,0.0031852095631,0.9999206328994503
,1.0,4.48275862069,0.551724137931
,1.0,0.130163806746,0.9944353247790548
,0.8,2.24885570605,0.682630614325859
,1.0,0.121879311329,0.9968589258616075
,0.9500000000000001,0.125819909529,0.9944040261019637
,0.8125,1.30852980382,0.8839282066225049
15,147026,0.615,4.49607076884,0.2657624348959084
,1.0,4.48275862069,0.551724137931
,0.655,4.55713422632,0.33275657352788246
,0.645,2.81015100159,0.23873882972134786
,0.625,2.93267177163,0.1648155372776554
,0.52,2.47066130793,0.2644876400262914
,0.5,1.26526467596,0.3331148184466408
15,147101,0.7225,3.15093548087,0.741237897174731
,0.0,0.51724137931,0.051724137931
,0.865,0.761609819078,0.9474532445423514
,0.8525,2.10340692988,0.7969995378852159
,0.6825,4.59781850346,0.38772113646562045
,0.8600000000000001,0.41149465108,0.9719964785322692
,0.625,1.96965539715,0.5415268037852798
15,147111,0.774999999999999,2.06758708375,0.8750346381458063
,1.0,4.48275862069,0.551724137931
,0.735,3.62948119389,0.6878722549597729
,0.837499999999999,2.15556797532,0.7650172805749867
,0.6225,2.84404022778,0.15759476060643002
,0.605,3.08512373349,0.5077980464977749
,0.595,1.86269843154,0.4839076526170296
15,147193,0.7825000000000001,1.94811122259,0.890094823343204
,1.0,4.48275862069,0.551724137931
,0.7825000000000001,2.30879958917,0.8279697950943099
,0.75,2.7074016968,0.5607703639402725
,0.7975000000000001,2.26844697527,0.8201337745670076
,0.8500000000000001,0.464892045175,0.9676208929388659
,0.75,1.77426991339,0.7866374948432651
15,819,0.7075,3.61514203325,0.6905620890927546
,0.0,0.51724137931,0.051724137931
,0.7025,4.47660219527,0.5553790820184787
,0.8300000000000001,2.17234620489,0.7487852127215052
,0.7225,4.36352754022,0.571584719705468
,0.7775000000000001,1.15791515235,0.9123695769379796
,0.725,1.8987322531,0.7406387993961545
15,1942,0.5925,3.62380133763,0.1737893172235051
,0.0,0.51724137931,0.051724137931
,0.6725,4.77277884198,0.41486450133604574
,0.784999999999999,2.33288682243,0.648324271185738
,0.6075,2.3293586722,0.11883751758765251
,0.585,3.0387540044,0.4464387028799298
,0.715,1.93673250523,0.7214557623349118
15,1993,0.7525000000000001,2.44482105061,0.8243895774626803
,0.0,0.51724137931,0.051724137931
,0.7375,3.55621428783,0.6968544350699698
,0.905,1.57687588588,0.8960279324514261
,0.835,1.49962311327,0.8899720667604758
,0.63,3.03844694106,0.5845882622056378
,0.6625,2.02298175061,0.6166806675891549
