user,id,roomScore,roomScore_pdf,roomScore_cdf,equipmentScore,equipmentScore_pdf,equipmentScore_cdf,serviceScore,serviceScore_pdf,serviceScore_cdf,bathScore,bathScore_pdf,bathScore_cdf,mealScore,mealScore_pdf,mealScore_cdf,locationScore,locationScore_pdf,locationScore_cdf,chargeScore,chargeScore_pdf,chargeScore_cdf,distanceScore,distanceScore_pdf,distanceScore_cdf
11,101,0.6000000000000001,0.0924344732928,0.0018609471722776721,0.655,1.76694281521,0.09360230892412227,0.73,3.97614306672,0.20149051230735338,0.625,2.01292167239,0.1383265736007444,0.6975,2.92684334278,0.30405539451031766,0.9400000000000001,3.81207795685,0.8587122308146375,0.9297100057614741,1.87091229305,0.9338694165962427,0.9797530864197531,2.4009560128,0.9076077938910537
11,192,0.6775,1.20535666856,0.038334307788616226,0.63,1.28976036742,0.05634848221166717,0.66,1.26830692503,0.03411956526163689,0.5325,0.5643395124,0.027210823277819242,0.6675,2.50256444369,0.22231758443651498,0.745,1.59498932977,0.12408227959869214,0.8213942769348951,3.52887753332,0.48058986437271833,0.755061728395061,1.68102501523,0.17780306726193623
11,223,0.605,0.113586267816,0.002374530299747551,0.6375000000000001,1.3891458281,0.06638209390293268,0.6775,1.7858218676,0.06086947395466616,0.5575,0.847520216935,0.0446856743677729,0.5825,1.10945656271,0.07044786130013381,0.605,0.23273956838,0.009067257932262086,0.8713654695602071,5.80790931679,0.7260414664993174,0.8103703703703701,2.81684706217,0.3012813613488715
11,388,0.7675000000000001,4.94433947992,0.3213294520322232,0.7575000000000001,5.9300676789,0.5065462253961346,0.7675000000000001,6.81500430374,0.40696681828218756,0.675,2.96709565403,0.2637795940926713,0.7825000000000001,3.3006850574,0.5784767987799843,0.915,5.37013074273,0.740936455505105,0.713885154599577,2.00749479277,0.1175629646448625,0.851358024691358,3.53537548029,0.4323854033992478
11,398,0.6325000000000001,0.312737202701,0.007863000971275992,0.635,1.3537080184,0.06295413899384347,0.66,1.26830692503,0.03411956526163689,0.545,0.695521528669,0.03506388251745962,0.847499999999999,2.63403293195,0.7753148712920505,0.61,0.256610857662,0.010289946649742402,0.8828884194353751,4.94403691552,0.788516579294751,0.720493827160493,1.18935370081,0.12880666162209314
11,462,0.68,1.28937970938,0.041451757710905535,0.7975000000000001,4.93430803352,0.7329519872092406,0.8300000000000001,3.60965197719,0.7792372143786198,0.64,2.31859065205,0.17081383673024159,0.7075,3.03919352801,0.33389901311282955,0.79,2.24119723144,0.20814711216801446,0.965469560207413,0.7949537532,0.9805912065635718,0.810864197530864,2.82704392239,0.3026749158486528
11,509,0.6950000000000001,1.88978673798,0.06509573507268665,0.6375000000000001,1.3891458281,0.06638209390293268,0.6950000000000001,2.289818318,0.09650359608462274,0.5125000000000001,0.394282125862,0.01770210838564351,0.8225,2.97494980106,0.7050257048356754,0.919999999999999,5.18947159965,0.7673704216396915,0.6792778951411561,1.11065928385,0.060044281548276235,0.9125925925925921,4.12624035832,0.6710760646132001
11,568,0.6625,0.7926912175,0.023534792336120804,0.685,3.07181431796,0.16452432574421846,0.7975000000000001,6.44240692413,0.614545021664261,0.865,1.926777064,0.8143732362858479,0.5675,0.917393057061,0.05527757180683767,0.9450000000000001,3.38975666165,0.8767184207859511,0.786863837142308,4.57752705594,0.3490922352390507,0.9432098765432091,3.74075396712,0.7934920346453259
11,570,0.8625,3.93632573504,0.8015154867825568,0.754999999999999,5.89927157974,0.4917574572662869,0.7825000000000001,7.06835710101,0.5121965769290835,0.735,3.38186292693,0.459946005753737,0.857499999999999,2.47665527812,0.8008765533898965,0.8775000000000001,4.99132596578,0.5419109699498385,0.765700019204916,4.28489763529,0.25070551815045344,0.946172839506172,3.66134964488,0.8044598907446896
11,610,0.7825000000000001,5.32973680167,0.3986123960063906,0.6875,3.20044823251,0.17236461554696797,0.725,3.62691580666,0.18249910867399477,0.615,1.8118024105,0.11920693461882642,0.8225,2.97494980106,0.7050257048356754,0.9175000000000001,5.29029403917,0.7542664115805318,0.880929517956596,5.12457710083,0.7786535793856536,0.899753086419753,4.08753432354,0.6182520689010853
11,630,0.74,3.96817897541,0.19832222538871092,0.6375000000000001,1.3891458281,0.06638209390293268,0.68,1.85766546326,0.06542395522258185,0.5575,0.847520216935,0.0446856743677729,0.7725000000000001,3.33109510306,0.5453001245990974,0.6875,0.90731909195,0.05166410682360627,0.9405031688112151,1.51529365622,0.9521194665174684,0.7629629629629631,1.82419355999,0.19164348587828106
11,658,0.59,0.0596186954391,0.0011103042438415538,0.54,0.058463776675,0.0007141153550559438,0.5775,0.0142296258962,0.00013590780032041107,0.47750000000000004,0.194942548352,0.00771259248290381,0.63,1.86252548918,0.1403032578389725,0.665,0.657955839281,0.034137481378875845,0.656270405223737,0.830014367874,0.03857861941665907,0.65679012345679,0.685448771306,0.07101888230636283
11,659,0.645,0.469398102063,0.012697275719297697,0.5925,0.728064528474,0.017499834699159594,0.6125,0.200800243049,0.002855809494802102,0.47750000000000004,0.194942548352,0.00771259248290381,0.62,1.69031811454,0.12254234575694033,0.65,0.519268935458,0.025338025560809115,0.531745726906087,0.00662810461699,8.153977618484415e-05,0.622222222222222,0.522712649769,0.050274709534563644
11,716,0.8325,4.99280356313,0.6663392561309911,0.715,4.53599457958,0.2792054685330404,0.7225,3.46734989282,0.1736334221056753,0.645,2.41934412548,0.18265920350301465,0.8025,3.17673609205,0.6433887697411189,0.735,1.48620145125,0.10867117507999063,0.7945073938928361,4.16510824084,0.3825761942131298,0.819259259259259,2.99550384466,0.32712205763616253
11,767,0.7000000000000001,2.12172084438,0.07511932616835416,0.6625,2.02289896043,0.10777635023701879,0.6950000000000001,2.289818318,0.09650359608462274,0.5975,1.47709919071,0.09046919006441037,0.7325,3.24587739204,0.4126907564178721,0.8725,4.92980544172,0.5171154589794476,0.7599385442673321,3.81289172223,0.22733085301079817,0.9007407407407401,4.09342229583,0.6222920813678033
11,839,0.845,4.6135457017,0.7264743185856578,0.7875000000000001,5.43033197999,0.6810216182822104,0.8150000000000001,4.96962391083,0.7150768026982938,0.7275,3.3938265735,0.4345259769897505,0.735,3.26039114156,0.4208238337130528,0.925,4.92881294968,0.7926973944783798,0.782024198194737,4.739107409,0.3265025925580336,1.0,1.58368971509,0.9477686768665161
11,858,0.65,0.547787940607,0.01523609310194216,0.635,1.3537080184,0.06295413899384347,0.61,0.173298006334,0.0023887982122506304,0.5525,0.784157606212,0.04060791684850831,0.5675,0.917393057061,0.05527757180683767,0.6475000000000001,0.498463529319,0.02406599587474985,0.7714614941425001,4.62321361887,0.2764475288671505,0.631604938271604,0.562396899588,0.055363225027493676
11,864,0.71,2.6111385005,0.09876632687947792,0.6375000000000001,1.3891458281,0.06638209390293268,0.6900000000000001,2.14277451649,0.08542498393940266,0.5625,0.914346976747,0.049088893765967194,0.75,3.32254121047,0.47025002585820447,0.919999999999999,5.18947159965,0.7673704216396915,0.8713654695602071,5.80790931679,0.7260414664993174,0.899753086419753,4.08753432354,0.6182520689010853
11,922,0.5750000000000001,0.0285536672187,0.00047198821120237304,0.595,0.775152442873,0.019378959339506854,0.605,0.126749383733,0.0016432131329277508,0.454999999999999,0.11702265609,0.004263445780714117,0.4525,0.129182209987,0.005125773841940787,0.6825,0.848264926544,0.047275861097253215,0.9174188592279621,2.33979403918,0.9081081471991382,0.5837037037037031,0.381561584964,0.032952720071597615
11,930,0.7925000000000001,5.46383454386,0.45267509299631,0.75,5.80904984764,0.46247145600903644,0.78,7.0885756083,0.49449507596780834,0.685,3.11211012836,0.294196218296564,0.7125,3.08920778939,0.34922176562636825,0.885,5.1224407099,0.5798071797098469,0.56024582293067,0.0438424764795,0.0006643507664359522,0.750123456790123,1.59737521399,0.16971014274262278
11,995,0.5325,0.00188197506962,2.2806407094914573e-05,0.51,0.00446880928336,4.361747041460111e-05,0.5775,0.0142296258962,0.00013590780032041107,0.52,0.452638982825,0.020874175659104887,0.7875000000000001,3.27749814451,0.5949244635879873,0.65,0.519268935458,0.025338025560809115,0.8674860764355671,5.93826062931,0.7032241735414948,0.7664197530864191,1.89022431951,0.19806290310993452
11,996,0.6375000000000001,0.3692269918,0.00956471066882521,0.6000000000000001,0.866967469943,0.023485946515811183,0.65,0.976687528863,0.02290733382930583,0.5325,0.5643395124,0.027210823277819242,0.625,1.77592566576,0.1312074652626269,0.725,1.37051190196,0.09438171986845305,0.8703668139043591,5.85121045045,0.7202192035496905,0.8390123456790121,3.34738504958,0.3898768725708715
11,1119,0.58,0.0369161992294,0.0006349319498138621,0.545,0.0827415894514,0.001064310137263646,0.6000000000000001,0.0904129410568,0.001104272860036489,0.5075000000000001,0.358746051355,0.015820627598479634,0.5,0.330698320908,0.01548525393788298,0.7325,1.45794909096,0.10499089185867247,0.8574227002112541,5.78033388213,0.6436705287742327,0.8874074074074071,3.98512989724,0.5683719718605303
11,1128,0.6775,1.20535666856,0.038334307788616226,0.6925,3.45686735564,0.18900895981562874,0.7425,4.98596577182,0.25734795001274724,0.6025,1.56981930494,0.09808539283260219,0.8700000000000001,2.26780933072,0.8305415486057336,0.7725000000000001,1.91110982307,0.17206319553135235,0.858882273862108,5.84542632148,0.6521563888390745,0.7935802469135801,2.45833579269,0.25697140232545146
11,1186,0.6625,0.7926912175,0.023534792336120804,0.6175,1.13819293987,0.041162453971161396,0.7225,3.46734989282,0.1736334221056753,0.65,2.51850533538,0.19500462559681467,0.5750000000000001,1.01031545502,0.06250260407031066,0.67,0.709394649579,0.037554808668553055,0.7987708853466481,3.92044654329,0.39980607524698075,0.712592592592592,1.10447309682,0.11975027918880463
11,1356,0.8125,5.39772498235,0.5619849181782945,0.774999999999999,5.83678301295,0.6103241615205889,0.7575000000000001,6.21453678584,0.3415900864392035,0.73,3.39183512913,0.44300847638749247,0.79,3.26392605502,0.6031015171903248,0.925,4.92881294968,0.7926973944783798,0.704513155367774,1.94867559271,0.09883468572295136,0.8316049382716041,3.22321510105,0.36553561867640416
11,1357,0.8075000000000001,5.45211695691,0.5348510735642135,0.78,5.70646368558,0.6392010619139702,0.8025,6.07491731926,0.6458639683741089,0.72,3.38744526907,0.4090845096485054,0.76,3.33928030191,0.5035760498710506,0.835,4.01314245944,0.344359408023161,0.283887075091223,1.02339505337e-18,4.6269168130044715e-21,0.6083950617283951,0.46859560462,0.04342655916462214
11,1386,0.7425,4.06510009536,0.2083642465431766,0.7025,3.954792838,0.22608898457487317,0.6975,2.36668395621,0.10232362115738797,0.6525000000000001,2.56728469576,0.2013619888483841,0.5825,1.10945656271,0.07044786130013381,0.8600000000000001,4.79572394222,0.45628815753077284,0.694680238140964,1.64701817587,0.08100430655393931,0.866666666666666,3.74323440606,0.4881280669335558
11,1404,0.7875000000000001,5.41102565226,0.4254758145873648,0.6725,2.4504093733,0.13007028619985603,0.6725,1.64020963622,0.05230329106370189,0.77,3.12421799895,0.5746455761179878,0.75,3.32254121047,0.47025002585820447,0.75,1.64764441101,0.13218908879457067,0.41317457269060803,1.58220100682e-08,1.0718555821697219e-10,0.575802469135802,0.355815161836,0.03004025274591037
11,1500,0.5825,0.0417897316703,0.0007332121246467753,0.5675,0.296222578848,0.004975357666096214,0.73,3.97614306672,0.20149051230735338,0.387499999999999,0.01828846543,0.0005213240015077908,0.6875,2.79893336617,0.2754140565714452,0.9375,4.01965887312,0.8489216808128288,0.9097753024774341,2.71840525834,0.8888377630804731,0.8859259259259251,3.97003708016,0.5624791976823696
11,1501,0.6025,0.102569782945,0.002104524967051782,0.505,0.00270414568127,2.6027598502964074e-05,0.6425000000000001,0.772860921685,0.01635727705859792,0.4,0.0268595179045,0.0008005333685663146,0.55,0.72414189757,0.040961214543423094,0.9450000000000001,3.38975666165,0.8767184207859511,0.8521605531015941,5.45574066862,0.6140532184979964,0.775308641975308,2.06826254658,0.21564803227936186
11,1511,0.54,0.00327318359769,4.171015079530694e-05,0.52,0.0115171983183,0.00011857737799861463,0.6125,0.200800243049,0.002855809494802102,0.5925,1.38712613991,0.08330981999986253,0.6075,1.48288507583,0.1027211482123861,0.8700000000000001,4.90428727564,0.5048233093449372,0.8636450931438441,5.96184654229,0.6803357216482813,0.724444444444444,1.23515266524,0.13359503395960082
11,1556,0.705,2.36383258242,0.08632995803621833,0.6625,2.02289896043,0.10777635023701879,0.675,1.71334765783,0.05649537393494688,0.6525000000000001,2.56728469576,0.2013619888483841,0.705,3.01262502906,0.32633402536040146,0.7825000000000001,2.07855660835,0.19197035924700245,0.788745918955252,4.4881748285,0.3576252973365097,0.675555555555555,0.798714018205,0.08490999645291936
11,1630,0.6825,1.37808847378,0.044785112775439236,0.6325000000000001,1.32083016764,0.05961142064132616,0.6525000000000001,1.04801676915,0.025437926604455156,0.6075,1.66502425486,0.10617152709364533,0.8525,2.55658028968,0.788292490150367,0.64,0.439895651845,0.020550708060071997,0.888611484540042,4.39140155274,0.8152383405791179,0.6335802469135801,0.571113769037,0.05648271948666916
11,1667,0.6175,0.184129508256,0.004206329465723198,0.6625,2.02289896043,0.10777635023701879,0.68,1.85766546326,0.06542395522258185,0.49,0.253691576881,0.010503642467021403,0.75,3.32254121047,0.47025002585820447,0.8,2.51796520932,0.23188254829918167,0.660072978682542,0.853255914648,0.04177854250649219,0.902222222222222,4.10146057602,0.6283624853741213
11,1680,0.7275,3.44675050017,0.151908892862298,0.6950000000000001,3.58368908617,0.19780991747162274,0.7925000000000001,6.73980068337,0.5815568852624655,0.6975,3.25514641944,0.33403929607964444,0.784999999999999,3.28975366042,0.5867151236745132,0.8700000000000001,4.90428727564,0.5048233093449372,0.8974841559439211,3.5771972137,0.8505016772962715,0.875061728395061,3.84770864565,0.5199961562367008
11,1725,0.6475000000000001,0.507348798091,0.013917704819932862,0.6000000000000001,0.866967469943,0.023485946515811183,0.685,2.00005924112,0.07506873225275813,0.625,2.01292167239,0.1383265736007444,0.615,1.60605814571,0.11430203619605103,0.7425,1.56834645786,0.12012804842211197,0.84251968503937,4.68384012832,0.5651141695657317,0.760987654320987,1.787361868,0.18807662813955897
11,1764,0.7425,4.06510009536,0.2083642465431766,0.67,2.33564961464,0.12408865560902098,0.7075,2.71672789163,0.12767141384832242,0.645,2.41934412548,0.18265920350301465,0.7725000000000001,3.33109510306,0.5453001245990974,0.857499999999999,4.75723202723,0.4443454604113441,0.7307470712502401,1.90372432706,0.15013425474584696,0.880987654320987,3.91667759709,0.5430040385604891
11,1770,0.64,0.400453211325,0.010526379061537776,0.5775,0.451618007407,0.008686521296146226,0.6025,0.107391429916,0.0013510516508637503,0.5525,0.784157606212,0.04060791684850831,0.635,1.9497329409,0.14983373412733464,0.835,4.01314245944,0.344359408023161,0.785327443825619,4.64065603327,0.34200960962496263,0.722962962962963,1.2177011238,0.13177814691891626
11,1799,0.885,2.90891560085,0.8786773646433848,0.8400000000000001,2.28585432762,0.8861306176573799,0.81,5.43178628772,0.6890673652046599,0.8500000000000001,2.10740139795,0.7841217961689563,0.8250000000000001,2.9448739332,0.7124256916509603,0.8,2.51796520932,0.23188254829918167,0.434415210293835,2.9394112388e-07,2.1684825056785985e-09,0.7614814814814811,1.79650664528,0.188961532197522
11,1872,0.6475000000000001,0.507348798091,0.013917704819932862,0.6075,0.994288777251,0.03047507669648114,0.66,1.26830692503,0.03411956526163689,0.52,0.452638982825,0.020874175659104887,0.6075,1.48288507583,0.1027211482123861,0.9475,3.17912916702,0.8849291235658885,0.683272517764547,1.22472122382,0.06470042318626254,0.7866666666666661,2.30855669393,0.2404938539288625
11,1927,0.5775,0.032515667758,0.0005482370066337185,0.5775,0.451618007407,0.008686521296146226,0.66,1.26830692503,0.03411956526163689,0.52,0.452638982825,0.020874175659104887,0.5,0.330698320908,0.01548525393788298,0.8400000000000001,4.23558128873,0.3649902242462267,0.814518916842711,3.45052072494,0.4566904102477171,0.8172839506172841,2.95676358707,0.3212431776261355
11,1996,0.495,7.24973355167e-05,7.027912658332416e-07,0.525,0.0178997628134,0.0001910867921763721,0.67,1.56645448065,0.04829484191245916,0.6000000000000001,1.52313118272,0.09421933796524704,0.62,1.69031811454,0.12254234575694033,0.7325,1.45794909096,0.10499089185867247,0.8560015363933161,5.70540798751,0.6355076885146141,0.7866666666666661,2.30855669393,0.2404938539288625
11,1997,0.685,1.47149708387,0.04834611857874345,0.6625,2.02289896043,0.10777635023701879,0.6900000000000001,2.14277451649,0.08542498393940266,0.59,1.34323942722,0.07989702009684913,0.7775000000000001,3.3185563563,0.5619264743041491,0.67,0.709394649579,0.037554808668553055,0.8905703860188201,4.2025005296,0.8236551759505404,0.493827160493827,0.149097837371,0.010137211037039158
11,2335,0.64,0.400453211325,0.010526379061537776,0.5825,0.540254799401,0.011163838035752275,0.675,1.71334765783,0.05649537393494688,0.485,0.228697081834,0.009298533950156097,0.75,3.32254121047,0.47025002585820447,0.6900000000000001,0.937446141297,0.05396998771258454,0.9059343191857111,2.94985964933,0.8779619822526314,0.884444444444444,3.95449437587,0.5566091211509225
11,2465,0.6675,0.913977791638,0.02779524371844487,0.7775000000000001,5.77725924056,0.6248440924287595,0.7225,3.46734989282,0.1736334221056753,0.555,0.815407789827,0.04260719447107188,-0.25,4.83109756963e-21,4.325946782600155e-23,0.7225,1.3405420321,0.09099282425927621,0.937007874015748,1.6277015086,0.9466272567052412,0.8153086419753081,2.91744640695,0.3154413962631688
11,2605,0.339999999999999,1.71904468001e-14,8.997906622017346e-17,0.3025,8.02471022537e-11,8.052261054947545e-13,0.339999999999999,9.88496855895e-18,6.442474843974351e-20,0.355,0.00611946897436,0.0001558868667979121,-0.25,4.83109756963e-21,4.325946782600155e-23,0.59,0.170387893223,0.00606038411127254,0.8767428461686191,5.47420119856,0.7564458796684128,0.803456790123456,2.67146088823,0.28230682223543135
11,2876,0.8174999999999991,5.32250281408,0.58879362670639,0.794999999999999,5.07000931681,0.7204451474827688,0.8400000000000001,2.84055539265,0.8113643876074433,0.889999999999999,1.63080524052,0.8588363160524807,0.6075,1.48288507583,0.1027211482123861,0.9550000000000001,2.57027964053,0.9064606722947661,0.602458229306702,0.301961326286,0.006793601076632004,0.886913580246913,3.98015130838,0.566405233555815
11,2877,0.6725,1.0510225299,0.032700840047231415,0.75,5.80904984764,0.46247145600903644,0.635,0.58936862226,0.011263446864920043,0.635,2.21687582024,0.1594748974784198,0.6875,2.79893336617,0.2754140565714452,0.8075000000000001,2.77488762139,0.2517034575830238,0.748454004225081,2.77341105427,0.1895800991447645,0.845432098765432,3.44784768917,0.4116920881777737
11,2958,0.5325,0.00188197506962,2.2806407094914573e-05,0.59,0.680663171697,0.015738898152242116,0.65,0.976687528863,0.02290733382930583,0.7475,3.32417355736,0.5019053714363271,0.6825,2.72956223119,0.2615913830331575,0.8775000000000001,4.99132596578,0.5419109699498385,0.8905703860188201,4.2025005296,0.8236551759505404,0.9797530864197531,2.4009560128,0.9076077938910537
11,4771,0.705,2.36383258242,0.08632995803621833,0.635,1.3537080184,0.06295413899384347,0.705,2.62094627903,0.12100070230828701,0.5175000000000001,0.432493243771,0.01976790738253802,0.6025,1.40330912128,0.09550657557576163,0.8975000000000001,5.39304112563,0.6455512254802803,0.7637795275590551,4.13893011128,0.24261438000418806,0.79753086419753,2.54400934749,0.2668526672273524
11,4778,0.774999999999999,5.15979745661,0.359243507788174,0.7125,4.42348903212,0.268005735258177,0.6875,2.07116800524,0.0801577133223388,0.6575000000000001,2.66282255594,0.21443847358039456,0.7875000000000001,3.27749814451,0.5949244635879873,0.9400000000000001,3.81207795685,0.8587122308146375,0.594814672556174,0.229865024821,0.0047679127248401905,0.941234567901234,3.78963228379,0.786054073321888
11,4801,0.64,0.400453211325,0.010526379061537776,0.625,1.23019421042,0.050049275301703076,0.735,4.36131617113,0.22232069503892737,0.6725,2.9271661226,0.25641148434193867,0.7075,3.03919352801,0.33389901311282955,0.764999999999999,1.81244542438,0.15811094137785212,0.8214326867678121,3.52976364508,0.48072542497155313,0.8103703703703701,2.81684706217,0.3012813613488715
11,4805,0.8400000000000001,4.77622686419,0.7029938378529101,0.74,5.53346576526,0.4056662392532271,0.7725000000000001,6.99673469418,0.44153390900541734,0.6975,3.25514641944,0.33403929607964444,0.7675000000000001,3.33831650613,0.5286243870923218,0.9125000000000001,5.42869196238,0.72743350463484,0.7753024774342231,4.74574331479,0.29446940797606785,0.940246913580246,3.81282691082,0.7822997036838333
11,4819,0.715,2.85834805083,0.11244115935521413,0.6725,2.4504093733,0.13007028619985603,0.6725,1.64020963622,0.05230329106370189,0.56,0.880499009321,0.046845517563249284,0.6025,1.40330912128,0.09550657557576163,0.7225,1.3405420321,0.09099282425927621,0.8751680430190121,5.58776112182,0.7477341504836121,0.884444444444444,3.95449437587,0.5566091211509225
11,4977,0.685,1.47149708387,0.04834611857874345,0.725,4.96730779614,0.32674792653951173,0.71,2.81960206243,0.13459025377854453,0.705,3.31790883081,0.3586995871215202,0.64,2.03714082192,0.15980092212721517,0.8500000000000001,4.59042847705,0.40923928635201867,0.7945073938928361,4.16510824084,0.3825761942131298,0.7970370370370371,2.53331802848,0.26559900584755625
11,5024,0.7625000000000001,4.78317021344,0.29700607635814197,0.6525000000000001,1.69516402898,0.0892760775579309,0.7000000000000001,2.44688003769,0.10833978944280526,0.495,0.280817196785,0.011839001499853988,0.67,2.54216007491,0.2286236219911528,0.7425,1.56834645786,0.12012804842211197,0.9289802189360471,1.89611419387,0.9324948660346493,0.9032098765432091,4.10626486375,0.6324157206010274
11,5041,0.47750000000000004,1.19821752531e-05,1.060994471411273e-07,0.454999999999999,2.04771355926e-05,2.8142726975863086e-07,0.41000000000000003,1.88587457077e-13,1.4238641886755332e-15,0.36250000000000004,0.00797830124906,0.0002084794667724624,0.75,3.32254121047,0.47025002585820447,0.6375000000000001,0.421617940021,0.019473942559728574,0.7061647781832141,1.97711522266,0.10207772947905046,0.8246913580246911,3.09885596173,0.34367681215041346
11,5303,0.5,0.000117338495032,1.1689828301275084e-06,0.47250000000000003,9.16064744641e-05,1.089709211216874e-06,0.75,5.62404703977,0.2971450055854663,0.6950000000000001,3.23025862469,0.32593213643573915,0.25,0.000211051863393,4.602009028040434e-06,0.8600000000000001,4.79572394222,0.45628815753077284,0.865603994622623,5.96325059394,0.6920203308526118,0.78716049382716,2.31920961736,0.2416365118313651
11,5309,0.6950000000000001,1.88978673798,0.06509573507268665,0.6900000000000001,3.32897515548,0.18052647542623235,0.6975,2.36668395621,0.10232362115738797,0.585,1.25778148764,0.07339577699337052,0.6950000000000001,2.89627776046,0.2967762920418569,0.7675000000000001,1.84341941909,0.16268043085684908,0.8444785865181481,4.84362810932,0.5744453301919182,0.9041975308641971,4.1106049398,0.636473473020029
11,5385,0.6000000000000001,0.0924344732928,0.0018609471722776721,0.5875,0.633318046413,0.01409647192042409,0.6075,0.148663537184,0.0019869290867210844,0.5075000000000001,0.358746051355,0.015820627598479634,0.7625000000000001,3.34026407108,0.5119257505711597,0.8425,4.3372734157,0.37570785197205314,0.9020933358939881,3.21435905108,0.8661346314050512,0.9446913580246911,3.7019512938,0.7990053740548689
11,5562,0.8200000000000001,5.27785361301,0.6020450025821152,0.774999999999999,5.83678301295,0.6103241615205889,0.8025,6.07491731926,0.6458639683741089,0.7575000000000001,3.24833465227,0.5347877345413748,0.6875,2.79893336617,0.2754140565714452,0.9575,2.37972776527,0.9126465962319601,0.256769733051661,2.16616337412e-21,9.160180202967206e-24,0.9111111111111111,4.12649292224,0.6649627569707351
11,5627,0.66,0.737438695307,0.021622842812325068,0.5225000000000001,0.014398673417,0.00015085330176156452,0.59,0.0425446082002,0.00046368640846373966,0.5675,0.984654548176,0.05383494682359852,0.6675,2.50256444369,0.22231758443651498,0.59,0.170387893223,0.00606038411127254,0.8681774534280771,5.92266325011,0.7073245549980033,0.7688888888888881,1.93855238227,0.20278959571317196
11,5729,0.545,0.00464969085884,6.13397062537952e-05,0.5225000000000001,0.014398673417,0.00015085330176156452,0.5,2.87664512438e-07,1.5355765341403196e-09,0.41000000000000003,0.0360215731462,0.0011130184318393441,0.5,0.330698320908,0.01548525393788298,0.6375000000000001,0.421617940021,0.019473942559728574,0.696216631457653,1.70473332535,0.08357938387593654,0.826172839506172,3.1261943848,0.34828800650394687
11,7055,0.5675,0.0189767955937,0.00029576905191813074,0.47250000000000003,9.16064744641e-05,1.089709211216874e-06,0.54,0.000182001007214,1.2481611015858554e-06,0.464999999999999,0.147695576672,0.005582168683674271,0.8075000000000001,3.13315228684,0.6591654964798486,0.6375000000000001,0.421617940021,0.019473942559728574,0.8713654695602071,5.80790931679,0.7260414664993174,0.7412345679012341,1.45844852089,0.1561397833844103
11,7341,0.754999999999999,4.52502804418,0.26209048278268804,0.6125,1.06999907173,0.035639040713482534,0.7000000000000001,2.44688003769,0.10833978944280526,0.6025,1.56981930494,0.09808539283260219,0.5,0.330698320908,0.01548525393788298,0.7675000000000001,1.84341941909,0.16268043085684908,0.8636835029767621,5.96214222238,0.6805647208904944,0.8864197530864191,3.97511988537,0.5644409669194169
11,7342,0.56,0.0122469429516,0.00018022811595311972,0.545,0.0827415894514,0.001064310137263646,0.5875,0.0346508874501,0.0003674746997062853,0.52,0.452638982825,0.020874175659104887,0.59,1.2147653697,0.07915988565344613,0.847499999999999,4.51549707769,0.39785482659010574,0.8137507201843671,3.45218575165,0.4540392326711721,0.9061728395061721,4.11782139237,0.6446006429148203
11,7343,0.715,2.85834805083,0.11244115935521413,0.6875,3.20044823251,0.17236461554696797,0.7075,2.71672789163,0.12767141384832242,0.665,2.79980448465,0.23492862676487386,0.6325000000000001,1.90607826913,0.14501398601286145,0.9125000000000001,5.42869196238,0.72743350463484,0.8559631265603991,5.70323594478,0.6352885864371995,0.9619753086419751,3.13029372686,0.8583382275927866
11,7588,0.6175,0.184129508256,0.004206329465723198,0.6725,2.4504093733,0.13007028619985603,0.6950000000000001,2.289818318,0.09650359608462274,0.845,2.16864627974,0.7734319401941276,0.6025,1.40330912128,0.09550657557576163,0.8150000000000001,3.07529987984,0.2736150446836957,0.8559631265603991,5.70323594478,0.6352885864371995,0.958024691358024,3.27777159488,0.8456776429425547
11,7599,0.5675,0.0189767955937,0.00029576905191813074,0.5625,0.232181179913,0.0036584071624193343,0.6000000000000001,0.0904129410568,0.001104272860036489,0.5325,0.5643395124,0.027210823277819242,0.75,3.32254121047,0.47025002585820447,0.9500000000000001,2.97130375735,0.8926164069191689,0.8646437487996921,5.96605635156,0.6862922584236549,0.9456790123456791,3.67508100503,0.8026484183128606
11,7903,0.645,0.469398102063,0.012697275719297697,0.6425000000000001,1.47070729962,0.073524972747277,0.68,1.85766546326,0.06542395522258185,0.5375,0.614390059375,0.03015632644706824,0.75,3.32254121047,0.47025002585820447,0.64,0.439895651845,0.020550708060071997,0.8857307470712501,4.67169467732,0.802184134952525,0.6716049382716051,0.772993265478,0.08180574620017012
11,8207,0.6575000000000001,0.685508292506,0.01984483070613928,0.7375,5.44905898556,0.3919370192111922,0.6975,2.36668395621,0.10232362115738797,0.54,0.640615583994,0.03172491483633631,0.6625,2.42158229422,0.21000627178852316,0.7775000000000001,1.98865504438,0.18180796133690139,0.8859612060687531,4.64931428314,0.8032581906182426,0.7046913580246911,1.02762857612,0.111332103739816
11,8290,0.8325,4.99280356313,0.6663392561309911,0.7825000000000001,5.62474170582,0.6533673030529523,0.77,6.91719497237,0.42413663536125806,0.75,3.30748138523,0.5101952729257717,0.8925000000000001,1.87153227738,0.8771398906220744,0.8300000000000001,3.77513507667,0.3248847556109066,0.783022853850585,4.71524684339,0.3312238655196069,0.8898765432098761,4.00917716842,0.5782417861233228
11,8961,0.6025,0.102569782945,0.002104524967051782,0.6325000000000001,1.32083016764,0.05961142064132616,0.6625,1.3428939386,0.03738351328796137,0.5325,0.5643395124,0.027210823277819242,0.535,0.583086417796,0.03118396394496936,0.9075000000000001,5.4839172254,0.7001186698599119,0.73309007105819,1.94065339527,0.15463353192282542,0.835555555555555,3.2905872891,0.37840326604316593
11,9191,0.63,0.287276082342,0.007113354402528551,0.605,0.95355708966,0.028039883359260005,0.685,2.00005924112,0.07506873225275813,0.5925,1.38712613991,0.08330981999986253,0.5825,1.10945656271,0.07044786130013381,0.6825,0.848264926544,0.047275861097253215,0.8905319761859031,4.20617371966,0.8234936880688084,0.28098765432098705,0.00334101810192,0.00011317264090129809
11,9518,0.725,3.33405653728,0.1434322911611961,0.625,1.23019421042,0.050049275301703076,0.7000000000000001,2.44688003769,0.10833978944280526,0.675,2.96709565403,0.2637795940926713,0.75,3.32254121047,0.47025002585820447,0.8500000000000001,4.59042847705,0.40923928635201867,0.8706740925676971,5.83858000813,0.7220152310999489,0.919012345679012,4.10802108997,0.6975224905605012
11,10630,0.7225,3.21859280489,0.13524092141153904,0.6675,2.22575041032,0.11838798559877348,0.7275,3.79665408659,0.19177648542955175,0.7075,3.33474790412,0.3670158400166996,0.58,1.07571861521,0.06771653584172382,0.867499999999999,4.88009326906,0.49259291280039497,0.6800845016324181,1.13165595713,0.06094854425418815,0.7698765432098761,1.95814005933,0.20471387654397738
11,10672,0.6425000000000001,0.433806235107,0.01156874888648567,0.535,0.0403433798067,0.00046941061290751675,0.6075,0.148663537184,0.0019869290867210844,0.5,0.310194127472,0.013315566560158688,-0.25,4.83109756963e-21,4.325946782600155e-23,0.9275,4.77211065883,0.8048268816121292,0.8137507201843671,3.45218575165,0.4540392326711721,0.72395061728395,1.22929791615,0.13298652919869244
11,11039,0.8425,4.69670119648,0.7148357570466422,0.7625000000000001,5.96022186112,0.5362899456696233,0.735,4.36131617113,0.22232069503892737,0.72,3.38744526907,0.4090845096485054,0.715,3.11262833347,0.356974283233417,0.8125,2.97045512218,0.26605879701597024,0.7560975609756091,3.46073601201,0.21335732482210662,0.0,3.89220472546e-08,6.925858552443611e-10
11,11140,0.6325000000000001,0.312737202701,0.007863000971275992,0.5775,0.451618007407,0.008686521296146226,0.6975,2.36668395621,0.10232362115738797,0.55,0.753764324142,0.03868569232398508,0.5275000000000001,0.520388783501,0.0270490623987498,0.7825000000000001,2.07855660835,0.19197035924700245,0.865565584789706,5.96349213325,0.6917912787204137,0.245432098765432,0.00122576254503,3.739750081808902e-05
11,11230,0.6950000000000001,1.88978673798,0.06509573507268665,0.6725,2.4504093733,0.13007028619985603,0.74,4.77358323064,0.24514906302346726,0.6125,1.76240532129,0.11473926489436623,0.6825,2.72956223119,0.2615913830331575,0.8975000000000001,5.39304112563,0.6455512254802803,0.7756865757633951,4.7529632948,0.29629365649273914,0.8301234567901231,3.1972597329,0.36077966461306155
11,11275,0.8775000000000001,3.25883363125,0.8555487996219319,0.7875000000000001,5.43033197999,0.6810216182822104,0.8225,4.27107726101,0.7497201348282864,0.8200000000000001,2.4858947209,0.7152902808741672,0.8250000000000001,2.9448739332,0.7124256916509603,0.8775000000000001,4.99132596578,0.5419109699498385,0.45938160169003206,6.51217422788e-06,5.3622681367245267e-08,0.8740740740740741,3.83579071904,0.516201826598444
11,12534,0.6525000000000001,0.590856389755,0.01665883526092376,0.6475000000000001,1.57118320668,0.08112075155017066,0.665,1.41760541494,0.04083413807063061,0.5625,0.914346976747,0.049088893765967194,0.6900000000000001,2.83230109381,0.2824532871743147,0.735,1.48620145125,0.10867117507999063,0.8021893604762821,3.74722084008,0.41290366890721186,0.895308641975308,4.05629148704,0.6001519368506572
11,14112,0.77,5.02024372688,0.3337859282865311,0.75,5.80904984764,0.46247145600903644,0.754999999999999,6.02707940307,0.32628568392412366,0.705,3.31790883081,0.3586995871215202,0.715,3.11262833347,0.356974283233417,0.8174999999999991,3.18452284095,0.2814389490346466,0.777222969080084,4.7724991598,0.30361300021031545,0.869135802469135,3.77467337805,0.4974095502770771
11,15812,0.5675,0.0189767955937,0.00029576905191813074,0.5750000000000001,0.409700997006,0.007610250769863989,0.62,0.301660723529,0.004722401405533991,0.5,0.310194127472,0.013315566560158688,0.5475,0.699118560767,0.03918226885716609,0.7125,1.21757552508,0.0781987557719613,0.7657384290378331,4.28767249215,0.25087015366286547,0.8222222222222221,3.05247350495,0.3360823698144947
11,15877,0.43999999999999906,1.38661365151e-07,1.0341685417139915e-09,0.47000000000000003,7.23761953504e-05,8.857985423656502e-07,0.545,0.000357854862435,2.5517985551799846e-06,0.4325,0.0667671487053,0.002239476758517346,0.375,0.0180243107898,0.0005669499047540996,0.764999999999999,1.81244542438,0.15811094137785212,0.9789130017284421,0.501960395981,0.9892179586571159,0.741728395061728,1.46577574125,0.15686181219490739
11,15878,0.7025,2.24180086047,0.08057325651271857,0.6975,3.70910024153,0.2069262271422679,0.75,5.62404703977,0.2971450055854663,0.65,2.51850533538,0.19500462559681467,0.6925,2.86475676226,0.2895748019358289,0.8,2.51796520932,0.23188254829918167,0.769541002496639,4.52933610723,0.26765554207995695,0.8696296296296291,3.78089311403,0.4992751231983262
11,16373,0.65,0.547787940607,0.01523609310194216,0.6925,3.45686735564,0.18900895981562874,0.6925,2.21543625818,0.09087246225804585,0.5975,1.47709919071,0.09046919006441037,0.6675,2.50256444369,0.22231758443651498,0.7000000000000001,1.06084872064,0.06395828100922765,0.880929517956596,5.12457710083,0.7786535793856536,0.6641975308641971,0.727559631454,0.07625030897001753
11,17703,0.76,4.69892076343,0.28515303077712123,0.635,1.3537080184,0.06295413899384347,0.605,0.126749383733,0.0016432131329277508,0.42750000000000005,0.0585037146464,0.0019266816459534446,0.0,6.84615791287e-11,8.748950446113659e-13,0.595,0.189710730161,0.006960046795539799,0.9251008258114071,2.03418376262,0.9248737420681543,0.9827160493827161,2.27604515086,0.9145365413604358
11,17743,0.6825,1.37808847378,0.044785112775439236,0.6725,2.4504093733,0.13007028619985603,0.665,1.41760541494,0.04083413807063061,0.6625,2.75510054768,0.2279847814360714,0.5,0.330698320908,0.01548525393788298,0.784999999999999,2.12883469014,0.19722881542713744,0.8367966199347031,4.25075965944,0.5395784470570848,0.8755555555555551,3.85362617306,0.5218977215470507
11,17938,0.262499999999999,1.37823766846e-21,5.8653355509540285e-24,0.3125,2.10399823524e-10,2.1579431035299555e-12,0.4375,6.32468657068e-12,4.9654594453709186e-14,0.4575,0.124149588489,0.004564838975957614,0.5,0.330698320908,0.01548525393788298,0.7125,1.21757552508,0.0781987557719613,0.9558671019781061,1.05030099569,0.9717590121399279,0.908148148148148,4.12296734374,0.6527400460883275
11,17979,0.6825,1.37808847378,0.044785112775439236,0.6525000000000001,1.69516402898,0.0892760775579309,0.7325,4.1646877277,0.21166475487960265,0.49,0.253691576881,0.010503642467021403,0.7125,3.08920778939,0.34922176562636825,0.6775,0.791080607975,0.043178338030965095,0.87866333781448,5.32131522443,0.7668145440609897,0.752592592592592,1.63862570561,0.17370496810120017
11,18166,0.6625,0.7926912175,0.023534792336120804,0.5875,0.633318046413,0.01409647192042409,0.64,0.709145166366,0.014505266183393782,0.5625,0.914346976747,0.049088893765967194,0.6125,1.5645351098,0.11033888551982542,0.8825000000000001,5.07337154752,0.5670634336087026,0.8275398502016511,3.73013493687,0.5028345147515851,0.997037037037037,1.69555339862,0.942911422835482
11,18246,0.78,5.27906606125,0.38535006469007593,0.784999999999999,5.53252673827,0.6673160240691771,0.7525000000000001,5.82942177827,0.3114631906280635,0.77,3.12421799895,0.5746455761179878,0.774999999999999,3.3254920626,0.5536211359648209,0.8725,4.92980544172,0.5171154589794476,0.9107355483003641,2.66529554688,0.8914224574020487,0.9624691358024691,3.11131060712,0.8598793691097728
11,18248,0.7725000000000001,5.09226362334,0.34642743420687583,0.7475,5.75095094828,0.448019774031957,0.8625,1.67456866807,0.8607383245265029,0.8174999999999991,2.51863984682,0.7090346451704813,0.9175000000000001,1.43087960633,0.9183803126811921,0.9075000000000001,5.4839172254,0.7001186698599119,0.9520261186863831,1.1611803158,0.967513270269521,0.8562962962962961,3.60503014801,0.45001716744801473
11,18270,0.764999999999999,4.8651347256,0.309066980104736,0.6775,2.6917030747,0.14291984741369848,0.7425,4.98596577182,0.25734795001274724,0.6275000000000001,2.06380176223,0.14342244677774602,0.645,2.12432705446,0.17020477330227593,0.7925000000000001,2.30366003939,0.21382728231990197,0.779181870558863,4.77582074358,0.3129690286669544,0.9501234567901231,3.54461153614,0.8186978555967324
11,18297,0.7525000000000001,4.43586076262,0.25088908824374634,0.745,5.68515373934,0.43372311708763117,0.745,5.19996401277,0.270080243479945,0.7275,3.3938265735,0.4345259769897505,0.75,3.32254121047,0.47025002585820447,0.8525,4.65547314061,0.4207987176358355,0.7647397733819851,4.21362661369,0.24662489437940965,0.853333333333333,3.56356922879,0.4393967824601677
11,18311,0.42000000000000004,9.19145600094e-09,6.319976072114367e-11,0.382499999999999,9.68077145604e-08,1.1735417560404784e-09,0.58,0.0179627197438,0.00017599069676016218,0.41750000000000004,0.0445378034064,0.001414154578026658,0.75,3.32254121047,0.47025002585820447,0.8300000000000001,3.77513507667,0.3248847556109066,0.814518916842711,3.45052072494,0.4566904102477171,0.838024691358024,3.33135768094,0.38657871497678015
11,18312,0.5275000000000001,0.00127804326836,1.4994114413432232e-05,0.48250000000000004,0.000250649297431,2.6582727529636023e-06,0.6525000000000001,1.04801676915,0.025437926604455156,0.48250000000000004,0.216961891813,0.008741563521368038,1.0,0.365109041361,0.987157271703054,0.9025000000000001,5.46591950166,0.6727168516852043,0.9389667754945261,1.56443480531,0.9497536823803268,0.7891358024691351,2.36191705475,0.24625982382438952
11,18319,0.53,0.00155369161871,1.852363735138651e-05,0.485,0.000326147813391,3.3749480359579895e-06,0.48250000000000004,1.02994736615e-08,5.3618904138417036e-11,0.615,1.8118024105,0.11920693461882642,0.47750000000000004,0.217456763826,0.009383943094264347,0.7525000000000001,1.67391042968,0.13634101429644763,0.9348185135394661,1.69928739115,0.9429854465010805,0.8538271604938271,3.57054688302,0.44115829375144894
11,18392,0.595,0.0745835415054,0.0014446871705286774,0.5775,0.451618007407,0.008686521296146226,0.5975,0.0756286823463,0.0008971582972728,0.52,0.452638982825,0.020874175659104887,0.5775,1.04267099912,0.0650686928946159,0.725,1.37051190196,0.09438171986845305,0.812944113693105,3.45631102451,0.45125317820849664,0.655308641975308,0.677393288877,0.07000938411623321
11,18476,0.73,3.55656252295,0.16066363908476744,0.7075,4.19294490678,0.24646153489349779,0.784999999999999,7.02267547657,0.5298156320407018,0.6875,3.14432685525,0.3020171221021505,0.75,3.32254121047,0.47025002585820447,0.8925000000000001,5.28854640125,0.6188391408400329,0.8598041098521221,5.87982998059,0.6575611834430728,0.8730864197530861,3.82376607633,0.5124193208073915
11,18739,0.754999999999999,4.52502804418,0.26209048278268804,0.6925,3.45686735564,0.18900895981562874,0.745,5.19996401277,0.270080243479945,0.5875,1.30011768162,0.07659298531974112,0.6875,2.79893336617,0.2754140565714452,0.847499999999999,4.51549707769,0.39785482659010574,0.869829076243518,5.87180098337,0.7170671642819563,0.7308641975308641,1.31481425421,0.14177652602706436
11,18763,0.29250000000000004,1.16609940591e-18,5.3480976128360735e-21,0.29250000000000004,2.99395077488e-11,2.9404860518685733e-13,0.5825,0.0225166307504,0.00022640503866886019,0.5,0.310194127472,0.013315566560158688,-0.25,4.83109756963e-21,4.325946782600155e-23,0.9575,2.37972776527,0.9126465962319601,0.928596120606875,1.90946389415,0.9317640098966349,0.955555555555555,3.36552012657,0.8374752946437156
11,19718,0.77,5.02024372688,0.3337859282865311,0.6925,3.45686735564,0.18900895981562874,0.9225000000000001,0.857394564948,0.9274683845729703,0.635,2.21687582024,0.1594748974784198,0.875,2.18139533145,0.841665124110702,0.905,5.48309001361,0.6864062683004273,0.640868062223929,0.720445788077,0.026578251490188567,0.8444444444444441,3.43279432483,0.4082942287292858
11,19745,0.857499999999999,4.145515227,0.7813062811206812,0.857499999999999,1.47494466416,0.9185876464416396,0.8925000000000001,1.03735813727,0.8995156811445759,0.625,2.01292167239,0.1383265736007444,-0.25,4.83109756963e-21,4.325946782600155e-23,0.857499999999999,4.75723202723,0.4443454604113441,0.6714038793931241,0.957996812904,0.05195934576113941,0.6167901234567901,0.500894448304,0.04749489437132895
11,20639,0.41500000000000004,4.49677203831e-09,3.032631400576384e-11,0.4425,8.19965641466e-06,1.1474205542362185e-07,0.5275000000000001,2.95280463748e-05,1.8487880957623857e-07,0.3375,0.00319687244381,7.683664107473482e-05,0.5825,1.10945656271,0.07044786130013381,0.81,2.87026538139,0.2587588865631175,0.864298060303437,5.96541938441,0.684229946394471,0.972345679012345,2.71274646473,0.888665683340727
11,25302,0.5625,0.0142193492687,0.00021325894895437322,0.48750000000000004,0.000425468204957,4.308819450155525e-06,0.5125000000000001,2.6207431497e-06,1.4905855697707886e-08,0.39,0.0197810555939,0.0005688896815848281,0.5,0.330698320908,0.01548525393788298,0.725,1.37051190196,0.09438171986845305,0.7191088918763201,1.95706834691,0.12793211645743918,0.925925925925925,4.05376042349,0.7257580022151189
11,27972,0.7775000000000001,5.22225166414,0.3722221875337214,0.7025,3.954792838,0.22608898457487317,0.7525000000000001,5.82942177827,0.3114631906280635,0.6675,2.84343892998,0.24198291259257906,0.6675,2.50256444369,0.22231758443651498,0.827499999999999,3.65402696809,0.3155982565403154,0.850240061455732,5.31148762404,0.603712436755236,0.779753086419753,2.16096805149,0.22504555620202488
11,28024,0.8500000000000001,4.43651933537,0.7491053673463887,0.899999999999999,0.628529547256,0.9588841807937576,1.0,0.433763955972,0.9789017987018582,1.0,0.505557356523,0.9715573182499629,0.9175000000000001,1.43087960633,0.9183803126811921,1.0,0.601224350402,0.9664131356359755,0.658382946034184,0.842742085705,0.040345460733401305,0.8562962962962961,3.60503014801,0.45001716744801473
11,28466,0.68,1.28937970938,0.041451757710905535,0.68,2.81673706651,0.1498049207070327,0.665,1.41760541494,0.04083413807063061,0.5875,1.30011768162,0.07659298531974112,0.61,1.52346612384,0.1064789822008987,0.9575,2.37972776527,0.9126465962319601,0.7730362972921061,4.68433800817,0.28377824528629186,0.9456790123456791,3.67508100503,0.8026484183128606
11,28484,0.5675,0.0189767955937,0.00029576905191813074,0.625,1.23019421042,0.050049275301703076,0.6375000000000001,0.647917137159,0.012809477482457952,0.61,1.71346392114,0.11039452818783684,0.605,1.44282321908,0.09906412408767391,0.8600000000000001,4.79572394222,0.45628815753077284,0.8394468984059921,4.44316586457,0.551095496228323,0.9358024691358021,3.90674723248,0.7651387212498663
11,28512,0.725,3.33405653728,0.1434322911611961,0.6775,2.6917030747,0.14291984741369848,0.764999999999999,6.69171599531,0.3900792025981448,0.635,2.21687582024,0.1594748974784198,0.827499999999999,2.91381952692,0.7197492590395032,0.7525000000000001,1.67391042968,0.13634101429644763,0.814518916842711,3.45052072494,0.4566904102477171,0.9906172839506171,1.94903080827,0.9312201711959227
11,28570,0.47500000000000003,9.13098384283e-06,7.986125405987477e-08,0.5,0.00161099025479,1.5462567679288158e-05,0.4625,2.3804675343e-10,1.5190836396452835e-12,0.4325,0.0667671487053,0.002239476758517346,0.7225,3.17640290029,0.38056428522280394,0.6375000000000001,0.421617940021,0.019473942559728574,0.957787593623967,0.996575088754,0.9737243221995487,0.7214814814814811,1.20058356009,0.129986865701651
11,28894,0.67,0.980428688132,0.03016240929048579,0.62,1.16988962221,0.04404784181495811,0.6475000000000001,0.906876092835,0.020553223824598014,0.459999999999999,0.131628907764,0.004884487372402687,0.5,0.330698320908,0.01548525393788298,0.705,1.12354788516,0.06941914946326962,0.9097753024774341,2.71840525834,0.8888377630804731,0.7851851851851851,2.27666877233,0.23709740450886282
11,29183,0.6475000000000001,0.507348798091,0.013917704819932862,0.635,1.3537080184,0.06295413899384347,0.6900000000000001,2.14277451649,0.08542498393940266,0.5825,1.21624894548,0.07030340810521205,0.5825,1.10945656271,0.07044786130013381,0.8225,3.41423259286,0.2979302484895089,0.8598041098521221,5.87982998059,0.6575611834430728,0.84,3.36325518477,0.39319078182692363
11,29184,0.5725,0.0249972660334,0.000405130711663123,0.5700000000000001,0.331832892664,0.005759942349122135,0.62,0.301660723529,0.004722401405533991,0.449999999999999,0.103776482646,0.0037119942256535897,0.5375,0.605113967344,0.03266909463290392,0.774999999999999,1.94848839197,0.17688714554577162,0.8626848473209141,5.9510058433,0.6746155590377467,0.8222222222222221,3.05247350495,0.3360823698144947
11,29229,0.34750000000000003,6.93752134221e-14,3.714389284460684e-16,0.34750000000000003,5.16322702066e-09,5.738664098965597e-11,0.36750000000000005,5.67502137066e-16,3.9098759597876625e-18,0.3075,0.00094864973087,2.0727230729098367e-05,0.4375,0.0919401998706,0.0034803739630650666,0.7725000000000001,1.91110982307,0.17206319553135235,0.846360668331092,4.9988395117,0.5837074522011813,0.8493827160493821,3.50670880645,0.4254301783532298
11,29338,0.6900000000000001,1.67210981207,0.056197624299202505,0.6525000000000001,1.69516402898,0.0892760775579309,0.7000000000000001,2.44688003769,0.10833978944280526,0.62,1.91176443431,0.12851526085224427,-0.25,4.83109756963e-21,4.325946782600155e-23,0.615,0.2821852819,0.011636204367515985,0.9519877088534661,1.16231043403,0.9674686478250552,0.602962962962962,0.448505528478,0.040935935405398534
11,29381,0.67,0.980428688132,0.03016240929048579,0.595,0.775152442873,0.019378959339506854,0.625,0.384877404312,0.00643335228481063,0.55,0.753764324142,0.03868569232398508,0.5325,0.561629177674,0.029753187291570365,0.66,0.609085869198,0.030970965675580327,0.7350105627040521,1.98844965138,0.1584038185166084,0.5051851851851851,0.170688521862,0.0119511430824655
11,29764,0.7225,3.21859280489,0.13524092141153904,0.68,2.81673706651,0.1498049207070327,0.7425,4.98596577182,0.25734795001274724,0.5875,1.30011768162,0.07659298531974112,0.6000000000000001,1.36436863723,0.09204710039427567,0.774999999999999,1.94848839197,0.17688714554577162,0.8482811599769541,5.15595815404,0.5934590121371783,0.829629629629629,3.18852370427,0.3592029262279928
11,30094,0.5625,0.0142193492687,0.00021325894895437322,0.62,1.16988962221,0.04404784181495811,0.675,1.71334765783,0.05649537393494688,0.5825,1.21624894548,0.07030340810521205,0.625,1.77592566576,0.1312074652626269,0.63,0.370322084831,0.016507410824396607,0.91937776070674,2.25640491844,0.9126091633451459,0.8212345679012341,3.03363966174,0.33307686880667603
11,31557,0.7925000000000001,5.46383454386,0.45267509299631,0.5575,0.177946342902,0.0026371690918953017,0.725,3.62691580666,0.18249910867399477,0.5825,1.21624894548,0.07030340810521205,1.0,0.365109041361,0.987157271703054,0.9275,4.77211065883,0.8048268816121292,0.7937776070674091,4.20801409595,0.37952089158692337,0.8627160493827161,3.69177520171,0.4734411609756787
11,32060,0.55,0.00651185135991,8.901526388260227e-05,0.65,1.63000993691,0.08512096435457386,0.65,0.976687528863,0.02290733382930583,0.5625,0.914346976747,0.049088893765967194,0.75,3.32254121047,0.47025002585820447,1.0,0.601224350402,0.9664131356359755,0.8214326867678121,3.52976364508,0.48072542497155313,0.9476543209876541,3.61898988384,0.8098529491539184
11,38608,0.67,0.980428688132,0.03016240929048579,0.74,5.53346576526,0.4056662392532271,0.7275,3.79665408659,0.19177648542955175,0.764999999999999,3.17720904318,0.5588903340005132,0.75,3.32254121047,0.47025002585820447,0.7875000000000001,2.18298082307,0.2026177568611253,0.9289802189360471,1.89611419387,0.9324948660346493,0.802469135802469,2.65035805073,0.27967875792411756
11,38649,0.78,5.27906606125,0.38535006469007593,0.7525000000000001,5.85872048757,0.47705799864226095,0.7925000000000001,6.73980068337,0.5815568852624655,0.867499999999999,1.89699665353,0.8191529395217094,0.8225,2.97494980106,0.7050257048356754,0.7575000000000001,1.72718205434,0.14484310728812255,0.8565776838870751,5.73708135413,0.6388040517228091,0.811851851851851,2.8473507014,0.30547709571606707
11,39144,0.63,0.287276082342,0.007113354402528551,0.5575,0.177946342902,0.0026371690918953017,0.6425000000000001,0.772860921685,0.01635727705859792,0.5,0.310194127472,0.013315566560158688,0.6675,2.50256444369,0.22231758443651498,0.655,0.562851935438,0.028042226375978918,0.9097753024774341,2.71840525834,0.8888377630804731,0.6666666666666661,0.742316636013,0.0780648936863147
11,39247,0.5525,0.00766565439085,0.00010670311667397767,0.65,1.63000993691,0.08512096435457386,0.5750000000000001,0.0111930264761,0.0001042625316529361,0.595,1.43175466396,0.08683326904624343,0.5175000000000001,0.444360074723,0.022232337949611068,0.847499999999999,4.51549707769,0.39785482659010574,0.8508162089494911,5.35578514192,0.6067854356023946,0.9037037037037031,4.10849403542,0.6344440609530096
11,39495,0.6900000000000001,1.67210981207,0.056197624299202505,0.7225,4.86245952036,0.31446026320219495,0.764999999999999,6.69171599531,0.3900792025981448,0.5525,0.784157606212,0.04060791684850831,0.66,2.38028599269,0.20400383270258368,0.75,1.64764441101,0.13218908879457067,0.8521605531015941,5.45574066862,0.6140532184979964,0.87358024691358,3.82979147103,0.5143090891687031
11,39581,0.6675,0.913977791638,0.02779524371844487,0.6175,1.13819293987,0.041162453971161396,0.735,4.36131617113,0.22232069503892737,0.47000000000000003,0.165326658523,0.006364050300555882,-0.25,4.83109756963e-21,4.325946782600155e-23,0.9575,2.37972776527,0.9126465962319601,0.8943729594776261,3.84834352404,0.8389555473764119,0.8029629629629621,2.66091793813,0.280990184774535
11,40799,0.6225,0.220909212277,0.005216627252722753,0.68,2.81673706651,0.1498049207070327,0.735,4.36131617113,0.22232069503892737,0.5725,1.05843553855,0.05894122979053305,0.75,3.32254121047,0.47025002585820447,0.9550000000000001,2.57027964053,0.9064606722947661,0.8536969464182831,5.56283879328,0.6225187367915406,0.96395061728395,3.05370694263,0.864446166909161
11,40956,0.72,3.10058209723,0.1273414526640497,0.625,1.23019421042,0.050049275301703076,0.7825000000000001,7.06835710101,0.5121965769290835,0.6575000000000001,2.66282255594,0.21443847358039456,-0.25,4.83109756963e-21,4.325946782600155e-23,0.595,0.189710730161,0.006960046795539799,0.988937968119838,0.33700527662,0.9933852892277184,0.6474074074074071,0.636315953403,0.06482144926428476
11,41042,0.444999999999999,2.63486147567e-07,2.0075393702604057e-09,0.34750000000000003,5.16322702066e-09,5.738664098965597e-11,0.5425,0.000256144780121,1.7909065125424443e-06,0.515,0.413045855218,0.018711127475537388,-0.25,4.83109756963e-21,4.325946782600155e-23,0.8325,3.89532579411,0.33447317088159306,0.9097753024774341,2.71840525834,0.8888377630804731,0.8207407407407401,3.02416371486,0.3315811132782664
11,41069,0.845,4.6135457017,0.7264743185856578,0.8525,1.67480254577,0.9107241278929871,0.827499999999999,3.82357902784,0.7699472391549629,0.8025,2.71729558446,0.6697681264340016,0.7725000000000001,3.33109510306,0.5453001245990974,0.81,2.87026538139,0.2587588865631175,0.6005377376608411,0.282852359956,0.006232136682791326,0.810864197530864,2.82704392239,0.3026749158486528
11,41615,0.847499999999999,4.52679859653,0.7379004919522449,0.7425,5.61240832206,0.41959979553555143,0.919999999999999,0.867347301918,0.9253124911999118,0.81,2.61766514702,0.6897741336822969,0.9675,0.690977936127,0.9703402698613924,0.8775000000000001,4.99132596578,0.5419109699498385,0.820741309775302,3.51454776412,0.4782903772619463,0.544691358024691,0.263798736606,0.020441394943129458
11,41703,0.7875000000000001,5.41102565226,0.4254758145873648,0.735,5.35988448019,0.37842491594900013,0.6925,2.21543625818,0.09087246225804585,0.685,3.11211012836,0.294196218296564,0.6975,2.92684334278,0.30405539451031766,0.77,1.87619708659,0.1673295413316415,0.7849433454964471,4.65485563689,0.34022439299422247,0.7925925925925921,2.43689241163,0.25455400571834086
11,41708,0.735,3.76761005667,0.17897873490565042,0.645,1.5182602571,0.07726012543060909,0.6725,1.64020963622,0.05230329106370189,0.51,0.376187191025,0.01673915951372831,0.6775,2.65686575682,0.24812397847536607,0.665,0.657955839281,0.034137481378875845,0.784904935663529,4.65623861373,0.34004557418522496,0.6498765432098761,0.648824613944,0.06640798353133108
11,41851,0.635,0.340021892587,0.008678559972836085,0.6000000000000001,0.866967469943,0.023485946515811183,0.6425000000000001,0.772860921685,0.01635727705859792,0.3275,0.00216339283227,5.033926110723064e-05,-0.25,4.83109756963e-21,4.325946782600155e-23,0.65,0.519268935458,0.025338025560809115,0.9193393508738231,2.25799784808,0.9125224646222676,0.8898765432098761,4.00917716842,0.5782417861233228
11,43759,0.75,4.34535174071,0.23991229423870833,0.8174999999999991,3.68255651815,0.8194656278407366,0.8625,1.67456866807,0.8607383245265029,0.7675000000000001,3.15121587319,0.566801083081932,0.75,3.32254121047,0.47025002585820447,0.6975,1.02966649941,0.061345169975248026,0.934741693873631,1.70181747857,0.942854810639689,0.7056790123456791,1.03683054574,0.11235158063229808
11,44059,0.605,0.113586267816,0.002374530299747551,0.5125000000000001,0.00570563023879,5.627770886023684e-05,0.6575000000000001,1.19411104982,0.031041653070644146,0.5325,0.5643395124,0.027210823277819242,-0.25,4.83109756963e-21,4.325946782600155e-23,0.8225,3.41423259286,0.2979302484895089,0.9020933358939881,3.21435905108,0.8661346314050512,0.9565432098765431,3.33086163694,0.8407821994618938
11,44938,0.6425000000000001,0.433806235107,0.01156874888648567,0.6075,0.994288777251,0.03047507669648114,0.75,5.62404703977,0.2971450055854663,0.464999999999999,0.147695576672,0.005582168683674271,0.8125,3.08485128016,0.674712429235781,0.9275,4.77211065883,0.8048268816121292,0.7176877280583821,1.97365933389,0.12513888709758816,0.834567901234567,3.27399352464,0.37516148417610173
11,50703,0.7000000000000001,2.12172084438,0.07511932616835416,0.7125,4.42348903212,0.268005735258177,0.7325,4.1646877277,0.21166475487960265,0.645,2.41934412548,0.18265920350301465,0.675,2.61934969917,0.24152855290039954,0.74,1.54137088562,0.1162408252430085,0.735394661033224,1.99999182841,0.1591697739219609,0.8562962962962961,3.60503014801,0.45001716744801473
11,50830,0.66,0.737438695307,0.021622842812325068,0.5650000000000001,0.262983880621,0.004276851945579302,0.655,1.12058597599,0.028148451157410458,0.5725,1.05843553855,0.05894122979053305,0.6375000000000001,1.9934379536,0.15476269269413026,0.81,2.87026538139,0.2587588865631175,0.8275398502016511,3.73013493687,0.5028345147515851,0.8967901234567901,4.0675188794,0.6061696688847665
11,50921,0.68,1.28937970938,0.041451757710905535,0.5925,0.728064528474,0.017499834699159594,0.64,0.709145166366,0.014505266183393782,0.5975,1.47709919071,0.09046919006441037,0.8325,2.8489027702,0.7341575889695461,0.7025,1.09216137785,0.06664952231150079,0.8290762435183401,3.7988055373,0.5086172926491419,0.9397530864197531,3.82410993364,0.7804140316159643
11,51734,0.7225,3.21859280489,0.13524092141153904,0.6000000000000001,0.866967469943,0.023485946515811183,0.6825,1.92900283681,0.07015737660940119,0.56,0.880499009321,0.046845517563249284,0.56,0.830609887616,0.048726352414351935,0.7275,1.40008859731,0.09784505591629311,0.9270213174572691,1.96488079011,0.9287134953696563,0.8503703703703701,3.52110294736,0.42890071282559117
11,52992,0.705,2.36383258242,0.08632995803621833,0.75,5.80904984764,0.46247145600903644,0.71,2.81960206243,0.13459025377854453,0.6725,2.9271661226,0.25641148434193867,0.6725,2.58110184753,0.23502783987021417,0.8225,3.41423259286,0.2979302484895089,0.748454004225081,2.77341105427,0.1895800991447645,0.928395061728395,4.02489795858,0.7357327154241995
11,54491,0.7975000000000001,5.48751187784,0.48006552089964527,0.77,5.92111750635,0.5809099635346778,0.7775000000000001,7.08317561153,0.476775057899678,0.9450000000000001,1.00235248491,0.9309700110268637,0.705,3.01262502906,0.32633402536040146,0.9025000000000001,5.46591950166,0.6727168516852043,0.8689456500864221,5.90136321276,0.7118664091659437,0.952098765432098,3.4818511996,0.8256380353479209
11,54885,0.55,0.00651185135991,8.901526388260227e-05,0.585,0.586396777388,0.012571954363631985,0.68,1.85766546326,0.06542395522258185,0.5625,0.914346976747,0.049088893765967194,0.625,1.77592566576,0.1312074652626269,0.8500000000000001,4.59042847705,0.40923928635201867,0.945265988092951,1.36562029323,0.9589784677933313,0.9525925925925921,3.46572690621,0.8273534937357393
11,56634,0.845,4.6135457017,0.7264743185856578,0.8525,1.67480254577,0.9107241278929871,0.8300000000000001,3.60965197719,0.7792372143786198,0.7575000000000001,3.24833465227,0.5347877345413748,0.764999999999999,3.33994582283,0.5202762851810027,0.9400000000000001,3.81207795685,0.8587122308146375,0.429652391012099,1.56189460986e-07,1.1297343337181748e-09,0.8646913580246911,3.7176821513,0.48075920216937007
11,56758,0.8225,5.2288544722,0.615179271023733,0.7725000000000001,5.88478515349,0.595669781553995,0.77,6.91719497237,0.42413663536125806,0.745,3.3392333991,0.4935757655117556,0.8125,3.08485128016,0.674712429235781,0.68,0.819420505639,0.045191355783257565,0.73808334933743,2.09971766473,0.16467374706454968,0.7827160493827161,2.22380765198,0.2315413418341216
11,56917,0.77,5.02024372688,0.3337859282865311,0.72,4.75553355029,0.30243735806435307,0.73,3.97614306672,0.20149051230735338,0.6575000000000001,2.66282255594,0.21443847358039456,0.7325,3.24587739204,0.4126907564178721,0.8300000000000001,3.77513507667,0.3248847556109066,0.869444977914346,5.88531221611,0.7148091883404939,0.829629629629629,3.18852370427,0.3592029262279928
11,56975,0.7325,3.66348625499,0.16968929591803122,0.68,2.81673706651,0.1498049207070327,0.6975,2.36668395621,0.10232362115738797,0.7175,3.38113009436,0.4006233508178272,0.6000000000000001,1.36436863723,0.09204710039427567,0.8,2.51796520932,0.23188254829918167,0.9289802189360471,1.89611419387,0.9324948660346493,0.776296296296296,2.08868091057,0.21770083466346504
11,67160,0.8500000000000001,4.43651933537,0.7491053673463887,0.8150000000000001,3.84743522565,0.8100530661733937,0.774999999999999,7.05237001142,0.45910037935659653,0.76,3.22585052481,0.5428807352117274,0.68,2.69361438922,0.2548122421004191,0.8625,4.8278115182,0.4683187348249178,0.830036489341271,3.84539923201,0.5122872251057484,0.88,3.90551655736,0.5391412145486592
11,67299,0.6825,1.37808847378,0.044785112775439236,0.6775,2.6917030747,0.14291984741369848,0.6775,1.7858218676,0.06086947395466616,0.6625,2.75510054768,0.2279847814360714,0.5,0.330698320908,0.01548525393788298,0.545,0.0524427801495,0.001399348646552093,0.9328212022277701,1.7655214819,0.9395254563558543,0.7091358024691351,1.06992747745,0.11599248575035216
11,67423,0.6875,1.56954928005,0.05214647005246657,0.6375000000000001,1.3891458281,0.06638209390293268,0.705,2.62094627903,0.12100070230828701,0.6775,3.0056299959,0.2712457998897438,0.59,1.2147653697,0.07915988565344613,0.6825,0.848264926544,0.047275861097253215,0.9385442673324371,1.57802159099,0.9490898267625182,0.652839506172839,0.66422304424,0.06835313241217254
11,67905,0.8,5.48864840225,0.4937871755028962,0.764999999999999,5.95871421587,0.5511909795142013,0.7975000000000001,6.44240692413,0.614545021664261,0.75,3.30748138523,0.5101952729257717,0.6675,2.50256444369,0.22231758443651498,0.845,4.43090264195,0.3866698648068358,0.786863837142308,4.57752705594,0.3490922352390507,0.8,2.59733322319,0.27320005438716344
11,68565,0.7575000000000001,4.61277630276,0.2735130489541124,0.6950000000000001,3.58368908617,0.19780991747162274,0.7175,3.17912570307,0.15703430183191194,0.665,2.79980448465,0.23492862676487386,0.5775,1.04267099912,0.0650686928946159,0.857499999999999,4.75723202723,0.4443454604113441,0.8021893604762821,3.74722084008,0.41290366890721186,0.8958024691358021,4.06011887072,0.6021559922172182
11,68688,0.8025,5.48293095225,0.5075030496792358,0.685,3.07181431796,0.16452432574421846,0.78,7.0885756083,0.49449507596780834,0.62,1.91176443431,0.12851526085224427,0.79,3.26392605502,0.6031015171903248,0.8075000000000001,2.77488762139,0.2517034575830238,0.8899942385250621,4.2577468464,0.8212180157189757,0.883456790123456,3.9439007275,0.5527086644275049
11,69217,0.74,3.96817897541,0.19832222538871092,0.7000000000000001,3.83285459151,0.2163540355777762,0.7675000000000001,6.81500430374,0.40696681828218756,0.6425000000000001,2.36912632257,0.17667354097108198,0.7675000000000001,3.33831650613,0.5286243870923218,0.72,1.31021714492,0.08767930572037845,0.777222969080084,4.7724991598,0.30361300021031545,0.9125925925925921,4.12624035832,0.6710760646132001
11,69292,0.8150000000000001,5.36255533314,0.5754363179735733,0.74,5.53346576526,0.4056662392532271,0.76,6.38934692676,0.3573478260959009,0.7875000000000001,2.91390299482,0.6275251104898285,0.75,3.32254121047,0.47025002585820447,0.74,1.54137088562,0.1162408252430085,0.751603610524294,3.04683961321,0.19874034828677742,0.75358024691358,1.6554482761,0.17533165619917682
11,70225,0.64,0.400453211325,0.010526379061537776,0.58,0.495226533204,0.00986975147975513,0.5925,0.0518834314375,0.0005814017562743303,0.5375,0.614390059375,0.03015632644706824,-0.25,4.83109756963e-21,4.325946782600155e-23,0.804999999999999,2.684386955,0.24488038237825713,0.9116573842903781,2.61596524303,0.8938565637337282,0.795555555555555,2.50120648492,0.261869722271503
11,70358,0.48,1.56664297566e-05,1.4046509806810046e-07,0.47500000000000003,0.000116773601918,1.3487651257740519e-06,0.5425,0.000256144780121,1.7909065125424443e-06,0.545,0.695521528669,0.03506388251745962,0.5325,0.561629177674,0.029753187291570365,0.75,1.64764441101,0.13218908879457067,0.9552525446514301,1.06774468162,0.9711081879670342,0.8291358024691351,3.17974554654,0.3576305123338954
11,70659,0.685,1.47149708387,0.04834611857874345,0.6025,0.911050409327,0.025708772392499704,0.6950000000000001,2.289818318,0.09650359608462274,0.55,0.753764324142,0.03868569232398508,0.5275000000000001,0.520388783501,0.0270490623987498,0.5650000000000001,0.093322476278,0.002828955099869048,0.90497407336278,3.01278121481,0.8750993497049719,0.7832098765432091,2.23434755838,0.23264212018421915
11,70707,0.7525000000000001,4.43586076262,0.25088908824374634,0.6675,2.22575041032,0.11838798559877348,0.67,1.56645448065,0.04829484191245916,0.6425000000000001,2.36912632257,0.17667354097108198,0.7225,3.17640290029,0.38056428522280394,0.8825000000000001,5.07337154752,0.5670634336087026,0.853082389091607,5.52102131376,0.6191128293374937,0.8493827160493821,3.50670880645,0.4254301783532298
11,70749,0.39,1.01260198137e-10,6.230401992132993e-13,0.36,1.51691271201e-08,1.7376896144339954e-10,0.39,1.31368857816e-14,9.493568086011782e-17,0.365,0.00870097242774,0.00022931697956121686,0.65,2.2108629262,0.18104310863561174,0.6575000000000001,0.585637313028,0.029477699632861377,0.8905703860188201,4.2025005296,0.8236551759505404,0.8661728395061721,3.73687954891,0.48628112430358933
11,70793,0.59,0.0596186954391,0.0011103042438415538,0.545,0.0827415894514,0.001064310137263646,0.66,1.26830692503,0.03411956526163689,0.5275000000000001,0.517409722596,0.024507729591129887,0.392499999999999,0.0294384349368,0.0009750442597632668,0.6125,0.269178286582,0.010947092989149096,0.8893028615325521,4.32441461328,0.8182512823217629,0.808395061728395,2.77578534688,0.2957577033424597
11,70852,0.705,2.36383258242,0.08632995803621833,0.6900000000000001,3.32897515548,0.18052647542623235,0.6975,2.36668395621,0.10232362115738797,0.595,1.43175466396,0.08683326904624343,0.5925,1.25120679115,0.0822422139933597,0.6975,1.02966649941,0.061345169975248026,0.90013443441521,3.36256941937,0.8596943251789099,0.799012345679012,2.57603364134,0.27064530165566075
11,72086,0.545,0.00464969085884,6.13397062537952e-05,0.5650000000000001,0.262983880621,0.004276851945579302,0.585,0.0280291190218,0.000289372303786064,0.41750000000000004,0.0445378034064,0.001414154578026658,0.40750000000000003,0.0438754432166,0.001518595150744468,0.847499999999999,4.51549707769,0.39785482659010574,0.8713654695602071,5.80790931679,0.7260414664993174,0.515061728395061,0.191329244966,0.013737436799936917
11,74604,0.827499999999999,5.11857847075,0.6410544970550568,0.8300000000000001,2.87385277948,0.8603937047820548,0.9125000000000001,0.89928090782,0.9186903680798822,0.9075000000000001,1.42523408778,0.8855740615355217,0.794999999999999,3.23287348832,0.6193456739811778,0.804999999999999,2.684386955,0.24488038237825713,0.8229690800845011,3.56910196827,0.48617778046821597,0.789629629629629,2.37261361319,0.24742884347076355
11,74635,0.675,1.12594521397,0.03542113002670684,0.5575,0.177946342902,0.0026371690918953017,0.5375,0.000128372625498,8.638516083530279e-07,0.655,2.61541860272,0.20784051121920247,0.382499999999999,0.0223167077579,0.0007177203624694446,0.605,0.23273956838,0.009067257932262086,0.8252736700595351,3.6421477237,0.49448406027768654,0.769382716049382,1.94832840128,0.20374931788620498
11,74688,0.75,4.34535174071,0.23991229423870833,0.7000000000000001,3.83285459151,0.2163540355777762,0.774999999999999,7.05237001142,0.45910037935659653,0.625,2.01292167239,0.1383265736007444,0.75,3.32254121047,0.47025002585820447,0.5,0.00984982232057,0.00020176469900366948,0.8560015363933161,5.70540798751,0.6355076885146141,0.580246913580246,0.370180504408,0.031653465533138636
11,74696,0.7175,2.9803561925,0.11973985975190929,0.7125,4.42348903212,0.268005735258177,0.6975,2.36668395621,0.10232362115738797,0.6950000000000001,3.23025862469,0.32593213643573915,0.6675,2.50256444369,0.22231758443651498,0.7825000000000001,2.07855660835,0.19197035924700245,0.8636450931438441,5.96184654229,0.6803357216482813,0.892839506172839,4.03595911486,0.5901611055887276
11,76409,0.5325,0.00188197506962,2.2806407094914573e-05,0.51,0.00446880928336,4.361747041460111e-05,0.5775,0.0142296258962,0.00013590780032041107,0.52,0.452638982825,0.020874175659104887,0.25,0.000211051863393,4.602009028040434e-06,0.7175,1.27958135131,0.08444199775145776,0.9366621855194931,1.63894047034,0.9460626370918046,0.885432098765432,3.96490431049,0.560519950867129
11,76496,0.8975000000000001,2.34223760966,0.911460273213417,0.9175000000000001,0.511345510713,0.9687881474268648,0.835,3.20649890226,0.7962629935108558,0.804999999999999,2.68407475919,0.6765198440572574,0.889999999999999,1.91618620549,0.8724052341373764,0.9325000000000001,4.41628101967,0.8278188777056749,0.660072978682542,0.853255914648,0.04177854250649219,0.8044444444444441,2.69249275925,0.28495569433862034
11,78211,0.8600000000000001,4.04230174226,0.7915416525206765,0.81,4.17413205071,0.7899965402524236,0.8300000000000001,3.60965197719,0.7792372143786198,0.827499999999999,2.38869471598,0.7335689635599019,0.8025,3.17673609205,0.6433887697411189,0.794999999999999,2.37052253198,0.2196690793032955,0.525676973305166,0.00416976231486,4.929165277666806e-05,0.8740740740740741,3.83579071904,0.516201826598444
11,79262,0.8150000000000001,5.36255533314,0.5754363179735733,0.7275,5.06984216605,0.3392948763726838,0.7575000000000001,6.21453678584,0.3415900864392035,0.827499999999999,2.38869471598,0.7335689635599019,0.66,2.38028599269,0.20400383270258368,0.8400000000000001,4.23558128873,0.3649902242462267,0.786863837142308,4.57752705594,0.3490922352390507,0.897283950617283,4.07108748516,0.6081792049949138
11,79313,0.56,0.0122469429516,0.00018022811595311972,0.515,0.007248763064,7.240063420255554e-05,0.6175,0.264891979852,0.004014877821501668,0.41250000000000003,0.0386907415334,0.0012063748937470105,0.7000000000000001,2.95643448664,0.31140969668017665,0.764999999999999,1.81244542438,0.15811094137785212,0.9217591703476091,2.16055612328,0.9178673631239057,0.7886419753086421,2.35122752471,0.2450960847288678
11,79388,0.75,4.34535174071,0.23991229423870833,0.7325,5.26658571536,0.36514103181571367,0.77,6.91719497237,0.42413663536125806,0.715,3.37270167781,0.3921806203873535,0.7925000000000001,3.24904716967,0.611243004804742,0.725,1.37051190196,0.09438171986845305,0.9097753024774341,2.71840525834,0.8888377630804731,0.8069135802469131,2.74472053374,0.29166841276499006
11,80513,0.76,4.69892076343,0.28515303077712123,0.7075,4.19294490678,0.24646153489349779,0.7825000000000001,7.06835710101,0.5121965769290835,0.5975,1.47709919071,0.09046919006441037,0.76,3.33928030191,0.5035760498710506,0.8250000000000001,3.53333594068,0.30661426859231494,0.8483195698098711,5.15906540805,0.5936571113088278,0.8207407407407401,3.02416371486,0.3315811132782664
11,80619,0.8250000000000001,5.17570923125,0.6281858210706819,0.7775000000000001,5.77725924056,0.6248440924287595,0.77,6.91719497237,0.42413663536125806,0.6975,3.25514641944,0.33403929607964444,0.7625000000000001,3.34026407108,0.5119257505711597,0.8150000000000001,3.07529987984,0.2736150446836957,0.869406568081428,5.88660791831,0.7145831095653594,0.9777777777777771,2.48440603187,0.9027827459124913
11,80759,0.7825000000000001,5.32973680167,0.3986123960063906,0.6675,2.22575041032,0.11838798559877348,0.6675,1.492196538,0.044471439183398465,0.845,2.16864627974,0.7734319401941276,0.5575,0.803018601172,0.04668445420254455,0.605,0.23273956838,0.009067257932262086,0.854042634914538,5.58571054294,0.624445713358347,0.6167901234567901,0.500894448304,0.04749489437132895
11,80766,0.7225,3.21859280489,0.13524092141153904,0.645,1.5182602571,0.07726012543060909,0.6975,2.36668395621,0.10232362115738797,0.645,2.41934412548,0.18265920350301465,0.6000000000000001,1.36436863723,0.09204710039427567,0.6375000000000001,0.421617940021,0.019473942559728574,0.8905703860188201,4.2025005296,0.8236551759505404,0.8197530864197531,3.00509544487,0.3286036886539918
11,80873,0.7075,2.48716790184,0.09239350632434538,0.735,5.35988448019,0.37842491594900013,0.7775000000000001,7.08317561153,0.476775057899678,0.705,3.31790883081,0.3586995871215202,0.5,0.330698320908,0.01548525393788298,0.6325000000000001,0.386846757787,0.017453755115541956,0.9597080852698291,0.944102819628,0.9755876430427748,0.8182716049382711,2.97620765193,0.324173051994018
11,84558,0.837499999999999,4.85209853991,0.6909576678834877,0.7925000000000001,5.19840115265,0.7076080328016154,0.7775000000000001,7.08317561153,0.476775057899678,0.75,3.30748138523,0.5101952729257717,0.6275000000000001,1.8191249705,0.1357012316431566,0.7775000000000001,1.98865504438,0.18180796133690139,0.8444785865181481,4.84362810932,0.5744453301919182,0.8256790123456791,3.11712295957,0.34674644495726564
11,104560,0.48,1.56664297566e-05,1.4046509806810046e-07,0.4,3.79089405089e-07,4.81198575526287e-09,0.485,1.67580622975e-08,8.682688774739533e-11,0.40750000000000003,0.033511377976,0.0010261345573307785,0.515,0.426649194971,0.021143681950344443,0.8500000000000001,4.59042847705,0.40923928635201867,0.850240061455732,5.31148762404,0.603712436755236,0.9170370370370371,4.11673506599,0.6893988014132804
11,104598,0.645,0.469398102063,0.012697275719297697,0.5825,0.540254799401,0.011163838035752275,0.685,2.00005924112,0.07506873225275813,0.515,0.413045855218,0.018711127475537388,0.5,0.330698320908,0.01548525393788298,0.67,0.709394649579,0.037554808668553055,0.8269637027078931,3.70625772181,0.5006923344633466,0.8543209876543211,3.57749702699,0.4429232439890796
11,104599,0.595,0.0745835415054,0.0014446871705286774,0.5725,0.369708695842,0.006636411231858619,0.61,0.173298006334,0.0023887982122506304,0.47000000000000003,0.165326658523,0.006364050300555882,-0.25,4.83109756963e-21,4.325946782600155e-23,0.6875,0.90731909195,0.05166410682360627,0.8580756673708471,5.81101024231,0.6474550461282201,0.8804938271604931,3.91111542905,0.541071248627714
11,104688,0.73,3.55656252295,0.16066363908476744,0.7275,5.06984216605,0.3392948763726838,0.6625,1.3428939386,0.03738351328796137,0.7225,3.39165558758,0.4175588229415014,0.75,3.32254121047,0.47025002585820447,0.8125,2.97045512218,0.26605879701597024,0.657384290378336,0.836695246897,0.03950687774908429,0.743209876543209,1.48803109547,0.15904976646997193
11,104824,0.6000000000000001,0.0924344732928,0.0018609471722776721,0.6325000000000001,1.32083016764,0.05961142064132616,0.6175,0.264891979852,0.004014877821501668,0.5675,0.984654548176,0.05383494682359852,0.5,0.330698320908,0.01548525393788298,0.875,4.95836640815,0.5294748823602226,0.882081812944113,5.01932123892,0.7844982455192839,0.8222222222222221,3.05247350495,0.3360823698144947
11,107778,0.7175,2.9803561925,0.11973985975190929,0.68,2.81673706651,0.1498049207070327,0.7375,4.56478351284,0.23347704210898332,0.6000000000000001,1.52313118272,0.09421933796524704,0.78,3.31028700693,0.5702128063209062,0.685,0.877577685143,0.049433070795835345,0.833877472632994,4.05957293474,0.5274545794314522,0.589135802469135,0.399820889686,0.03507478359488471
11,107870,0.8225,5.2288544722,0.615179271023733,0.8125,4.01156584329,0.8002290745830304,0.8150000000000001,4.96962391083,0.7150768026982938,0.735,3.38186292693,0.459946005753737,0.72,3.15623723032,0.37264825550422137,0.909999999999999,5.46630319957,0.7138104715568171,0.765815248703668,4.2932040839,0.2511997438534712,0.90716049382716,4.12066210128,0.6486690731629543
11,107898,0.794999999999999,5.47929249417,0.4663555205370149,0.7025,3.954792838,0.22608898457487317,0.6975,2.36668395621,0.10232362115738797,0.6075,1.66502425486,0.10617152709364533,0.605,1.44282321908,0.09906412408767391,0.6175,0.295646557354,0.01235839794705598,0.9443057422700211,1.3954604416,0.9576528238980374,0.7614814814814811,1.79650664528,0.188961532197522
11,108143,0.6950000000000001,1.88978673798,0.06509573507268665,0.485,0.000326147813391,3.3749480359579895e-06,0.625,0.384877404312,0.00643335228481063,0.73,3.39183512913,0.44300847638749247,0.5625,0.858864613743,0.05083805652644464,0.7225,1.3405420321,0.09099282425927621,0.8767428461686191,5.47420119856,0.7564458796684128,0.8824691358024691,3.93313344534,0.548818757117898
11,108336,0.56,0.0122469429516,0.00018022811595311972,0.535,0.0403433798067,0.00046941061290751675,0.595,0.0628489579682,0.0007244589863618893,0.387499999999999,0.01828846543,0.0005213240015077908,0.41750000000000004,0.0566343455842,0.002018791060014108,0.5575,0.0760054198621,0.002195535910586791,0.8269637027078931,3.70625772181,0.5006923344633466,0.8469135802469131,3.47016893168,0.41681658273957856
11,108341,0.52,0.000696057071468,7.791464515457599e-06,0.5825,0.540254799401,0.011163838035752275,0.595,0.0628489579682,0.0007244589863618893,0.52,0.452638982825,0.020874175659104887,0.595,1.28829836281,0.0854164614711502,0.8075000000000001,2.77488762139,0.2517034575830238,0.8097560975609751,3.49695441686,0.44018002167544545,0.9516049382716051,3.49780411738,0.8239146565637023
11,108351,0.685,1.47149708387,0.04834611857874345,0.65,1.63000993691,0.08512096435457386,0.615,0.231297217887,0.0033952957087782943,0.64,2.31859065205,0.17081383673024159,0.665,2.46235712552,0.21611130956752858,0.6825,0.848264926544,0.047275861097253215,0.839408488573074,4.44026477917,0.5509248906946738,0.598518518518518,0.432491487909,0.038978299501391936
11,108388,0.64,0.400453211325,0.010526379061537776,0.5475,0.0975667152464,0.0012892968455794883,0.5875,0.0346508874501,0.0003674746997062853,0.6000000000000001,1.52313118272,0.09421933796524704,0.58,1.07571861521,0.06771653584172382,0.6900000000000001,0.937446141297,0.05396998771258454,0.8406376032264261,4.5345367313,0.5564401241416681,0.819259259259259,2.99550384466,0.32712205763616253
11,108411,0.6575000000000001,0.685508292506,0.01984483070613928,0.6175,1.13819293987,0.041162453971161396,0.67,1.56645448065,0.04829484191245916,0.7075,3.33474790412,0.3670158400166996,0.515,0.426649194971,0.021143681950344443,0.875,4.95836640815,0.5294748823602226,0.8743230266948331,5.64368181323,0.7429885139046141,0.9303703703703701,3.9980611237,0.7436571788865081
11,108416,0.8174999999999991,5.32250281408,0.58879362670639,0.71,4.3091516206,0.2570895493277052,0.804999999999999,5.87041140686,0.6607981048075411,0.74,3.36419050261,0.47681426726346415,0.7125,3.08920778939,0.34922176562636825,0.804999999999999,2.684386955,0.24488038237825713,0.8364893412713651,4.2295537293,0.5382755436108059,0.807407407407407,2.75509961627,0.2930263940174578
11,108417,0.6325000000000001,0.312737202701,0.007863000971275992,0.5825,0.540254799401,0.011163838035752275,0.5325,6.24755895807e-05,4.0522556006977447e-07,0.605,1.61712936375,0.10206895285130291,0.52,0.462581583836,0.02336590784201134,0.8,2.51796520932,0.23188254829918167,0.860149798348377,5.8913272635,0.6595957827051326,0.973333333333333,2.67148564822,0.89132457648012
11,108652,0.6425000000000001,0.433806235107,0.01156874888648567,0.5075000000000001,0.00348378352588,3.3724058479657055e-05,0.5650000000000001,0.0039898146087,3.3773204474841664e-05,0.43999999999999906,0.0809821126024,0.00279210448030059,0.5625,0.858864613743,0.05083805652644464,0.525,0.0266894980667,0.0006301940300835779,0.945265988092951,1.36562029323,0.9589784677933313,0.5560493827160491,0.295612840281,0.0236162860064823
11,109008,0.5325,0.00188197506962,2.2806407094914573e-05,0.5275000000000001,0.0221248843965,0.00024095518183926982,0.63,0.480948595177,0.00859262806981342,0.5,0.310194127472,0.013315566560158688,0.595,1.28829836281,0.0854164614711502,0.6950000000000001,0.99866999443,0.058809793700061744,0.8137507201843671,3.45218575165,0.4540392326711721,0.6819753086419751,0.842917068492,0.09017778010871375
11,109067,0.794999999999999,5.47929249417,0.4663555205370149,0.7625000000000001,5.96022186112,0.5362899456696233,0.7525000000000001,5.82942177827,0.3114631906280635,0.71,3.34950318868,0.375371589982487,0.75,3.32254121047,0.47025002585820447,0.8,2.51796520932,0.23188254829918167,0.7877856731323211,4.53525056739,0.35329271239696103,0.8479012345679011,3.4848820864,0.420251186689687
11,129429,0.5875,0.0531020738184,0.0009695298560755339,0.5775,0.451618007407,0.008686521296146226,0.68,1.85766546326,0.06542395522258185,0.54,0.640615583994,0.03172491483633631,0.76,3.33928030191,0.5035760498710506,0.7925000000000001,2.30366003939,0.21382728231990197,0.7937776070674091,4.20801409595,0.37952089158692337,0.8172839506172841,2.95676358707,0.3212431776261355
11,129459,0.6925,1.7789583662,0.06051059491871485,0.6725,2.4504093733,0.13007028619985603,0.6875,2.07116800524,0.0801577133223388,0.6375000000000001,2.26781513932,0.16508078752400995,0.605,1.44282321908,0.09906412408767391,0.705,1.12354788516,0.06941914946326962,0.896331860956404,3.6753414526,0.846323415094986,0.838024691358024,3.33135768094,0.38657871497678015
11,129490,0.754999999999999,4.52502804418,0.26209048278268804,0.6575000000000001,1.84550577138,0.09811644913838885,0.6975,2.36668395621,0.10232362115738797,0.625,2.01292167239,0.1383265736007444,0.7000000000000001,2.95643448664,0.31140969668017665,0.889999999999999,5.23188127022,0.6056884753662298,0.8252736700595351,3.6421477237,0.49448406027768654,0.9654320987654321,2.99519116739,0.8689269392274328
11,129672,0.38,2.00493113445e-11,1.1917702506050313e-13,0.485,0.000326147813391,3.3749480359579895e-06,0.405,9.79666041243e-14,7.316110064029259e-16,0.43500000000000005,0.0712526363197,0.002411950613109116,-0.25,4.83109756963e-21,4.325946782600155e-23,0.725,1.37051190196,0.09438171986845305,0.839408488573074,4.44026477917,0.5509248906946738,0.901234567901234,4.09620971652,0.6243142170983962
11,129907,0.63,0.287276082342,0.007113354402528551,0.65,1.63000993691,0.08512096435457386,0.65,0.976687528863,0.02290733382930583,0.54,0.640615583994,0.03172491483633631,0.6075,1.48288507583,0.1027211482123861,0.65,0.519268935458,0.025338025560809115,0.9058959093527941,2.95233633769,0.8778486310824233,0.725432098765432,1.2469762404,0.13482076405038879
11,129987,0.6875,1.56954928005,0.05214647005246657,0.6575000000000001,1.84550577138,0.09811644913838885,0.6575000000000001,1.19411104982,0.031041653070644146,0.6575000000000001,2.66282255594,0.21443847358039456,0.5,0.330698320908,0.01548525393788298,0.5625,0.0872718105149,0.0026032711528644974,0.9306702515844051,1.83805213397,0.9356501493167317,0.6869135802469131,0.879102775703,0.0944288653696373
11,130043,0.899999999999999,2.23408697444,0.9171802246548519,0.8300000000000001,2.87385277948,0.8603937047820548,0.764999999999999,6.69171599531,0.3900792025981448,0.6950000000000001,3.23025862469,0.32593213643573915,0.804999999999999,3.15554594098,0.6513043753843915,0.865,4.85527769306,0.48042335866807667,0.8598041098521221,5.87982998059,0.6575611834430728,0.942716049382716,3.75328215749,0.7916416469417061
11,130166,0.9325000000000001,1.07345660239,0.9696187890564656,0.7875000000000001,5.43033197999,0.6810216182822104,0.9325000000000001,0.817447039481,0.9358441730266375,0.875,1.80798584467,0.8330463584766186,0.875,2.18139533145,0.841665124110702,0.8600000000000001,4.79572394222,0.45628815753077284,0.918225465719224,2.30491004742,0.9099813177798379,0.8681481481481481,3.76216533438,0.49368764713545443
11,130586,0.28500000000000003,2.27126610393e-19,1.0217864496454604e-21,0.20750000000000002,2.81730396142e-15,2.3425310291291847e-17,0.35750000000000004,1.33644806828e-16,9.020374980123102e-19,0.25,6.36222106414e-05,1.1760907918732385e-06,-0.25,4.83109756963e-21,4.325946782600155e-23,0.42750000000000005,0.000197056976528,2.877040666670201e-06,0.892452467831764,4.02461041654,0.8313965368875122,0.741728395061728,1.46577574125,0.15686181219490739
11,134922,0.725,3.33405653728,0.1434322911611961,0.6925,3.45686735564,0.18900895981562874,0.6775,1.7858218676,0.06086947395466616,0.635,2.21687582024,0.1594748974784198,0.4375,0.0919401998706,0.0034803739630650666,0.79,2.24119723144,0.20814711216801446,0.857922028039178,5.80401438725,0.6465627820455375,0.679012345679012,0.822132098785,0.08771120684286272
11,134923,0.725,3.33405653728,0.1434322911611961,0.6825,2.94368408779,0.15700512614750997,0.7025,2.53131737412,0.11456155461356712,0.68,3.04269259222,0.278806517542912,0.6725,2.58110184753,0.23502783987021417,0.735,1.48620145125,0.10867117507999063,0.879969272133666,5.20979840904,0.7736916099118167,0.77037037037037,1.96798683364,0.20568328915742587
11,135551,0.8250000000000001,5.17570923125,0.6281858210706819,0.7575000000000001,5.9300676789,0.5065462253961346,0.7725000000000001,6.99673469418,0.44153390900541734,0.6425000000000001,2.36912632257,0.17667354097108198,0.7825000000000001,3.3006850574,0.5784767987799843,0.774999999999999,1.94848839197,0.17688714554577162,0.823314768580756,3.57899180842,0.48741327644229315,0.7629629629629631,1.82419355999,0.19164348587828106
11,135973,0.7925000000000001,5.46383454386,0.45267509299631,0.8,4.79207431144,0.7451112432096784,0.7825000000000001,7.06835710101,0.5121965769290835,0.745,3.3392333991,0.4935757655117556,0.6675,2.50256444369,0.22231758443651498,0.8975000000000001,5.39304112563,0.6455512254802803,0.849241405799884,5.23302093638,0.5984471075061694,0.9017283950617281,4.09888987053,0.6263377029369954
11,136122,0.745,4.16012113302,0.21864614311296604,0.78,5.70646368558,0.6392010619139702,0.745,5.19996401277,0.270080243479945,0.61,1.71346392114,0.11039452818783684,0.5225000000000001,0.481321487222,0.0245456778571275,0.8325,3.89532579411,0.33447317088159306,0.8521605531015941,5.45574066862,0.6140532184979964,0.653827160493827,0.669453427568,0.06901173398358931
11,136139,0.837499999999999,4.85209853991,0.6909576678834877,0.8025,4.64411191648,0.75690758434616,0.784999999999999,7.02267547657,0.5298156320407018,0.76,3.22585052481,0.5428807352117274,0.8225,2.97494980106,0.7050257048356754,0.845,4.43090264195,0.3866698648068358,0.7495678893796811,2.86765686096,0.19272156751643876,0.9422222222222221,3.76560532667,0.7897851230533228
11,136288,0.8125,5.39772498235,0.5619849181782945,0.7375,5.44905898556,0.3919370192111922,0.7925000000000001,6.73980068337,0.5815568852624655,0.6225,1.9622222738,0.1333576877614959,0.7425,3.29688604454,0.4454202883856242,0.827499999999999,3.65402696809,0.3155982565403154,0.852506241597849,5.48056025492,0.6159435065042791,0.93679012345679,3.88736571809,0.7689877362864939
11,136820,0.655,0.636707575395,0.018192693623892534,0.6275000000000001,1.25977397832,0.05316171730032772,0.6175,0.264891979852,0.004014877821501668,0.5650000000000001,0.949065522721,0.05141797797084142,0.6025,1.40330912128,0.09550657557576163,0.655,0.562851935438,0.028042226375978918,0.9385442673324371,1.57802159099,0.9490898267625182,0.852345679012345,3.54952979642,0.4358841316459609
11,136846,0.7925000000000001,5.46383454386,0.45267509299631,0.8075000000000001,4.33430388187,0.7793604094267497,0.804999999999999,5.87041140686,0.6607981048075411,0.875,1.80798584467,0.8330463584766186,0.7625000000000001,3.34026407108,0.5119257505711597,0.6525000000000001,0.540730005055,0.026662887003628406,0.7226810063376221,1.91568531735,0.1348473241175029,0.6074074074074071,0.464898338513,0.04296557617908833
11,137085,0.875,3.37503404618,0.8472563290519823,0.8400000000000001,2.28585432762,0.8861306176573799,0.8775000000000001,1.26097064863,0.8824632032633557,0.8500000000000001,2.10740139795,0.7841217961689563,0.847499999999999,2.63403293195,0.7753148712920505,0.9400000000000001,3.81207795685,0.8587122308146375,0.660418667178797,0.855471367942,0.042073885417333444,0.8148148148148141,2.90753059459,0.31400312894464555
11,137869,0.905,2.02479757336,0.9278233451629694,0.875,0.969949891038,0.9395632873099464,0.8700000000000001,1.43860689438,0.8723727396167553,0.8625,1.95662983109,0.8095189939258601,0.8150000000000001,3.05899603583,0.6823924704223894,0.972499999999999,1.43122029773,0.940775382107959,0.0,6.02172741226e-56,1.5847902181712033e-58,0.9772839506172831,2.50526134915,0.9015507289559934
11,138039,0.63,0.287276082342,0.007113354402528551,0.6975,3.70910024153,0.2069262271422679,0.6375000000000001,0.647917137159,0.012809477482457952,0.6075,1.66502425486,0.10617152709364533,0.655,2.29632152859,0.19231160655363966,0.7325,1.45794909096,0.10499089185867247,0.8560015363933161,5.70540798751,0.6355076885146141,0.716049382716049,1.14055552457,0.12363011979403737
11,140859,0.65,0.547787940607,0.01523609310194216,0.5975,0.821566458144,0.021375034739640322,0.6000000000000001,0.0904129410568,0.001104272860036489,0.59,1.34323942722,0.07989702009684913,0.4375,0.0919401998706,0.0034803739630650666,0.59,0.170387893223,0.00606038411127254,0.9577491837910501,0.99763758917,0.9736860235132734,0.6948148148148141,0.94134580302,0.10161707764307301
11,140984,0.7625000000000001,4.78317021344,0.29700607635814197,0.754999999999999,5.89927157974,0.4917574572662869,0.7425,4.98596577182,0.25734795001274724,0.6925,3.20345841017,0.31788959677914963,0.645,2.12432705446,0.17020477330227593,0.8925000000000001,5.28854640125,0.6188391408400329,0.8857307470712501,4.67169467732,0.802184134952525,0.9160493827160491,4.12002890723,0.6853312063462342
11,141053,0.645,0.469398102063,0.012697275719297697,0.65,1.63000993691,0.08512096435457386,0.7025,2.53131737412,0.11456155461356712,0.5,0.310194127472,0.013315566560158688,0.625,1.77592566576,0.1312074652626269,0.7025,1.09216137785,0.06664952231150079,1.0,0.205025205678,0.9963379888157866,0.611358024691358,0.479812414215,0.04483156105178418
11,141356,0.8250000000000001,5.17570923125,0.6281858210706819,0.794999999999999,5.07000931681,0.7204451474827688,0.8400000000000001,2.84055539265,0.8113643876074433,0.8425,2.1995163755,0.7679717730626533,0.7025,2.98503373531,0.3188367403253625,0.9475,3.17912916702,0.8849291235658885,0.811791818705588,3.46648651381,0.44726511250584233,0.8508641975308641,3.5282542018,0.43064129608004553
11,142811,0.595,0.0745835415054,0.0014446871705286774,0.58,0.495226533204,0.00986975147975513,0.675,1.71334765783,0.05649537393494688,0.535,0.588968552898,0.02865229450603523,0.635,1.9497329409,0.14983373412733464,0.7825000000000001,2.07855660835,0.19197035924700245,0.8137507201843671,3.45218575165,0.4540392326711721,0.714567901234567,1.12489762126,0.12195204282852853
11,142951,0.804999999999999,5.47064536895,0.5211963557229707,0.764999999999999,5.95871421587,0.5511909795142013,0.7375,4.56478351284,0.23347704210898332,0.68,3.04269259222,0.278806517542912,0.6475000000000001,2.16770310798,0.17556985047870188,0.784999999999999,2.12883469014,0.19722881542713744,0.8876896485500281,4.48104467005,0.8111488914568245,0.929382716049382,4.01189967925,0.7397015732992664
11,143324,0.5725,0.0249972660334,0.000405130711663123,0.66,1.93086796601,0.10283550787353886,0.625,0.384877404312,0.00643335228481063,0.59,1.34323942722,0.07989702009684913,0.5750000000000001,1.01031545502,0.06250260407031066,0.6775,0.791080607975,0.043178338030965095,0.8636835029767621,5.96214222238,0.6805647208904944,0.6972839506172831,0.96198351046,0.10396674493361246
11,145305,0.7675000000000001,4.94433947992,0.3213294520322232,0.745,5.68515373934,0.43372311708763117,0.6875,2.07116800524,0.0801577133223388,0.6575000000000001,2.66282255594,0.21443847358039456,0.605,1.44282321908,0.09906412408767391,0.725,1.37051190196,0.09438171986845305,0.9097753024774341,2.71840525834,0.8888377630804731,0.7970370370370371,2.53331802848,0.26559900584755625
11,145335,0.55,0.00651185135991,8.901526388260227e-05,0.5425,0.0697570714287,0.0008740548807748965,0.5,2.87664512438e-07,1.5355765341403196e-09,0.5875,1.30011768162,0.07659298531974112,0.5225000000000001,0.481321487222,0.0245456778571275,0.8,2.51796520932,0.23188254829918167,0.693796811983867,1.61302376371,0.07956427005697678,0.79753086419753,2.54400934749,0.2668526672273524
11,145444,0.8525,4.34279450734,0.7600802164413253,0.754999999999999,5.89927157974,0.4917574572662869,0.6925,2.21543625818,0.09087246225804585,0.7975000000000001,2.78355673261,0.6560158432671274,0.725,3.19546110336,0.3885293471184852,0.794999999999999,2.37052253198,0.2196690793032955,0.8017284424812751,3.76879497605,0.4111715593227293,0.861728395061728,3.67868736133,0.4698014189381955
11,146557,0.73,3.55656252295,0.16066363908476744,0.72,4.75553355029,0.30243735806435307,0.6825,1.92900283681,0.07015737660940119,0.5700000000000001,1.02111235339,0.056341974742078756,-0.25,4.83109756963e-21,4.325946782600155e-23,0.74,1.54137088562,0.1162408252430085,0.8974841559439211,3.5771972137,0.8505016772962715,0.9002469135802461,4.09052977887,0.6202713481800184
11,146877,0.865,3.82784507658,0.8112211931189769,0.715,4.53599457958,0.2792054685330404,0.5625,0.00302782788813,2.50511164959382e-05,0.8400000000000001,2.23056470349,0.7624342097488211,0.8075000000000001,3.13315228684,0.6591654964798486,0.865,4.85527769306,0.48042335866807667,0.5736892644516991,0.0906948226969,0.0015384224599448218,0.863209876543209,3.69828536739,0.4752658682106857
11,146928,0.855,4.24574226971,0.7708165660796897,0.8600000000000001,1.38473125198,0.9221609044593887,0.8174999999999991,4.73543168246,0.7272081804507069,0.8150000000000001,2.55153156793,0.7026969593677868,0.7000000000000001,2.95643448664,0.31140969668017665,0.885,5.1224407099,0.5798071797098469,0.837718455924716,4.31580771221,0.543526769916728,0.803456790123456,2.67146088823,0.28230682223543135
11,146993,1.0,0.071156178064,0.9989504644143637,1.0,0.145741312847,0.9947714868720241,1.0,0.433763955972,0.9789017987018582,0.9500000000000001,0.949727276863,0.9358497080247691,0.8125,3.08485128016,0.674712429235781,0.8,2.51796520932,0.23188254829918167,0.37584021509506405,4.917700521e-11,2.9118622820816875e-13,0.8528395061728391,3.55656366772,0.437638723798174
11,147026,0.655,0.636707575395,0.018192693623892534,0.615,1.10497681482,0.0383581461299268,0.625,0.384877404312,0.00643335228481063,0.52,0.452638982825,0.020874175659104887,0.5,0.330698320908,0.01548525393788298,0.645,0.478306237042,0.022845167762895188,0.8626848473209141,5.9510058433,0.6746155590377467,0.815802469135802,2.92732812392,0.31688455188222886
11,147101,0.865,3.82784507658,0.8112211931189769,0.7225,4.86245952036,0.31446026320219495,0.6825,1.92900283681,0.07015737660940119,0.8600000000000001,1.98656657436,0.8045900171663293,0.625,1.77592566576,0.1312074652626269,0.8525,4.65547314061,0.4207987176358355,0.861724601497983,5.9336133577,0.6689089622439574,0.9007407407407401,4.09342229583,0.6222920813678033
11,147111,0.735,3.76761005667,0.17897873490565042,0.774999999999999,5.83678301295,0.6103241615205889,0.6225,0.341650466454,0.0055258664637018624,0.605,1.61712936375,0.10206895285130291,0.595,1.28829836281,0.0854164614711502,0.837499999999999,4.12706469484,0.35453563760086476,0.9010946802381411,3.28879105903,0.8628876230965231,0.852345679012345,3.54952979642,0.4358841316459609
11,147193,0.7825000000000001,5.32973680167,0.3986123960063906,0.7825000000000001,5.62474170582,0.6533673030529523,0.7975000000000001,6.44240692413,0.614545021664261,0.8500000000000001,2.10740139795,0.7841217961689563,0.75,3.32254121047,0.47025002585820447,0.75,1.64764441101,0.13218908879457067,0.752294987516804,3.10931700308,0.20086842125234994,0.6439506172839501,0.619272618526,0.06265144979529017
11,819,0.7025,2.24180086047,0.08057325651271857,0.7075,4.19294490678,0.24646153489349779,0.7225,3.46734989282,0.1736334221056753,0.7775000000000001,3.03801828955,0.5977584609644716,0.725,3.19546110336,0.3885293471184852,0.8300000000000001,3.77513507667,0.3248847556109066,0.8252736700595351,3.6421477237,0.49448406027768654,0.7214814814814811,1.20058356009,0.129986865701651
11,1942,0.6725,1.0510225299,0.032700840047231415,0.5925,0.728064528474,0.017499834699159594,0.6075,0.148663537184,0.0019869290867210844,0.585,1.25778148764,0.07339577699337052,0.715,3.11262833347,0.356974283233417,0.784999999999999,2.12883469014,0.19722881542713744,0.8467447666602651,5.03046556872,0.5856335738417122,0.755061728395061,1.68102501523,0.17780306726193623
11,1993,0.7375,3.86910014809,0.18852514986935545,0.7525000000000001,5.85872048757,0.47705799864226095,0.835,3.20649890226,0.7962629935108558,0.63,2.11479885956,0.1486456799939112,0.6625,2.42158229422,0.21000627178852316,0.905,5.48309001361,0.6864062683004273,0.8857307470712501,4.67169467732,0.802184134952525,0.905679012345679,4.11620581166,0.6425675444985497
