left,boolean,ranking,id,score,equipmentScore,roomScore,mealScore,serviceScore,bathScore
left,0,0,28024,0.858296565769,0.9,0.85,0.9175,1.0,1.0
left,0,1,136139,0.76227928936,0.8025,0.8375,0.8225,0.785,0.76
left,0,2,74604,0.735800256668,0.83,0.8275,0.795,0.9125,0.9075
left,0,3,56758,0.56931234591,0.7725,0.8225,0.8125,0.77,0.745
left,0,4,1356,0.511291590256,0.775,0.8125,0.79,0.7575,0.73
left,0,5,80619,0.478796108467,0.7775,0.825,0.7625,0.77,0.6975
left,0,6,69292,0.471406312681,0.74,0.815,0.75,0.76,0.7875
left,0,7,109067,0.455382052939,0.7625,0.795,0.75,0.7525,0.71
left,0,8,11039,0.367227003457,0.7625,0.8425,0.715,0.735,0.72
left,0,9,56917,0.331197977588,0.72,0.77,0.7325,0.73,0.6575
left,0,10,67160,0.300966343794,0.815,0.85,0.68,0.775,0.76
left,0,11,67905,0.272315439858,0.765,0.8,0.6675,0.7975,0.75
left,0,12,19718,0.271531781553,0.6925,0.77,0.875,0.9225,0.635
left,0,13,135973,0.267764490719,0.8,0.7925,0.6675,0.7825,0.745
left,0,14,819,0.214251723391,0.7075,0.7025,0.725,0.7225,0.7775
left,0,15,134923,0.194650639707,0.6825,0.725,0.6725,0.7025,0.68
left,0,16,1764,0.182906603945,0.67,0.7425,0.7725,0.7075,0.645
left,0,17,18270,0.17664048756,0.6775,0.765,0.645,0.7425,0.6275
left,0,18,80513,0.15553431987,0.7075,0.76,0.76,0.7825,0.5975
left,0,19,1556,0.124733738604,0.6625,0.705,0.705,0.675,0.6525
left,0,20,5309,0.121593709066,0.69,0.695,0.695,0.6975,0.585
left,0,21,1404,0.117166768225,0.6725,0.7875,0.75,0.6725,0.77
left,0,22,147101,0.115578193196,0.7225,0.865,0.625,0.6825,0.86
left,0,23,56975,0.099651735541,0.68,0.7325,0.6,0.6975,0.7175
left,0,24,29764,0.0979239863044,0.68,0.7225,0.6,0.7425,0.5875
left,0,25,80759,0.0438806721308,0.6675,0.7825,0.5575,0.6675,0.845
left,3,26,146877,0.0,0.715,0.865,0.8075,0.5625,0.84
left,2,27,146993,0.885929352374,1.0,1.0,0.8125,1.0,0.95
left,2,28,80766,0.0734626595159,0.645,0.7225,0.6,0.6975,0.645
left,1,29,12534,0.0515132820464,0.6475,0.6525,0.69,0.665,0.5625
left,1,30,8207,0.0352959767274,0.7375,0.6575,0.6625,0.6975,0.54
left,1,31,70659,0.021978761273,0.6025,0.685,0.5275,0.695,0.55
left,1,32,108411,0.0184431642474,0.6175,0.6575,0.515,0.67,0.7075
left,1,33,50921,0.0181812357233,0.5925,0.68,0.8325,0.64,0.5975
left,1,34,29381,0.0142611146673,0.595,0.67,0.5325,0.625,0.55
left,2,35,11140,0.0129046061434,0.5775,0.6325,0.5275,0.6975,0.55
left,1,36,7341,0.012873511754,0.6125,0.755,0.5,0.7,0.6025
left,1,37,108351,0.00942152932435,0.65,0.685,0.665,0.615,0.64
left,1,38,4771,0.00903527433372,0.635,0.705,0.6025,0.705,0.5175
left,1,39,104598,0.00811317528708,0.5825,0.645,0.5,0.685,0.515
left,1,40,2958,0.0,0.59,0.5325,0.6825,0.65,0.7475
left,1,41,5024,0.0,0.6525,0.7625,0.67,0.7,0.495
left,1,42,5041,0.0,0.455,0.4775,0.75,0.41,0.3625
left,1,43,5627,0.0,0.5225,0.66,0.6675,0.59,0.5675
left,1,44,7055,0.0,0.4725,0.5675,0.8075,0.54,0.465
left,1,45,7342,0.0,0.545,0.56,0.59,0.5875,0.52
left,1,46,129672,0.0,0.485,0.38,-0.25,0.405,0.435
left,1,47,15812,0.0,0.575,0.5675,0.5475,0.62,0.5
left,1,48,140859,0.0,0.5975,0.65,0.4375,0.6,0.59
left,1,49,995,0.0,0.51,0.5325,0.7875,0.5775,0.52
left,1,50,142811,0.0,0.58,0.595,0.635,0.675,0.535
left,1,51,32060,0.0,0.65,0.55,0.75,0.65,0.5625
left,1,52,39144,0.0,0.5575,0.63,0.6675,0.6425,0.5
left,1,53,39247,0.0,0.65,0.5525,0.5175,0.575,0.595
left,1,54,70225,0.0,0.58,0.64,-0.25,0.5925,0.5375
left,1,55,44059,0.0,0.5125,0.605,-0.25,0.6575,0.5325
left,1,56,28894,0.0,0.62,0.67,0.5,0.6475,0.46
left,1,57,108417,0.0,0.5825,0.6325,0.52,0.5325,0.605
left,1,58,108341,0.0,0.5825,0.52,0.595,0.595,0.52
left,2,59,28484,0.0,0.625,0.5675,0.605,0.6375,0.61
left,1,60,101,0.0,0.655,0.6,0.6975,0.73,0.625
