left,boolean,ranking,id,score,kinnennScore,serviceScore,chargeScore,mealScore,equipmentScore,roomScore,locationScore,bathScore,distanceScore
left,true_positive,0,56917,0.00637671218567,1,0.73,0.869444977914,0.7325,0.72,0.77,0.83,0.6575,0.82962962963
left,true_positive,1,9518,0.00316496883244,1,0.7,0.870674092568,0.75,0.625,0.725,0.85,0.675,0.919012345679
left,true_positive,2,74696,0.00258144781134,1,0.6975,0.863645093144,0.6675,0.7125,0.7175,0.7825,0.695,0.892839506173
left,true_positive,3,41703,0.000246111278344,1,0.6925,0.784943345496,0.6975,0.735,0.7875,0.77,0.685,0.792592592593
left,true_positive,4,11230,0.000228986053636,1,0.74,0.775686575763,0.6825,0.6725,0.695,0.8975,0.6125,0.83012345679
left,true_positive,5,147193,2.29946767315e-05,1,0.7975,0.752294987517,0.75,0.7825,0.7825,0.75,0.85,0.643950617284
left,true_positive,6,1556,1.65708963157e-05,1,0.675,0.788745918955,0.705,0.6625,0.705,0.7825,0.6525,0.675555555556
left,true_positive,7,136820,1.41502691495e-05,1,0.6175,0.938544267332,0.6025,0.6275,0.655,0.655,0.565,0.852345679012
left,false_positive,8,141053,7.57619073301e-06,1,0.7025,1.0,0.625,0.65,0.645,0.7025,0.5,0.611358024691
left,true_positive,9,129429,5.50506267787e-06,1,0.68,0.793777607067,0.76,0.5775,0.5875,0.7925,0.54,0.817283950617
left,true_positive,10,142811,2.06597480946e-06,1,0.675,0.813750720184,0.635,0.58,0.595,0.7825,0.535,0.714567901235
left,true_positive,11,7342,5.29043207474e-07,1,0.5875,0.813750720184,0.59,0.545,0.56,0.8475,0.52,0.906172839506
left,true_positive,12,108341,4.47293778525e-07,1,0.595,0.809756097561,0.595,0.5825,0.52,0.8075,0.52,0.951604938272
left,false_positive,13,864,4.33361797348e-07,0,0.69,0.87136546956,0.75,0.6375,0.71,0.92,0.5625,0.89975308642
left,false_positive,14,18739,3.62329819043e-07,0,0.745,0.869829076244,0.6875,0.6925,0.755,0.8475,0.5875,0.730864197531
left,true_positive,15,29184,2.62976701199e-07,1,0.62,0.862684847321,0.5375,0.57,0.5725,0.775,0.45,0.822222222222
left,false_positive,16,15878,1.76586122203e-07,0,0.75,0.769541002497,0.6925,0.6975,0.7025,0.8,0.65,0.86962962963
left,false_positive,17,8207,5.46575810454e-08,0,0.6975,0.885961206069,0.6625,0.7375,0.6575,0.7775,0.54,0.704691358025
left,true_positive,18,922,1.42692756805e-08,1,0.605,0.917418859228,0.4525,0.595,0.575,0.6825,0.455,0.583703703704
left,false_positive,19,67423,1.57992056081e-09,0,0.705,0.938544267332,0.59,0.6375,0.6875,0.6825,0.6775,0.652839506173
left,false_positive,20,104598,6.86285425961e-10,0,0.685,0.826963702708,0.5,0.5825,0.645,0.67,0.515,0.854320987654
left,false_positive,21,1667,2.32100341757e-10,0,0.68,0.660072978683,0.75,0.6625,0.6175,0.8,0.49,0.902222222222
left,true_positive,22,17703,8.71827593542e-14,1,0.605,0.925100825811,0.0,0.635,0.76,0.595,0.4275,0.982716049383
left,false_positive,23,70225,3.0760065129e-23,1,0.5925,0.91165738429,-0.25,0.58,0.64,0.805,0.5375,0.795555555556
left,false_positive,24,72086,4.07799398732e-24,0,0.585,0.87136546956,0.4075,0.565,0.545,0.8475,0.4175,0.515061728395
left,false_positive,25,1404,3.36850975983e-46,0,0.6725,0.413174572691,0.75,0.6725,0.7875,0.75,0.77,0.575802469136
left,false_positive,26,10672,1.94620988948e-74,0,0.6075,0.813750720184,-0.25,0.535,0.6425,0.9275,0.5,0.723950617284
left,false_negative,27,80619,0.0250689934578,1,0.77,0.869406568081,0.7625,0.7775,0.825,0.815,0.6975,0.977777777778
left,false_negative,28,135973,0.0159151862272,1,0.7825,0.8492414058,0.6675,0.8,0.7925,0.8975,0.745,0.901728395062
left,false_negative,29,462,0.0059230493086,1,0.83,0.965469560207,0.7075,0.7975,0.68,0.79,0.64,0.810864197531
left,false_negative,30,108416,0.00373656864176,1,0.805,0.836489341271,0.7125,0.71,0.8175,0.805,0.74,0.807407407407
left,false_negative,31,68565,0.000384186562038,1,0.7175,0.802189360476,0.5775,0.695,0.7575,0.8575,0.665,0.895802469136
left,false_negative,32,4977,0.000300419716149,1,0.71,0.794507393893,0.64,0.725,0.685,0.85,0.705,0.797037037037
left,true_negative,33,31557,0.000118252690086,1,0.725,0.793777607067,1.0,0.5575,0.7925,0.9275,0.5825,0.862716049383
left,false_negative,34,28466,7.87205091679e-05,1,0.665,0.773036297292,0.61,0.68,0.68,0.9575,0.5875,0.945679012346
left,false_negative,35,2877,1.9608576951e-05,1,0.635,0.748454004225,0.6875,0.75,0.6725,0.8075,0.635,0.845432098765
left,true_negative,36,130166,1.47517048059e-05,0,0.9325,0.918225465719,0.875,0.7875,0.9325,0.86,0.875,0.868148148148
left,true_negative,37,18248,1.24411242833e-05,0,0.8625,0.952026118686,0.9175,0.7475,0.7725,0.9075,0.8175,0.856296296296
left,true_negative,38,54491,7.62193508992e-06,0,0.7775,0.868945650086,0.705,0.77,0.7975,0.9025,0.945,0.952098765432
left,true_negative,39,610,2.66843861731e-06,0,0.725,0.880929517957,0.8225,0.6875,0.7825,0.9175,0.615,0.89975308642
left,true_negative,40,107870,1.38833467591e-06,0,0.815,0.765815248704,0.72,0.8125,0.8225,0.91,0.735,0.907160493827
left,true_negative,41,716,3.04446338145e-07,0,0.7225,0.794507393893,0.8025,0.715,0.8325,0.735,0.645,0.819259259259
left,true_negative,42,50830,1.68534612742e-08,0,0.655,0.827539850202,0.6375,0.565,0.66,0.81,0.5725,0.896790123457
left,true_negative,43,1186,3.29196061568e-09,0,0.7225,0.798770885347,0.575,0.6175,0.6625,0.67,0.65,0.712592592593
left,true_negative,44,1996,4.01869293869e-10,0,0.67,0.856001536393,0.62,0.525,0.495,0.7325,0.6,0.786666666667
left,true_negative,45,1872,3.60002350718e-10,0,0.66,0.683272517765,0.6075,0.6075,0.6475,0.9475,0.52,0.786666666667
left,true_negative,46,39144,1.14562564482e-10,0,0.6425,0.909775302477,0.6675,0.5575,0.63,0.655,0.5,0.666666666667
left,true_negative,47,2876,1.41347026123e-11,0,0.84,0.602458229307,0.6075,0.795,0.8175,0.955,0.89,0.886913580247
left,true_negative,48,136846,4.80299702238e-12,0,0.805,0.722681006338,0.7625,0.8075,0.7925,0.6525,0.875,0.607407407407
left,true_negative,49,80759,1.25174033198e-12,0,0.6675,0.854042634915,0.5575,0.6675,0.7825,0.605,0.845,0.616790123457
left,false_negative,50,146877,3.05718597482e-13,1,0.5625,0.573689264452,0.8075,0.715,0.865,0.865,0.84,0.863209876543
left,true_negative,51,25302,1.91214253624e-17,0,0.5125,0.719108891876,0.5,0.4875,0.5625,0.725,0.39,0.925925925926
left,false_negative,52,18311,9.90044150637e-18,1,0.58,0.814518916843,0.75,0.3825,0.42,0.83,0.4175,0.838024691358
left,true_negative,53,76409,2.38724994753e-19,0,0.5775,0.936662185519,0.25,0.51,0.5325,0.7175,0.52,0.885432098765
left,true_negative,54,5729,7.02555201721e-20,0,0.5,0.696216631458,0.5,0.5225,0.545,0.6375,0.41,0.826172839506
left,true_negative,55,28570,2.22362436087e-22,0,0.4625,0.957787593624,0.7225,0.5,0.475,0.6375,0.4325,0.721481481481
left,true_negative,56,40956,9.7551383584e-23,1,0.7825,0.98893796812,-0.25,0.625,0.72,0.595,0.6575,0.647407407407
left,true_negative,57,41851,1.54409998644e-24,1,0.6425,0.919339350874,-0.25,0.6,0.635,0.65,0.3275,0.88987654321
left,true_negative,58,5041,2.39054599725e-33,0,0.41,0.706164778183,0.75,0.455,0.4775,0.6375,0.3625,0.824691358025
left,true_negative,59,146993,4.87311915863e-47,1,1.0,0.375840215095,0.8125,1.0,1.0,0.8,0.95,0.852839506173
left,true_negative,60,129672,8.85660252204e-86,1,0.405,0.839408488573,-0.25,0.485,0.38,0.725,0.435,0.901234567901
