left,cluster,weight,serviceScore,mealScore,roomScore,equipmentScore,bathScore,distanceScore,locationScore,chargeScore,copula
left,0,0.37777777777777777,"{'cv_num': 3, 'search_list': array([ 0.1       ,  0.001     ,  0.00109142,  0.00118285,  0.00127427,
        0.00139078,  0.00150728,  0.00162378,  0.00177223,  0.00192068,
        0.00206914,  0.00225831,  0.00244748,  0.00263665,  0.00287771,
        0.00311876,  0.00335982,  0.00366699,  0.00397416,  0.00428133,
        0.00467275,  0.00506417,  0.00545559,  0.00595437,  0.00645315,
        0.00695193,  0.00758751,  0.00822309,  0.00885867,  0.00966857,
        0.01047848,  0.01128838,  0.01232042,  0.01335246,  0.0143845 ,
        0.0156996 ,  0.0170147 ,  0.01832981,  0.02000561,  0.02168141,
        0.02335721,  0.02549265,  0.02762808,  0.02976351,  0.03248464,
        0.03520577,  0.0379269 ,  0.04139437,  0.04486184,  0.0483293 ,
        0.05274781,  0.05716631,  0.06158482,  0.06721521,  0.07284561,
        0.078476  ,  0.08565066,  0.09282533,  0.03279917,  0.03474167]), 'bw': 0.048329302385717518, 'best_bw': 0.048329302385717518, 'kernel': 'gaussian', 'score_type': 'serviceScore'}","{'cv_num': 3, 'search_list': array([ 0.1       ,  0.001     ,  0.00109142,  0.00118285,  0.00127427,
        0.00139078,  0.00150728,  0.00162378,  0.00177223,  0.00192068,
        0.00206914,  0.00225831,  0.00244748,  0.00263665,  0.00287771,
        0.00311876,  0.00335982,  0.00366699,  0.00397416,  0.00428133,
        0.00467275,  0.00506417,  0.00545559,  0.00595437,  0.00645315,
        0.00695193,  0.00758751,  0.00822309,  0.00885867,  0.00966857,
        0.01047848,  0.01128838,  0.01232042,  0.01335246,  0.0143845 ,
        0.0156996 ,  0.0170147 ,  0.01832981,  0.02000561,  0.02168141,
        0.02335721,  0.02549265,  0.02762808,  0.02976351,  0.03248464,
        0.03520577,  0.0379269 ,  0.04139437,  0.04486184,  0.0483293 ,
        0.05274781,  0.05716631,  0.06158482,  0.06721521,  0.07284561,
        0.078476  ,  0.08565066,  0.09282533,  0.05131443,  0.05435347]), 'bw': 0.048329302385717518, 'best_bw': 0.048329302385717518, 'kernel': 'gaussian', 'score_type': 'mealScore'}","{'cv_num': 3, 'search_list': array([ 0.1       ,  0.001     ,  0.00109142,  0.00118285,  0.00127427,
        0.00139078,  0.00150728,  0.00162378,  0.00177223,  0.00192068,
        0.00206914,  0.00225831,  0.00244748,  0.00263665,  0.00287771,
        0.00311876,  0.00335982,  0.00366699,  0.00397416,  0.00428133,
        0.00467275,  0.00506417,  0.00545559,  0.00595437,  0.00645315,
        0.00695193,  0.00758751,  0.00822309,  0.00885867,  0.00966857,
        0.01047848,  0.01128838,  0.01232042,  0.01335246,  0.0143845 ,
        0.0156996 ,  0.0170147 ,  0.01832981,  0.02000561,  0.02168141,
        0.02335721,  0.02549265,  0.02762808,  0.02976351,  0.03248464,
        0.03520577,  0.0379269 ,  0.04139437,  0.04486184,  0.0483293 ,
        0.05274781,  0.05716631,  0.06158482,  0.06721521,  0.07284561,
        0.078476  ,  0.08565066,  0.09282533,  0.02339626,  0.02478188]), 'bw': 0.035205772743652726, 'best_bw': 0.035205772743652726, 'kernel': 'gaussian', 'score_type': 'roomScore'}","{'cv_num': 3, 'search_list': array([ 0.1       ,  0.001     ,  0.00109142,  0.00118285,  0.00127427,
        0.00139078,  0.00150728,  0.00162378,  0.00177223,  0.00192068,
        0.00206914,  0.00225831,  0.00244748,  0.00263665,  0.00287771,
        0.00311876,  0.00335982,  0.00366699,  0.00397416,  0.00428133,
        0.00467275,  0.00506417,  0.00545559,  0.00595437,  0.00645315,
        0.00695193,  0.00758751,  0.00822309,  0.00885867,  0.00966857,
        0.01047848,  0.01128838,  0.01232042,  0.01335246,  0.0143845 ,
        0.0156996 ,  0.0170147 ,  0.01832981,  0.02000561,  0.02168141,
        0.02335721,  0.02549265,  0.02762808,  0.02976351,  0.03248464,
        0.03520577,  0.0379269 ,  0.04139437,  0.04486184,  0.0483293 ,
        0.05274781,  0.05716631,  0.06158482,  0.06721521,  0.07284561,
        0.078476  ,  0.08565066,  0.09282533,  0.02082162,  0.02205476]), 'bw': 0.029763514416313176, 'best_bw': 0.029763514416313176, 'kernel': 'gaussian', 'score_type': 'equipmentScore'}","{'cv_num': 3, 'search_list': array([ 0.1       ,  0.001     ,  0.00109142,  0.00118285,  0.00127427,
        0.00139078,  0.00150728,  0.00162378,  0.00177223,  0.00192068,
        0.00206914,  0.00225831,  0.00244748,  0.00263665,  0.00287771,
        0.00311876,  0.00335982,  0.00366699,  0.00397416,  0.00428133,
        0.00467275,  0.00506417,  0.00545559,  0.00595437,  0.00645315,
        0.00695193,  0.00758751,  0.00822309,  0.00885867,  0.00966857,
        0.01047848,  0.01128838,  0.01232042,  0.01335246,  0.0143845 ,
        0.0156996 ,  0.0170147 ,  0.01832981,  0.02000561,  0.02168141,
        0.02335721,  0.02549265,  0.02762808,  0.02976351,  0.03248464,
        0.03520577,  0.0379269 ,  0.04139437,  0.04486184,  0.0483293 ,
        0.05274781,  0.05716631,  0.06158482,  0.06721521,  0.07284561,
        0.078476  ,  0.08565066,  0.09282533,  0.03917962,  0.04149998]), 'bw': 0.057166314866307577, 'best_bw': 0.057166314866307577, 'kernel': 'gaussian', 'score_type': 'bathScore'}","{'cv_num': 3, 'search_list': array([ 0.1       ,  0.001     ,  0.00109142,  0.00118285,  0.00127427,
        0.00139078,  0.00150728,  0.00162378,  0.00177223,  0.00192068,
        0.00206914,  0.00225831,  0.00244748,  0.00263665,  0.00287771,
        0.00311876,  0.00335982,  0.00366699,  0.00397416,  0.00428133,
        0.00467275,  0.00506417,  0.00545559,  0.00595437,  0.00645315,
        0.00695193,  0.00758751,  0.00822309,  0.00885867,  0.00966857,
        0.01047848,  0.01128838,  0.01232042,  0.01335246,  0.0143845 ,
        0.0156996 ,  0.0170147 ,  0.01832981,  0.02000561,  0.02168141,
        0.02335721,  0.02549265,  0.02762808,  0.02976351,  0.03248464,
        0.03520577,  0.0379269 ,  0.04139437,  0.04486184,  0.0483293 ,
        0.05274781,  0.05716631,  0.06158482,  0.06721521,  0.07284561,
        0.078476  ,  0.08565066,  0.09282533,  0.02774444,  0.02938757]), 'bw': 0.037926901907322501, 'best_bw': 0.037926901907322501, 'kernel': 'gaussian', 'score_type': 'distanceScore'}","{'cv_num': 3, 'search_list': array([ 0.1       ,  0.001     ,  0.00109142,  0.00118285,  0.00127427,
        0.00139078,  0.00150728,  0.00162378,  0.00177223,  0.00192068,
        0.00206914,  0.00225831,  0.00244748,  0.00263665,  0.00287771,
        0.00311876,  0.00335982,  0.00366699,  0.00397416,  0.00428133,
        0.00467275,  0.00506417,  0.00545559,  0.00595437,  0.00645315,
        0.00695193,  0.00758751,  0.00822309,  0.00885867,  0.00966857,
        0.01047848,  0.01128838,  0.01232042,  0.01335246,  0.0143845 ,
        0.0156996 ,  0.0170147 ,  0.01832981,  0.02000561,  0.02168141,
        0.02335721,  0.02549265,  0.02762808,  0.02976351,  0.03248464,
        0.03520577,  0.0379269 ,  0.04139437,  0.04486184,  0.0483293 ,
        0.05274781,  0.05716631,  0.06158482,  0.06721521,  0.07284561,
        0.078476  ,  0.08565066,  0.09282533,  0.02649043,  0.0280593 ]), 'bw': 0.032484643579982951, 'best_bw': 0.032484643579982951, 'kernel': 'gaussian', 'score_type': 'locationScore'}","{'cv_num': 3, 'search_list': array([ 0.1       ,  0.001     ,  0.00109142,  0.00118285,  0.00127427,
        0.00139078,  0.00150728,  0.00162378,  0.00177223,  0.00192068,
        0.00206914,  0.00225831,  0.00244748,  0.00263665,  0.00287771,
        0.00311876,  0.00335982,  0.00366699,  0.00397416,  0.00428133,
        0.00467275,  0.00506417,  0.00545559,  0.00595437,  0.00645315,
        0.00695193,  0.00758751,  0.00822309,  0.00885867,  0.00966857,
        0.01047848,  0.01128838,  0.01232042,  0.01335246,  0.0143845 ,
        0.0156996 ,  0.0170147 ,  0.01832981,  0.02000561,  0.02168141,
        0.02335721,  0.02549265,  0.02762808,  0.02976351,  0.03248464,
        0.03520577,  0.0379269 ,  0.04139437,  0.04486184,  0.0483293 ,
        0.05274781,  0.05716631,  0.06158482,  0.06721521,  0.07284561,
        0.078476  ,  0.08565066,  0.09282533,  0.03123986,  0.03309001]), 'bw': 0.044861835559585846, 'best_bw': 0.044861835559585846, 'kernel': 'gaussian', 'score_type': 'chargeScore'}","{'trained_param': 609.09826304136, 'dimension': 8}"
,1,0.1111111111111111,"{'cv_num': 3, 'search_list': array([ 0.1       ,  0.001     ,  0.00109142,  0.00118285,  0.00127427,
        0.00139078,  0.00150728,  0.00162378,  0.00177223,  0.00192068,
        0.00206914,  0.00225831,  0.00244748,  0.00263665,  0.00287771,
        0.00311876,  0.00335982,  0.00366699,  0.00397416,  0.00428133,
        0.00467275,  0.00506417,  0.00545559,  0.00595437,  0.00645315,
        0.00695193,  0.00758751,  0.00822309,  0.00885867,  0.00966857,
        0.01047848,  0.01128838,  0.01232042,  0.01335246,  0.0143845 ,
        0.0156996 ,  0.0170147 ,  0.01832981,  0.02000561,  0.02168141,
        0.02335721,  0.02549265,  0.02762808,  0.02976351,  0.03248464,
        0.03520577,  0.0379269 ,  0.04139437,  0.04486184,  0.0483293 ,
        0.05274781,  0.05716631,  0.06158482,  0.06721521,  0.07284561,
        0.078476  ,  0.08565066,  0.09282533,  0.06856019,  0.07262059]), 'bw': 0.10000000000000001, 'best_bw': 0.10000000000000001, 'kernel': 'gaussian', 'score_type': 'serviceScore'}","{'cv_num': 3, 'search_list': array([ 0.1       ,  0.001     ,  0.00109142,  0.00118285,  0.00127427,
        0.00139078,  0.00150728,  0.00162378,  0.00177223,  0.00192068,
        0.00206914,  0.00225831,  0.00244748,  0.00263665,  0.00287771,
        0.00311876,  0.00335982,  0.00366699,  0.00397416,  0.00428133,
        0.00467275,  0.00506417,  0.00545559,  0.00595437,  0.00645315,
        0.00695193,  0.00758751,  0.00822309,  0.00885867,  0.00966857,
        0.01047848,  0.01128838,  0.01232042,  0.01335246,  0.0143845 ,
        0.0156996 ,  0.0170147 ,  0.01832981,  0.02000561,  0.02168141,
        0.02335721,  0.02549265,  0.02762808,  0.02976351,  0.03248464,
        0.03520577,  0.0379269 ,  0.04139437,  0.04486184,  0.0483293 ,
        0.05274781,  0.05716631,  0.06158482,  0.06721521,  0.07284561,
        0.078476  ,  0.08565066,  0.09282533,  0.04313809,  0.0456929 ]), 'bw': 0.061584821106602607, 'best_bw': 0.061584821106602607, 'kernel': 'gaussian', 'score_type': 'mealScore'}","{'cv_num': 3, 'search_list': array([ 0.1       ,  0.001     ,  0.00109142,  0.00118285,  0.00127427,
        0.00139078,  0.00150728,  0.00162378,  0.00177223,  0.00192068,
        0.00206914,  0.00225831,  0.00244748,  0.00263665,  0.00287771,
        0.00311876,  0.00335982,  0.00366699,  0.00397416,  0.00428133,
        0.00467275,  0.00506417,  0.00545559,  0.00595437,  0.00645315,
        0.00695193,  0.00758751,  0.00822309,  0.00885867,  0.00966857,
        0.01047848,  0.01128838,  0.01232042,  0.01335246,  0.0143845 ,
        0.0156996 ,  0.0170147 ,  0.01832981,  0.02000561,  0.02168141,
        0.02335721,  0.02549265,  0.02762808,  0.02976351,  0.03248464,
        0.03520577,  0.0379269 ,  0.04139437,  0.04486184,  0.0483293 ,
        0.05274781,  0.05716631,  0.06158482,  0.06721521,  0.07284561,
        0.078476  ,  0.08565066,  0.09282533,  0.02726968,  0.0288847 ]), 'bw': 0.032484643579982951, 'best_bw': 0.032484643579982951, 'kernel': 'gaussian', 'score_type': 'roomScore'}","{'cv_num': 3, 'search_list': array([ 0.1       ,  0.001     ,  0.00109142,  0.00118285,  0.00127427,
        0.00139078,  0.00150728,  0.00162378,  0.00177223,  0.00192068,
        0.00206914,  0.00225831,  0.00244748,  0.00263665,  0.00287771,
        0.00311876,  0.00335982,  0.00366699,  0.00397416,  0.00428133,
        0.00467275,  0.00506417,  0.00545559,  0.00595437,  0.00645315,
        0.00695193,  0.00758751,  0.00822309,  0.00885867,  0.00966857,
        0.01047848,  0.01128838,  0.01232042,  0.01335246,  0.0143845 ,
        0.0156996 ,  0.0170147 ,  0.01832981,  0.02000561,  0.02168141,
        0.02335721,  0.02549265,  0.02762808,  0.02976351,  0.03248464,
        0.03520577,  0.0379269 ,  0.04139437,  0.04486184,  0.0483293 ,
        0.05274781,  0.05716631,  0.06158482,  0.06721521,  0.07284561,
        0.078476  ,  0.08565066,  0.09282533,  0.03518169,  0.03726528]), 'bw': 0.041394368733454173, 'best_bw': 0.041394368733454173, 'kernel': 'gaussian', 'score_type': 'equipmentScore'}","{'cv_num': 3, 'search_list': array([ 0.1       ,  0.001     ,  0.00109142,  0.00118285,  0.00127427,
        0.00139078,  0.00150728,  0.00162378,  0.00177223,  0.00192068,
        0.00206914,  0.00225831,  0.00244748,  0.00263665,  0.00287771,
        0.00311876,  0.00335982,  0.00366699,  0.00397416,  0.00428133,
        0.00467275,  0.00506417,  0.00545559,  0.00595437,  0.00645315,
        0.00695193,  0.00758751,  0.00822309,  0.00885867,  0.00966857,
        0.01047848,  0.01128838,  0.01232042,  0.01335246,  0.0143845 ,
        0.0156996 ,  0.0170147 ,  0.01832981,  0.02000561,  0.02168141,
        0.02335721,  0.02549265,  0.02762808,  0.02976351,  0.03248464,
        0.03520577,  0.0379269 ,  0.04139437,  0.04486184,  0.0483293 ,
        0.05274781,  0.05716631,  0.06158482,  0.06721521,  0.07284561,
        0.078476  ,  0.08565066,  0.09282533,  0.05072487,  0.05372899]), 'bw': 0.053728990216807992, 'best_bw': 0.053728990216807992, 'kernel': 'gaussian', 'score_type': 'bathScore'}","{'cv_num': 3, 'search_list': array([ 0.1       ,  0.001     ,  0.00109142,  0.00118285,  0.00127427,
        0.00139078,  0.00150728,  0.00162378,  0.00177223,  0.00192068,
        0.00206914,  0.00225831,  0.00244748,  0.00263665,  0.00287771,
        0.00311876,  0.00335982,  0.00366699,  0.00397416,  0.00428133,
        0.00467275,  0.00506417,  0.00545559,  0.00595437,  0.00645315,
        0.00695193,  0.00758751,  0.00822309,  0.00885867,  0.00966857,
        0.01047848,  0.01128838,  0.01232042,  0.01335246,  0.0143845 ,
        0.0156996 ,  0.0170147 ,  0.01832981,  0.02000561,  0.02168141,
        0.02335721,  0.02549265,  0.02762808,  0.02976351,  0.03248464,
        0.03520577,  0.0379269 ,  0.04139437,  0.04486184,  0.0483293 ,
        0.05274781,  0.05716631,  0.06158482,  0.06721521,  0.07284561,
        0.078476  ,  0.08565066,  0.09282533,  0.0534504 ,  0.05661593]), 'bw': 0.085650664690097411, 'best_bw': 0.085650664690097411, 'kernel': 'gaussian', 'score_type': 'distanceScore'}","{'cv_num': 3, 'search_list': array([ 0.1       ,  0.001     ,  0.00109142,  0.00118285,  0.00127427,
        0.00139078,  0.00150728,  0.00162378,  0.00177223,  0.00192068,
        0.00206914,  0.00225831,  0.00244748,  0.00263665,  0.00287771,
        0.00311876,  0.00335982,  0.00366699,  0.00397416,  0.00428133,
        0.00467275,  0.00506417,  0.00545559,  0.00595437,  0.00645315,
        0.00695193,  0.00758751,  0.00822309,  0.00885867,  0.00966857,
        0.01047848,  0.01128838,  0.01232042,  0.01335246,  0.0143845 ,
        0.0156996 ,  0.0170147 ,  0.01832981,  0.02000561,  0.02168141,
        0.02335721,  0.02549265,  0.02762808,  0.02976351,  0.03248464,
        0.03520577,  0.0379269 ,  0.04139437,  0.04486184,  0.0483293 ,
        0.05274781,  0.05716631,  0.06158482,  0.06721521,  0.07284561,
        0.078476  ,  0.08565066,  0.09282533,  0.01463086,  0.01549735]), 'bw': 0.023357214690901212, 'best_bw': 0.023357214690901212, 'kernel': 'gaussian', 'score_type': 'locationScore'}","{'cv_num': 3, 'search_list': array([ 0.1       ,  0.001     ,  0.00109142,  0.00118285,  0.00127427,
        0.00139078,  0.00150728,  0.00162378,  0.00177223,  0.00192068,
        0.00206914,  0.00225831,  0.00244748,  0.00263665,  0.00287771,
        0.00311876,  0.00335982,  0.00366699,  0.00397416,  0.00428133,
        0.00467275,  0.00506417,  0.00545559,  0.00595437,  0.00645315,
        0.00695193,  0.00758751,  0.00822309,  0.00885867,  0.00966857,
        0.01047848,  0.01128838,  0.01232042,  0.01335246,  0.0143845 ,
        0.0156996 ,  0.0170147 ,  0.01832981,  0.02000561,  0.02168141,
        0.02335721,  0.02549265,  0.02762808,  0.02976351,  0.03248464,
        0.03520577,  0.0379269 ,  0.04139437,  0.04486184,  0.0483293 ,
        0.05274781,  0.05716631,  0.06158482,  0.06721521,  0.07284561,
        0.078476  ,  0.08565066,  0.09282533,  0.04494389,  0.04760564]), 'bw': 0.078475997035146114, 'best_bw': 0.078475997035146114, 'kernel': 'gaussian', 'score_type': 'chargeScore'}","{'trained_param': 865.940196929919, 'dimension': 8}"
,2,0.15555555555555556,"{'cv_num': 3, 'search_list': array([ 0.1       ,  0.001     ,  0.00109142,  0.00118285,  0.00127427,
        0.00139078,  0.00150728,  0.00162378,  0.00177223,  0.00192068,
        0.00206914,  0.00225831,  0.00244748,  0.00263665,  0.00287771,
        0.00311876,  0.00335982,  0.00366699,  0.00397416,  0.00428133,
        0.00467275,  0.00506417,  0.00545559,  0.00595437,  0.00645315,
        0.00695193,  0.00758751,  0.00822309,  0.00885867,  0.00966857,
        0.01047848,  0.01128838,  0.01232042,  0.01335246,  0.0143845 ,
        0.0156996 ,  0.0170147 ,  0.01832981,  0.02000561,  0.02168141,
        0.02335721,  0.02549265,  0.02762808,  0.02976351,  0.03248464,
        0.03520577,  0.0379269 ,  0.04139437,  0.04486184,  0.0483293 ,
        0.05274781,  0.05716631,  0.06158482,  0.06721521,  0.07284561,
        0.078476  ,  0.08565066,  0.09282533,  0.04261445,  0.04513824]), 'bw': 0.067215213082783776, 'best_bw': 0.067215213082783776, 'kernel': 'gaussian', 'score_type': 'serviceScore'}","{'cv_num': 3, 'search_list': array([ 0.1       ,  0.001     ,  0.00109142,  0.00118285,  0.00127427,
        0.00139078,  0.00150728,  0.00162378,  0.00177223,  0.00192068,
        0.00206914,  0.00225831,  0.00244748,  0.00263665,  0.00287771,
        0.00311876,  0.00335982,  0.00366699,  0.00397416,  0.00428133,
        0.00467275,  0.00506417,  0.00545559,  0.00595437,  0.00645315,
        0.00695193,  0.00758751,  0.00822309,  0.00885867,  0.00966857,
        0.01047848,  0.01128838,  0.01232042,  0.01335246,  0.0143845 ,
        0.0156996 ,  0.0170147 ,  0.01832981,  0.02000561,  0.02168141,
        0.02335721,  0.02549265,  0.02762808,  0.02976351,  0.03248464,
        0.03520577,  0.0379269 ,  0.04139437,  0.04486184,  0.0483293 ,
        0.05274781,  0.05716631,  0.06158482,  0.06721521,  0.07284561,
        0.078476  ,  0.08565066,  0.09282533,  0.06954753,  0.0736664 ]), 'bw': 0.10000000000000001, 'best_bw': 0.10000000000000001, 'kernel': 'gaussian', 'score_type': 'mealScore'}","{'cv_num': 3, 'search_list': array([ 0.1       ,  0.001     ,  0.00109142,  0.00118285,  0.00127427,
        0.00139078,  0.00150728,  0.00162378,  0.00177223,  0.00192068,
        0.00206914,  0.00225831,  0.00244748,  0.00263665,  0.00287771,
        0.00311876,  0.00335982,  0.00366699,  0.00397416,  0.00428133,
        0.00467275,  0.00506417,  0.00545559,  0.00595437,  0.00645315,
        0.00695193,  0.00758751,  0.00822309,  0.00885867,  0.00966857,
        0.01047848,  0.01128838,  0.01232042,  0.01335246,  0.0143845 ,
        0.0156996 ,  0.0170147 ,  0.01832981,  0.02000561,  0.02168141,
        0.02335721,  0.02549265,  0.02762808,  0.02976351,  0.03248464,
        0.03520577,  0.0379269 ,  0.04139437,  0.04486184,  0.0483293 ,
        0.05274781,  0.05716631,  0.06158482,  0.06721521,  0.07284561,
        0.078476  ,  0.08565066,  0.09282533,  0.01718455,  0.01820228]), 'bw': 0.023357214690901212, 'best_bw': 0.023357214690901212, 'kernel': 'gaussian', 'score_type': 'roomScore'}","{'cv_num': 3, 'search_list': array([ 0.1       ,  0.001     ,  0.00109142,  0.00118285,  0.00127427,
        0.00139078,  0.00150728,  0.00162378,  0.00177223,  0.00192068,
        0.00206914,  0.00225831,  0.00244748,  0.00263665,  0.00287771,
        0.00311876,  0.00335982,  0.00366699,  0.00397416,  0.00428133,
        0.00467275,  0.00506417,  0.00545559,  0.00595437,  0.00645315,
        0.00695193,  0.00758751,  0.00822309,  0.00885867,  0.00966857,
        0.01047848,  0.01128838,  0.01232042,  0.01335246,  0.0143845 ,
        0.0156996 ,  0.0170147 ,  0.01832981,  0.02000561,  0.02168141,
        0.02335721,  0.02549265,  0.02762808,  0.02976351,  0.03248464,
        0.03520577,  0.0379269 ,  0.04139437,  0.04486184,  0.0483293 ,
        0.05274781,  0.05716631,  0.06158482,  0.06721521,  0.07284561,
        0.078476  ,  0.08565066,  0.09282533,  0.02998636,  0.03176226]), 'bw': 0.041394368733454173, 'best_bw': 0.041394368733454173, 'kernel': 'gaussian', 'score_type': 'equipmentScore'}","{'cv_num': 3, 'search_list': array([ 0.1       ,  0.001     ,  0.00109142,  0.00118285,  0.00127427,
        0.00139078,  0.00150728,  0.00162378,  0.00177223,  0.00192068,
        0.00206914,  0.00225831,  0.00244748,  0.00263665,  0.00287771,
        0.00311876,  0.00335982,  0.00366699,  0.00397416,  0.00428133,
        0.00467275,  0.00506417,  0.00545559,  0.00595437,  0.00645315,
        0.00695193,  0.00758751,  0.00822309,  0.00885867,  0.00966857,
        0.01047848,  0.01128838,  0.01232042,  0.01335246,  0.0143845 ,
        0.0156996 ,  0.0170147 ,  0.01832981,  0.02000561,  0.02168141,
        0.02335721,  0.02549265,  0.02762808,  0.02976351,  0.03248464,
        0.03520577,  0.0379269 ,  0.04139437,  0.04486184,  0.0483293 ,
        0.05274781,  0.05716631,  0.06158482,  0.06721521,  0.07284561,
        0.078476  ,  0.08565066,  0.09282533,  0.05349837,  0.05666675]), 'bw': 0.067215213082783776, 'best_bw': 0.067215213082783776, 'kernel': 'gaussian', 'score_type': 'bathScore'}","{'cv_num': 3, 'search_list': array([ 0.1       ,  0.001     ,  0.00109142,  0.00118285,  0.00127427,
        0.00139078,  0.00150728,  0.00162378,  0.00177223,  0.00192068,
        0.00206914,  0.00225831,  0.00244748,  0.00263665,  0.00287771,
        0.00311876,  0.00335982,  0.00366699,  0.00397416,  0.00428133,
        0.00467275,  0.00506417,  0.00545559,  0.00595437,  0.00645315,
        0.00695193,  0.00758751,  0.00822309,  0.00885867,  0.00966857,
        0.01047848,  0.01128838,  0.01232042,  0.01335246,  0.0143845 ,
        0.0156996 ,  0.0170147 ,  0.01832981,  0.02000561,  0.02168141,
        0.02335721,  0.02549265,  0.02762808,  0.02976351,  0.03248464,
        0.03520577,  0.0379269 ,  0.04139437,  0.04486184,  0.0483293 ,
        0.05274781,  0.05716631,  0.06158482,  0.06721521,  0.07284561,
        0.078476  ,  0.08565066,  0.09282533,  0.02287435,  0.02422906]), 'bw': 0.044861835559585846, 'best_bw': 0.044861835559585846, 'kernel': 'gaussian', 'score_type': 'distanceScore'}","{'cv_num': 3, 'search_list': array([ 0.1       ,  0.001     ,  0.00109142,  0.00118285,  0.00127427,
        0.00139078,  0.00150728,  0.00162378,  0.00177223,  0.00192068,
        0.00206914,  0.00225831,  0.00244748,  0.00263665,  0.00287771,
        0.00311876,  0.00335982,  0.00366699,  0.00397416,  0.00428133,
        0.00467275,  0.00506417,  0.00545559,  0.00595437,  0.00645315,
        0.00695193,  0.00758751,  0.00822309,  0.00885867,  0.00966857,
        0.01047848,  0.01128838,  0.01232042,  0.01335246,  0.0143845 ,
        0.0156996 ,  0.0170147 ,  0.01832981,  0.02000561,  0.02168141,
        0.02335721,  0.02549265,  0.02762808,  0.02976351,  0.03248464,
        0.03520577,  0.0379269 ,  0.04139437,  0.04486184,  0.0483293 ,
        0.05274781,  0.05716631,  0.06158482,  0.06721521,  0.07284561,
        0.078476  ,  0.08565066,  0.09282533,  0.05223567,  0.05532927]), 'bw': 0.021681412163375595, 'best_bw': 0.021681412163375595, 'kernel': 'gaussian', 'score_type': 'locationScore'}","{'cv_num': 3, 'search_list': array([ 0.1       ,  0.001     ,  0.00109142,  0.00118285,  0.00127427,
        0.00139078,  0.00150728,  0.00162378,  0.00177223,  0.00192068,
        0.00206914,  0.00225831,  0.00244748,  0.00263665,  0.00287771,
        0.00311876,  0.00335982,  0.00366699,  0.00397416,  0.00428133,
        0.00467275,  0.00506417,  0.00545559,  0.00595437,  0.00645315,
        0.00695193,  0.00758751,  0.00822309,  0.00885867,  0.00966857,
        0.01047848,  0.01128838,  0.01232042,  0.01335246,  0.0143845 ,
        0.0156996 ,  0.0170147 ,  0.01832981,  0.02000561,  0.02168141,
        0.02335721,  0.02549265,  0.02762808,  0.02976351,  0.03248464,
        0.03520577,  0.0379269 ,  0.04139437,  0.04486184,  0.0483293 ,
        0.05274781,  0.05716631,  0.06158482,  0.06721521,  0.07284561,
        0.078476  ,  0.08565066,  0.09282533,  0.05845606,  0.06191806]), 'bw': 0.10000000000000001, 'best_bw': 0.10000000000000001, 'kernel': 'gaussian', 'score_type': 'chargeScore'}","{'trained_param': 618.416031613334, 'dimension': 8}"
,3,0.28888888888888886,"{'cv_num': 3, 'search_list': array([ 0.1       ,  0.001     ,  0.00109142,  0.00118285,  0.00127427,
        0.00139078,  0.00150728,  0.00162378,  0.00177223,  0.00192068,
        0.00206914,  0.00225831,  0.00244748,  0.00263665,  0.00287771,
        0.00311876,  0.00335982,  0.00366699,  0.00397416,  0.00428133,
        0.00467275,  0.00506417,  0.00545559,  0.00595437,  0.00645315,
        0.00695193,  0.00758751,  0.00822309,  0.00885867,  0.00966857,
        0.01047848,  0.01128838,  0.01232042,  0.01335246,  0.0143845 ,
        0.0156996 ,  0.0170147 ,  0.01832981,  0.02000561,  0.02168141,
        0.02335721,  0.02549265,  0.02762808,  0.02976351,  0.03248464,
        0.03520577,  0.0379269 ,  0.04139437,  0.04486184,  0.0483293 ,
        0.05274781,  0.05716631,  0.06158482,  0.06721521,  0.07284561,
        0.078476  ,  0.08565066,  0.09282533,  0.02229603,  0.02361648]), 'bw': 0.032484643579982951, 'best_bw': 0.032484643579982951, 'kernel': 'gaussian', 'score_type': 'serviceScore'}","{'cv_num': 3, 'search_list': array([ 0.1       ,  0.001     ,  0.00109142,  0.00118285,  0.00127427,
        0.00139078,  0.00150728,  0.00162378,  0.00177223,  0.00192068,
        0.00206914,  0.00225831,  0.00244748,  0.00263665,  0.00287771,
        0.00311876,  0.00335982,  0.00366699,  0.00397416,  0.00428133,
        0.00467275,  0.00506417,  0.00545559,  0.00595437,  0.00645315,
        0.00695193,  0.00758751,  0.00822309,  0.00885867,  0.00966857,
        0.01047848,  0.01128838,  0.01232042,  0.01335246,  0.0143845 ,
        0.0156996 ,  0.0170147 ,  0.01832981,  0.02000561,  0.02168141,
        0.02335721,  0.02549265,  0.02762808,  0.02976351,  0.03248464,
        0.03520577,  0.0379269 ,  0.04139437,  0.04486184,  0.0483293 ,
        0.05274781,  0.05716631,  0.06158482,  0.06721521,  0.07284561,
        0.078476  ,  0.08565066,  0.09282533,  0.03797663,  0.04022575]), 'bw': 0.057166314866307577, 'best_bw': 0.057166314866307577, 'kernel': 'gaussian', 'score_type': 'mealScore'}","{'cv_num': 3, 'search_list': array([ 0.1       ,  0.001     ,  0.00109142,  0.00118285,  0.00127427,
        0.00139078,  0.00150728,  0.00162378,  0.00177223,  0.00192068,
        0.00206914,  0.00225831,  0.00244748,  0.00263665,  0.00287771,
        0.00311876,  0.00335982,  0.00366699,  0.00397416,  0.00428133,
        0.00467275,  0.00506417,  0.00545559,  0.00595437,  0.00645315,
        0.00695193,  0.00758751,  0.00822309,  0.00885867,  0.00966857,
        0.01047848,  0.01128838,  0.01232042,  0.01335246,  0.0143845 ,
        0.0156996 ,  0.0170147 ,  0.01832981,  0.02000561,  0.02168141,
        0.02335721,  0.02549265,  0.02762808,  0.02976351,  0.03248464,
        0.03520577,  0.0379269 ,  0.04139437,  0.04486184,  0.0483293 ,
        0.05274781,  0.05716631,  0.06158482,  0.06721521,  0.07284561,
        0.078476  ,  0.08565066,  0.09282533,  0.03765574,  0.03988586]), 'bw': 0.035205772743652726, 'best_bw': 0.035205772743652726, 'kernel': 'gaussian', 'score_type': 'roomScore'}","{'cv_num': 3, 'search_list': array([ 0.1       ,  0.001     ,  0.00109142,  0.00118285,  0.00127427,
        0.00139078,  0.00150728,  0.00162378,  0.00177223,  0.00192068,
        0.00206914,  0.00225831,  0.00244748,  0.00263665,  0.00287771,
        0.00311876,  0.00335982,  0.00366699,  0.00397416,  0.00428133,
        0.00467275,  0.00506417,  0.00545559,  0.00595437,  0.00645315,
        0.00695193,  0.00758751,  0.00822309,  0.00885867,  0.00966857,
        0.01047848,  0.01128838,  0.01232042,  0.01335246,  0.0143845 ,
        0.0156996 ,  0.0170147 ,  0.01832981,  0.02000561,  0.02168141,
        0.02335721,  0.02549265,  0.02762808,  0.02976351,  0.03248464,
        0.03520577,  0.0379269 ,  0.04139437,  0.04486184,  0.0483293 ,
        0.05274781,  0.05716631,  0.06158482,  0.06721521,  0.07284561,
        0.078476  ,  0.08565066,  0.09282533,  0.02822397,  0.0298955 ]), 'bw': 0.041394368733454173, 'best_bw': 0.041394368733454173, 'kernel': 'gaussian', 'score_type': 'equipmentScore'}","{'cv_num': 3, 'search_list': array([ 0.1       ,  0.001     ,  0.00109142,  0.00118285,  0.00127427,
        0.00139078,  0.00150728,  0.00162378,  0.00177223,  0.00192068,
        0.00206914,  0.00225831,  0.00244748,  0.00263665,  0.00287771,
        0.00311876,  0.00335982,  0.00366699,  0.00397416,  0.00428133,
        0.00467275,  0.00506417,  0.00545559,  0.00595437,  0.00645315,
        0.00695193,  0.00758751,  0.00822309,  0.00885867,  0.00966857,
        0.01047848,  0.01128838,  0.01232042,  0.01335246,  0.0143845 ,
        0.0156996 ,  0.0170147 ,  0.01832981,  0.02000561,  0.02168141,
        0.02335721,  0.02549265,  0.02762808,  0.02976351,  0.03248464,
        0.03520577,  0.0379269 ,  0.04139437,  0.04486184,  0.0483293 ,
        0.05274781,  0.05716631,  0.06158482,  0.06721521,  0.07284561,
        0.078476  ,  0.08565066,  0.09282533,  0.03515317,  0.03723507]), 'bw': 0.085650664690097411, 'best_bw': 0.085650664690097411, 'kernel': 'gaussian', 'score_type': 'bathScore'}","{'cv_num': 3, 'search_list': array([ 0.1       ,  0.001     ,  0.00109142,  0.00118285,  0.00127427,
        0.00139078,  0.00150728,  0.00162378,  0.00177223,  0.00192068,
        0.00206914,  0.00225831,  0.00244748,  0.00263665,  0.00287771,
        0.00311876,  0.00335982,  0.00366699,  0.00397416,  0.00428133,
        0.00467275,  0.00506417,  0.00545559,  0.00595437,  0.00645315,
        0.00695193,  0.00758751,  0.00822309,  0.00885867,  0.00966857,
        0.01047848,  0.01128838,  0.01232042,  0.01335246,  0.0143845 ,
        0.0156996 ,  0.0170147 ,  0.01832981,  0.02000561,  0.02168141,
        0.02335721,  0.02549265,  0.02762808,  0.02976351,  0.03248464,
        0.03520577,  0.0379269 ,  0.04139437,  0.04486184,  0.0483293 ,
        0.05274781,  0.05716631,  0.06158482,  0.06721521,  0.07284561,
        0.078476  ,  0.08565066,  0.09282533,  0.0441776 ,  0.04679397]), 'bw': 0.057166314866307577, 'best_bw': 0.057166314866307577, 'kernel': 'gaussian', 'score_type': 'distanceScore'}","{'cv_num': 3, 'search_list': array([ 0.1       ,  0.001     ,  0.00109142,  0.00118285,  0.00127427,
        0.00139078,  0.00150728,  0.00162378,  0.00177223,  0.00192068,
        0.00206914,  0.00225831,  0.00244748,  0.00263665,  0.00287771,
        0.00311876,  0.00335982,  0.00366699,  0.00397416,  0.00428133,
        0.00467275,  0.00506417,  0.00545559,  0.00595437,  0.00645315,
        0.00695193,  0.00758751,  0.00822309,  0.00885867,  0.00966857,
        0.01047848,  0.01128838,  0.01232042,  0.01335246,  0.0143845 ,
        0.0156996 ,  0.0170147 ,  0.01832981,  0.02000561,  0.02168141,
        0.02335721,  0.02549265,  0.02762808,  0.02976351,  0.03248464,
        0.03520577,  0.0379269 ,  0.04139437,  0.04486184,  0.0483293 ,
        0.05274781,  0.05716631,  0.06158482,  0.06721521,  0.07284561,
        0.078476  ,  0.08565066,  0.09282533,  0.03924457,  0.04156879]), 'bw': 0.052747808626012548, 'best_bw': 0.052747808626012548, 'kernel': 'gaussian', 'score_type': 'locationScore'}","{'cv_num': 3, 'search_list': array([ 0.1       ,  0.001     ,  0.00109142,  0.00118285,  0.00127427,
        0.00139078,  0.00150728,  0.00162378,  0.00177223,  0.00192068,
        0.00206914,  0.00225831,  0.00244748,  0.00263665,  0.00287771,
        0.00311876,  0.00335982,  0.00366699,  0.00397416,  0.00428133,
        0.00467275,  0.00506417,  0.00545559,  0.00595437,  0.00645315,
        0.00695193,  0.00758751,  0.00822309,  0.00885867,  0.00966857,
        0.01047848,  0.01128838,  0.01232042,  0.01335246,  0.0143845 ,
        0.0156996 ,  0.0170147 ,  0.01832981,  0.02000561,  0.02168141,
        0.02335721,  0.02549265,  0.02762808,  0.02976351,  0.03248464,
        0.03520577,  0.0379269 ,  0.04139437,  0.04486184,  0.0483293 ,
        0.05274781,  0.05716631,  0.06158482,  0.06721521,  0.07284561,
        0.078476  ,  0.08565066,  0.09282533,  0.03528232,  0.03737188]), 'bw': 0.048329302385717518, 'best_bw': 0.048329302385717518, 'kernel': 'gaussian', 'score_type': 'chargeScore'}","{'trained_param': 647.083376573011, 'dimension': 8}"
,4,0.06666666666666667,"{'cv_num': 3, 'search_list': array([ 0.1       ,  0.001     ,  0.00109142,  0.00118285,  0.00127427,
        0.00139078,  0.00150728,  0.00162378,  0.00177223,  0.00192068,
        0.00206914,  0.00225831,  0.00244748,  0.00263665,  0.00287771,
        0.00311876,  0.00335982,  0.00366699,  0.00397416,  0.00428133,
        0.00467275,  0.00506417,  0.00545559,  0.00595437,  0.00645315,
        0.00695193,  0.00758751,  0.00822309,  0.00885867,  0.00966857,
        0.01047848,  0.01128838,  0.01232042,  0.01335246,  0.0143845 ,
        0.0156996 ,  0.0170147 ,  0.01832981,  0.02000561,  0.02168141,
        0.02335721,  0.02549265,  0.02762808,  0.02976351,  0.03248464,
        0.03520577,  0.0379269 ,  0.04139437,  0.04486184,  0.0483293 ,
        0.05274781,  0.05716631,  0.06158482,  0.06721521,  0.07284561,
        0.078476  ,  0.08565066,  0.09282533,  0.08058295,  0.08535538]), 'bw': 0.10000000000000001, 'best_bw': 0.10000000000000001, 'kernel': 'gaussian', 'score_type': 'serviceScore'}","{'cv_num': 3, 'search_list': array([ 0.1       ,  0.001     ,  0.00109142,  0.00118285,  0.00127427,
        0.00139078,  0.00150728,  0.00162378,  0.00177223,  0.00192068,
        0.00206914,  0.00225831,  0.00244748,  0.00263665,  0.00287771,
        0.00311876,  0.00335982,  0.00366699,  0.00397416,  0.00428133,
        0.00467275,  0.00506417,  0.00545559,  0.00595437,  0.00645315,
        0.00695193,  0.00758751,  0.00822309,  0.00885867,  0.00966857,
        0.01047848,  0.01128838,  0.01232042,  0.01335246,  0.0143845 ,
        0.0156996 ,  0.0170147 ,  0.01832981,  0.02000561,  0.02168141,
        0.02335721,  0.02549265,  0.02762808,  0.02976351,  0.03248464,
        0.03520577,  0.0379269 ,  0.04139437,  0.04486184,  0.0483293 ,
        0.05274781,  0.05716631,  0.06158482,  0.06721521,  0.07284561,
        0.078476  ,  0.08565066,  0.09282533,  0.05852081,  0.06198664]), 'bw': 0.092825332345048708, 'best_bw': 0.092825332345048708, 'kernel': 'gaussian', 'score_type': 'mealScore'}","{'cv_num': 3, 'search_list': array([ 0.1       ,  0.001     ,  0.00109142,  0.00118285,  0.00127427,
        0.00139078,  0.00150728,  0.00162378,  0.00177223,  0.00192068,
        0.00206914,  0.00225831,  0.00244748,  0.00263665,  0.00287771,
        0.00311876,  0.00335982,  0.00366699,  0.00397416,  0.00428133,
        0.00467275,  0.00506417,  0.00545559,  0.00595437,  0.00645315,
        0.00695193,  0.00758751,  0.00822309,  0.00885867,  0.00966857,
        0.01047848,  0.01128838,  0.01232042,  0.01335246,  0.0143845 ,
        0.0156996 ,  0.0170147 ,  0.01832981,  0.02000561,  0.02168141,
        0.02335721,  0.02549265,  0.02762808,  0.02976351,  0.03248464,
        0.03520577,  0.0379269 ,  0.04139437,  0.04486184,  0.0483293 ,
        0.05274781,  0.05716631,  0.06158482,  0.06721521,  0.07284561,
        0.078476  ,  0.08565066,  0.09282533,  0.07228389,  0.07656482]), 'bw': 0.10000000000000001, 'best_bw': 0.10000000000000001, 'kernel': 'gaussian', 'score_type': 'roomScore'}","{'cv_num': 3, 'search_list': array([ 0.1       ,  0.001     ,  0.00109142,  0.00118285,  0.00127427,
        0.00139078,  0.00150728,  0.00162378,  0.00177223,  0.00192068,
        0.00206914,  0.00225831,  0.00244748,  0.00263665,  0.00287771,
        0.00311876,  0.00335982,  0.00366699,  0.00397416,  0.00428133,
        0.00467275,  0.00506417,  0.00545559,  0.00595437,  0.00645315,
        0.00695193,  0.00758751,  0.00822309,  0.00885867,  0.00966857,
        0.01047848,  0.01128838,  0.01232042,  0.01335246,  0.0143845 ,
        0.0156996 ,  0.0170147 ,  0.01832981,  0.02000561,  0.02168141,
        0.02335721,  0.02549265,  0.02762808,  0.02976351,  0.03248464,
        0.03520577,  0.0379269 ,  0.04139437,  0.04486184,  0.0483293 ,
        0.05274781,  0.05716631,  0.06158482,  0.06721521,  0.07284561,
        0.078476  ,  0.08565066,  0.09282533,  0.09049405,  0.09585346]), 'bw': 0.10000000000000001, 'best_bw': 0.10000000000000001, 'kernel': 'gaussian', 'score_type': 'equipmentScore'}","{'cv_num': 3, 'search_list': array([ 0.1       ,  0.001     ,  0.00109142,  0.00118285,  0.00127427,
        0.00139078,  0.00150728,  0.00162378,  0.00177223,  0.00192068,
        0.00206914,  0.00225831,  0.00244748,  0.00263665,  0.00287771,
        0.00311876,  0.00335982,  0.00366699,  0.00397416,  0.00428133,
        0.00467275,  0.00506417,  0.00545559,  0.00595437,  0.00645315,
        0.00695193,  0.00758751,  0.00822309,  0.00885867,  0.00966857,
        0.01047848,  0.01128838,  0.01232042,  0.01335246,  0.0143845 ,
        0.0156996 ,  0.0170147 ,  0.01832981,  0.02000561,  0.02168141,
        0.02335721,  0.02549265,  0.02762808,  0.02976351,  0.03248464,
        0.03520577,  0.0379269 ,  0.04139437,  0.04486184,  0.0483293 ,
        0.05274781,  0.05716631,  0.06158482,  0.06721521,  0.07284561,
        0.078476  ,  0.08565066,  0.09282533,  0.07737023,  0.08195239]), 'bw': 0.10000000000000001, 'best_bw': 0.10000000000000001, 'kernel': 'gaussian', 'score_type': 'bathScore'}","{'cv_num': 3, 'search_list': array([ 0.1       ,  0.001     ,  0.00109142,  0.00118285,  0.00127427,
        0.00139078,  0.00150728,  0.00162378,  0.00177223,  0.00192068,
        0.00206914,  0.00225831,  0.00244748,  0.00263665,  0.00287771,
        0.00311876,  0.00335982,  0.00366699,  0.00397416,  0.00428133,
        0.00467275,  0.00506417,  0.00545559,  0.00595437,  0.00645315,
        0.00695193,  0.00758751,  0.00822309,  0.00885867,  0.00966857,
        0.01047848,  0.01128838,  0.01232042,  0.01335246,  0.0143845 ,
        0.0156996 ,  0.0170147 ,  0.01832981,  0.02000561,  0.02168141,
        0.02335721,  0.02549265,  0.02762808,  0.02976351,  0.03248464,
        0.03520577,  0.0379269 ,  0.04139437,  0.04486184,  0.0483293 ,
        0.05274781,  0.05716631,  0.06158482,  0.06721521,  0.07284561,
        0.078476  ,  0.08565066,  0.09282533,  0.04998191,  0.05294203]), 'bw': 0.078475997035146114, 'best_bw': 0.078475997035146114, 'kernel': 'gaussian', 'score_type': 'distanceScore'}","{'cv_num': 3, 'search_list': array([ 0.1       ,  0.001     ,  0.00109142,  0.00118285,  0.00127427,
        0.00139078,  0.00150728,  0.00162378,  0.00177223,  0.00192068,
        0.00206914,  0.00225831,  0.00244748,  0.00263665,  0.00287771,
        0.00311876,  0.00335982,  0.00366699,  0.00397416,  0.00428133,
        0.00467275,  0.00506417,  0.00545559,  0.00595437,  0.00645315,
        0.00695193,  0.00758751,  0.00822309,  0.00885867,  0.00966857,
        0.01047848,  0.01128838,  0.01232042,  0.01335246,  0.0143845 ,
        0.0156996 ,  0.0170147 ,  0.01832981,  0.02000561,  0.02168141,
        0.02335721,  0.02549265,  0.02762808,  0.02976351,  0.03248464,
        0.03520577,  0.0379269 ,  0.04139437,  0.04486184,  0.0483293 ,
        0.05274781,  0.05716631,  0.06158482,  0.06721521,  0.07284561,
        0.078476  ,  0.08565066,  0.09282533,  0.07670804,  0.08125098]), 'bw': 0.10000000000000001, 'best_bw': 0.10000000000000001, 'kernel': 'gaussian', 'score_type': 'locationScore'}","{'cv_num': 3, 'search_list': array([ 0.1       ,  0.001     ,  0.00109142,  0.00118285,  0.00127427,
        0.00139078,  0.00150728,  0.00162378,  0.00177223,  0.00192068,
        0.00206914,  0.00225831,  0.00244748,  0.00263665,  0.00287771,
        0.00311876,  0.00335982,  0.00366699,  0.00397416,  0.00428133,
        0.00467275,  0.00506417,  0.00545559,  0.00595437,  0.00645315,
        0.00695193,  0.00758751,  0.00822309,  0.00885867,  0.00966857,
        0.01047848,  0.01128838,  0.01232042,  0.01335246,  0.0143845 ,
        0.0156996 ,  0.0170147 ,  0.01832981,  0.02000561,  0.02168141,
        0.02335721,  0.02549265,  0.02762808,  0.02976351,  0.03248464,
        0.03520577,  0.0379269 ,  0.04139437,  0.04486184,  0.0483293 ,
        0.05274781,  0.05716631,  0.06158482,  0.06721521,  0.07284561,
        0.078476  ,  0.08565066,  0.09282533,  0.1541892 ,  0.16332088]), 'bw': 0.16332087738339507, 'best_bw': 0.16332087738339507, 'kernel': 'gaussian', 'score_type': 'chargeScore'}","{'trained_param': 999.999897198369, 'dimension': 8}"
