left,boolean,ranking,id,score,equipmentScore,roomScore,chargeScore,serviceScore,bathScore,mealScore,locationScore,kinnennScore,distanceScore
left,0,0,18476,0.353446802485,0.7075,0.73,0.859804109852,0.785,0.6875,0.75,0.8925,1,0.873086419753
left,0,1,135551,0.284485888056,0.7575,0.825,0.823314768581,0.7725,0.6425,0.7825,0.775,1,0.762962962963
left,0,2,145444,0.237845745577,0.755,0.8525,0.801728442481,0.6925,0.7975,0.725,0.795,1,0.861728395062
left,3,3,68565,0.183546064414,0.695,0.7575,0.802189360476,0.7175,0.665,0.5775,0.8575,1,0.895802469136
left,0,4,79388,0.154746502325,0.7325,0.75,0.909775302477,0.77,0.715,0.7925,0.725,0,0.806913580247
left,0,5,1993,0.135183875538,0.7525,0.7375,0.885730747071,0.835,0.63,0.6625,0.905,0,0.905679012346
left,3,6,27972,0.134513925973,0.7025,0.7775,0.850240061456,0.7525,0.6675,0.6675,0.8275,0,0.77975308642
left,3,7,716,0.121171470561,0.715,0.8325,0.794507393893,0.7225,0.645,0.8025,0.735,0,0.819259259259
left,0,8,84558,0.102325072137,0.7925,0.8375,0.844478586518,0.7775,0.75,0.6275,0.7775,0,0.825679012346
left,0,9,69217,0.0959141462957,0.7,0.74,0.77722296908,0.7675,0.6425,0.7675,0.72,0,0.912592592593
left,0,10,136139,0.0820625487371,0.8025,0.8375,0.74956788938,0.785,0.76,0.8225,0.845,1,0.942222222222
left,0,11,107870,0.0782907157698,0.8125,0.8225,0.765815248704,0.815,0.735,0.72,0.91,0,0.907160493827
left,3,12,134922,0.0102404722634,0.6925,0.725,0.857922028039,0.6775,0.635,0.4375,0.79,0,0.679012345679
left,3,13,28024,0.000600338672201,0.9,0.85,0.658382946034,1.0,1.0,0.9175,1.0,1,0.856296296296
left,3,14,19745,2.80582896116e-06,0.8575,0.8575,0.671403879393,0.8925,0.625,-0.25,0.8575,1,0.616790123457
left,3,15,2876,2.19373189694e-06,0.795,0.8175,0.602458229307,0.84,0.89,0.6075,0.955,0,0.886913580247
left,3,16,930,5.44226033449e-09,0.75,0.7925,0.560245822931,0.78,0.685,0.7125,0.885,1,0.75012345679
left,0,17,146557,3.5336431573e-20,0.72,0.73,0.897484155944,0.6825,0.57,-0.25,0.74,0,0.90024691358
left,3,18,1799,6.32611478869e-21,0.84,0.885,0.434415210294,0.81,0.85,0.825,0.8,0,0.761481481481
left,3,19,1357,1.25625231985e-43,0.78,0.8075,0.283887075091,0.8025,0.72,0.76,0.835,0,0.608395061728
left,2,20,130166,0.210526315789,0.7875,0.9325,0.918225465719,0.9325,0.875,0.875,0.86,0,0.868148148148
left,1,21,39495,0.172661412415,0.7225,0.69,0.852160553102,0.765,0.5525,0.66,0.75,1,0.873580246914
left,1,22,9518,0.165691160268,0.625,0.725,0.870674092568,0.7,0.675,0.75,0.85,1,0.919012345679
left,2,23,568,0.149677178811,0.685,0.6625,0.786863837142,0.7975,0.865,0.5675,0.945,1,0.943209876543
left,1,24,28466,0.136176249982,0.68,0.68,0.773036297292,0.665,0.5875,0.61,0.9575,1,0.945679012346
left,1,25,40799,0.112882181424,0.68,0.6225,0.853696946418,0.735,0.5725,0.75,0.955,1,0.963950617284
left,1,26,16373,0.111126079054,0.6925,0.65,0.880929517957,0.6925,0.5975,0.6675,0.7,1,0.664197530864
left,1,27,5309,0.0989629844195,0.69,0.695,0.844478586518,0.6975,0.585,0.695,0.7675,0,0.904197530864
left,1,28,80766,0.0983174019074,0.645,0.7225,0.890570386019,0.6975,0.645,0.6,0.6375,1,0.81975308642
left,2,29,38608,0.0912720686387,0.74,0.67,0.928980218936,0.7275,0.765,0.75,0.7875,0,0.802469135802
left,2,30,767,0.0692761667069,0.6625,0.7,0.759938544267,0.695,0.5975,0.7325,0.8725,0,0.900740740741
left,2,31,141053,0.0650266286768,0.65,0.645,1.0,0.7025,0.5,0.625,0.7025,1,0.611358024691
left,1,32,8207,0.0612619335596,0.7375,0.6575,0.885961206069,0.6975,0.54,0.6625,0.7775,0,0.704691358025
left,1,33,2877,0.0556515341342,0.75,0.6725,0.748454004225,0.635,0.635,0.6875,0.8075,1,0.845432098765
left,1,34,922,0.0346351038868,0.595,0.575,0.917418859228,0.605,0.455,0.4525,0.6825,1,0.583703703704
left,1,35,50921,0.033344110386,0.5925,0.68,0.829076243518,0.64,0.5975,0.8325,0.7025,0,0.93975308642
left,1,36,32060,0.0320851241707,0.65,0.55,0.821432686768,0.65,0.5625,0.75,1.0,1,0.947654320988
left,1,37,1764,0.0307304051999,0.67,0.7425,0.73074707125,0.7075,0.645,0.7725,0.8575,0,0.880987654321
left,1,38,2335,0.0304946042485,0.5825,0.64,0.905934319186,0.675,0.485,0.75,0.69,0,0.884444444444
left,1,39,104598,0.0268567675945,0.5825,0.645,0.826963702708,0.685,0.515,0.5,0.67,0,0.854320987654
left,1,40,1511,0.0189160707143,0.52,0.54,0.863645093144,0.6125,0.5925,0.6075,0.87,1,0.724444444444
left,2,41,67299,0.0161786850362,0.6775,0.6825,0.932821202228,0.6775,0.6625,0.5,0.545,1,0.709135802469
left,1,42,995,0.0144915292101,0.51,0.5325,0.867486076436,0.5775,0.52,0.7875,0.65,1,0.766419753086
left,1,43,1770,0.0110588512824,0.5775,0.64,0.785327443826,0.6025,0.5525,0.635,0.835,0,0.722962962963
left,1,44,29338,0.00877192982456,0.6525,0.69,0.951987708853,0.7,0.62,-0.25,0.615,1,0.602962962963
left,2,45,18312,0.00796720774826,0.4825,0.5275,0.938966775495,0.6525,0.4825,1.0,0.9025,1,0.789135802469
left,1,46,108417,0.00256379585148,0.5825,0.6325,0.860149798348,0.5325,0.605,0.52,0.8,1,0.973333333333
left,2,47,108652,0.00217665003819,0.5075,0.6425,0.945265988093,0.565,0.44,0.5625,0.525,0,0.556049382716
left,1,48,1996,0.00180232011911,0.525,0.495,0.856001536393,0.67,0.6,0.62,0.7325,0,0.786666666667
left,1,49,72086,0.00144832112364,0.565,0.545,0.87136546956,0.585,0.4175,0.4075,0.8475,0,0.515061728395
left,1,50,108143,0.0011511982065,0.485,0.695,0.876742846169,0.625,0.73,0.5625,0.7225,0,0.882469135802
left,1,51,145335,2.00977489474e-05,0.5425,0.55,0.693796811984,0.5,0.5875,0.5225,0.8,0,0.797530864198
left,1,52,20639,1.08598995845e-05,0.4425,0.415,0.864298060303,0.5275,0.3375,0.5825,0.81,1,0.972345679012
left,1,53,18311,4.76328250354e-06,0.3825,0.42,0.814518916843,0.58,0.4175,0.75,0.83,1,0.838024691358
left,1,54,28570,2.61794290342e-07,0.5,0.475,0.957787593624,0.4625,0.4325,0.7225,0.6375,0,0.721481481481
left,1,55,9191,1.02806050317e-09,0.605,0.63,0.890531976186,0.685,0.5925,0.5825,0.6825,0,0.280987654321
left,1,56,5041,6.34243650632e-11,0.455,0.4775,0.706164778183,0.41,0.3625,0.75,0.6375,0,0.824691358025
left,1,57,129672,3.33668068676e-11,0.485,0.38,0.839408488573,0.405,0.435,-0.25,0.725,1,0.901234567901
left,1,58,18763,3.67181088086e-15,0.2925,0.2925,0.928596120607,0.5825,0.5,-0.25,0.9575,1,0.955555555556
left,1,59,10672,3.53364314968e-20,0.535,0.6425,0.813750720184,0.6075,0.5,-0.25,0.9275,0,0.723950617284
left,2,60,44059,3.53318095123e-20,0.5125,0.605,0.902093335894,0.6575,0.5325,-0.25,0.8225,0,0.956543209877
