user,id,chargeScore,chargeScore_pdf,chargeScore_cdf,locationScore,locationScore_pdf,locationScore_cdf,roomScore,roomScore_pdf,roomScore_cdf,equipmentScore,equipmentScore_pdf,equipmentScore_cdf,bathScore,bathScore_pdf,bathScore_cdf,distanceScore,distanceScore_pdf,distanceScore_cdf,serviceScore,serviceScore_pdf,serviceScore_cdf
7,101,0.9297100057614741,10.9062670913,0.7010155495239785,0.9400000000000001,0.892284528322,0.9585529471805572,0.6000000000000001,2.88714352073,0.2643158787677225,0.655,4.06924886444,0.6243372194512916,0.625,3.26958992825,0.6623423412131705,0.9797530864197531,1.10590056877,0.9435638193441699,0.73,3.12613507406,0.7859546034708877
7,192,0.8213942769348951,0.1195268357,0.0011128746516208114,0.745,2.97491142024,0.5257780105248859,0.6775,4.85355654342,0.5941584091045226,0.63,4.24708672073,0.5195277555280488,0.5325,3.40877407292,0.3325350372583917,0.755061728395061,2.89032217463,0.305264196710604,0.66,5.80141509607,0.4493555672499621
7,223,0.8713654695602071,5.04868780779,0.08078058991546633,0.605,1.89825325323,0.12036610071830277,0.605,3.10858745322,0.2793043158606578,0.6375000000000001,4.23747739824,0.55136941344839,0.5575,3.64280031762,0.4210715651315035,0.8103703703703701,3.48847805689,0.48344517818535504,0.6775,5.67093289339,0.5507108774759665
7,388,0.713885154599577,1.11644067909e-07,7.113456121623338e-10,0.915,1.40829335062,0.929994215209684,0.7675000000000001,1.74379028388,0.9017609331686396,0.7575000000000001,1.48998850283,0.9121131940053189,0.675,2.35936653851,0.8039899025506647,0.851358024691358,3.51938564551,0.6287862559107396,0.7675000000000001,1.84115519041,0.8762733385935261
7,398,0.8828884194353751,8.0523050251,0.15588828434310006,0.61,1.99813938359,0.13010727701722277,0.6325000000000001,4.25219069926,0.3810877848226687,0.635,4.24503746706,0.5407653698633899,0.545,3.54931448649,0.3760691513909374,0.720493827160493,2.39262047407,0.2138099148504984,0.66,5.80141509607,0.4493555672499621
7,462,0.965469560207413,3.11450116904,0.9425691355197264,0.79,2.49306018087,0.6465184403192237,0.68,4.82038356858,0.6062522677701675,0.7975000000000001,0.818544116405,0.9572244770673548,0.64,3.02370462265,0.7095895751719299,0.810864197530864,3.49163470112,0.48516866511175005,0.8300000000000001,0.831811183965,0.9563765349338047
7,509,0.6792778951411561,3.77400238543e-10,2.095735033258225e-12,0.919999999999999,1.29836235969,0.9367600757516992,0.6950000000000001,4.48762856203,0.6763329757044285,0.6375000000000001,4.23747739824,0.55136941344839,0.5125000000000001,3.10223646982,0.26727658928798353,0.9125925925925921,2.58900163206,0.8211187749276732,0.6950000000000001,4.98031671298,0.6445306396458016
7,568,0.786863837142308,0.00237463757973,1.872744518586445e-05,0.9450000000000001,0.80312219796,0.962789046874714,0.6625,4.90215275997,0.5206625163565123,0.685,3.41441640184,0.737489282938916,0.865,0.179526547691,0.9922792091054221,0.9432098765432091,1.87856163012,0.8895790593248472,0.7975000000000001,1.27557443921,0.9224448467207588
7,570,0.765700019204916,0.000158859506582,1.1941118262235896e-06,0.8775000000000001,2.1818393959,0.8620241172978924,0.8625,0.343727573776,0.982507242006265,0.754999999999999,1.54297992094,0.9083222684648234,0.735,1.29896921408,0.9122916876898679,0.946172839506172,1.81016413936,0.895043693868273,0.7825000000000001,1.52952986701,0.9014607845146709
7,610,0.880929517956596,7.52041578397,0.14063574716747693,0.9175000000000001,1.35309417132,0.9334458673515096,0.7825000000000001,1.33610740078,0.9247358888900028,0.6875,3.34650256254,0.7459406945801459,0.615,3.40902892975,0.6289304137637539,0.899753086419753,2.8628610204,0.7860904419298496,0.725,3.36899827823,0.7697234187639072
7,630,0.9405031688112151,8.34096330407,0.8052331470325154,0.6875,3.26535295868,0.3392178432610582,0.74,2.736874187,0.8408066703599799,0.6375000000000001,4.23747739824,0.55136941344839,0.5575,3.64280031762,0.4210715651315035,0.7629629629629631,2.99575447317,0.32852048500933195,0.68,5.60070867789,0.5648028048996412
7,658,0.656270405223737,5.41693886898e-12,2.76410897498626e-14,0.665,2.9923418975,0.26854518055470317,0.59,2.45726976864,0.23761384781040656,0.54,2.10844551547,0.21281041725598054,0.47750000000000004,2.41299303154,0.17038448885499222,0.65679012345679,1.40690459286,0.09274512567661919,0.5775,1.48622751667,0.13936217479359234
7,659,0.531745726906087,8.31048717597e-25,2.9549739294725614e-27,0.65,2.74987607254,0.2254380994787948,0.645,4.63162001891,0.4367493563962506,0.5925,3.72627133679,0.3672287342400251,0.47750000000000004,2.41299303154,0.17038448885499222,0.622222222222222,0.921899961222,0.052734624917835635,0.6125,3.36454107121,0.22078832267931975
7,716,0.7945073938928361,0.00604025600196,4.8810647255399304e-05,0.735,3.12089515031,0.49528532043963763,0.8325,0.562934500663,0.9691710805153173,0.715,2.56022398988,0.8272241860723397,0.645,2.93427729868,0.724485798198137,0.819259259259259,3.53632839157,0.5146809210478192,0.7225,3.49612037218,0.7611427547798241
7,767,0.7599385442673321,7.43861608598e-05,5.522166632677395e-07,0.8725,2.2604695683,0.8509146387804037,0.7000000000000001,4.33281725321,0.6983919148843054,0.6625,3.94167582588,0.6543967329216951,0.5975,3.59139344591,0.567551697307645,0.9007407407407401,2.84281192994,0.7889080741179509,0.6950000000000001,4.98031671298,0.6445306396458016
7,839,0.782024198194737,0.00129680129196,1.0097711832933335e-05,0.925,1.19085282976,0.942981881937151,0.845,0.45856354537,0.9755323235711337,0.7875000000000001,0.957328380237,0.9483597213943084,0.7275,1.41372100858,0.902122870841405,1.0,0.773206371599,0.9624537673764196,0.8150000000000001,1.02239767391,0.9424979575987625
7,858,0.7714614941425001,0.000336318601902,2.5582793626118204e-06,0.6475000000000001,2.70665154725,0.21861730038359548,0.65,4.74294361881,0.46019640098519277,0.635,4.24503746706,0.5407653698633899,0.5525,3.61137982565,0.40293272218969717,0.631604938271604,1.04484737423,0.06195537029044059,0.61,3.19626037519,0.21258787494677245
7,864,0.8713654695602071,5.04868780779,0.08078058991546633,0.919999999999999,1.29836235969,0.9367600757516992,0.71,3.97456943591,0.7399758861790404,0.6375000000000001,4.23747739824,0.55136941344839,0.5625,3.66597193661,0.4393469737175287,0.899753086419753,2.8628610204,0.7860904419298496,0.6900000000000001,5.21871784892,0.619022665218483
7,922,0.9174188592279621,12.8106941378,0.5536035071636087,0.6825,3.21819237677,0.32300505433735727,0.5750000000000001,1.8773835454,0.2052240799526517,0.595,3.78704088142,0.37662100048830555,0.454999999999999,1.93683306902,0.12145661389983356,0.5837037037037031,0.507923474393,0.02569285766962404,0.605,2.86969622477,0.19742939863885325
7,930,0.56024582293067,1.88660641548e-21,7.203238966033431e-24,0.885,2.04844721536,0.8778984191809006,0.7925000000000001,1.11750887125,0.9369705200960812,0.75,1.65306054744,0.9003344391016923,0.685,2.16531054363,0.8266108447021184,0.750123456790123,2.82252264467,0.2911578529273869,0.78,1.57661223516,0.8975784479053228
7,995,0.8674860764355671,4.16620866547,0.06293529523663619,0.65,2.74987607254,0.2254380994787948,0.5325,0.850047995176,0.15055855875539692,0.51,1.31810273928,0.16210669536265043,0.52,3.22746111612,0.2910198714384223,0.7664197530864191,3.04053035749,0.3389538270072612,0.5775,1.48622751667,0.13936217479359234
7,996,0.8703668139043591,4.81310905947,0.07585678046868355,0.725,3.24066389588,0.46344797516710096,0.6375000000000001,4.41966161209,0.40277533407672955,0.6000000000000001,3.89910451205,0.3958418287391372,0.5325,3.40877407292,0.3325350372583917,0.8390123456790121,3.56462226558,0.5850050452886449,0.65,5.5695346177,0.3923176698612491
7,1119,0.8574227002112541,2.33465476856,0.0308024902116589,0.7325,3.15403140022,0.48744128524911473,0.58,2.05975871122,0.215061944932245,0.545,2.2637738088,0.22373897448944088,0.5075000000000001,3.01299634878,0.25198673794451254,0.8874074074074071,3.09520765297,0.7492754248742292,0.6000000000000001,2.56122538797,0.1838606808040386
7,1128,0.858882273862108,2.55745877188,0.034370935339836,0.7725000000000001,2.60259349062,0.6021103962073814,0.6775,4.85355654342,0.5941584091045226,0.6925,3.20735226835,0.7623269731412472,0.6025,3.54817324925,0.5854037458597816,0.7935802469135801,3.35135564221,0.4259481238978555,0.7425,2.59445563492,0.8215919389690945
7,1186,0.7987708853466481,0.0100296180452,8.238153023487259e-05,0.67,3.06473852804,0.283690043909521,0.6625,4.90215275997,0.5206625163565123,0.6175,4.17528665387,0.4667737954811259,0.65,2.84209864172,0.7389277632332637,0.712592592592592,2.27274693443,0.19537765121955575,0.7225,3.49612037218,0.7611427547798241
7,1356,0.704513155367774,2.589329698e-08,1.5885679457301094e-10,0.925,1.19085282976,0.942981881937151,0.8125,0.787473009944,0.9558070639231196,0.774999999999999,1.1568480526,0.9351777182401905,0.73,1.37480066755,0.9056083842893363,0.8316049382716041,3.56775418552,0.5585781125266774,0.7575000000000001,2.09921422675,0.8566123219599014
7,1357,0.283887075091223,1.3746763041e-64,3.023205807092006e-67,0.835,2.53574238594,0.7592475025462908,0.8075000000000001,0.85834857016,0.95169538849079,0.78,1.0733872427,0.9407512229702161,0.72,1.53442496249,0.8910709825818051,0.6083950617283951,0.755627745765,0.041158466170884166,0.8025,1.19935263303,0.9286307125636917
7,1386,0.694680238140964,5.25097081729e-09,3.09676565876245e-11,0.8600000000000001,2.41500967948,0.8216274348552961,0.7425,2.63582826126,0.8475222263533405,0.7025,2.92075433382,0.7929736719498797,0.6525000000000001,2.79515831047,0.7459744402511882,0.866666666666666,3.39104971703,0.6817832294926329,0.6975,4.85279120583,0.6568230032471806
7,1404,0.41317457269060803,1.8195543592e-41,5.03015342059511e-44,0.75,2.89843151549,0.5404614079704279,0.7875000000000001,1.22178978111,0.9311263315750749,0.6725,3.72981807121,0.6927900395111368,0.77,0.843658710478,0.9494049898623711,0.575802469135802,0.442408033037,0.021942807614947487,0.6725,5.77535375865,0.5220743778101111
7,1500,0.9097753024774341,13.0228042064,0.4543313636732774,0.9375,0.938987236187,0.9562641420874558,0.5825,2.15529739005,0.22033018678101737,0.5675,2.99335832661,0.282849068396213,0.387499999999999,0.745848196421,0.0339489864291979,0.8859259259259251,3.12055152794,0.7446710858958169,0.73,3.12613507406,0.7859546034708877
7,1501,0.8521605531015941,1.64775709115,0.02040251660379601,0.9450000000000001,0.80312219796,0.962789046874714,0.6025,2.99759823371,0.27167165793640646,0.505,1.21532319824,0.15577679962262006,0.4,0.922190069126,0.04434989508906101,0.775308641975308,3.15114916042,0.3664775749269445,0.6425000000000001,5.26026405495,0.3516397727315286
7,1511,0.8636450931438441,3.38594059505,0.0484627367026297,0.8700000000000001,2.29634467185,0.8452181260522771,0.54,0.965683069354,0.1573521113945334,0.52,1.54987718731,0.17641778690975535,0.5925,3.626923392,0.5495026318084589,0.724444444444444,2.45184802386,0.22337940057571162,0.6125,3.36454107121,0.22078832267931975
7,1556,0.788745918955252,0.00299630059371,2.3759743955039663e-05,0.7825000000000001,2.52496211073,0.6277145427316131,0.705,4.16074973451,0.7196323777728943,0.6625,3.94167582588,0.6543967329216951,0.6525000000000001,2.79515831047,0.7459744402511882,0.675555555555555,1.69593042963,0.12184262081856717,0.675,5.72937907147,0.5364579579210053
7,1630,0.888611484540042,9.57952946693,0.20637860339414668,0.64,2.57325184898,0.19881435040264783,0.6825,4.78042934286,0.6182546750094265,0.6325000000000001,4.24825338525,0.5301478466669033,0.6075,3.49763151579,0.6030212242320463,0.6335802469135801,1.07167460886,0.06404571106419932,0.6525000000000001,5.64792665322,0.40634222627803035
7,1667,0.660072978682542,1.12100757593e-11,5.798028998056164e-14,0.8,2.48146400334,0.6713648460924626,0.6175,3.65831566963,0.3216185288991902,0.6625,3.94167582588,0.6543967329216951,0.49,2.67292777837,0.20218089239215137,0.902222222222222,2.81238269579,0.7930971589452551,0.68,5.60070867789,0.5648028048996412
7,1680,0.8974841559439211,11.6153796542,0.30084551941110654,0.8700000000000001,2.29634467185,0.8452181260522771,0.7275,3.25812397133,0.803357290439553,0.6950000000000001,3.13647978055,0.7702569124679683,0.6975,1.92912571107,0.8521914198362921,0.875061728395061,3.28727013783,0.7098316936358156,0.7925000000000001,1.35554904687,0.9158687227184913
7,1725,0.84251968503937,0.804247508848,0.00897001007903292,0.7425,3.0127799152,0.5182932864035938,0.6475000000000001,4.69047271908,0.44840327429257587,0.6000000000000001,3.89910451205,0.3958418287391372,0.625,3.26958992825,0.6623423412131705,0.760987654320987,2.969780313,0.3226285541492664,0.685,5.42812878488,0.5923917950734958
7,1764,0.7307470712502401,1.35319692635e-06,9.206272745204885e-09,0.857499999999999,2.43822470638,0.815560346824922,0.7425,2.63582826126,0.8475222263533405,0.67,3.78672229221,0.6833938620926607,0.645,2.93427729868,0.724485798198137,0.880987654320987,3.20063388404,0.7290603802284201,0.7075,4.31053829202,0.7026696401681536
7,1770,0.785327443825619,0.00196177941551,1.540603093788713e-05,0.835,2.53574238594,0.7592475025462908,0.64,4.49589846382,0.41392088888515144,0.5775,3.30778340365,0.31437044769805156,0.5525,3.61137982565,0.40293272218969717,0.722962962962963,2.42969667528,0.2197634326421295,0.6025,2.71288421602,0.19045218662173832
7,1799,0.434415210293835,3.66529340255e-38,1.0557857772910476e-40,0.8,2.48146400334,0.6713648460924626,0.885,0.233592440305,0.9889358560540419,0.8400000000000001,0.395435886961,0.982168212504565,0.8500000000000001,0.239536828101,0.9891530276559859,0.7614814814814811,2.97629917452,0.32409672260829936,0.81,1.09104356489,0.9372154779996507
7,1872,0.683272517764547,7.5902473198e-10,4.280154913240926e-12,0.9475,0.760761062035,0.9647435855386853,0.6475000000000001,4.69047271908,0.44840327429257587,0.6075,4.04096274854,0.42563778711318717,0.52,3.22746111612,0.2910198714384223,0.7866666666666661,3.28071239032,0.4030184055276919,0.66,5.80141509607,0.4493555672499621
7,1927,0.814518916842711,0.0587341547612,0.0005226289357472302,0.8400000000000001,2.52987694982,0.7719147531718733,0.5775,1.967073737,0.21002901448226025,0.5775,3.30778340365,0.31437044769805156,0.52,3.22746111612,0.2910198714384223,0.8172839506172841,3.52739532239,0.5077042371347863,0.66,5.80141509607,0.4493555672499621
7,1996,0.8560015363933161,2.13146049048,0.027630540765993875,0.7325,3.15403140022,0.48744128524911473,0.495,0.562470192215,0.1253257686911172,0.525,1.67842814155,0.1844851607388581,0.6000000000000001,3.5707229216,0.576504739015632,0.7866666666666661,3.28071239032,0.4030184055276919,0.67,5.80826350489,0.5075920796481217
7,1997,0.8905703860188201,10.0761687845,0.22563357518304472,0.67,3.06473852804,0.283690043909521,0.685,4.73391327366,0.6301489454411758,0.6625,3.94167582588,0.6543967329216951,0.59,3.64170548761,0.5404164253096329,0.493827160493827,0.082736463869,0.003814324772409209,0.6900000000000001,5.21871784892,0.619022665218483
7,2335,0.9059343191857111,12.8047434648,0.4046606392013504,0.6900000000000001,3.28523842589,0.34740662345599227,0.64,4.49589846382,0.41392088888515144,0.5825,3.45613895891,0.33128333891588424,0.485,2.57006797198,0.18907264227410642,0.884444444444444,3.14529747057,0.7400296415573651,0.675,5.72937907147,0.5364579579210053
7,2465,0.937007874015748,9.20882975087,0.7745587322899465,0.7225,3.2644613307,0.4553159869354689,0.6675,4.91520935603,0.5452182058295649,0.7775000000000001,1.1144925841,0.9380166311912791,0.555,3.62810787866,0.41198250277625514,0.8153086419753081,3.51746493176,0.5007461888050008,0.7225,3.49612037218,0.7611427547798241
7,2605,0.8767428461686191,6.40064879605,0.11150718861948472,0.59,1.598822771,0.09414270014277618,0.339999999999999,0.5057281305,0.03954598696392805,0.3025,0.792251516642,0.024155937111729503,0.355,0.396317685801,0.01580767266640036,0.803456790123456,3.43868170322,0.459493564172851,0.339999999999999,0.14404277129,0.008661013409581121
7,2876,0.602458229306702,6.0919897594e-17,2.613619295679942e-19,0.9550000000000001,0.642950231166,0.9699987063301811,0.8174999999999991,0.723153101613,0.9595810428586369,0.794999999999999,0.851610420333,0.9551370036863771,0.889999999999999,0.106418573273,0.9957899409553446,0.886913580246913,3.10372114675,0.7477448224925342,0.8400000000000001,0.717047898678,0.9641126639115549
7,2877,0.748454004225081,1.59504292973e-05,1.1502041998695922e-07,0.8075000000000001,2.48991995392,0.6900005713899267,0.6725,4.89884388476,0.5697655394984512,0.75,1.65306054744,0.9003344391016923,0.635,3.10979296974,0.6942543167076445,0.845432098765432,3.54750396609,0.607841414205495,0.635,4.85685577985,0.3136496092951942
7,2958,0.8905703860188201,10.0761687845,0.22563357518304472,0.8775000000000001,2.1818393959,0.8620241172978924,0.5325,0.850047995176,0.15055855875539692,0.59,3.66259394621,0.3579920672450874,0.7475,1.12124386681,0.9274003311386988,0.9797530864197531,1.10590056877,0.9435638193441699,0.65,5.5695346177,0.3923176698612491
7,4771,0.7637795275590551,0.000123477876203,9.244022616185271e-07,0.8975000000000001,1.79461449467,0.9019509310212748,0.705,4.16074973451,0.7196323777728943,0.635,4.24503746706,0.5407653698633899,0.5175000000000001,3.18696019731,0.2830015748572584,0.79753086419753,3.38836890931,0.4392620208721722,0.705,4.44900612836,0.6917200278017286
7,4778,0.594814672556174,1.02129698497e-17,4.285295783628097e-20,0.9400000000000001,0.892284528322,0.9585529471805572,0.774999999999999,1.52751274882,0.914012599297373,0.7125,2.63176700875,0.8207342957379818,0.6575000000000001,2.69992803847,0.7597128290538758,0.941234567901234,1.92445627405,0.8858230269414762,0.6875,5.32754966313,0.6058382147252146
7,4801,0.8214326867678121,0.119988322176,0.0011174745150329124,0.764999999999999,2.68601720751,0.5822905172944696,0.64,4.49589846382,0.41392088888515144,0.625,4.23153109059,0.49832385839759863,0.6725,2.40821593779,0.7980304365353197,0.8103703703703701,3.48847805689,0.48344517818535504,0.735,2.90006626286,0.801012819123063
7,4805,0.7753024774342231,0.000551663945182,4.230271931848838e-06,0.9125000000000001,1.46381219504,0.9264041340193201,0.8400000000000001,0.49767596598,0.9731430753659266,0.74,1.8893199828,0.8826401145398088,0.6975,1.92912571107,0.8521914198362921,0.940246913580246,1.9474775542,0.8839109645629122,0.7725000000000001,1.72880393937,0.8851941821382131
7,4819,0.8751680430190121,5.99197092283,0.10175039192186108,0.7225,3.2644613307,0.4553159869354689,0.715,3.77750564227,0.7593599334260099,0.6725,3.72981807121,0.6927900395111368,0.56,3.65542954635,0.4301947849122242,0.884444444444444,3.14529747057,0.7400296415573651,0.6725,5.77535375865,0.5220743778101111
7,4977,0.7945073938928361,0.00604025600196,4.8810647255399304e-05,0.8500000000000001,2.49227234523,0.7970564781077558,0.685,4.73391327366,0.6301489454411758,0.725,2.28040720671,0.8514174955681036,0.705,1.79258599816,0.8661450454385997,0.7970370370370371,3.38388688591,0.4375898571983518,0.71,4.17162065326,0.7132723460963174
7,5024,0.9289802189360471,11.0600641036,0.6929999478197639,0.7425,3.0127799152,0.5182932864035938,0.7625000000000001,1.90191043945,0.8926512883176775,0.6525000000000001,4.10491725624,0.6141187606311385,0.495,2.77370024188,0.21579844186275987,0.9032098765432091,2.79186769986,0.7958647047606374,0.7000000000000001,4.72107315514,0.6687911024779654
7,5041,0.7061647781832141,3.36376673477e-08,2.0775052289765636e-10,0.6375000000000001,2.52766220813,0.1924380982707126,0.47750000000000004,0.531092374662,0.11581640652973585,0.454999999999999,0.614669711465,0.11290518180067959,0.36250000000000004,0.463396568261,0.019026736302601377,0.8246913580246911,3.55550869087,0.5339463554222794,0.41000000000000003,0.367427714447,0.02585135932497765
7,5303,0.865603994622623,3.77166555355,0.05546904211916069,0.8600000000000001,2.41500967948,0.8216274348552961,0.5,0.580061910191,0.12818016973420726,0.47250000000000003,0.749160059145,0.12474749749692332,0.6950000000000001,1.97558573159,0.847310622076237,0.78716049382716,3.28598587406,0.4046398138677941,0.75,2.32860610889,0.8400293205536171
7,5309,0.8444785865181481,0.938000560914,0.010673676783202878,0.7675000000000001,2.65602759527,0.5889676472693228,0.6950000000000001,4.48762856203,0.6763329757044285,0.6900000000000001,3.27741982566,0.7542208217653528,0.585,3.66514062173,0.5221458734195566,0.9041975308641971,2.77117628548,0.7986119012593339,0.6975,4.85279120583,0.6568230032471806
7,5385,0.9020933358939881,12.3770765434,0.3562345906673362,0.8425,2.52390687418,0.7782324304767153,0.6000000000000001,2.88714352073,0.2643158787677225,0.5875,3.59620755778,0.3489180222123553,0.5075000000000001,3.01299634878,0.25198673794451254,0.9446913580246911,1.84428979188,0.892336710005543,0.6075,3.03105305075,0.20480445748600232
7,5562,0.256769733051661,4.29077789634e-70,9.021867002230467e-73,0.9575,0.606827900631,0.971560599216449,0.8200000000000001,0.693236628573,0.961351232858703,0.774999999999999,1.1568480526,0.9351777182401905,0.7575000000000001,0.991246834184,0.9379538227666842,0.9111111111111111,2.62188603793,0.8172588234960703,0.8025,1.19935263303,0.9286307125636917
7,5627,0.8681774534280771,4.31684659451,0.06586761684548495,0.59,1.598822771,0.09414270014277618,0.66,4.88459960451,0.5084275527063107,0.5225000000000001,1.61313572374,0.1803711232637088,0.5675,3.6807222486,0.4577172452550929,0.7688888888888881,3.07194563894,0.3465001951151939,0.59,2.01522980604,0.16106409614216483
7,5729,0.696216631457653,6.76686333808e-09,4.015303692061359e-11,0.6375000000000001,2.52766220813,0.1924380982707126,0.545,1.05707713008,0.1624040304313933,0.5225000000000001,1.61313572374,0.1803711232637088,0.41000000000000003,1.07976548779,0.05434776461035943,0.826172839506172,3.55931223371,0.5392166706816396,0.5,0.637795732539,0.07285137068622881
7,7055,0.8713654695602071,5.04868780779,0.08078058991546633,0.6375000000000001,2.52766220813,0.1924380982707126,0.5675,1.62734984741,0.19209958185592077,0.47250000000000003,0.749160059145,0.12474749749692332,0.464999999999999,2.14785959603,0.14187762202885104,0.7412345679012341,2.69735333302,0.2666222812616638,0.54,0.771229644996,0.10032190558876554
7,7341,0.8636835029767621,3.39325451802,0.04859293054627707,0.7675000000000001,2.65602759527,0.5889676472693228,0.754999999999999,2.15930943076,0.8774364593528705,0.6125,4.11634091516,0.4460377243366044,0.6025,3.54817324925,0.5854037458597816,0.8864197530864191,3.11216928765,0.746210032030215,0.7000000000000001,4.72107315514,0.6687911024779654
7,7342,0.8137507201843671,0.0541171557934,0.00047930538651626406,0.847499999999999,2.50521158394,0.7908091088252751,0.56,1.40721465927,0.18073895316459407,0.545,2.2637738088,0.22373897448944088,0.52,3.22746111612,0.2910198714384223,0.9061728395061721,2.72928729133,0.8040445664210538,0.5875,1.89541876297,0.15617723620655347
7,7343,0.8559631265603991,2.12615453719,0.027548773656139475,0.9125000000000001,1.46381219504,0.9264041340193201,0.715,3.77750564227,0.7593599334260099,0.6875,3.34650256254,0.7459406945801459,0.665,2.55472336569,0.7794191097719088,0.9619753086419751,1.45920067781,0.9208398413721208,0.7075,4.31053829202,0.7026696401681536
7,7588,0.8559631265603991,2.12615453719,0.027548773656139475,0.8150000000000001,2.50619249273,0.7087332371101527,0.6175,3.65831566963,0.3216185288991902,0.6725,3.72981807121,0.6927900395111368,0.845,0.262638091786,0.9878982683224876,0.958024691358024,1.54426059273,0.9149077592043193,0.6950000000000001,4.98031671298,0.6445306396458016
7,7599,0.8646437487996921,3.57935671675,0.051940141150787364,0.9500000000000001,0.719929642798,0.9665941272030147,0.5675,1.62734984741,0.19209958185592077,0.5625,2.83088795358,0.26828761008060453,0.5325,3.40877407292,0.3325350372583917,0.9456790123456791,1.82152211317,0.8941469819433036,0.6000000000000001,2.56122538797,0.1838606808040386
7,7903,0.8857307470712501,8.82026780851,0.1798694835764772,0.64,2.57325184898,0.19881435040264783,0.645,4.63162001891,0.4367493563962506,0.6425000000000001,4.20955510894,0.5724940301999047,0.5375,3.4702716794,0.34973546987389537,0.6716049382716051,1.63434252504,0.11526438865212277,0.68,5.60070867789,0.5648028048996412
7,8207,0.8859612060687531,8.88193619826,0.1819093020970414,0.7775000000000001,2.55872846916,0.6150095612670666,0.6575000000000001,4.8597768816,0.49624557734572733,0.7375,1.9516132657,0.8778392072060425,0.54,3.4984305842,0.35844671652193727,0.7046913580246911,2.15123558228,0.1778992207786827,0.6975,4.85279120583,0.6568230032471806
7,8290,0.783022853850585,0.00147035932836,1.1477662666755342e-05,0.8300000000000001,2.53462831067,0.7465689766621272,0.8325,0.562934500663,0.9691710805153173,0.7825000000000001,1.03350817899,0.9433845893324937,0.75,1.08773480645,0.9301614135435984,0.8898765432098761,3.05167952785,0.7568645005086101,0.77,1.78376335178,0.8808039590053228
7,8961,0.73309007105819,1.89058291276e-06,1.2972447394081566e-08,0.9075000000000001,1.57518450848,0.9188066495581428,0.6025,2.99759823371,0.27167165793640646,0.6325000000000001,4.24825338525,0.5301478466669033,0.5325,3.40877407292,0.3325350372583917,0.835555555555555,3.56824736172,0.5726755212720793,0.6625,5.82437373798,0.46389077604458606
7,9191,0.8905319761859031,10.066626636,0.2252467344524517,0.6825,3.21819237677,0.32300505433735727,0.63,4.16171679696,0.3705695330080746,0.605,3.99738237767,0.41558905911897065,0.5925,3.626923392,0.5495026318084589,0.28098765432098705,0.00100489584881,4.465487373936153e-05,0.685,5.42812878488,0.5923917950734958
7,9518,0.8706740925676971,4.885003893,0.0773467784132277,0.8500000000000001,2.49227234523,0.7970564781077558,0.725,3.36352117589,0.7950801895675318,0.625,4.23153109059,0.49832385839759863,0.675,2.35936653851,0.8039899025506647,0.919012345679012,2.4436411161,0.837275207144806,0.7000000000000001,4.72107315514,0.6687911024779654
7,10630,0.6800845016324181,4.34979256305e-10,2.4229407134158575e-12,0.867499999999999,2.3298020126,0.8394349306559612,0.7225,3.46852781634,0.7865400096161441,0.6675,3.8411230906,0.6738585143261775,0.7075,1.7481078675,0.8705707991327478,0.7698765432098761,3.08437089199,0.3495403582304624,0.7275,3.24557148762,0.7779908276301819
7,10672,0.8137507201843671,0.0541171557934,0.00047930538651626406,0.9275,1.13832984518,0.9458931684596243,0.6425000000000001,4.56666084509,0.42525026370287505,0.535,1.95846157204,0.20264560246125318,0.5,2.87185480572,0.2299135321495685,0.72395061728395,2.44447225943,0.22217043227229696,0.6075,3.03105305075,0.20480445748600232
7,11039,0.7560975609756091,4.46365633915e-05,3.284058530769078e-07,0.8125,2.50032142281,0.7024751427500094,0.8425,0.477714612528,0.9743621397585581,0.7625000000000001,1.38810243962,0.9193061502796777,0.72,1.53442496249,0.8910709825818051,0.0,6.26577046921e-07,1.907587870430015e-08,0.735,2.90006626286,0.801012819123063
7,11140,0.865565584789706,3.76385513631,0.05532432310516388,0.7825000000000001,2.52496211073,0.6277145427316131,0.6325000000000001,4.25219069926,0.3810877848226687,0.5775,3.30778340365,0.31437044769805156,0.55,3.59264758539,0.39392727390629245,0.245432098765432,0.000466014000412,1.9630789570775708e-05,0.6975,4.85279120583,0.6568230032471806
7,11230,0.7756865757633951,0.000579510507284,4.4474699821734935e-06,0.8975000000000001,1.79461449467,0.9019509310212748,0.6950000000000001,4.48762856203,0.6763329757044285,0.6725,3.72981807121,0.6927900395111368,0.6125,3.44019097684,0.6203685603674216,0.8301234567901231,3.56632713834,0.5532935254523443,0.74,2.69182243075,0.81498502464385
7,11275,0.45938160169003206,1.85947599729e-34,5.631843911952437e-37,0.8775000000000001,2.1818393959,0.8620241172978924,0.8775000000000001,0.266457986382,0.9870628516392429,0.7875000000000001,0.957328380237,0.9483597213943084,0.8200000000000001,0.404347852122,0.9796558549057213,0.8740740740740741,3.30065752338,0.7065783707375904,0.8225,0.924307404352,0.9497945394285776
7,12534,0.8021893604762821,0.0149406501874,0.00012453182754734317,0.735,3.12089515031,0.49528532043963763,0.6525000000000001,4.78878758186,0.4721124690441155,0.6475000000000001,4.16509310472,0.5934373861309378,0.5625,3.66597193661,0.4393469737175287,0.895308641975308,2.95057569316,0.7731701306129598,0.665,5.83307464981,0.47846555077722425
7,14112,0.777222969080084,0.00070535190722,5.4313946134037425e-06,0.8174999999999991,2.51216391319,0.7150061888095831,0.77,1.6689017835,0.9060262156358891,0.75,1.65306054744,0.9003344391016923,0.705,1.79258599816,0.8661450454385997,0.869135802469135,3.36291224659,0.6901218699841163,0.754999999999999,2.17191914725,0.851274153906282
7,15812,0.7657384290378331,0.000159660486416,1.2002289633809203e-06,0.7125,3.3294010701,0.4223045703320587,0.5675,1.62734984741,0.19209958185592077,0.5750000000000001,3.23105299876,0.30619658671597927,0.5,2.87185480572,0.2299135321495685,0.8222222222222221,3.5477923585,0.5251764978463132,0.62,3.8789201838,0.24794683215495936
7,15877,0.9789130017284421,1.5849426423,0.9731972487596783,0.764999999999999,2.68601720751,0.5822905172944696,0.43999999999999906,0.547753228722,0.09579405445438434,0.47000000000000003,0.725928014477,0.12290395083306549,0.4325,1.48271755928,0.08305906491512756,0.741728395061728,2.70440346112,0.26795604881215995,0.545,0.813392259782,0.1042790721562504
7,15878,0.769541002496639,0.000262182024998,1.986474728359164e-06,0.8,2.48146400334,0.6713648460924626,0.7025,4.24874718925,0.7091197295941963,0.6975,3.06497735375,0.7780088472491338,0.65,2.84209864172,0.7389277632332637,0.8696296296296291,3.35704309112,0.6917811215115217,0.75,2.32860610889,0.8400293205536171
7,16373,0.880929517956596,7.52041578397,0.14063574716747693,0.7000000000000001,3.3366253461,0.38055531914903035,0.65,4.74294361881,0.46019640098519277,0.6925,3.20735226835,0.7623269731412472,0.5975,3.59139344591,0.567551697307645,0.6641975308641971,1.51976373866,0.10358337292098309,0.6925,5.10263372876,0.6319257598541549
7,17703,0.9251008258114071,11.8051804392,0.6486060658391914,0.595,1.6981398062,0.1023847348679842,0.76,1.98507502427,0.887793118041563,0.635,4.24503746706,0.5407653698633899,0.42750000000000005,1.38794234241,0.07588353964280123,0.9827160493827161,1.05232812992,0.9467607945228996,0.605,2.86969622477,0.19742939863885325
7,17743,0.8367966199347031,0.501390704906,0.005291494950908977,0.784999999999999,2.51188060492,0.6340100737189988,0.6825,4.78042934286,0.6182546750094265,0.6725,3.72981807121,0.6927900395111368,0.6625,2.60335204051,0.7729714792285713,0.8755555555555551,3.28046158972,0.7114533589292734,0.665,5.83307464981,0.47846555077722425
7,17938,0.9558671019781061,4.78405849861,0.9050541045029212,0.7125,3.3294010701,0.4223045703320587,0.262499999999999,0.225084973902,0.010900991805951511,0.3125,0.870333845228,0.032529754212261064,0.4575,1.98928821991,0.12636421157254005,0.908148148148148,2.68676234262,0.8093938520558832,0.4375,0.472998820773,0.03742038407310592
7,17979,0.87866333781448,6.90963682078,0.12428672184811329,0.6775,3.16226548383,0.3070505294923283,0.6825,4.78042934286,0.6182546750094265,0.6525000000000001,4.10491725624,0.6141187606311385,0.49,2.67292777837,0.20218089239215137,0.752592592592592,2.85659070336,0.2981691712991372,0.7325,3.01091384651,0.7936250175009318
7,18166,0.8275398502016511,0.217658816447,0.0021219468675737992,0.8825000000000001,2.09479515563,0.8727189986738239,0.6625,4.90215275997,0.5206625163565123,0.5875,3.59620755778,0.3489180222123553,0.5625,3.66597193661,0.4393469737175287,0.997037037037037,0.81693463873,0.9600984262649586,0.64,5.1350251101,0.3386435663335201
7,18246,0.9107355483003641,13.0433119124,0.46684740036817995,0.8725,2.2604695683,0.8509146387804037,0.78,1.39719876545,0.9213198126095622,0.784999999999999,0.994830473714,0.9459197650201192,0.77,0.843658710478,0.9494049898623711,0.9624691358024691,1.44871676119,0.9215578442710874,0.7525000000000001,2.24831855521,0.8457496471660708
7,18248,0.9520261186863831,5.59017499928,0.8851539296022186,0.9075000000000001,1.57518450848,0.9188066495581428,0.7725000000000001,1.59681135103,0.910107774225088,0.7475,1.710136641,0.8961307234703156,0.8174999999999991,0.42111165326,0.9786241344558058,0.8562962962962961,3.48676266401,0.6460888398347255,0.8625,0.495127768612,0.9776545275429313
7,18270,0.779181870558863,0.000905174379341,7.000866678570086e-06,0.7925000000000001,2.48712440499,0.6527432099712162,0.764999999999999,1.82146813017,0.8973049393124526,0.6775,3.60925754116,0.7111412672192107,0.6275000000000001,3.23137150132,0.6704688009932288,0.9501234567901231,1.71999802441,0.9020164252567449,0.7425,2.59445563492,0.8215919389690945
7,18297,0.7647397733819851,0.000140072576447,1.0507739838734715e-06,0.8525,2.47682931232,0.8032683834944963,0.7525000000000001,2.2501992217,0.871925078755897,0.745,1.76855275533,0.891782639057271,0.7275,1.41372100858,0.902122870841405,0.853333333333333,3.50734308807,0.6357264556196677,0.745,2.50153282778,0.8279610072293015
7,18311,0.814518916842711,0.0587341547612,0.0005226289357472302,0.8300000000000001,2.53462831067,0.7465689766621272,0.42000000000000004,0.568562868194,0.08462596399331777,0.382499999999999,0.417909995929,0.07787616114425976,0.41750000000000004,1.20705839247,0.06291864702347529,0.838024691358024,3.56605099715,0.5814836990963043,0.58,1.57807535631,0.14319112537581982
7,18312,0.9389667754945261,8.72388577829,0.7921238593353164,0.9025000000000001,1.68590779627,0.9106533670397939,0.5275000000000001,0.786062438481,0.14647241106209516,0.48250000000000004,0.858232737014,0.13276197531224132,0.48250000000000004,2.51801772848,0.182712460090343,0.7891358024691351,3.30674271035,0.4111512406396366,0.6525000000000001,5.64792665322,0.40634222627803035
7,18319,0.9348185135394661,9.74118929657,0.753812100377452,0.7525000000000001,2.86048604352,0.5476599571954968,0.53,0.816816687818,0.14847550539683654,0.485,0.889888842535,0.13494674079215227,0.615,3.40902892975,0.6289304137637539,0.8538271604938271,3.5041228361,0.6374576852264835,0.48250000000000004,0.605438283099,0.06196336186532334
7,18392,0.812944113693105,0.0496337162107,0.00043748654617547047,0.725,3.24066389588,0.46344797516710096,0.595,2.669198387,0.2504270318917332,0.5775,3.30778340365,0.31437044769805156,0.52,3.22746111612,0.2910198714384223,0.655308641975308,1.38459730255,0.09067735858420474,0.5975,2.41524052891,0.17764132893258472
7,18476,0.8598041098521221,2.70564797885,0.03679634934333806,0.8925000000000001,1.89990952614,0.8927129089301783,0.73,3.15268493709,0.8113707750280628,0.7075,2.77596219539,0.8072154483586341,0.6875,2.117368888,0.8319641325610785,0.8730864197530861,3.31373625618,0.703311977921271,0.784999999999999,1.48401210865,0.9052274007176648
7,18739,0.869829076243518,4.68859009199,0.07330214438106764,0.847499999999999,2.50521158394,0.7908091088252751,0.754999999999999,2.15930943076,0.8774364593528705,0.6925,3.20735226835,0.7623269731412472,0.5875,3.65445407515,0.5312957990758476,0.7308641975308641,2.54697128274,0.23942576515352643,0.745,2.50153282778,0.8279610072293015
7,18763,0.928596120606875,11.1394408634,0.6887365158303393,0.9575,0.606827900631,0.971560599216449,0.29250000000000004,0.337619528947,0.019310200579961214,0.29250000000000004,0.654157422134,0.01688673969735444,0.5,2.87185480572,0.2299135321495685,0.955555555555555,1.59843016552,0.911028045338012,0.5825,1.67683977821,0.14725831685084348
7,19718,0.640868062223929,2.56271469719e-13,1.2402540002092712e-15,0.905,1.63071165473,0.9147992282126838,0.77,1.6689017835,0.9060262156358891,0.6925,3.20735226835,0.7623269731412472,0.635,3.10979296974,0.6942543167076445,0.8444444444444441,3.55103188272,0.6043359373746859,0.9225000000000001,0.139912451322,0.9951057222759525
7,19745,0.6714038793931241,9.21216621878e-11,4.965897016483058e-13,0.857499999999999,2.43822470638,0.815560346824922,0.857499999999999,0.373464709058,0.9807151822662681,0.857499999999999,0.282457292029,0.9880566638643533,0.625,3.26958992825,0.6623423412131705,0.6167901234567901,0.85435528904,0.04791148922741645,0.8925000000000001,0.277428873434,0.989024775811918
7,20639,0.864298060303437,3.51164076062,0.05071452625643153,0.81,2.49481102638,0.6962313293887892,0.41500000000000004,0.572868634454,0.08177213274220323,0.4425,0.550553714422,0.10564428288352516,0.3375,0.268518108746,0.010046403509137335,0.972345679012345,1.24674827436,0.9348562729610406,0.5275000000000001,0.702856697001,0.09115448294518064
7,25302,0.7191088918763201,2.46124034945e-07,1.601227759112182e-09,0.725,3.24066389588,0.46344797516710096,0.5625,1.47721460286,0.1843437844910978,0.48750000000000004,0.923430896757,0.13721299126135544,0.39,0.779242846861,0.03585515381366331,0.925925925925925,2.28333253449,0.8536170439320439,0.5125000000000001,0.660647837093,0.08096221156441853
7,27972,0.850240061455732,1.43992496366,0.017441064475958924,0.827499999999999,2.53193637955,0.7402355107779848,0.7775000000000001,1.46098602198,0.9177476482112105,0.7025,2.92075433382,0.7929736719498797,0.6675,2.50595131247,0.7857449766323001,0.779753086419753,3.20361570173,0.380600049188462,0.7525000000000001,2.24831855521,0.8457496471660708
7,28024,0.658382946034184,8.12418188085e-12,4.176693370090299e-14,1.0,0.213339191193,0.9876295565899341,0.8500000000000001,0.422511463041,0.9777338084256545,0.899999999999999,0.111132052114,0.9959753544912171,1.0,0.00541195890674,0.9998446962724085,0.8562962962962961,3.48676266401,0.6460888398347255,1.0,0.0141989197319,0.999622715847188
7,28466,0.7730362972921061,0.000412189347613,3.145666347407367e-06,0.9575,0.606827900631,0.971560599216449,0.68,4.82038356858,0.6062522677701675,0.68,3.54598482709,0.7200857023655429,0.5875,3.65445407515,0.5312957990758476,0.9456790123456791,1.82152211317,0.8941469819433036,0.665,5.83307464981,0.47846555077722425
7,28484,0.8394468984059921,0.626678889642,0.00678107427156915,0.8600000000000001,2.41500967948,0.8216274348552961,0.5675,1.62734984741,0.19209958185592077,0.625,4.23153109059,0.49832385839759863,0.61,3.46974524037,0.6117307987691044,0.9358024691358021,2.05152349634,0.8750245256011904,0.6375000000000001,5.00021734591,0.32597262311955655
7,28512,0.814518916842711,0.0587341547612,0.0005226289357472302,0.7525000000000001,2.86048604352,0.5476599571954968,0.725,3.36352117589,0.7950801895675318,0.6775,3.60925754116,0.7111412672192107,0.635,3.10979296974,0.6942543167076445,0.9906172839506171,0.917558147549,0.9545352161344284,0.764999999999999,1.90118389627,0.8715959858408007
7,28570,0.957787593623967,4.40953195841,0.9138790459165311,0.6375000000000001,2.52766220813,0.1924380982707126,0.47500000000000003,0.529556343687,0.1144907186151283,0.5,1.1213174084,0.149938832886839,0.4325,1.48271755928,0.08305906491512756,0.7214814814814811,2.40747414988,0.21618033446489215,0.4625,0.555900542859,0.050323137750951735
7,28894,0.9097753024774341,13.0228042064,0.4543313636732774,0.705,3.3437023139,0.39726157756014424,0.67,4.91068710203,0.5575021076266304,0.62,4.19838294928,0.47724177995788014,0.459999999999999,2.04197784715,0.13140325044003492,0.7851851851851851,3.2646963703,0.3981699187593436,0.6475000000000001,5.47833451107,0.37850522980257945
7,29183,0.8598041098521221,2.70564797885,0.03679634934333806,0.8225,2.52337432908,0.7275957252025537,0.6475000000000001,4.69047271908,0.44840327429257587,0.635,4.24503746706,0.5407653698633899,0.5825,3.67374084732,0.512971834688511,0.84,3.56287580045,0.5885248236580057,0.6900000000000001,5.21871784892,0.619022665218483
7,29184,0.8626848473209141,3.20636673704,0.04529812344543791,0.774999999999999,2.57941873769,0.6085874012738322,0.5725,1.79080610847,0.20063950216846932,0.5700000000000001,3.0736146657,0.2904329591002792,0.449999999999999,1.83281770097,0.11203303598052587,0.8222222222222221,3.5477923585,0.5251764978463132,0.62,3.8789201838,0.24794683215495936
7,29229,0.846360668331092,1.08323106602,0.012573061598971473,0.7725000000000001,2.60259349062,0.6021103962073814,0.34750000000000003,0.525503548285,0.04341476412725848,0.34750000000000003,0.637383574542,0.060552544387459585,0.3075,0.127406143076,0.004322378568427646,0.8493827160493821,3.530089359,0.621823591452096,0.36750000000000005,0.216642471447,0.013568743097806849
7,29338,0.9519877088534661,5.59859724094,0.8849390501877399,0.615,2.09736876038,0.1403463971012151,0.6900000000000001,4.62222214278,0.6535493408904895,0.6525000000000001,4.10491725624,0.6141187606311385,0.62,3.34213463933,0.6458107894121333,0.602962962962962,0.695575812847,0.037218315892188256,0.7000000000000001,4.72107315514,0.6687911024779654
7,29381,0.7350105627040521,2.48185078208e-06,1.714623784224448e-08,0.66,2.91521904409,0.25377449211625513,0.67,4.91068710203,0.5575021076266304,0.595,3.78704088142,0.37662100048830555,0.55,3.59264758539,0.39392727390629245,0.5051851851851851,0.106331504435,0.0048827020793363015,0.625,4.2197757066,0.2681966302795927
7,29764,0.8482811599769541,1.24970215003,0.01481018738364849,0.774999999999999,2.57941873769,0.6085874012738322,0.7225,3.46852781634,0.7865400096161441,0.68,3.54598482709,0.7200857023655429,0.5875,3.65445407515,0.5312957990758476,0.829629629629629,3.56570377499,0.5515325271444291,0.7425,2.59445563492,0.8215919389690945
7,30094,0.91937776070674,12.6232986554,0.5785231954437092,0.63,2.38791920936,0.17400199762908947,0.5625,1.47721460286,0.1843437844910978,0.62,4.19838294928,0.47724177995788014,0.5825,3.67374084732,0.512971834688511,0.8212345679012341,3.54423403849,0.521674240692988,0.675,5.72937907147,0.5364579579210053
7,31557,0.7937776070674091,0.00553230267975,4.4590507203329864e-05,0.9275,1.13832984518,0.9458931684596243,0.7925000000000001,1.11750887125,0.9369705200960812,0.5575,2.66725700632,0.2545421187272096,0.5825,3.67374084732,0.512971834688511,0.8627160493827161,3.43182689185,0.6683042106613595,0.725,3.36899827823,0.7697234187639072
7,32060,0.8214326867678121,0.119988322176,0.0011174745150329124,1.0,0.213339191193,0.9876295565899341,0.55,1.16076592651,0.1679433810589226,0.65,4.13690985474,0.6038156966222992,0.5625,3.66597193661,0.4393469737175287,0.9476543209876541,1.77620074938,0.8977002394438464,0.65,5.5695346177,0.3923176698612491
7,38608,0.9289802189360471,11.0600641036,0.6929999478197639,0.7875000000000001,2.50127453833,0.640276009492144,0.67,4.91068710203,0.5575021076266304,0.74,1.8893199828,0.8826401145398088,0.764999999999999,0.900738981313,0.945045069570708,0.802469135802469,3.43075908601,0.4561012319053309,0.7275,3.24557148762,0.7779908276301819
7,38649,0.8565776838870751,2.21221815516,0.028881735186684535,0.7575000000000001,2.7867841655,0.5617765759714604,0.78,1.39719876545,0.9213198126095622,0.7525000000000001,1.59733865168,0.9043971548504143,0.867499999999999,0.170791445741,0.9927170350414996,0.811851851851851,3.49777946356,0.48862024626459305,0.7925000000000001,1.35554904687,0.9158687227184913
7,39144,0.9097753024774341,13.0228042064,0.4543313636732774,0.655,2.83418380376,0.23939950098279586,0.63,4.16171679696,0.3705695330080746,0.5575,2.66725700632,0.2545421187272096,0.5,2.87185480572,0.2299135321495685,0.6666666666666661,1.55779800097,0.10738279507976371,0.6425000000000001,5.26026405495,0.3516397727315286
7,39247,0.8508162089494911,1.49999870977,0.018287887128778074,0.847499999999999,2.50521158394,0.7908091088252751,0.5525,1.21741121327,0.17091542433264356,0.65,4.13690985474,0.6038156966222992,0.595,3.61014047274,0.5585493748045594,0.9037037037037031,2.78154368608,0.797240857520406,0.5750000000000001,1.40115397357,0.13575434127445818
7,39495,0.8521605531015941,1.64775709115,0.02040251660379601,0.75,2.89843151549,0.5404614079704279,0.6900000000000001,4.62222214278,0.6535493408904895,0.7225,2.34920526149,0.8456306629175441,0.5525,3.61137982565,0.40293272218969717,0.87358024691358,3.30723564497,0.7049467889948114,0.764999999999999,1.90118389627,0.8715959858408007
7,39581,0.8943729594776261,10.9719269166,0.2656848468751784,0.9575,0.606827900631,0.971560599216449,0.6675,4.91520935603,0.5452182058295649,0.6175,4.17528665387,0.4667737954811259,0.47000000000000003,2.25406119068,0.15288238079074293,0.8029629629629621,3.43474443398,0.4577964199280666,0.735,2.90006626286,0.801012819123063
7,40799,0.8536969464182831,1.83004683673,0.02307228738754137,0.9550000000000001,0.642950231166,0.9699987063301811,0.6225,3.86819646308,0.340438594705602,0.68,3.54598482709,0.7200857023655429,0.5725,3.68694584772,0.4761399811395852,0.96395061728395,1.41747291576,0.9236809088714548,0.735,2.90006626286,0.801012819123063
7,40956,0.988937968119838,0.916590567583,0.9854674778435766,0.595,1.6981398062,0.1023847348679842,0.72,3.57278027771,0.7777381786082386,0.625,4.23153109059,0.49832385839759863,0.6575000000000001,2.69992803847,0.7597128290538758,0.6474074074074071,1.26745206024,0.08020227264011667,0.7825000000000001,1.52952986701,0.9014607845146709
7,41042,0.9097753024774341,13.0228042064,0.4543313636732774,0.8325,2.53596521974,0.7529075227585704,0.444999999999999,0.542569328604,0.0985197312791618,0.34750000000000003,0.637383574542,0.060552544387459585,0.515,3.1451965099,0.27508612278407685,0.8207407407407401,3.54235556879,0.5199244627723089,0.5425,0.790994617176,0.10227416658742644
7,41069,0.6005377376608411,3.9046579048e-17,1.6657835685114258e-19,0.81,2.49481102638,0.6962313293887892,0.845,0.45856354537,0.9755323235711337,0.8525,0.311759779513,0.9865720620379347,0.8025,0.532518353864,0.9714955592224854,0.810864197530864,3.49163470112,0.48516866511175005,0.827499999999999,0.862030576274,0.9542593600052443
7,41615,0.820741309775302,0.111925054792,0.0010373341934524778,0.8775000000000001,2.1818393959,0.8620241172978924,0.847499999999999,0.440176730804,0.9766555942700788,0.7425,1.82828911787,0.8872868593208625,0.81,0.474449993444,0.9752686706292073,0.544691358024691,0.245067551069,0.011487623063240988,0.919999999999999,0.148745346651,0.994744989545746
7,41703,0.7849433454964471,0.0018700139484,1.4670275130426666e-05,0.77,2.62816912922,0.5955724321237259,0.7875000000000001,1.22178978111,0.9311263315750749,0.735,2.01513019438,0.872881028311524,0.685,2.16531054363,0.8266108447021184,0.7925925925925921,3.34170306047,0.42264289703458346,0.6925,5.10263372876,0.6319257598541549
7,41708,0.784904935663529,0.00186107054907,1.4598620097909698e-05,0.665,2.9923418975,0.26854518055470317,0.735,2.94299179835,0.8266089601917352,0.645,4.18934483451,0.582993507705637,0.51,3.05814720122,0.25957588147319366,0.6498765432098761,1.30370449729,0.08337646905679953,0.6725,5.77535375865,0.5220743778101111
7,41851,0.9193393508738231,12.6274598784,0.5780382566744708,0.65,2.74987607254,0.2254380994787948,0.635,4.33830184063,0.3918268504804196,0.6000000000000001,3.89910451205,0.3958418287391372,0.3275,0.211712189642,0.007654306409288513,0.8898765432098761,3.05167952785,0.7568645005086101,0.6425000000000001,5.26026405495,0.3516397727315286
7,43759,0.934741693873631,9.75960559577,0.7530630779714158,0.6975,3.32827254241,0.3722235437727555,0.75,2.343449625,0.8661834954684902,0.8174999999999991,0.589312840889,0.9712030329832523,0.7675000000000001,0.871876662196,0.9472607042832154,0.7056790123456791,2.16650246519,0.1800314387807796,0.8625,0.495127768612,0.9776545275429313
7,44059,0.9020933358939881,12.3770765434,0.3562345906673362,0.8225,2.52337432908,0.7275957252025537,0.605,3.10858745322,0.2793043158606578,0.5125000000000001,1.37279195935,0.16546985661112626,0.5325,3.40877407292,0.3325350372583917,0.9565432098765431,1.5766743496,0.9125959887359574,0.6575000000000001,5.76422507538,0.43489556378636346
7,44938,0.7176877280583821,1.98821877272e-07,1.2862031591142167e-09,0.9275,1.13832984518,0.9458931684596243,0.6425000000000001,4.56666084509,0.42525026370287505,0.6075,4.04096274854,0.42563778711318717,0.464999999999999,2.14785959603,0.14187762202885104,0.834567901234567,3.56858195955,0.5691511357351745,0.75,2.32860610889,0.8400293205536171
7,50703,0.735394661033224,2.62011851329e-06,1.8125899939863712e-08,0.74,3.04995303734,0.5107146905435246,0.7000000000000001,4.33281725321,0.6983919148843054,0.7125,2.63176700875,0.8207342957379818,0.645,2.93427729868,0.724485798198137,0.8562962962962961,3.48676266401,0.6460888398347255,0.7325,3.01091384651,0.7936250175009318
7,50830,0.8275398502016511,0.217658816447,0.0021219468675737992,0.81,2.49481102638,0.6962313293887892,0.66,4.88459960451,0.5084275527063107,0.5650000000000001,2.91237589133,0.2754667724652138,0.5725,3.68694584772,0.4761399811395852,0.8967901234567901,2.92180942104,0.7775201056318882,0.655,5.71296439904,0.42054617111723613
7,50921,0.8290762435183401,0.251449006198,0.002481757587758243,0.7025,3.34179581094,0.38890401795923474,0.68,4.82038356858,0.6062522677701675,0.5925,3.72627133679,0.3672287342400251,0.5975,3.59139344591,0.567551697307645,0.9397530864197531,1.95900445237,0.8829464015284234,0.64,5.1350251101,0.3386435663335201
7,51734,0.9270213174572691,11.452653601,0.6709448002886558,0.7275,3.21417518649,0.4715170628650221,0.7225,3.46852781634,0.7865400096161441,0.6000000000000001,3.89910451205,0.3958418287391372,0.56,3.65542954635,0.4301947849122242,0.8503703703703701,3.5249045733,0.6253075665459316,0.6825,5.51948820303,0.5787052552149388
7,52992,0.748454004225081,1.59504292973e-05,1.1502041998695922e-07,0.8225,2.52337432908,0.7275957252025537,0.705,4.16074973451,0.7196323777728943,0.75,1.65306054744,0.9003344391016923,0.6725,2.40821593779,0.7980304365353197,0.928395061728395,2.22551448954,0.8591835618883005,0.71,4.17162065326,0.7132723460963174
7,54491,0.8689456500864221,4.48770202931,0.06924919757409771,0.9025000000000001,1.68590779627,0.9106533670397939,0.7975000000000001,1.0226401924,0.942317110916584,0.77,1.2453978241,0.9291742594059309,0.9450000000000001,0.0276478521313,0.9990774064969496,0.952098765432098,1.67543860891,0.905369880646442,0.7775000000000001,1.62540854278,0.8935762954136047
7,54885,0.945265988092951,7.1625615997,0.8421420782361282,0.8500000000000001,2.49227234523,0.7970564781077558,0.55,1.16076592651,0.1679433810589226,0.585,3.5273184022,0.34001311526913175,0.5625,3.66597193661,0.4393469737175287,0.9525925925925921,1.66435919119,0.9061945210512411,0.68,5.60070867789,0.5648028048996412
7,56634,0.429652391012099,6.84470027463e-39,1.9532926034096678e-41,0.9400000000000001,0.892284528322,0.9585529471805572,0.845,0.45856354537,0.9755323235711337,0.8525,0.311759779513,0.9865720620379347,0.7575000000000001,0.991246834184,0.9379538227666842,0.8646913580246911,3.41209582991,0.675063857896081,0.8300000000000001,0.831811183965,0.9563765349338047
7,56758,0.73808334933743,3.82225632535e-06,2.668810087689277e-08,0.68,3.19124296202,0.31499282070654827,0.8225,0.664706412054,0.9630483811287833,0.7725000000000001,1.20047616516,0.9322313303467646,0.745,1.15543041981,0.9245546296119418,0.7827160493827161,3.23737551896,0.3901425119035253,0.77,1.78376335178,0.8808039590053228
7,56917,0.869444977914346,4.60067802373,0.07151817597203107,0.8300000000000001,2.53462831067,0.7465689766621272,0.77,1.6689017835,0.9060262156358891,0.72,2.4188375104,0.8396707738680803,0.6575000000000001,2.69992803847,0.7597128290538758,0.829629629629629,3.56570377499,0.5515325271444291,0.73,3.12613507406,0.7859546034708877
7,56975,0.9289802189360471,11.0600641036,0.6929999478197639,0.8,2.48146400334,0.6713648460924626,0.7325,3.04753620358,0.8191209575458784,0.68,3.54598482709,0.7200857023655429,0.7175,1.5759443365,0.8871831521875154,0.776296296296296,3.16298711347,0.36959567502148316,0.6975,4.85279120583,0.6568230032471806
7,67160,0.830036489341271,0.274865263763,0.002734305088639064,0.8625,2.38918333666,0.8276332185977087,0.8500000000000001,0.422511463041,0.9777338084256545,0.8150000000000001,0.614772407469,0.9696981039070749,0.76,0.960418941376,0.9403932669450499,0.88,3.21580835882,0.7258917430988916,0.774999999999999,1.67608095749,0.8894498421114567
7,67299,0.9328212022277701,10.2124560083,0.7338825272764401,0.545,0.809207207531,0.040890948374885834,0.6825,4.78042934286,0.6182546750094265,0.6775,3.60925754116,0.7111412672192107,0.6625,2.60335204051,0.7729714792285713,0.7091358024691351,2.21976769392,0.18761272451962727,0.6775,5.67093289339,0.5507108774759665
7,67423,0.9385442673324371,8.82891912524,0.7884157514085341,0.6825,3.21819237677,0.32300505433735727,0.6875,4.68108499401,0.6419189804237223,0.6375000000000001,4.23747739824,0.55136941344839,0.6775,2.31060143529,0.8098273395413306,0.652839506172839,1.34764459555,0.08730428044197483,0.705,4.44900612836,0.6917200278017286
7,67905,0.786863837142308,0.00237463757973,1.872744518586445e-05,0.845,2.51572405517,0.7845324430529034,0.8,0.978521664832,0.944818118125512,0.764999999999999,1.33919549381,0.9227149915157014,0.75,1.08773480645,0.9301614135435984,0.8,3.41012834458,0.44765545337778334,0.7975000000000001,1.27557443921,0.9224448467207588
7,68565,0.8021893604762821,0.0149406501874,0.00012453182754734317,0.857499999999999,2.43822470638,0.815560346824922,0.7575000000000001,2.07090132428,0.8827236945625161,0.6950000000000001,3.13647978055,0.7702569124679683,0.665,2.55472336569,0.7794191097719088,0.8958024691358021,2.94104115322,0.774624853075636,0.7175,3.75990159588,0.7430075030657534
7,68688,0.8899942385250621,9.93216188353,0.21986961137388755,0.8075000000000001,2.48991995392,0.6900005713899267,0.8025,0.936494393581,0.9472114619871199,0.685,3.41441640184,0.737489282938916,0.62,3.34213463933,0.6458107894121333,0.883456790123456,3.1614555317,0.7369151730673162,0.78,1.57661223516,0.8975784479053228
7,69217,0.777222969080084,0.00070535190722,5.4313946134037425e-06,0.72,3.2853769097,0.4471280709292458,0.74,2.736874187,0.8408066703599799,0.7000000000000001,2.99301443289,0.7855814156621614,0.6425000000000001,2.97937142347,0.7170935864243937,0.9125925925925921,2.58900163206,0.8211187749276732,0.7675000000000001,1.84115519041,0.8762733385935261
7,69292,0.751603610524294,2.44274117055e-05,1.7767961200477026e-07,0.74,3.04995303734,0.5107146905435246,0.8150000000000001,0.754537173386,0.9577342444302211,0.74,1.8893199828,0.8826401145398088,0.7875000000000001,0.663651153066,0.9625499438055476,0.75358024691358,2.87012475888,0.3009971834158495,0.76,2.02999863543,0.8617731330070418
7,70225,0.9116573842903781,13.0500985613,0.4788752933274498,0.804999999999999,2.4859023495,0.6837810015230236,0.64,4.49589846382,0.41392088888515144,0.58,3.3828867975,0.32273414784846843,0.5375,3.4702716794,0.34973546987389537,0.795555555555555,3.37018911469,0.4325867917647049,0.5925,2.14193833372,0.16625913526092506
7,70358,0.9552525446514301,4.90804053165,0.9020760302440372,0.75,2.89843151549,0.5404614079704279,0.48,0.533245598871,0.1171466947335337,0.47500000000000003,0.773933881301,0.12665103598211488,0.545,3.54931448649,0.3760691513909374,0.8291358024691351,3.56500720031,0.5497718547628863,0.5425,0.790994617176,0.10227416658742644
7,70659,0.90497407336278,12.7168929023,0.39240607338821165,0.5650000000000001,1.12881367421,0.06016779867071812,0.685,4.73391327366,0.6301489454411758,0.6025,3.9500474947,0.405654004351227,0.55,3.59264758539,0.39392727390629245,0.7832098765432091,3.24290057247,0.39174258130274,0.6950000000000001,4.98031671298,0.6445306396458016
7,70707,0.853082389091607,1.75537925275,0.021970683249197268,0.8825000000000001,2.09479515563,0.8727189986738239,0.7525000000000001,2.2501992217,0.871925078755897,0.6675,3.8411230906,0.6738585143261775,0.6425000000000001,2.97937142347,0.7170935864243937,0.8493827160493821,3.530089359,0.621823591452096,0.67,5.80826350489,0.5075920796481217
7,70749,0.8905703860188201,10.0761687845,0.22563357518304472,0.6575000000000001,2.87514654,0.24653634121853182,0.39,0.581658608855,0.06728893754852767,0.36,0.513620524688,0.0677036724173279,0.365,0.48750797272,0.02021518142266795,0.8661728395061721,3.3964338808,0.6801073042618904,0.39,0.291960603698,0.01926644901632292
7,70793,0.8893028615325521,9.75701019323,0.21306314996097092,0.6125,2.04785901718,0.13516481419489312,0.59,2.45726976864,0.23761384781040656,0.545,2.2637738088,0.22373897448944088,0.5275000000000001,3.34073783644,0.3156586287698955,0.808395061728395,3.47530127969,0.4765672278305054,0.66,5.80141509607,0.4493555672499621
7,70852,0.90013443441521,12.0841548079,0.33226819866318774,0.6975,3.32827254241,0.3722235437727555,0.705,4.16074973451,0.7196323777728943,0.6900000000000001,3.27741982566,0.7542208217653528,0.595,3.61014047274,0.5585493748045594,0.799012345679012,3.40155662495,0.44429164362804935,0.6975,4.85279120583,0.6568230032471806
7,72086,0.8713654695602071,5.04868780779,0.08078058991546633,0.847499999999999,2.50521158394,0.7908091088252751,0.545,1.05707713008,0.1624040304313933,0.5650000000000001,2.91237589133,0.2754667724652138,0.41750000000000004,1.20705839247,0.06291864702347529,0.515061728395061,0.131871218433,0.006054809517711776,0.585,1.78261062732,0.1515811645956696
7,74604,0.8229690800845011,0.139832443325,0.0013167146529623167,0.804999999999999,2.4859023495,0.6837810015230236,0.827499999999999,0.61149516213,0.9662368297473443,0.8300000000000001,0.474182189384,0.9778294123024199,0.9075000000000001,0.0714175903873,0.9973292193224407,0.789629629629629,3.31184551648,0.4127854614037257,0.9125000000000001,0.177912732819,0.9935225839335633
7,74635,0.8252736700595351,0.175208888929,0.001678351571137636,0.605,1.89825325323,0.12036610071830277,0.675,4.87976106988,0.5819902930369428,0.5575,2.66725700632,0.2545421187272096,0.655,2.74774504115,0.7529031607070327,0.769382716049382,3.07816859855,0.3480187426852529,0.5375,0.753823160473,0.09841605339221403
7,74688,0.8560015363933161,2.13146049048,0.027630540765993875,0.5,0.332799201488,0.016445022670617003,0.75,2.343449625,0.8661834954684902,0.7000000000000001,2.99301443289,0.7855814156621614,0.625,3.26958992825,0.6623423412131705,0.580246913580246,0.478447857409,0.023988384525948262,0.774999999999999,1.67608095749,0.8894498421114567
7,74696,0.8636450931438441,3.38594059505,0.0484627367026297,0.7825000000000001,2.52496211073,0.6277145427316131,0.7175,3.67590200398,0.7686770502062987,0.7125,2.63176700875,0.8207342957379818,0.6950000000000001,1.97558573159,0.847310622076237,0.892839506172839,2.99740913311,0.7658266478015705,0.6975,4.85279120583,0.6568230032471806
7,76409,0.9366621855194931,9.29371728934,0.771360665964187,0.7175,3.30325126806,0.43889163763787037,0.5325,0.850047995176,0.15055855875539692,0.51,1.31810273928,0.16210669536265043,0.52,3.22746111612,0.2910198714384223,0.885432098765432,3.1288673267,0.7431280167666985,0.5775,1.48622751667,0.13936217479359234
7,76496,0.660072978682542,1.12100757593e-11,5.798028998056164e-14,0.9325000000000001,1.03631543822,0.9513279821373057,0.8975000000000001,0.186067942223,0.991549820254477,0.9175000000000001,0.0717669349872,0.9975549617341904,0.804999999999999,0.512624113305,0.9728018738992762,0.8044444444444441,3.44641003296,0.46289362562789893,0.835,0.773204668053,0.9603880562751501
7,78211,0.525676973305166,1.48780690467e-25,5.214105844435404e-28,0.794999999999999,2.48332687202,0.6589558449019071,0.8600000000000001,0.35831987076,0.9816297950100685,0.81,0.668306181742,0.966491886463074,0.827499999999999,0.356995413492,0.9825081733405423,0.8740740740740741,3.30065752338,0.7065783707375904,0.8300000000000001,0.831811183965,0.9563765349338047
7,79262,0.786863837142308,0.00237463757973,1.872744518586445e-05,0.8400000000000001,2.52987694982,0.7719147531718733,0.8150000000000001,0.754537173386,0.9577342444302211,0.7275,2.21252810327,0.8570334649715758,0.827499999999999,0.356995413492,0.9825081733405423,0.897283950617283,2.91211355096,0.7789605826118695,0.7575000000000001,2.09921422675,0.8566123219599014
7,79313,0.9217591703476091,12.3290712005,0.6082480404659152,0.764999999999999,2.68601720751,0.5822905172944696,0.56,1.40721465927,0.18073895316459407,0.515,1.42966738008,0.16897247726831735,0.41250000000000003,1.12135639358,0.05709898872325595,0.7886419753086421,3.30160491412,0.4095195484371273,0.6175,3.70682993386,0.23846460004306294
7,79388,0.9097753024774341,13.0228042064,0.4543313636732774,0.725,3.24066389588,0.46344797516710096,0.75,2.343449625,0.8661834954684902,0.7325,2.07982498066,0.8677625744827215,0.715,1.61808721351,0.8831907412636546,0.8069135802469131,3.46485488316,0.4714263127626913,0.77,1.78376335178,0.8808039590053228
7,80513,0.8483195698098711,1.25322923143,0.014858255946337294,0.8250000000000001,2.52810808214,0.7339102420773375,0.76,1.98507502427,0.887793118041563,0.7075,2.77596219539,0.8072154483586341,0.5975,3.59139344591,0.567551697307645,0.8207407407407401,3.54235556879,0.5199244627723089,0.7825000000000001,1.52952986701,0.9014607845146709
7,80619,0.869406568081428,4.59193469454,0.0713416326407577,0.8150000000000001,2.50619249273,0.7087332371101527,0.8250000000000001,0.637484221227,0.9646758548476616,0.7775000000000001,1.1144925841,0.9380166311912791,0.6975,1.92912571107,0.8521914198362921,0.9777777777777771,1.14250877837,0.9413432844688685,0.77,1.78376335178,0.8808039590053228
7,80759,0.854042634914538,1.8730891092,0.0237123313997148,0.605,1.89825325323,0.12036610071830277,0.7825000000000001,1.33610740078,0.9247358888900028,0.6675,3.8411230906,0.6738585143261775,0.845,0.262638091786,0.9878982683224876,0.6167901234567901,0.85435528904,0.04791148922741645,0.6675,5.8276251739,0.49304435366212895
7,80766,0.8905703860188201,10.0761687845,0.22563357518304472,0.6375000000000001,2.52766220813,0.1924380982707126,0.7225,3.46852781634,0.7865400096161441,0.645,4.18934483451,0.582993507705637,0.645,2.93427729868,0.724485798198137,0.8197530864197531,3.53840228563,0.5164277707808643,0.6975,4.85279120583,0.6568230032471806
7,80873,0.9597080852698291,4.05507162162,0.9220038955151516,0.6325000000000001,2.43497083382,0.18003070398756782,0.7075,4.06922274898,0.7299205368428225,0.735,2.01513019438,0.872881028311524,0.705,1.79258599816,0.8661450454385997,0.8182716049382711,3.5319884183,0.5111903732403007,0.7775000000000001,1.62540854278,0.8935762954136047
7,84558,0.8444785865181481,0.938000560914,0.010673676783202878,0.7775000000000001,2.55872846916,0.6150095612670666,0.837499999999999,0.518497093576,0.9718730435491578,0.7925000000000001,0.885745218879,0.952965534555907,0.75,1.08773480645,0.9301614135435984,0.8256790123456791,3.55811424026,0.5374592785397265,0.7775000000000001,1.62540854278,0.8935762954136047
7,104560,0.850240061455732,1.43992496366,0.017441064475958924,0.8500000000000001,2.49227234523,0.7970564781077558,0.48,0.533245598871,0.1171466947335337,0.4,0.428078694013,0.08521328732643621,0.40750000000000003,1.03903854925,0.05169944126271452,0.9170370370370371,2.48880802894,0.8324035953035206,0.485,0.610542552279,0.06348338247435906
7,104598,0.8269637027078931,0.206073175584,0.001999908025476565,0.67,3.06473852804,0.283690043909521,0.645,4.63162001891,0.4367493563962506,0.5825,3.45613895891,0.33128333891588424,0.515,3.1451965099,0.27508612278407685,0.8543209876543211,3.50081867175,0.6391873038672311,0.685,5.42812878488,0.5923917950734958
7,104599,0.8580756673708471,2.4325471643,0.032358746908437985,0.6875,3.26535295868,0.3392178432610582,0.595,2.669198387,0.2504270318917332,0.5725,3.15292136228,0.29821635040805694,0.47000000000000003,2.25406119068,0.15288238079074293,0.8804938271604931,3.20825707982,0.7274779350649929,0.61,3.19626037519,0.21258787494677245
7,104688,0.657384290378336,6.71025720363e-12,3.4375729304931513e-14,0.8125,2.50032142281,0.7024751427500094,0.73,3.15268493709,0.8113707750280628,0.7275,2.21252810327,0.8570334649715758,0.7225,1.49354124752,0.8948558067630675,0.743209876543209,2.72548888642,0.2719782034129947,0.6625,5.82437373798,0.46389077604458606
7,104824,0.882081812944113,7.83317835496,0.1494816134612563,0.875,2.22226642448,0.8565185334590291,0.6000000000000001,2.88714352073,0.2643158787677225,0.6325000000000001,4.24825338525,0.5301478466669033,0.5675,3.6807222486,0.4577172452550929,0.8222222222222221,3.5477923585,0.5251764978463132,0.6175,3.70682993386,0.23846460004306294
7,107778,0.833877472632994,0.388936076941,0.003998010105398627,0.685,3.24295036148,0.331081956416037,0.7175,3.67590200398,0.7686770502062987,0.68,3.54598482709,0.7200857023655429,0.6000000000000001,3.5707229216,0.576504739015632,0.589135802469135,0.556822449016,0.028583327949270446,0.7375,2.79368905804,0.8081290757027145
7,107870,0.765815248703668,0.000161274396387,1.2125559162732037e-06,0.909999999999999,1.51949611998,0.9226750164995015,0.8225,0.664706412054,0.9630483811287833,0.8125,0.641095591086,0.9681284512829698,0.735,1.29896921408,0.9122916876898679,0.90716049382716,2.70810137076,0.8067297094689982,0.8150000000000001,1.02239767391,0.9424979575987625
7,107898,0.9443057422700211,7.39742304048,0.8351516557909111,0.6175,2.14662706218,0.145651448368102,0.794999999999999,1.06893995523,0.939703099410389,0.7025,2.92075433382,0.7929736719498797,0.6075,3.49763151579,0.6030212242320463,0.7614814814814811,2.97629917452,0.32409672260829936,0.6975,4.85279120583,0.6568230032471806
7,108143,0.8767428461686191,6.40064879605,0.11150718861948472,0.7225,3.2644613307,0.4553159869354689,0.6950000000000001,4.48762856203,0.6763329757044285,0.485,0.889888842535,0.13494674079215227,0.73,1.37480066755,0.9056083842893363,0.8824691358024691,3.17733743722,0.7337848820410978,0.625,4.2197757066,0.2681966302795927
7,108336,0.8269637027078931,0.206073175584,0.001999908025476565,0.5575,1.00175879801,0.052183172137386595,0.56,1.40721465927,0.18073895316459407,0.535,1.95846157204,0.20264560246125318,0.387499999999999,0.745848196421,0.0339489864291979,0.8469135802469131,3.54159465859,0.6130926900541473,0.595,2.27536268346,0.17177938657289638
7,108341,0.8097560975609751,0.03508587767,0.00030369187359606835,0.8075000000000001,2.48991995392,0.6900005713899267,0.52,0.707554186387,0.14088372294982465,0.5825,3.45613895891,0.33128333891588424,0.52,3.22746111612,0.2910198714384223,0.9516049382716051,1.68654272955,0.9045397628032492,0.595,2.27536268346,0.17177938657289638
7,108351,0.839408488573074,0.624688714282,0.0067570418784718604,0.6825,3.21819237677,0.32300505433735727,0.685,4.73391327366,0.6301489454411758,0.65,4.13690985474,0.6038156966222992,0.64,3.02370462265,0.7095895751719299,0.598518518518518,0.648748479564,0.03423170419277865,0.615,3.5350399237,0.22941243076571977
7,108388,0.8406376032264261,0.691095364952,0.007565085534730441,0.6900000000000001,3.28523842589,0.34740662345599227,0.64,4.49589846382,0.41392088888515144,0.5475,2.34307573055,0.22949733643286352,0.6000000000000001,3.5707229216,0.576504739015632,0.819259259259259,3.53632839157,0.5146809210478192,0.5875,1.89541876297,0.15617723620655347
7,108411,0.8743230266948331,5.77661380601,0.09677827713372361,0.875,2.22226642448,0.8565185334590291,0.6575000000000001,4.8597768816,0.49624557734572733,0.6175,4.17528665387,0.4667737954811259,0.7075,1.7481078675,0.8705707991327478,0.9303703703703701,2.17914810954,0.8635338578365387,0.67,5.80826350489,0.5075920796481217
7,108416,0.8364893412713651,0.48836285019,0.0051394374384065725,0.804999999999999,2.4859023495,0.6837810015230236,0.8174999999999991,0.723153101613,0.9595810428586369,0.71,2.70372184584,0.8140650076187109,0.74,1.22584125037,0.9186025832632583,0.807407407407407,3.46838971831,0.47313822716177156,0.804999999999999,1.16249303282,0.9315828548312508
7,108417,0.860149798348377,2.76272016668,0.03774150168879634,0.8,2.48146400334,0.6713648460924626,0.6325000000000001,4.25219069926,0.3810877848226687,0.5825,3.45613895891,0.33128333891588424,0.605,3.52379234696,0.594244079142932,0.973333333333333,1.22741557535,0.9360780686449098,0.5325,0.725067806606,0.09472192257684595
7,108652,0.945265988092951,7.1625615997,0.8421420782361282,0.525,0.556058758723,0.027353249812776398,0.6425000000000001,4.56666084509,0.42525026370287505,0.5075000000000001,1.26561216249,0.15887751044874426,0.43999999999999906,1.62961665951,0.09472698617940015,0.5560493827160491,0.306538673617,0.01460946326353082,0.5650000000000001,1.1242955192,0.1232083117437129
7,109008,0.8137507201843671,0.0541171557934,0.00047930538651626406,0.6950000000000001,3.31684041541,0.36391652304810085,0.5325,0.850047995176,0.15055855875539692,0.5275000000000001,1.74568918519,0.1887649048068824,0.5,2.87185480572,0.2299135321495685,0.6819753086419751,1.79642129574,0.13305244389958953,0.63,4.54879030039,0.2901248709285492
7,109067,0.7877856731323211,0.00266163610806,2.104631331616608e-05,0.8,2.48146400334,0.6713648460924626,0.794999999999999,1.06893995523,0.939703099410389,0.7625000000000001,1.38810243962,0.9193061502796777,0.71,1.70418579687,0.8748860482187681,0.8479012345679011,3.5372416822,0.6165884389890779,0.7525000000000001,2.24831855521,0.8457496471660708
7,129429,0.7937776070674091,0.00553230267975,4.4590507203329864e-05,0.7925000000000001,2.48712440499,0.6527432099712162,0.5875,2.35425339538,0.2315998968377121,0.5775,3.30778340365,0.31437044769805156,0.54,3.4984305842,0.35844671652193727,0.8172839506172841,3.52739532239,0.5077042371347863,0.68,5.60070867789,0.5648028048996412
7,129459,0.896331860956404,11.3879106499,0.2875909370256978,0.705,3.3437023139,0.39726157756014424,0.6925,4.55762793655,0.6650253143699089,0.6725,3.72981807121,0.6927900395111368,0.6375000000000001,3.06720314106,0.7019757588713762,0.838024691358024,3.56605099715,0.5814836990963043,0.6875,5.32754966313,0.6058382147252146
7,129490,0.8252736700595351,0.175208888929,0.001678351571137636,0.889999999999999,1.9508441867,0.8878991992457689,0.754999999999999,2.15930943076,0.8774364593528705,0.6575000000000001,4.03004870935,0.6344620615527332,0.625,3.26958992825,0.6623423412131705,0.9654320987654321,1.38654902524,0.9257579220321388,0.6975,4.85279120583,0.6568230032471806
7,129672,0.839408488573074,0.624688714282,0.0067570418784718604,0.725,3.24066389588,0.46344797516710096,0.38,0.577244242635,0.06149011304042716,0.485,0.889888842535,0.13494674079215227,0.43500000000000005,1.53108569861,0.08682618839385506,0.901234567901234,2.83271556356,0.7903094408775866,0.405,0.348102678009,0.024062612830522256
7,129907,0.9058959093527941,12.8014805191,0.4041688737415569,0.65,2.74987607254,0.2254380994787948,0.63,4.16171679696,0.3705695330080746,0.65,4.13690985474,0.6038156966222992,0.54,3.4984305842,0.35844671652193727,0.725432098765432,2.46657516882,0.22580825422535078,0.65,5.5695346177,0.3923176698612491
7,129987,0.9306702515844051,10.6983281308,0.7113888975104057,0.5625,1.08557570211,0.05739998991418986,0.6875,4.68108499401,0.6419189804237223,0.6575000000000001,4.03004870935,0.6344620615527332,0.6575000000000001,2.69992803847,0.7597128290538758,0.6869135802469131,1.87386355118,0.1421148654605583,0.6575000000000001,5.76422507538,0.43489556378636346
7,130043,0.8598041098521221,2.70564797885,0.03679634934333806,0.865,2.36076742621,0.833571193056356,0.899999999999999,0.177555869362,0.9920042846142102,0.8300000000000001,0.474182189384,0.9778294123024199,0.6950000000000001,1.97558573159,0.847310622076237,0.942716049382716,1.89001522487,0.8886485471016311,0.764999999999999,1.90118389627,0.8715959858408007
7,130166,0.918225465719224,12.7397331556,0.5639086696217468,0.8600000000000001,2.41500967948,0.8216274348552961,0.9325000000000001,0.0922961373854,0.9962700353847523,0.7875000000000001,0.957328380237,0.9483597213943084,0.875,0.146587231853,0.9939053690422813,0.8681481481481481,3.37440963865,0.6867947709536556,0.9325000000000001,0.108680459661,0.9963433965675418
7,130586,0.892452467831764,10.5324567566,0.24503073248412227,0.42750000000000005,0.0731102604762,0.004165737744760752,0.28500000000000003,0.308477434613,0.016887494512358804,0.20750000000000002,0.0156324915675,0.0004369304276268588,0.25,0.0236521726361,0.0006884177265588175,0.741728395061728,2.70440346112,0.26795604881215995,0.35750000000000004,0.187630887476,0.011549836648387967
7,134922,0.857922028039178,2.40925481198,0.03198680334240636,0.79,2.49306018087,0.6465184403192237,0.725,3.36352117589,0.7950801895675318,0.6925,3.20735226835,0.7623269731412472,0.635,3.10979296974,0.6942543167076445,0.679012345679012,1.74999626978,0.12779850575805876,0.6775,5.67093289339,0.5507108774759665
7,134923,0.879969272133666,7.26064663489,0.1335391080319482,0.735,3.12089515031,0.49528532043963763,0.725,3.36352117589,0.7950801895675318,0.6825,3.48097385049,0.7288697428244306,0.68,2.26197172084,0.81554302261918,0.77037037037037,3.09055223939,0.35106503147637097,0.7025,4.58615741541,0.6804257051946387
7,135551,0.823314768580756,0.144688932443,0.001365888206681571,0.774999999999999,2.57941873769,0.6085874012738322,0.8250000000000001,0.637484221227,0.9646758548476616,0.7575000000000001,1.48998850283,0.9121131940053189,0.6425000000000001,2.97937142347,0.7170935864243937,0.7629629629629631,2.99575447317,0.32852048500933195,0.7725000000000001,1.72880393937,0.8851941821382131
7,135973,0.849241405799884,1.34028527697,0.016053296539649698,0.8975000000000001,1.79461449467,0.9019509310212748,0.7925000000000001,1.11750887125,0.9369705200960812,0.8,0.786519356422,0.9592305922158334,0.745,1.15543041981,0.9245546296119418,0.9017283950617281,2.82257225046,0.7917058101565548,0.7825000000000001,1.52952986701,0.9014607845146709
7,136122,0.8521605531015941,1.64775709115,0.02040251660379601,0.8325,2.53596521974,0.7529075227585704,0.745,2.53643984235,0.8539871935378318,0.78,1.0733872427,0.9407512229702161,0.61,3.46974524037,0.6117307987691044,0.653827160493827,1.36239058641,0.08864256548397749,0.745,2.50153282778,0.8279610072293015
7,136139,0.7495678893796811,1.8552245457e-05,1.34200836874762e-07,0.845,2.51572405517,0.7845324430529034,0.837499999999999,0.518497093576,0.9718730435491578,0.8025,0.755509398507,0.9611579195090263,0.76,0.960418941376,0.9403932669450499,0.9422222222222221,1.90148261446,0.8877123753504923,0.784999999999999,1.48401210865,0.9052274007176648
7,136288,0.852506241597849,1.68750559046,0.020978976627947076,0.827499999999999,2.53193637955,0.7402355107779848,0.8125,0.787473009944,0.9558070639231196,0.7375,1.9516132657,0.8778392072060425,0.6225,3.30653441106,0.6541219130070313,0.93679012345679,2.02835238212,0.8770392773684027,0.7925000000000001,1.35554904687,0.9158687227184913
7,136820,0.9385442673324371,8.82891912524,0.7884157514085341,0.655,2.83418380376,0.23939950098279586,0.655,4.82779166983,0.4841346380549274,0.6275000000000001,4.24151482164,0.5089160845383626,0.5650000000000001,3.67440795072,0.4485228891651608,0.852345679012345,3.51353197175,0.6322593292199785,0.6175,3.70682993386,0.23846460004306294
7,136846,0.7226810063376221,4.18645370592e-07,2.762175129945099e-09,0.6525000000000001,2.79240540747,0.2323661016421864,0.7925000000000001,1.11750887125,0.9369705200960812,0.8075000000000001,0.696428590746,0.9647861605419881,0.875,0.146587231853,0.9939053690422813,0.6074074074074071,0.744481382327,0.04041767980706066,0.804999999999999,1.16249303282,0.9315828548312508
7,137085,0.660418667178797,1.19701986253e-11,6.198845266723438e-14,0.9400000000000001,0.892284528322,0.9585529471805572,0.875,0.278213190735,0.9863820995432837,0.8400000000000001,0.395435886961,0.982168212504565,0.8500000000000001,0.239536828101,0.9891530276559859,0.8148148148148141,3.51483008635,0.49900981718835036,0.8775000000000001,0.375365727194,0.9841552775624791
7,137869,0.0,1.68189604133e-133,2.3588395830639935e-136,0.972499999999999,0.422858407887,0.9792140489988559,0.905,0.161452512814,0.9928513032173851,0.875,0.196472422756,0.9922115441579104,0.8625,0.188609379441,0.9918191125279063,0.9772839506172831,1.15177075403,0.9407767974922481,0.8700000000000001,0.432451130203,0.9811294278339857
7,138039,0.8560015363933161,2.13146049048,0.027630540765993875,0.7325,3.15403140022,0.48744128524911473,0.63,4.16171679696,0.3705695330080746,0.6975,3.06497735375,0.7780088472491338,0.6075,3.49763151579,0.6030212242320463,0.716049382716049,2.32541185845,0.20332518056530785,0.6375000000000001,5.00021734591,0.32597262311955655
7,140859,0.9577491837910501,4.416827618,0.9137095364439525,0.59,1.598822771,0.09414270014277618,0.65,4.74294361881,0.46019640098519277,0.5975,3.84471221483,0.38616135653926525,0.59,3.64170548761,0.5404164253096329,0.6948148148148141,1.99760265969,0.15740983095929553,0.6000000000000001,2.56122538797,0.1838606808040386
7,140984,0.8857307470712501,8.82026780851,0.1798694835764772,0.8925000000000001,1.89990952614,0.8927129089301783,0.7625000000000001,1.90191043945,0.8926512883176775,0.754999999999999,1.54297992094,0.9083222684648234,0.6925,2.02246911177,0.8423131383108762,0.9160493827160491,2.51125525647,0.8299344203571297,0.7425,2.59445563492,0.8215919389690945
7,141053,1.0,0.479901212631,0.9929626956264429,0.7025,3.34179581094,0.38890401795923474,0.645,4.63162001891,0.4367493563962506,0.65,4.13690985474,0.6038156966222992,0.5,2.87185480572,0.2299135321495685,0.611358024691358,0.789665657544,0.04344756900056145,0.7025,4.58615741541,0.6804257051946387
7,141356,0.811791818705588,0.0438256436905,0.0003837048114884404,0.9475,0.760761062035,0.9647435855386853,0.8250000000000001,0.637484221227,0.9646758548476616,0.794999999999999,0.851610420333,0.9551370036863771,0.8425,0.274807177184,0.9872265490673773,0.8508641975308641,3.52218691817,0.6270475925758927,0.8400000000000001,0.717047898678,0.9641126639115549
7,142811,0.8137507201843671,0.0541171557934,0.00047930538651626406,0.7825000000000001,2.52496211073,0.6277145427316131,0.595,2.669198387,0.2504270318917332,0.58,3.3828867975,0.32273414784846843,0.535,3.44036836622,0.34109681186986324,0.714567901234567,2.30288137802,0.1998968076075553,0.675,5.72937907147,0.5364579579210053
7,142951,0.8876896485500281,9.33968151912,0.19765813527882004,0.784999999999999,2.51188060492,0.6340100737189988,0.804999999999999,0.896467213016,0.949502256846228,0.764999999999999,1.33919549381,0.9227149915157014,0.68,2.26197172084,0.81554302261918,0.929382716049382,2.20234033557,0.8613701585898562,0.7375,2.79368905804,0.8081290757027145
7,143324,0.8636835029767621,3.39325451802,0.04859293054627707,0.6775,3.16226548383,0.3070505294923283,0.5725,1.79080610847,0.20063950216846932,0.66,3.98747033938,0.6444846475821141,0.59,3.64170548761,0.5404164253096329,0.6972839506172831,2.03615189249,0.16238979067978232,0.625,4.2197757066,0.2681966302795927
7,145305,0.9097753024774341,13.0228042064,0.4543313636732774,0.725,3.24066389588,0.46344797516710096,0.7675000000000001,1.74379028388,0.9017609331686396,0.745,1.76855275533,0.891782639057271,0.6575000000000001,2.69992803847,0.7597128290538758,0.7970370370370371,3.38388688591,0.4375898571983518,0.6875,5.32754966313,0.6058382147252146
7,145335,0.693796811983867,4.53509808714e-09,2.66519143040196e-11,0.8,2.48146400334,0.6713648460924626,0.55,1.16076592651,0.1679433810589226,0.5425,2.18551225153,0.21817760013879223,0.5875,3.65445407515,0.5312957990758476,0.79753086419753,3.38836890931,0.4392620208721722,0.5,0.637795732539,0.07285137068622881
7,145444,0.8017284424812751,0.0141652381684,0.00011782562224759552,0.794999999999999,2.48332687202,0.6589558449019071,0.8525,0.405528221157,0.9787687198560333,0.754999999999999,1.54297992094,0.9083222684648234,0.7975000000000001,0.573958470936,0.9687302929712327,0.861728395061728,3.44119597602,0.6649100979754544,0.6925,5.10263372876,0.6319257598541549
7,146557,0.8974841559439211,11.6153796542,0.30084551941110654,0.74,3.04995303734,0.5107146905435246,0.73,3.15268493709,0.8113707750280628,0.72,2.4188375104,0.8396707738680803,0.5700000000000001,3.68490377808,0.4669247229799615,0.9002469135802461,2.85286064813,0.7875017332345683,0.6825,5.51948820303,0.5787052552149388
7,146877,0.5736892644516991,5.90898238302e-20,2.337784340064695e-22,0.865,2.36076742621,0.833571193056356,0.865,0.329661731091,0.9833488715308797,0.715,2.56022398988,0.8272241860723397,0.8400000000000001,0.287399559323,0.9865238796878488,0.863209876543209,3.42701801456,0.6699977560198402,0.5625,1.06958921147,0.12046707048503916
7,146928,0.837718455924716,0.542282660959,0.005772331392466181,0.885,2.04844721536,0.8778984191809006,0.855,0.389190512935,0.9797619873966258,0.8600000000000001,0.268638025387,0.9887454200055594,0.8150000000000001,0.438378174204,0.9775498777049761,0.803456790123456,3.43868170322,0.459493564172851,0.8174999999999991,0.989065820957,0.9450121524517778
7,146993,0.37584021509506405,1.30040122231e-47,3.354186830930856e-50,0.8,2.48146400334,0.6713648460924626,1.0,0.0176548057766,0.9994172559333461,1.0,0.00579730241461,0.9998472184635644,0.9500000000000001,0.0241217851399,0.999206655508089,0.8528395061728391,3.51047945465,0.6339936564787075,1.0,0.0141989197319,0.999622715847188
7,147026,0.8626848473209141,3.20636673704,0.04529812344543791,0.645,2.66277962868,0.21190538104623788,0.655,4.82779166983,0.4841346380549274,0.615,4.14791458061,0.4563689102780866,0.52,3.22746111612,0.2910198714384223,0.815802469135802,3.52003935949,0.5024838466818204,0.625,4.2197757066,0.2681966302795927
7,147101,0.861724601497983,3.0331158833,0.04230291204658193,0.8525,2.47682931232,0.8032683834944963,0.865,0.329661731091,0.9833488715308797,0.7225,2.34920526149,0.8456306629175441,0.8600000000000001,0.198048457598,0.9913358653357223,0.9007407407407401,2.84281192994,0.7889080741179509,0.6825,5.51948820303,0.5787052552149388
7,147111,0.9010946802381411,12.2337291558,0.34394467537568507,0.837499999999999,2.53377050196,0.765584776682178,0.735,2.94299179835,0.8266089601917352,0.774999999999999,1.1568480526,0.9351777182401905,0.605,3.52379234696,0.594244079142932,0.852345679012345,3.51353197175,0.6322593292199785,0.6225,4.05026519886,0.25785858115378624
7,147193,0.752294987516804,2.68118645955e-05,1.9538009612487706e-07,0.75,2.89843151549,0.5404614079704279,0.7825000000000001,1.33610740078,0.9247358888900028,0.7825000000000001,1.03350817899,0.9433845893324937,0.8500000000000001,0.239536828101,0.9891530276559859,0.6439506172839501,1.21730294905,0.07590784494491183,0.7975000000000001,1.27557443921,0.9224448467207588
7,819,0.8252736700595351,0.175208888929,0.001678351571137636,0.8300000000000001,2.53462831067,0.7465689766621272,0.7025,4.24874718925,0.7091197295941963,0.7075,2.77596219539,0.8072154483586341,0.7775000000000001,0.762810674916,0.9554257114131341,0.7214814814814811,2.40747414988,0.21618033446489215,0.7225,3.49612037218,0.7611427547798241
7,1942,0.8467447666602651,1.11500482261,0.012995207159292192,0.784999999999999,2.51188060492,0.6340100737189988,0.6725,4.89884388476,0.5697655394984512,0.5925,3.72627133679,0.3672287342400251,0.585,3.66514062173,0.5221458734195566,0.755061728395061,2.89032217463,0.305264196710604,0.6075,3.03105305075,0.20480445748600232
7,1993,0.8857307470712501,8.82026780851,0.1798694835764772,0.905,1.63071165473,0.9147992282126838,0.7375,2.83934637713,0.8338366662586555,0.7525000000000001,1.59733865168,0.9043971548504143,0.63,3.19195069835,0.6784981967120199,0.905679012345679,2.73982099384,0.802694167662699,0.835,0.773204668053,0.9603880562751501
