user,id,kinnennScore,kinnennScore_pdf,kinnennScore_cdf,mealScore,mealScore_pdf,mealScore_cdf,locationScore,locationScore_pdf,locationScore_cdf,roomScore,roomScore_pdf,roomScore_cdf,equipmentScore,equipmentScore_pdf,equipmentScore_cdf,serviceScore,serviceScore_pdf,serviceScore_cdf,bathScore,bathScore_pdf,bathScore_cdf,chargeScore,chargeScore_pdf,chargeScore_cdf,distanceScore,distanceScore_pdf,distanceScore_cdf
14,101,1.0,nan,0.0,0.6975,2.15832019951,0.4122113596852432,0.9400000000000001,2.04972644041,0.9196184446499311,0.6000000000000001,0.860101175842,0.03884463760491214,0.655,3.09808661661,0.20106644843535573,0.73,4.22179228346,0.38196983600591883,0.625,2.86750228582,0.2517323292850024,0.9297100057614741,1.2187412354,0.9224478960687958,0.9797530864197531,1.2206244717,0.8716044414933356
14,192,1.0,nan,0.0,0.6675,2.07799280423,0.3485088659642028,0.745,2.48632520292,0.1064086815762235,0.6775,2.4886173303,0.16416282498766818,0.63,2.38406188804,0.13246433541787717,0.66,2.52551755297,0.13721973488728714,0.5325,1.17071528743,0.06518747909858946,0.8213942769348951,2.94284806254,0.6955638203749692,0.755061728395061,2.27794762269,0.36120454639188154
14,223,0.0,nan,0.0,0.5825,1.56894775096,0.19117548324075137,0.605,0.0382661921097,0.0008199279562488474,0.605,0.939368861621,0.04334141496454228,0.6375000000000001,2.60118912632,0.15115865883269386,0.6775,3.06311036566,0.18614418135604882,0.5575,1.60713067231,0.09978197117807498,0.8713654695602071,2.17184000508,0.8242627506326193,0.8103703703703701,3.1766609377,0.5131162987505893
14,388,1.0,nan,0.0,0.7825000000000001,2.22889949369,0.597627710373278,0.915,3.11105480342,0.8553966418963274,0.7675000000000001,3.80580780298,0.4637751181146017,0.7575000000000001,4.02211592481,0.6036381576234179,0.7675000000000001,4.20087318337,0.5424193150624927,0.675,3.39469263203,0.4108275886667336,0.713885154599577,3.10725264731,0.347302878393214,0.851358024691358,2.74544035571,0.6387797318620122
14,398,0.0,nan,0.0,0.847499999999999,2.45022654242,0.7527364891823168,0.61,0.0473111489075,0.0010331557129484624,0.6325000000000001,1.45348350354,0.07595157063940024,0.635,2.52876716726,0.14474620283280698,0.66,2.52551755297,0.13721973488728714,0.545,1.3811979474,0.08111905660675804,0.8828884194353751,1.97484158174,0.8481544192703155,0.720493827160493,1.95951829305,0.2885871794489202
14,462,1.0,nan,0.0,0.7075,2.17116791245,0.4338643793810489,0.79,4.40574730354,0.2620978654771702,0.68,2.54766910888,0.17045824915766247,0.7975000000000001,3.32498676687,0.7517475912395435,0.8300000000000001,2.97798042256,0.7698488532950445,0.64,3.0873456435,0.29644757876464645,0.965469560207413,0.759829125757,0.9574405546816711,0.810864197530864,3.17992455538,0.514685834885086
14,509,0.0,nan,0.0,0.8225,2.44707172316,0.6910030765917123,0.919999999999999,2.88927733494,0.8703965404721262,0.6950000000000001,2.89127523477,0.21127864689344042,0.6375000000000001,2.60118912632,0.15115865883269386,0.6950000000000001,3.55860660777,0.2441836994458753,0.5125000000000001,0.873100799056,0.04483468036945932,0.6792778951411561,2.65645097562,0.24706702289654445,0.9125925925925921,1.76079973209,0.7717246635730031
14,568,1.0,nan,0.0,0.5675,1.45356600398,0.1685024594122615,0.9450000000000001,1.85879015375,0.9293858706934296,0.6625,2.13148523002,0.1295109729895571,0.685,3.81234885826,0.30535260778635936,0.7975000000000001,3.69002187997,0.6615668839412335,0.865,1.66933772027,0.9164297205628853,0.786863837142308,3.2742643231,0.5875683150015841,0.9432098765432091,1.50982705079,0.8217153798147804
14,570,1.0,nan,0.0,0.857499999999999,2.37154941454,0.7768872683977535,0.8775000000000001,4.66654078825,0.7083590300556412,0.8625,2.993125931,0.7971223299900283,0.754999999999999,4.05202029602,0.5935450546844274,0.7825000000000001,3.98473815595,0.6039328481312242,0.735,3.11628474387,0.611066922400522,0.765700019204916,3.35268562108,0.5172600969731823,0.946172839506172,1.4864142546,0.8261542562437255
14,610,0.0,nan,0.0,0.8225,2.44707172316,0.6910030765917123,0.9175000000000001,2.99988645437,0.8630352265783462,0.7825000000000001,3.78094094236,0.5207600544874819,0.6875,3.85877605675,0.3149420254622815,0.725,4.1634741647,0.36100091423200703,0.615,2.69965799508,0.22388442021506536,0.880929517956596,2.00835113637,0.8442530822249946,0.899753086419753,1.8876732313,0.7483295546729427
14,630,0.0,nan,0.0,0.7725000000000001,2.19837665526,0.5755039684118334,0.6875,0.696444333822,0.021399560049941344,0.74,3.65527548593,0.36057130875808135,0.6375000000000001,2.60118912632,0.15115865883269386,0.68,3.13768701157,0.19389537178087926,0.5575,1.60713067231,0.09978197117807498,0.9405031688112151,1.06680833021,0.9347722646454781,0.7629629629629631,2.39204449722,0.3796406363810229
14,658,0.0,nan,0.0,0.63,1.89505337163,0.27375492248576894,0.665,0.35816742314,0.009864083118342519,0.59,0.715239373059,0.030983103530438164,0.54,0.471151873876,0.016774757204889162,0.5775,0.569373770203,0.020144691242022082,0.47750000000000004,0.479865568134,0.021632430461016827,0.656270405223737,2.28377186717,0.1901664470332713,0.65679012345679,1.50596032489,0.1777998934817451
14,659,0.0,nan,0.0,0.62,1.83343475188,0.25510862759614583,0.65,0.218143830172,0.005613357279220453,0.645,1.72516446551,0.09579758439104584,0.5925,1.38047095653,0.06252135149179017,0.6125,1.20395960378,0.050230165142535005,0.47750000000000004,0.479865568134,0.021632430461016827,0.531745726906087,0.526297485422,0.027174725761956106,0.622222222222222,1.23370016717,0.13043515083884288
14,716,0.0,nan,0.0,0.8025,2.3319983355,0.6431573385711911,0.735,2.08200191206,0.08359190579005665,0.8325,3.37995799452,0.7011153774196102,0.715,4.18977189625,0.42639866639659774,0.7225,4.12920905803,0.35063436453666597,0.645,3.1503312578,0.31204411788787767,0.7945073938928361,3.2211762806,0.6124004578330485,0.819259259259259,3.20097505352,0.5415162345106922
14,767,0.0,nan,0.0,0.7325,2.17852715364,0.4882957806406178,0.8725,4.82965454661,0.6846117697716707,0.7000000000000001,2.99956962241,0.2260074116370841,0.6625,3.2986439901,0.22506090108749172,0.6950000000000001,3.55860660777,0.2441836994458753,0.5975,2.37800672819,0.17941395807281363,0.7599385442673321,3.35586577116,0.4979307348022834,0.9007407407407401,1.87692152759,0.7501885973068555
14,839,1.0,nan,0.0,0.735,2.17803477749,0.4937415012420092,0.925,2.67064532332,0.8842946672104914,0.845,3.23807389117,0.7424983493477691,0.7875000000000001,3.52973119661,0.7174611671419554,0.8150000000000001,3.30252615911,0.7227752602731081,0.7275,3.20123432938,0.5873695273665559,0.782024198194737,3.3012588392,0.5716546254230225,1.0,1.06334728339,0.8947178058307224
14,858,0.0,nan,0.0,0.5675,1.45356600398,0.1685024594122615,0.6475000000000001,0.200020572241,0.005090928269806926,0.65,1.83883395129,0.1047065666811454,0.635,2.52876716726,0.14474620283280698,0.61,1.14779031348,0.04729082161282358,0.5525,1.51514503797,0.09197710099024596,0.7714614941425001,3.34163997122,0.5365484539831371,0.631604938271604,1.30785009025,0.14235822935521703
14,864,0.0,nan,0.0,0.75,2.17577834519,0.5263900442246718,0.919999999999999,2.88927733494,0.8703965404721262,0.71,3.20247594366,0.2570344119464685,0.6375000000000001,2.60118912632,0.15115865883269386,0.6900000000000001,3.42438345953,0.2267232636348624,0.5625,1.70093090661,0.10805143370070387,0.8713654695602071,2.17184000508,0.8242627506326193,0.899753086419753,1.8876732313,0.7483295546729427
14,922,1.0,nan,0.0,0.4525,0.619572085236,0.051549924921904196,0.6825,0.605689667847,0.018148242593127254,0.5750000000000001,0.531486204138,0.021681936289967053,0.595,1.43992284375,0.06604656248572775,0.605,1.0404449512,0.04182302360872554,0.454999999999999,0.308413536169,0.012873371977124796,0.9174188592279621,1.40420266252,0.9063410455018974,0.5837037037037031,0.939208378691,0.08865912720034014
14,930,1.0,nan,0.0,0.7125,2.17516768789,0.44473085665937284,0.885,4.39399313761,0.7423552004744136,0.7925000000000001,3.7307322442,0.5583376915926637,0.75,4.10537595224,0.573147880614583,0.78,4.02724910814,0.5939173858621603,0.685,3.41930766411,0.44492248656792127,0.56024582293067,0.811084999806,0.046030300965756,0.750123456790123,2.21663335169,0.3501098470880191
14,995,1.0,nan,0.0,0.7875000000000001,2.24988068752,0.6088230946602651,0.65,0.218143830172,0.005613357279220453,0.5325,0.200761593323,0.007010594792407883,0.51,0.216678274361,0.00685018133138099,0.5775,0.569373770203,0.020144691242022082,0.52,0.978672275287,0.05177417901351729,0.8674860764355671,2.23776596606,0.8157093329292034,0.7664197530864191,2.44823892071,0.3880054888835984
14,996,0.0,nan,0.0,0.625,1.86482221859,0.26435473633241074,0.725,1.7116386514,0.06465507868639525,0.6375000000000001,1.55976610512,0.08348326739327157,0.6000000000000001,1.5627675155,0.07355114980824586,0.65,2.21851933184,0.113504938136974,0.5325,1.17071528743,0.06518747909858946,0.8703668139043591,2.18884539753,0.8220853373222934,0.8390123456790121,2.99755120696,0.6032738121414813
14,1119,0.0,nan,0.0,0.5,0.933125076732,0.08816430974410161,0.7325,1.98592994477,0.07850744904262856,0.58,0.588373944403,0.024479807430138244,0.545,0.530146152942,0.019275786982429884,0.6000000000000001,0.93983011029,0.03687515030109625,0.5075000000000001,0.806889217498,0.04063610635632605,0.8574227002112541,2.40630844088,0.7923381331368968,0.8874074074074071,2.04213328687,0.7241129690219356
14,1128,1.0,nan,0.0,0.8700000000000001,2.20627045924,0.8055700170401766,0.7725000000000001,3.6852861219,0.19115996647909173,0.6775,2.4886173303,0.16416282498766818,0.6925,3.94404942836,0.33445339344952596,0.7425,4.30524492414,0.435358332386679,0.6025,2.47261540452,0.19154121269457522,0.858882273862108,2.38215449656,0.7958327044986585,0.7935802469135801,2.95864206303,0.46135279890259
14,1186,0.0,nan,0.0,0.5750000000000001,1.51167390205,0.1796225481072572,0.67,0.418608643504,0.011802851692494051,0.6625,2.13148523002,0.1295109729895571,0.6175,2.0282386557,0.10490037231980857,0.7225,4.12920905803,0.35063436453666597,0.65,3.20749396465,0.32794118473068157,0.7987708853466481,3.18620666582,0.6260606986432378,0.712592592592592,1.9059503255,0.27331729598048643
14,1356,0.0,nan,0.0,0.79,2.26174440915,0.6144624429108795,0.925,2.67064532332,0.8842946672104914,0.8125,3.57612858603,0.6315006869170426,0.774999999999999,3.76089911113,0.6718624582287653,0.7575000000000001,4.28475289528,0.49994684668831413,0.73,3.1741222081,0.5953389876587946,0.704513155367774,3.00317244513,0.31865734310049504,0.8316049382716041,3.1114157714,0.5806246042635217
14,1357,0.0,nan,0.0,0.76,2.17964916081,0.5481611160794354,0.835,5.40062864864,0.4888401262274688,0.8075000000000001,3.6197523704,0.6135099000892676,0.78,3.67218355429,0.6904474095499148,0.8025,3.58143472763,0.6797468900566446,0.72,3.27445033707,0.5630777757482723,0.283887075091223,0.00112782257367,3.218610455209855e-05,0.6083950617283951,1.12551674525,0.1141266277874213
14,1386,0.0,nan,0.0,0.5825,1.56894775096,0.19117548324075137,0.8600000000000001,5.15813551739,0.6220613757666595,0.7425,3.68005104091,0.3697409223474937,0.7025,4.08217914018,0.37462171696358926,0.6975,3.62290283199,0.2531610032849914,0.6525000000000001,3.23377788675,0.33599310112118635,0.694680238140964,2.87839568246,0.2897286835705019,0.866666666666666,2.40841089972,0.6782029290192779
14,1404,0.0,nan,0.0,0.75,2.17577834519,0.5263900442246718,0.75,2.69839513295,0.11936820226564897,0.7875000000000001,3.75872755119,0.5396117936135874,0.6725,3.54607272595,0.2593063119156709,0.6725,2.91154878929,0.171206364149208,0.77,2.63851358666,0.7119623143676691,0.41317457269060803,0.0472352641718,0.0017600828040398979,0.575802469135802,0.882277555874,0.08146413334174953
14,1500,0.0,nan,0.0,0.6875,2.13857742016,0.39072100432300605,0.9375,2.14855533917,0.9143710377552415,0.5825,0.618434257577,0.025988090650115578,0.5675,0.865586246527,0.03475587626721969,0.73,4.22179228346,0.38196983600591883,0.387499999999999,0.0625680783586,0.0021279194061052313,0.9097753024774341,1.52530900169,0.8951476459018343,0.8859259259259251,2.0635863149,0.7210717810702623
14,1501,0.0,nan,0.0,0.55,1.31619008931,0.1442648866182906,0.9450000000000001,1.85879015375,0.9293858706934296,0.6025,0.899165678014,0.041043483624864284,0.505,0.188192158152,0.005839401289454048,0.6425000000000001,1.99453340984,0.09771048364398904,0.4,0.0866694689608,0.0030535529062083156,0.8521605531015941,2.49232424635,0.7794486932730331,0.775308641975308,2.60804744994,0.41046326857547943
14,1511,1.0,nan,0.0,0.6075,1.7504031764,0.2327032259098596,0.8700000000000001,4.9048705385,0.6724426907516972,0.54,0.241803711339,0.00866628531188091,0.52,0.284424017176,0.00934307617910918,0.6125,1.20395960378,0.050230165142535005,0.5925,2.28196032383,0.16776354108696212,0.8636450931438441,2.3025981848,0.8069894370124207,0.724444444444444,1.98724395714,0.2963829533013399
14,1556,1.0,nan,0.0,0.705,2.16857918774,0.42843961139753517,0.7825000000000001,4.10912996517,0.23015276384053532,0.705,3.10353885725,0.24126713374022188,0.6625,3.2986439901,0.22506090108749172,0.675,2.98768035694,0.17858053104743643,0.6525000000000001,3.23377788675,0.33599310112118635,0.788745918955252,3.26236421912,0.5937196716600238,0.675555555555555,1.6483813051,0.2074068184865807
14,1630,0.0,nan,0.0,0.8525,2.41717721196,0.7649102552393547,0.64,0.153115409023,0.0037733374830084157,0.6825,2.60635973135,0.1769008696029192,0.6325000000000001,2.4563529318,0.13851481647244848,0.6525000000000001,2.29460201028,0.11914621837177998,0.6075,2.56530238161,0.20413690960362943,0.888611484540042,1.87719620018,0.8591769116251733,0.6335802469135801,1.32348659223,0.14495708014591002
14,1667,0.0,nan,0.0,0.75,2.17577834519,0.5263900442246718,0.8,4.75849882012,0.30796586720051655,0.6175,1.15721017293,0.05641614213415885,0.6625,3.2986439901,0.22506090108749172,0.68,3.13768701157,0.19389537178087926,0.49,0.601679824235,0.028371168844282157,0.660072978682542,2.34761013599,0.1989722257824999,0.902222222222222,1.86115909582,0.7529574932355607
14,1680,1.0,nan,0.0,0.784999999999999,2.23892009654,0.6032122863539647,0.8700000000000001,4.9048705385,0.6724426907516972,0.7275,3.49961760791,0.31579932434367153,0.6950000000000001,3.98273539125,0.34436243603693295,0.7925000000000001,3.79451568876,0.6428534930199369,0.6975,3.40794185714,0.4876414483335402,0.8974841559439211,1.72736391081,0.8751661305005616,0.875061728395061,2.24316470926,0.6977131732829898
14,1725,1.0,nan,0.0,0.615,1.80096595674,0.24602219111676,0.7425,2.38252188288,0.10032296297025604,0.6475000000000001,1.78169505729,0.10018102612161306,0.6000000000000001,1.5627675155,0.07355114980824586,0.685,3.28366617734,0.20995068952832557,0.625,2.86750228582,0.2517323292850024,0.84251968503937,2.64450903885,0.7546806155392761,0.760987654320987,2.36162998059,0.3749458558073736
14,1764,0.0,nan,0.0,0.7725000000000001,2.19837665526,0.5755039684118334,0.857499999999999,5.20854413247,0.6091018940226385,0.7425,3.68005104091,0.3697409223474937,0.67,3.48673271755,0.2505149259448302,0.7075,3.85789926297,0.2905964943252269,0.645,3.1503312578,0.31204411788787767,0.7307470712502401,3.25229961159,0.4010008027830793,0.880987654320987,2.14026817772,0.7106952263788799
14,1770,0.0,nan,0.0,0.635,1.92405514968,0.2833032209652858,0.835,5.40062864864,0.4888401262274688,0.64,1.61414876091,0.0874504962882607,0.5775,1.05359389719,0.04433146703965967,0.6025,0.989293188757,0.03928620241641577,0.5525,1.51514503797,0.09197710099024596,0.785327443825619,3.28340010402,0.582530672173644,0.722962962962963,1.97673831188,0.2934466880347475
14,1799,0.0,nan,0.0,0.8250000000000001,2.45742491042,0.6971340225593015,0.8,4.75849882012,0.30796586720051655,0.885,2.54983714128,0.8597881883442675,0.8400000000000001,2.32762258843,0.8724470433721687,0.81,3.41441208297,0.7059831316987563,0.8500000000000001,1.87313842107,0.8897758729094801,0.434415210293835,0.0781862665104,0.0030679994226509555,0.7614814814814811,2.36911582325,0.37611393794782483
14,1872,0.0,nan,0.0,0.6075,1.7504031764,0.2327032259098596,0.9475,1.76690651248,0.9339174762679728,0.6475000000000001,1.78169505729,0.10018102612161306,0.6075,1.75612598309,0.08599055364922137,0.66,2.52551755297,0.13721973488728714,0.52,0.978672275287,0.05177417901351729,0.683272517764547,2.71669528197,0.25779942996031874,0.7866666666666661,2.82941718403,0.44133788300683235
14,1927,0.0,nan,0.0,0.5,0.933125076732,0.08816430974410161,0.8400000000000001,5.40019744462,0.5158524243430977,0.5775,0.559396293561,0.02304531866851388,0.5775,1.05359389719,0.04433146703965967,0.66,2.52551755297,0.13721973488728714,0.52,0.978672275287,0.05177417901351729,0.814518916842711,3.02634649507,0.6750392566458974,0.8172839506172841,3.20202779153,0.535191662808669
14,1996,0.0,nan,0.0,0.62,1.83343475188,0.25510862759614583,0.7325,1.98592994477,0.07850744904262856,0.495,0.0722959501333,0.0022345871131815654,0.525,0.324267422957,0.010863044533752978,0.67,2.83486550459,0.16402324679747723,0.6000000000000001,2.42552084932,0.18541844865365706,0.8560015363933161,2.42971060295,0.788901731447712,0.7866666666666661,2.82941718403,0.44133788300683235
14,1997,1.0,nan,0.0,0.7775000000000001,2.21174051408,0.5865277151258448,0.67,0.418608643504,0.011802851692494051,0.685,2.66460090715,0.18348967330347457,0.6625,3.2986439901,0.22506090108749172,0.6900000000000001,3.42438345953,0.2267232636348624,0.59,2.23354667339,0.1621191132933044,0.8905703860188201,1.84391639053,0.8628215431274475,0.493827160493827,0.404024508605,0.03025641660080067
14,2335,0.0,nan,0.0,0.75,2.17577834519,0.5263900442246718,0.6900000000000001,0.745498558731,0.02320146768110668,0.64,1.61414876091,0.0874504962882607,0.5825,1.15668887079,0.04985467462186268,0.675,2.98768035694,0.17858053104743643,0.485,0.550539176897,0.02549198279408444,0.9059343191857111,1.58758706275,0.8891696350445006,0.884444444444444,2.08574363995,0.7179982913511236
14,2465,1.0,nan,0.0,-0.25,1.18385173929e-07,3.329744245022757e-09,0.7225,1.62515084803,0.060484625202268216,0.6675,2.25051689171,0.14046575238176337,0.7775000000000001,3.71721470065,0.6812103890140214,0.7225,4.12920905803,0.35063436453666597,0.555,1.56089211303,0.09582204126799872,0.937007874015748,1.1148127794,0.9309599029419052,0.8153086419753081,3.19933892256,0.528868712539794
14,2605,1.0,nan,0.0,-0.25,1.18385173929e-07,3.329744245022757e-09,0.59,0.0196841587449,0.00039915684655861223,0.339999999999999,0.000211127873197,4.380716095338979e-06,0.3025,3.95733554773e-05,6.904180664030481e-07,0.339999999999999,3.7408918997e-05,6.284831490656982e-07,0.355,0.0251358941905,0.0007836216356071008,0.8767428461686191,2.07999883963,0.8356947864452,0.803456790123456,3.1097161679,0.4913636126933246
14,2876,0.0,nan,0.0,0.6075,1.7504031764,0.2327032259098596,0.9550000000000001,1.50666183501,0.9461785674047898,0.8174999999999991,3.53012108275,0.6492672228495925,0.794999999999999,3.37759071326,0.7433691845711984,0.8400000000000001,2.77835677769,0.7986178484160803,0.889999999999999,1.20101923375,0.9525575197889466,0.602458229306702,1.38537402105,0.09178823694275466,0.886913580246913,2.04920716967,0.7231027646508794
14,2877,1.0,nan,0.0,0.6875,2.13857742016,0.39072100432300605,0.8075000000000001,4.98173672978,0.34451645144309484,0.6725,2.3697770897,0.15201652474582827,0.75,4.10537595224,0.573147880614583,0.635,1.77903805496,0.08356567043187883,0.635,3.01892885682,0.28117971494052973,0.748454004225081,3.33870309688,0.45945884239481016,0.845432098765432,2.87311148451,0.6221280415825466
14,2958,0.0,nan,0.0,0.6825,2.12605533577,0.3800586849768441,0.8775000000000001,4.66654078825,0.7083590300556412,0.5325,0.200761593323,0.007010594792407883,0.59,1.32238845941,0.059143066406511645,0.65,2.21851933184,0.113504938136974,0.7475,2.95473469142,0.6490323034954124,0.8905703860188201,1.84391639053,0.8628215431274475,0.9797530864197531,1.2206244717,0.8716044414933356
14,4771,1.0,nan,0.0,0.6025,1.71556888742,0.22403794240674796,0.8975000000000001,3.88368667059,0.7941501839484179,0.705,3.10353885725,0.24126713374022188,0.635,2.52876716726,0.14474620283280698,0.705,3.80276139321,0.28102013369362727,0.5175000000000001,0.942656269402,0.04937268890375464,0.7637795275590551,3.35462189368,0.5108192928658216,0.79753086419753,3.02530045213,0.47317519505281064
14,4778,1.0,nan,0.0,0.7875000000000001,2.24988068752,0.6088230946602651,0.9400000000000001,2.04972644041,0.9196184446499311,0.774999999999999,3.80181073663,0.49231483023717754,0.7125,4.17420643678,0.4159430690440346,0.6875,3.35475982847,0.21824901220970513,0.6575000000000001,3.28154231253,0.3522841138727482,0.594814672556174,1.26916664874,0.08164616676463349,0.941234567901234,1.5254382523,0.8187175878745272
14,4801,1.0,nan,0.0,0.7075,2.17116791245,0.4338643793810489,0.764999999999999,3.35594444834,0.1647520341994312,0.64,1.61414876091,0.0874504962882607,0.625,2.24029366778,0.12090401886160318,0.735,4.2660474003,0.4031953898266781,0.6725,3.38389761642,0.40235396816248065,0.8214326867678121,2.94236047384,0.695676845313976,0.8103703703703701,3.1766609377,0.5131162987505893
14,4805,0.0,nan,0.0,0.7675000000000001,2.18857221954,0.5645380074582309,0.9125000000000001,3.22254252065,0.8474796861631322,0.8400000000000001,3.29720316726,0.7261586348561069,0.74,4.18386930897,0.5316688335052128,0.7725000000000001,4.13982957263,0.5632760567244767,0.6975,3.40794185714,0.4876414483335402,0.7753024774342231,3.32994291222,0.5493622760762586,0.940246913580246,1.53324685084,0.8172071263195556
14,4819,0.0,nan,0.0,0.6025,1.71556888742,0.22403794240674796,0.7225,1.62515084803,0.060484625202268216,0.715,3.2956982351,0.27328236657893906,0.6725,3.54607272595,0.2593063119156709,0.6725,2.91154878929,0.171206364149208,0.56,1.65382334683,0.10385807311063515,0.8751680430190121,2.10693083403,0.8323979888008269,0.884444444444444,2.08574363995,0.7179982913511236
14,4977,1.0,nan,0.0,0.64,1.95175674532,0.2929933068675472,0.8500000000000001,5.32612922649,0.5695646841984027,0.685,2.66460090715,0.18348967330347457,0.725,4.22213773537,0.46849793048762006,0.71,3.91040463888,0.3003074361142563,0.705,3.37898971709,0.5131026057491279,0.7945073938928361,3.2211762806,0.6124004578330485,0.7970370370370371,3.01735903129,0.4716831753307554
14,5024,1.0,nan,0.0,0.67,2.08707776511,0.3537152920637989,0.7425,2.38252188288,0.10032296297025604,0.7625000000000001,3.79823431922,0.44476148416916883,0.6525000000000001,3.02906362521,0.1934073161317933,0.7000000000000001,3.6851236187,0.26229648399067845,0.495,0.656116816918,0.031514275891278865,0.9289802189360471,1.22939949106,0.9215545885004007,0.9032098765432091,1.85088156719,0.7547905850147444
14,5041,0.0,nan,0.0,0.75,2.17577834519,0.5263900442246718,0.6375000000000001,0.139738519959,0.0034074890873433896,0.47750000000000004,0.042608686282,0.0012492497767580349,0.454999999999999,0.0383755955427,0.0010025462311489036,0.41000000000000003,0.00145749614806,2.9104406115456352e-05,0.36250000000000004,0.0312822563948,0.0009944374588309439,0.7061647781832141,3.02262332615,0.3236335768658653,0.8246913580246911,3.17877953748,0.5588566967909278
14,5303,1.0,nan,0.0,0.25,0.0437573418409,0.0023665947234257105,0.8600000000000001,5.15813551739,0.6220613757666595,0.5,0.0835746994059,0.0026236703612544893,0.47250000000000003,0.0694964397833,0.001922693172259614,0.75,4.31136036026,0.46769127891522716,0.6950000000000001,3.41394301151,0.47911370742788456,0.865603994622623,2.26959790331,0.8114677012365981,0.78716049382716,2.8389851822,0.4427374899048957
14,5309,0.0,nan,0.0,0.6950000000000001,2.15404333472,0.4068208145504043,0.7675000000000001,3.46627024184,0.1732798702568599,0.6950000000000001,2.89127523477,0.21127864689344042,0.6900000000000001,3.90270408158,0.32464440524724203,0.6975,3.62290283199,0.2531610032849914,0.585,2.1362289391,0.1511944652873099,0.8444785865181481,2.61424280527,0.7598313635032702,0.9041975308641971,1.84077863276,0.7566136130688167
14,5385,0.0,nan,0.0,0.7625000000000001,2.18193410116,0.553612963140604,0.8425,5.39078010098,0.5293424214823528,0.6000000000000001,0.860101175842,0.03884463760491214,0.5875,1.26571093753,0.05590823824643547,0.6075,1.09328054333,0.044489830497103644,0.5075000000000001,0.806889217498,0.04063610635632605,0.9020933358939881,1.65069134427,0.8829507970273214,0.9446913580246911,1.4981208695,0.8239434893221121
14,5562,0.0,nan,0.0,0.6875,2.13857742016,0.39072100432300605,0.9575,1.4252714894,0.9498429131175976,0.8200000000000001,3.50633134126,0.6580628924284281,0.774999999999999,3.76089911113,0.6718624582287653,0.8025,3.58143472763,0.6797468900566446,0.7575000000000001,2.81478452859,0.6778843804994082,0.256769733051661,0.000446731985059,1.2162897790728904e-05,0.9111111111111111,1.77425565104,0.7691061335968056
14,5627,1.0,nan,0.0,0.6675,2.07799280423,0.3485088659642028,0.59,0.0196841587449,0.00039915684655861223,0.66,2.07224834078,0.12425635772503853,0.5225000000000001,0.303817644652,0.010078162033782567,0.59,0.75880631752,0.0284043077499186,0.5675,1.79622466742,0.11679377104323063,0.8681774534280771,2.22604519575,0.8172524218919189,0.7688888888888881,2.49058101289,0.39410243501123726
14,5729,0.0,nan,0.0,0.5,0.933125076732,0.08816430974410161,0.6375000000000001,0.139738519959,0.0034074890873433896,0.545,0.272803001075,0.00995153411795459,0.5225000000000001,0.303817644652,0.010078162033782567,0.5,0.0587665837266,0.0015397849538558196,0.41000000000000003,0.111365339331,0.004039299152217151,0.696216631457653,2.89885356805,0.29416679044714955,0.826172839506172,3.16790471287,0.5635581936052159
14,7055,0.0,nan,0.0,0.8075000000000001,2.36298807141,0.6548946255516007,0.6375000000000001,0.139738519959,0.0034074890873433896,0.5675,0.45399052077,0.017992158213495885,0.47250000000000003,0.0694964397833,0.001922693172259614,0.54,0.210843689188,0.006389217921613161,0.464999999999999,0.377454284988,0.016293618271558556,0.8713654695602071,2.17184000508,0.8242627506326193,0.7412345679012341,2.12319941174,0.33083640655480595
14,7341,0.0,nan,0.0,0.5,0.933125076732,0.08816430974410161,0.7675000000000001,3.46627024184,0.1732798702568599,0.754999999999999,3.77062808568,0.4163658598997349,0.6125,1.89038097525,0.09510519075284603,0.7000000000000001,3.6851236187,0.26229648399067845,0.6025,2.47261540452,0.19154121269457522,0.8636835029767621,2.30195252821,0.8070778670243834,0.8864197530864191,2.05635794163,0.7220890480493787
14,7342,1.0,nan,0.0,0.59,1.62512156804,0.2031540145469701,0.847499999999999,5.35368652329,0.5562136764424225,0.56,0.38544099691,0.014849706814838739,0.545,0.530146152942,0.019275786982429884,0.5875,0.717707349788,0.026559007331601662,0.52,0.978672275287,0.05177417901351729,0.8137507201843671,3.03519112019,0.672711023724047,0.9061728395061721,1.82106285326,0.7602301427223005
14,7343,0.0,nan,0.0,0.6325000000000001,1.90971241479,0.2785109446917817,0.9125000000000001,3.22254252065,0.8474796861631322,0.715,3.2956982351,0.27328236657893906,0.6875,3.85877605675,0.3149420254622815,0.7075,3.85789926297,0.2905964943252269,0.665,3.34062739671,0.37712689385011217,0.8559631265603991,2.43034142872,0.7888083945541733,0.9619753086419751,1.36130656161,0.8486553954262828
14,7588,1.0,nan,0.0,0.6025,1.71556888742,0.22403794240674796,0.8150000000000001,5.16246072324,0.3825855459870406,0.6175,1.15721017293,0.05641614213415885,0.6725,3.54607272595,0.2593063119156709,0.6950000000000001,3.55860660777,0.2441836994458753,0.845,1.92644553703,0.8802741243351384,0.8559631265603991,2.43034142872,0.7888083945541733,0.958024691358024,1.39262637978,0.8432155221800193
14,7599,1.0,nan,0.0,0.75,2.17577834519,0.5263900442246718,0.9500000000000001,1.67753982323,0.9382225010742989,0.5675,0.45399052077,0.017992158213495885,0.5625,0.780711659946,0.030642655729208573,0.6000000000000001,0.93983011029,0.03687515030109625,0.5325,1.17071528743,0.06518747909858946,0.8646437487996921,2.28579240349,0.8092805513231867,0.9456790123456791,1.49031661634,0.8254192609585176
14,7903,1.0,nan,0.0,0.75,2.17577834519,0.5263900442246718,0.64,0.153115409023,0.0037733374830084157,0.645,1.72516446551,0.09579758439104584,0.6425000000000001,2.74557891755,0.16452596623545773,0.68,3.13768701157,0.19389537178087926,0.5375,1.25283612538,0.07124515550663585,0.8857307470712501,1.92628392861,0.853698534702755,0.6716049382716051,1.61899178462,0.20095262915499226
14,8207,0.0,nan,0.0,0.6625,2.0585705326,0.33816676794176576,0.7775000000000001,3.90031527817,0.21012609101059343,0.6575000000000001,2.0132956778,0.11914949435782624,0.7375,4.19714693538,0.5211920113519709,0.6975,3.62290283199,0.2531610032849914,0.54,1.29495654406,0.07442975306042457,0.8859612060687531,1.92235152545,0.8541420110211446,0.7046913580246911,1.85310015614,0.25846664720765283
14,8290,0.0,nan,0.0,0.8925000000000001,1.78616146215,0.850668292151097,0.8300000000000001,5.37656907256,0.4618869740733839,0.8325,3.37995799452,0.7011153774196102,0.7825000000000001,3.62587971992,0.6995702463168407,0.77,4.17184690589,0.552885851757518,0.75,2.92030941958,0.6563762146357808,0.783022853850585,3.29611812374,0.574948898058439,0.8898765432098761,2.00789008573,0.7291126165244057
14,8961,0.0,nan,0.0,0.535,1.19833696374,0.12540712058988704,0.9075000000000001,3.445471069,0.830809339739714,0.6025,0.899165678014,0.041043483624864284,0.6325000000000001,2.4563529318,0.13851481647244848,0.6625,2.60296457314,0.14363031953866973,0.5325,1.17071528743,0.06518747909858946,0.73309007105819,3.26776849905,0.4086392952579414,0.835555555555555,3.05539094635,0.5928097691463617
14,9191,0.0,nan,0.0,0.5825,1.56894775096,0.19117548324075137,0.6825,0.605689667847,0.018148242593127254,0.63,1.40166688429,0.07238282338172564,0.605,1.69053714731,0.08168245047527362,0.685,3.28366617734,0.20995068952832557,0.5925,2.28196032383,0.16776354108696212,0.8905319761859031,1.84456802878,0.8627507060924389,0.28098765432098705,0.0172371262995,0.0008494363118536965
14,9518,1.0,nan,0.0,0.75,2.17577834519,0.5263900442246718,0.8500000000000001,5.32612922649,0.5695646841984027,0.725,3.46245381858,0.30709633718281976,0.625,2.24029366778,0.12090401886160318,0.7000000000000001,3.6851236187,0.26229648399067845,0.675,3.39469263203,0.4108275886667336,0.8706740925676971,2.18361521348,0.8227571193011604,0.919012345679012,1.70485355435,0.782847149287871
14,10630,1.0,nan,0.0,0.58,1.54996547655,0.18727681728134452,0.867499999999999,4.97554245135,0.6600912041517364,0.7225,3.42341193189,0.2984886204523207,0.6675,3.42563279286,0.24187411501146366,0.7275,4.19435999997,0.37144891904739785,0.7075,3.365768913,0.521533918967233,0.6800845016324181,2.66875015046,0.2492146982244257,0.7698765432098761,2.50799838213,0.3965708475246883
14,10672,0.0,nan,0.0,-0.25,1.18385173929e-07,3.329744245022757e-09,0.9275,2.56304926892,0.890836511273928,0.6425000000000001,1.66929809792,0.0915546501873263,0.535,0.417350219159,0.01455561269748369,0.6075,1.09328054333,0.044489830497103644,0.5,0.71389672674,0.0349379095975588,0.8137507201843671,3.03519112019,0.672711023724047,0.72395061728395,1.98372583942,0.29540246762695466
14,11039,1.0,nan,0.0,0.715,2.17660998509,0.45017065307315446,0.8125,5.10729308608,0.36974726359732824,0.8425,3.26809501473,0.7343654374507419,0.7625000000000001,3.95630198688,0.6235874384466528,0.735,4.2660474003,0.4031953898266781,0.72,3.27445033707,0.5630777757482723,0.7560975609756091,3.35360252852,0.48504413488663217,0.0,2.21800937534e-05,7.420457728446338e-07
14,11140,1.0,nan,0.0,0.5275000000000001,1.13998631095,0.11663876007575248,0.7825000000000001,4.10912996517,0.23015276384053532,0.6325000000000001,1.45348350354,0.07595157063940024,0.5775,1.05359389719,0.04433146703965967,0.6975,3.62290283199,0.2531610032849914,0.55,1.46992492715,0.08824587688819038,0.865565584789706,2.27024631377,0.8113805139075101,0.245432098765432,0.00868457444097,0.0004041743412324528
14,11230,1.0,nan,0.0,0.6825,2.12605533577,0.3800586849768441,0.8975000000000001,3.88368667059,0.7941501839484179,0.6950000000000001,2.89127523477,0.21127864689344042,0.6725,3.54607272595,0.2593063119156709,0.74,4.295844554,0.4246062037877356,0.6125,2.65557799582,0.2171902176566592,0.7756865757633951,3.32858411308,0.550641041724842,0.8301234567901231,3.1293089229,0.5760016243430696
14,11275,1.0,nan,0.0,0.8250000000000001,2.45742491042,0.6971340225593015,0.8775000000000001,4.66654078825,0.7083590300556412,0.8775000000000001,2.71594370657,0.8400300749018675,0.7875000000000001,3.52973119661,0.7174611671419554,0.8225,3.13722005319,0.7469214654191496,0.8200000000000001,2.12518726457,0.8294744868151318,0.45938160169003206,0.135823163458,0.005683028709846248,0.8740740740740741,2.26146603395,0.6954886908367798
14,12534,0.0,nan,0.0,0.6900000000000001,2.14417435582,0.39607453628020917,0.735,2.08200191206,0.08359190579005665,0.6525000000000001,1.89652216219,0.10937565372546987,0.6475000000000001,2.88854168055,0.17861207147946417,0.665,2.68043052803,0.15023457364526482,0.5625,1.70093090661,0.10805143370070387,0.8021893604762821,3.15550718499,0.6369008569532756,0.895308641975308,1.93871841681,0.7398281468663859
14,14112,0.0,nan,0.0,0.715,2.17660998509,0.45017065307315446,0.8174999999999991,5.21230799433,0.39555513312821056,0.77,3.80646704356,0.47329088712383877,0.75,4.10537595224,0.573147880614583,0.754999999999999,4.29719485854,0.4892186772337275,0.705,3.37898971709,0.5131026057491279,0.777222969080084,3.32280716045,0.5557506881928863,0.869135802469135,2.35763998543,0.6840866039940419
14,15812,1.0,nan,0.0,0.5475,1.29649596911,0.14099903011641193,0.7125,1.30558802681,0.04586670699039225,0.5675,0.45399052077,0.017992158213495885,0.5750000000000001,1.0043083345,0.04175940528038421,0.62,1.38219888916,0.059919265576162534,0.5,0.71389672674,0.0349379095975588,0.7657384290378331,3.35263797046,0.5173888721537048,0.8222222222222221,3.1923546678,0.5509899163080746
14,15877,1.0,nan,0.0,0.375,0.2671433613,0.018502073477893434,0.764999999999999,3.35594444834,0.1647520341994312,0.43999999999999906,0.0122743070835,0.0003238449158968225,0.47000000000000003,0.0640011588763,0.001755904064982083,0.545,0.243470309748,0.007523379664371056,0.4325,0.189529543277,0.007359128898358394,0.9789130017284421,0.621590057764,0.9667047463877634,0.741728395061728,2.12789304658,0.33188605686442463
14,15878,0.0,nan,0.0,0.6925,2.14932906901,0.40144150755188174,0.8,4.75849882012,0.30796586720051655,0.7025,3.052139521,0.23357228269698968,0.6975,4.01869241964,0.35436479608587107,0.75,4.31136036026,0.46769127891522716,0.65,3.20749396465,0.32794118473068157,0.769541002496639,3.3461920957,0.5301263523240849,0.8696296296296291,2.34768869926,0.6852484106491437
14,16373,1.0,nan,0.0,0.6675,2.07799280423,0.3485088659642028,0.7000000000000001,0.967482062155,0.03173139269685152,0.65,1.83883395129,0.1047065666811454,0.6925,3.94404942836,0.33445339344952596,0.6925,3.49238324182,0.23536957626503632,0.5975,2.37800672819,0.17941395807281363,0.880929517956596,2.00835113637,0.8442530822249946,0.6641975308641971,1.56297663397,0.18916687278405592
14,17703,1.0,nan,0.0,0.0,0.000219872079375,8.169831474812856e-06,0.595,0.0246826940678,0.0005096463628546529,0.76,3.79123098985,0.43527419925889044,0.635,2.52876716726,0.14474620283280698,0.605,1.0404449512,0.04182302360872554,0.42750000000000005,0.169060619844,0.006463462807578867,0.9251008258114071,1.28683170709,0.9166742807395599,0.9827160493827161,1.1973286571,0.8751865770347402
14,17743,0.0,nan,0.0,0.5,0.933125076732,0.08816430974410161,0.784999999999999,4.21049975355,0.2405527721597004,0.6825,2.60635973135,0.1769008696029192,0.6725,3.54607272595,0.2593063119156709,0.665,2.68043052803,0.15023457364526482,0.6625,3.32265210034,0.3687974308897742,0.8367966199347031,2.73070830647,0.7392976058760472,0.8755555555555551,2.23413562768,0.6988186761854494
14,17938,1.0,nan,0.0,0.5,0.933125076732,0.08816430974410161,0.7125,1.30558802681,0.04586670699039225,0.262499999999999,4.3036195606e-06,7.645437927588153e-08,0.3125,6.82147835481e-05,1.216999461147711e-06,0.4375,0.00508921268432,0.00010966988416815508,0.4575,0.324658460761,0.01366457474513956,0.9558671019781061,0.870250177268,0.9496219470279321,0.908148148148148,1.80194583786,0.7638083296396406
14,17979,1.0,nan,0.0,0.7125,2.17516768789,0.44473085665937284,0.6775,0.524314284507,0.015327028230107025,0.6825,2.60635973135,0.1769008696029192,0.6525000000000001,3.02906362521,0.1934073161317933,0.7325,4.24570631224,0.39255494830745347,0.49,0.601679824235,0.028371168844282157,0.87866333781448,2.04713536749,0.8396578520405477,0.752592592592592,2.24636948383,0.35561935719584997
14,18166,0.0,nan,0.0,0.6125,1.78434994133,0.2415404949176037,0.8825000000000001,4.48820491386,0.7312517999028422,0.6625,2.13148523002,0.1295109729895571,0.5875,1.26571093753,0.05590823824643547,0.64,1.92163484431,0.09281548041014664,0.5625,1.70093090661,0.10805143370070387,0.8275398502016511,2.86204966906,0.7134038529917396,0.997037037037037,1.08602709903,0.891533582072954
14,18246,1.0,nan,0.0,0.774999999999999,2.20459462625,0.5810074924992754,0.8725,4.82965454661,0.6846117697716707,0.78,3.78964485847,0.5112964728712588,0.784999999999999,3.57837348462,0.7085758062584043,0.7525000000000001,4.30608079554,0.4784638361016673,0.77,2.63851358666,0.7119623143676691,0.9107355483003641,1.5098798473,0.8966049049424397,0.9624691358024691,1.35739062943,0.8493266786877355
14,18248,0.0,nan,0.0,0.9175000000000001,1.31063982959,0.8892012752227558,0.9075000000000001,3.445471069,0.830809339739714,0.7725000000000001,3.80511354657,0.48280577584746653,0.7475,4.12865178593,0.5628548585121149,0.8625,2.3731529745,0.8564956217635711,0.8174999999999991,2.14298461287,0.8241393237813703,0.9520261186863831,0.917126375719,0.9461897964726105,0.8562962962962961,2.635073332,0.652065506746327
14,18270,1.0,nan,0.0,0.645,1.97808995312,0.3028185076068574,0.7925000000000001,4.49906352092,0.2732295255379564,0.764999999999999,3.80307971864,0.4542635723577978,0.6775,3.65900090447,0.27732231945735075,0.7425,4.30524492414,0.435358332386679,0.6275000000000001,2.90704396883,0.2589507322077119,0.779181870558863,3.31465211836,0.562251896588079,0.9501234567901231,1.45518343831,0.831964827923373
14,18297,0.0,nan,0.0,0.75,2.17577834519,0.5263900442246718,0.8525,5.29267747321,0.5828394099904669,0.7525000000000001,3.75698737216,0.40695587444267894,0.745,4.14954624543,0.552506606248732,0.745,4.31096164719,0.44612935837475065,0.7275,3.20123432938,0.5873695273665559,0.7647397733819851,3.35376316972,0.514040159751612,0.853333333333333,2.7014706026,0.6441594629109033
14,18311,1.0,nan,0.0,0.75,2.17577834519,0.5263900442246718,0.8300000000000001,5.37656907256,0.4618869740733839,0.42000000000000004,0.00593889349326,0.0001486866297872583,0.382499999999999,0.00213570266105,4.5203196302588667e-05,0.58,0.604097870332,0.021611209925786436,0.41750000000000004,0.133625407134,0.0049558608532395965,0.814518916842711,3.02634649507,0.6750392566458974,0.838024691358024,3.01483486026,0.6003046853188158
14,18312,1.0,nan,0.0,1.0,0.523678004759,0.9584067956628377,0.9025000000000001,3.66658335193,0.8130279967796126,0.5275000000000001,0.176749031818,0.006067879961798968,0.48250000000000004,0.0958291055168,0.0027431784600197256,0.6525000000000001,2.29460201028,0.11914621837177998,0.48250000000000004,0.526185719456,0.024146244149820282,0.9389667754945261,1.08776416618,0.9331171585753902,0.7891358024691351,2.87686234432,0.44838288611102933
14,18319,0.0,nan,0.0,0.47750000000000004,0.776356201089,0.06895775680090359,0.7525000000000001,2.80629125868,0.12624883574688986,0.53,0.188436795043,0.006524232061026072,0.485,0.103631111043,0.002992393561220021,0.48250000000000004,0.031309445654,0.0007739412956034749,0.615,2.69965799508,0.22388442021506536,0.9348185135394661,1.14547473407,0.9284856932003774,0.8538271604938271,2.69042540736,0.6454907958876632
14,18392,1.0,nan,0.0,0.5775,1.53087090712,0.1834257494358932,0.725,1.7116386514,0.06465507868639525,0.595,0.785394687553,0.034732799112910925,0.5775,1.05359389719,0.04433146703965967,0.5975,0.89205599184,0.03458564427741759,0.52,0.978672275287,0.05177417901351729,0.812944113693105,3.04436893734,0.670259109873978,0.655308641975308,1.49445763733,0.175577358004857
14,18476,1.0,nan,0.0,0.75,2.17577834519,0.5263900442246718,0.8925000000000001,4.09451891146,0.7742015801051205,0.73,3.53484152592,0.3245928085322,0.7075,4.13410754485,0.3951673163386125,0.784999999999999,3.94002166767,0.6138392384745089,0.6875,3.42077822686,0.45347298532577013,0.8598041098521221,2.36684088421,0.7980216052927613,0.8730864197530861,2.28008753521,0.6932459744619742
14,18739,0.0,nan,0.0,0.6875,2.13857742016,0.39072100432300605,0.847499999999999,5.35368652329,0.5562136764424225,0.754999999999999,3.77062808568,0.4163658598997349,0.6925,3.94404942836,0.33445339344952596,0.745,4.31096164719,0.44612935837475065,0.5875,2.18495048989,0.15659595980452162,0.869829076243518,2.1979931187,0.8209058528838348,0.7308641975308641,2.03486414543,0.30929135255570644
14,18763,1.0,nan,0.0,-0.25,1.18385173929e-07,3.329744245022757e-09,0.9575,1.4252714894,0.9498429131175976,0.29250000000000004,2.0979222071e-05,3.947388955281023e-07,0.29250000000000004,2.265817099e-05,3.8675000144055184e-07,0.5825,0.640376781474,0.023166476336057156,0.5,0.71389672674,0.0349379095975588,0.928596120606875,1.23502790839,0.9210812976908765,0.955555555555555,1.4121895603,0.8397527841210227
14,19718,0.0,nan,0.0,0.875,2.12284426361,0.8163962632750643,0.905,3.5563892371,0.8220568920361279,0.77,3.80646704356,0.47329088712383877,0.6925,3.94404942836,0.33445339344952596,0.9225000000000001,1.11113711016,0.9633395158056349,0.635,3.01892885682,0.28117971494052973,0.640868062223929,2.02119099137,0.15700797640710118,0.8444444444444441,2.8934170542,0.6192803441275204
14,19745,1.0,nan,0.0,-0.25,1.18385173929e-07,3.329744245022757e-09,0.857499999999999,5.20854413247,0.6091018940226385,0.857499999999999,3.07046144644,0.7819605434048209,0.857499999999999,1.88587269813,0.9093189976399918,0.8925000000000001,1.80365756013,0.9194565238805882,0.625,2.86750228582,0.2517323292850024,0.6714038793931241,2.53318519095,0.22663174969300906,0.6167901234567901,1.19098645166,0.12384968211964482
14,20639,1.0,nan,0.0,0.5825,1.56894775096,0.19117548324075137,0.81,5.04698630958,0.35705336359267487,0.41500000000000004,0.00491977527934,0.00012161375240592355,0.4425,0.0244987283356,0.0006153882229378874,0.5275000000000001,0.144900379134,0.0041875034845287665,0.3375,0.0147980962755,0.0004413801167459635,0.864298060303437,2.29161413163,0.8084893728023291,0.972345679012345,1.27911475831,0.8623463330869989
14,25302,0.0,nan,0.0,0.5,0.933125076732,0.08816430974410161,0.725,1.7116386514,0.06465507868639525,0.5625,0.40733144685,0.015840476303138496,0.48750000000000004,0.111976393158,0.003261786720050796,0.5125000000000001,0.08974457621,0.002456028873863166,0.39,0.0668553597481,0.0022896469699795682,0.7191088918763201,3.15827835678,0.36366989789201437,0.925925925925925,1.64758618466,0.7944345017147374
14,27972,0.0,nan,0.0,0.6675,2.07799280423,0.3485088659642028,0.827499999999999,5.3554498302,0.4484706985720851,0.7775000000000001,3.79662893944,0.5018132635303867,0.7025,4.08217914018,0.37462171696358926,0.7525000000000001,4.30608079554,0.4784638361016673,0.6675,3.3568435598,0.38549910184865355,0.850240061455732,2.52324678249,0.7746324685393013,0.779753086419753,2.69388531292,0.4222443943187273
14,28024,1.0,nan,0.0,0.9175000000000001,1.31063982959,0.8892012752227558,1.0,0.459657943173,0.9871798290035406,0.8500000000000001,3.17487034239,0.7585325888213496,0.899999999999999,0.904487679188,0.9677487636841416,1.0,0.0775520451323,0.99832733572439,1.0,0.0502031990492,0.9984300344043534,0.658382946034184,2.31931333845,0.195028581122579,0.8562962962962961,2.635073332,0.652065506746327
14,28466,1.0,nan,0.0,0.61,1.76749242341,0.23710064266419584,0.9575,1.4252714894,0.9498429131175976,0.68,2.54766910888,0.17045824915766247,0.68,3.71236259485,0.28653697372636383,0.665,2.68043052803,0.15023457364526482,0.5875,2.18495048989,0.15659595980452162,0.7730362972921061,3.33726107018,0.5418075074278497,0.9456790123456791,1.49031661634,0.8254192609585176
14,28484,1.0,nan,0.0,0.605,1.73309203534,0.22834881169536958,0.8600000000000001,5.15813551739,0.6220613757666595,0.5675,0.45399052077,0.017992158213495885,0.625,2.24029366778,0.12090401886160318,0.6375000000000001,1.84977471765,0.08810144388853476,0.61,2.61077232189,0.21060713496981773,0.8394468984059921,2.6912214812,0.7464825881566799,0.9358024691358021,1.56844173029,0.8103145286946766
14,28512,0.0,nan,0.0,0.827499999999999,2.46609915645,0.7032888018550124,0.7525000000000001,2.80629125868,0.12624883574688986,0.725,3.46245381858,0.30709633718281976,0.6775,3.65900090447,0.27732231945735075,0.764999999999999,4.22678362742,0.5318840827003386,0.635,3.01892885682,0.28117971494052973,0.814518916842711,3.02634649507,0.6750392566458974,0.9906172839506171,1.13561226979,0.8844026999348819
14,28570,0.0,nan,0.0,0.7225,2.17895341573,0.4665057619214114,0.6375000000000001,0.139738519959,0.0034074890873433896,0.47500000000000003,0.0394022407089,0.0011467826000109455,0.5,0.162915377403,0.0049629113294979415,0.4625,0.0144630784108,0.0003356582715613749,0.4325,0.189529543277,0.007359128898358394,0.957787593623967,0.847389479184,0.9512712414878589,0.7214814814814811,1.96636731487,0.29052588442404115
14,28894,1.0,nan,0.0,0.5,0.933125076732,0.08816430974410161,0.705,1.09450425249,0.03688182061561494,0.67,2.310158197,0.14616659248831262,0.62,2.09831215337,0.11005841713752049,0.6475000000000001,2.14307559821,0.1080530891061878,0.459999999999999,0.341569941198,0.014497219752639805,0.9097753024774341,1.52530900169,0.8951476459018343,0.7851851851851851,2.80054028807,0.4371675157531899
14,29183,1.0,nan,0.0,0.5825,1.56894775096,0.19117548324075137,0.8225,5.29539782601,0.42183378666138455,0.6475000000000001,1.78169505729,0.10018102612161306,0.635,2.52876716726,0.14474620283280698,0.6900000000000001,3.42438345953,0.2267232636348624,0.5825,2.08743813354,0.14591487278928045,0.8598041098521221,2.36684088421,0.7980216052927613,0.84,2.97970945499,0.6062255903789789
14,29184,1.0,nan,0.0,0.5375,1.21789934562,0.12842740619732662,0.774999999999999,3.79343698056,0.20050860646309487,0.5725,0.504627212468,0.020387011698275406,0.5700000000000001,0.910302264198,0.036975419455181104,0.62,1.38219888916,0.059919265576162534,0.449999999999999,0.277859799265,0.011408746382349996,0.8626848473209141,2.31872005232,0.8047706332034044,0.8222222222222221,3.1923546678,0.5509899163080746
14,29229,0.0,nan,0.0,0.4375,0.535370418543,0.04289743090738062,0.7725000000000001,3.6852861219,0.19115996647909173,0.34750000000000003,0.000297291196188,6.269848960087624e-06,0.34750000000000003,0.000413653620456,8.011110883679246e-06,0.36750000000000005,0.000171215769209,3.0684724304714116e-06,0.3075,0.0056022916134,0.0001554963510716684,0.846360668331092,2.58482917523,0.7647239528168753,0.8493827160493821,2.78888104016,0.6333136269034871
14,29338,1.0,nan,0.0,-0.25,1.18385173929e-07,3.329744245022757e-09,0.615,0.0582197871754,0.0012961435720896866,0.6900000000000001,2.77937696882,0.19710066601613624,0.6525000000000001,3.02906362521,0.1934073161317933,0.7000000000000001,3.6851236187,0.26229648399067845,0.62,2.78539637057,0.23759846914115096,0.9519877088534661,0.917602872188,0.9461545606511687,0.602962962962962,1.08362216453,0.10812668705350119
14,29381,1.0,nan,0.0,0.5325,1.17882548181,0.12243567895747555,0.66,0.305025069488,0.0082090125491823,0.67,2.310158197,0.14616659248831262,0.595,1.43992284375,0.06604656248572775,0.625,1.50881181393,0.06714428455853408,0.55,1.46992492715,0.08824587688819038,0.7350105627040521,3.27955110961,0.4149264617227471,0.5051851851851851,0.456729236331,0.035140417135550814
14,29764,1.0,nan,0.0,0.6000000000000001,1.69784366256,0.2197711356566623,0.774999999999999,3.79343698056,0.20050860646309487,0.7225,3.42341193189,0.2984886204523207,0.68,3.71236259485,0.28653697372636383,0.7425,4.30524492414,0.435358332386679,0.5875,2.18495048989,0.15659595980452162,0.8482811599769541,2.55449688464,0.7696590191239285,0.829629629629629,3.13487094315,0.574454904851341
14,30094,0.0,nan,0.0,0.625,1.86482221859,0.26435473633241074,0.63,0.105475918909,0.002493147900836684,0.5625,0.40733144685,0.015840476303138496,0.62,2.09831215337,0.11005841713752049,0.675,2.98768035694,0.17858053104743643,0.5825,2.08743813354,0.14591487278928045,0.91937776070674,1.37383492185,0.9090619493220113,0.8212345679012341,3.19616459247,0.5478350151968793
14,31557,1.0,nan,0.0,1.0,0.523678004759,0.9584067956628377,0.9275,2.56304926892,0.890836511273928,0.7925000000000001,3.7307322442,0.5583376915926637,0.5575,0.7018518588,0.026938732280526127,0.725,4.1634741647,0.36100091423200703,0.5825,2.08743813354,0.14591487278928045,0.7937776070674091,3.22678406269,0.6100476327765638,0.8627160493827161,2.49272864547,0.6685227891761045
14,32060,1.0,nan,0.0,0.75,2.17577834519,0.5263900442246718,1.0,0.459657943173,0.9871798290035406,0.55,0.306944857238,0.011399553032240294,0.65,2.95917206239,0.18592185410861567,0.65,2.21851933184,0.113504938136974,0.5625,1.70093090661,0.10805143370070387,0.8214326867678121,2.94236047384,0.695676845313976,0.9476543209876541,1.4747055871,0.8283476786858822
14,38608,0.0,nan,0.0,0.75,2.17577834519,0.5263900442246718,0.7875000000000001,4.30946625414,0.2512032598275079,0.67,2.310158197,0.14616659248831262,0.74,4.18386930897,0.5316688335052128,0.7275,4.19435999997,0.37144891904739785,0.764999999999999,2.70836558007,0.6985957421263701,0.9289802189360471,1.22939949106,0.9215545885004007,0.802469135802469,3.09718876456,0.48829841904703514
14,38649,0.0,nan,0.0,0.8225,2.44707172316,0.6910030765917123,0.7575000000000001,3.02479156671,0.14082527656627153,0.78,3.78964485847,0.5112964728712588,0.7525000000000001,4.07980317355,0.5833798240853258,0.7925000000000001,3.79451568876,0.6428534930199369,0.867499999999999,1.62879183221,0.9205527575442848,0.8565776838870751,2.42023756351,0.7902988751424488,0.811851851851851,3.18580105323,0.5178294749627697
14,39144,0.0,nan,0.0,0.6675,2.07799280423,0.3485088659642028,0.655,0.258556213343,0.0068027104031246465,0.63,1.40166688429,0.07238282338172564,0.5575,0.7018518588,0.026938732280526127,0.6425000000000001,1.99453340984,0.09771048364398904,0.5,0.71389672674,0.0349379095975588,0.9097753024774341,1.52530900169,0.8951476459018343,0.6666666666666661,1.58177087867,0.19304930092252928
14,39247,0.0,nan,0.0,0.5175000000000001,1.06325121692,0.1056237485392866,0.847499999999999,5.35368652329,0.5562136764424225,0.5525,0.325256031506,0.012189627635024274,0.65,2.95917206239,0.18592185410861567,0.5750000000000001,0.536174347384,0.018763070450496144,0.595,2.3301333267,0.1735287143961512,0.8508162089494911,2.51399876601,0.7760835679452638,0.9037037037037031,1.8458088072,0.7557033462958777
14,39495,1.0,nan,0.0,0.66,2.04824451815,0.3330331647671827,0.75,2.69839513295,0.11936820226564897,0.6900000000000001,2.77937696882,0.19710066601613624,0.7225,4.21850584105,0.4579465118905159,0.764999999999999,4.22678362742,0.5318840827003386,0.5525,1.51514503797,0.09197710099024596,0.8521605531015941,2.49232424635,0.7794486932730331,0.87358024691358,2.27073710133,0.6943696316152159
14,39581,1.0,nan,0.0,-0.25,1.18385173929e-07,3.329744245022757e-09,0.9575,1.4252714894,0.9498429131175976,0.6675,2.25051689171,0.14046575238176337,0.6175,2.0282386557,0.10490037231980857,0.735,4.2660474003,0.4031953898266781,0.47000000000000003,0.416186104418,0.018276508808373337,0.8943729594776261,1.77961395238,0.8697107753917077,0.8029629629629621,3.10353661776,0.4898294692013945
14,40799,1.0,nan,0.0,0.75,2.17577834519,0.5263900442246718,0.9550000000000001,1.50666183501,0.9461785674047898,0.6225,1.25194857899,0.06243729036419155,0.68,3.71236259485,0.28653697372636383,0.735,4.2660474003,0.4031953898266781,0.5725,1.89266234082,0.1260155883963848,0.8536969464182831,2.4673961441,0.7832587547885285,0.96395061728395,1.34564247906,0.8513289254615444
14,40956,1.0,nan,0.0,-0.25,1.18385173929e-07,3.329744245022757e-09,0.595,0.0246826940678,0.0005096463628546529,0.72,3.38255805686,0.2899807876237958,0.625,2.24029366778,0.12090401886160318,0.7825000000000001,3.98473815595,0.6039328481312242,0.6575000000000001,3.28154231253,0.3522841138727482,0.988937968119838,0.53075635366,0.972472254466537,0.6474074074074071,1.43267457286,0.16401294095673352
14,41042,1.0,nan,0.0,-0.25,1.18385173929e-07,3.329744245022757e-09,0.8325,5.39164638555,0.4753485084367413,0.444999999999999,0.0146178141969,0.00039091979940564047,0.34750000000000003,0.000413653620456,8.011110883679246e-06,0.5425,0.226670026521,0.006935911467692579,0.515,0.907463279553,0.0470602117731161,0.9097753024774341,1.52530900169,0.8951476459018343,0.8207407407407401,3.19771907083,0.5462562688546246
14,41069,0.0,nan,0.0,0.7725000000000001,2.19837665526,0.5755039684118334,0.81,5.04698630958,0.35705336359267487,0.845,3.23807389117,0.7424983493477691,0.8525,2.01220282838,0.8995739889669756,0.827499999999999,3.03022702795,0.7623387794222792,0.8025,2.26150692056,0.7911385106939548,0.6005377376608411,1.35573805764,0.0891561409116884,0.810864197530864,3.17992455538,0.514685834885086
14,41615,1.0,nan,0.0,0.9675,0.729775505407,0.9382256671518173,0.8775000000000001,4.66654078825,0.7083590300556412,0.847499999999999,3.2070357498,0.7505549595646926,0.7425,4.16797797054,0.5421091796667037,0.919999999999999,1.16980953143,0.9604884394121823,0.81,2.1989472704,0.8078601775181222,0.820741309775302,2.9511023055,0.6936395387795162,0.544691358024691,0.674857570105,0.05731620725158647
14,41703,1.0,nan,0.0,0.6975,2.15832019951,0.4122113596852432,0.77,3.57613972855,0.1820830053382929,0.7875000000000001,3.75872755119,0.5396117936135874,0.735,4.20774244432,0.5106853340785792,0.6925,3.49238324182,0.23536957626503632,0.685,3.41930766411,0.44492248656792127,0.7849433454964471,3.28560219515,0.5812690997185921,0.7925925925925921,2.94098960966,0.45843937228231174
14,41708,1.0,nan,0.0,0.6775,2.11176921016,0.36946339175122567,0.665,0.35816742314,0.009864083118342519,0.735,3.5992465549,0.342431443465285,0.645,2.81730140963,0.17147965391164743,0.6725,2.91154878929,0.171206364149208,0.51,0.83957468702,0.04269401076008043,0.784904935663529,3.285820597,0.5811428960917995,0.6498765432098761,1.45205123213,0.1675743421501128
14,41851,1.0,nan,0.0,-0.25,1.18385173929e-07,3.329744245022757e-09,0.65,0.218143830172,0.005613357279220453,0.635,1.50619659727,0.07965098805042892,0.6000000000000001,1.5627675155,0.07355114980824586,0.6425000000000001,1.99453340984,0.09771048364398904,0.3275,0.0108003658198,0.00031434163966118404,0.9193393508738231,1.37442757623,0.9090091691706911,0.8898765432098761,2.00789008573,0.7291126165244057
14,43759,1.0,nan,0.0,0.75,2.17577834519,0.5263900442246718,0.6975,0.90802997483,0.029387561512484256,0.75,3.74110634784,0.3975827901814159,0.8174999999999991,2.8762975037,0.8138364686095206,0.8625,2.3731529745,0.8564956217635711,0.7675000000000001,2.6732518509,0.7053226977104907,0.934741693873631,1.14655875912,0.928397656580384,0.7056790123456791,1.8597219534,0.26030014045565164
14,44059,0.0,nan,0.0,-0.25,1.18385173929e-07,3.329744245022757e-09,0.8225,5.29539782601,0.42183378666138455,0.605,0.939368861621,0.04334141496454228,0.5125000000000001,0.232213621546,0.007411110464534465,0.6575000000000001,2.44822289864,0.13100260467945307,0.5325,1.17071528743,0.06518747909858946,0.9020933358939881,1.65069134427,0.8829507970273214,0.9565432098765431,1.40436565849,0.8411436757463916
14,44938,1.0,nan,0.0,0.8125,2.39364079526,0.6667866711005394,0.9275,2.56304926892,0.890836511273928,0.6425000000000001,1.66929809792,0.0915546501873263,0.6075,1.75612598309,0.08599055364922137,0.75,4.31136036026,0.46769127891522716,0.464999999999999,0.377454284988,0.016293618271558556,0.7176877280583821,3.14491611725,0.35919091521571206,0.834567901234567,3.07047077246,0.5897845960401131
14,50703,0.0,nan,0.0,0.675,2.1039702591,0.3641936268498641,0.74,2.28043288621,0.0944946432082343,0.7000000000000001,2.99956962241,0.2260074116370841,0.7125,4.17420643678,0.4159430690440346,0.7325,4.24570631224,0.39255494830745347,0.645,3.1503312578,0.31204411788787767,0.735394661033224,3.28180978566,0.4161865666493618,0.8562962962962961,2.635073332,0.652065506746327
14,50830,0.0,nan,0.0,0.6375000000000001,1.93807279838,0.2881309495305234,0.81,5.04698630958,0.35705336359267487,0.66,2.07224834078,0.12425635772503853,0.5650000000000001,0.822391657394,0.03264622026870545,0.655,2.37120962328,0.12497838578012394,0.5725,1.89266234082,0.1260155883963848,0.8275398502016511,2.86204966906,0.7134038529917396,0.8967901234567901,1.92119301632,0.7426872744962772
14,50921,0.0,nan,0.0,0.8325,2.47749427672,0.7156513388429707,0.7025,1.02963173017,0.034227220013576705,0.68,2.54766910888,0.17045824915766247,0.5925,1.38047095653,0.06252135149179017,0.64,1.92163484431,0.09281548041014664,0.5975,2.37800672819,0.17941395807281363,0.8290762435183401,2.84101265719,0.7177849675114082,0.9397530864197531,1.53715229325,0.8164490031097117
14,51734,0.0,nan,0.0,0.56,1.39488500685,0.1578204902192811,0.7275,1.80065171638,0.06904492318318273,0.7225,3.42341193189,0.2984886204523207,0.6000000000000001,1.5627675155,0.07355114980824586,0.6825,3.21125702349,0.20183177757875698,0.56,1.65382334683,0.10385807311063515,0.9270213174572691,1.25823861116,0.9191181238885492,0.8503703703703701,2.76724309887,0.6360574068368487
14,52992,0.0,nan,0.0,0.6725,2.09573843411,0.35894390120008185,0.8225,5.29539782601,0.42183378666138455,0.705,3.10353885725,0.24126713374022188,0.75,4.10537595224,0.573147880614583,0.71,3.91040463888,0.3003074361142563,0.6725,3.38389761642,0.40235396816248065,0.748454004225081,3.33870309688,0.45945884239481016,0.928395061728395,1.62759957191,0.7984779032075197
14,54491,0.0,nan,0.0,0.705,2.16857918774,0.42843961139753517,0.9025000000000001,3.66658335193,0.8130279967796126,0.7975000000000001,3.69773162491,0.5769107741263,0.77,3.84391428684,0.6528479162336386,0.7775000000000001,4.06737807612,0.5837985878248164,0.9450000000000001,0.299413394134,0.990764927954212,0.8689456500864221,2.21300648684,0.81895745524418,0.952098765432098,1.43955686814,0.8348238320930375
14,54885,1.0,nan,0.0,0.625,1.86482221859,0.26435473633241074,0.8500000000000001,5.32612922649,0.5695646841984027,0.55,0.306944857238,0.011399553032240294,0.585,1.21046909654,0.052813315185527274,0.68,3.13768701157,0.19389537178087926,0.5625,1.70093090661,0.10805143370070387,0.945265988092951,1.00331876021,0.9397011934556357,0.9525925925925921,1.43564887837,0.8355337594603915
14,56634,0.0,nan,0.0,0.764999999999999,2.18488667282,0.5590713430455817,0.9400000000000001,2.04972644041,0.9196184446499311,0.845,3.23807389117,0.7424983493477691,0.8525,2.01220282838,0.8995739889669756,0.8300000000000001,2.97798042256,0.7698488532950445,0.7575000000000001,2.81478452859,0.6778843804994082,0.429652391012099,0.0700223492892,0.0027153649663950305,0.8646913580246911,2.45014303301,0.6734045089604606
14,56758,0.0,nan,0.0,0.8125,2.39364079526,0.6667866711005394,0.68,0.563863297105,0.016686783070643633,0.8225,3.48205041519,0.6667984706140845,0.7725000000000001,3.80315922551,0.662407080282783,0.77,4.17184690589,0.552885851757518,0.745,2.98859564541,0.6416030115426798,0.73808334933743,3.29669888619,0.4250307087836977,0.7827160493827161,2.75206630577,0.4303123923135332
14,56917,1.0,nan,0.0,0.7325,2.17852715364,0.4882957806406178,0.8300000000000001,5.37656907256,0.4618869740733839,0.77,3.80646704356,0.47329088712383877,0.72,4.21191329292,0.44740786871430305,0.73,4.22179228346,0.38196983600591883,0.6575000000000001,3.28154231253,0.3522841138727482,0.869444977914346,2.2045230427,0.8200603532189544,0.829629629629629,3.13487094315,0.574454904851341
14,56975,1.0,nan,0.0,0.6000000000000001,1.69784366256,0.2197711356566623,0.8,4.75849882012,0.30796586720051655,0.7325,3.5680685051,0.3334718677165311,0.68,3.71236259485,0.28653697372636383,0.6975,3.62290283199,0.2531610032849914,0.7175,3.29593016234,0.5548644808104931,0.9289802189360471,1.22939949106,0.9215545885004007,0.776296296296296,2.62688556931,0.41304840722431685
14,67160,0.0,nan,0.0,0.68,2.1191318372,0.37475210927942,0.8625,5.10237693922,0.6348881128500682,0.8500000000000001,3.17487034239,0.7585325888213496,0.8150000000000001,2.93476223681,0.8065725188077113,0.774999999999999,4.10495750511,0.5735826203681124,0.76,2.77925130405,0.6848769335978119,0.830036489341271,2.82770331639,0.7205066577225451,0.88,2.15658721644,0.7085733498072229
14,67299,1.0,nan,0.0,0.5,0.933125076732,0.08816430974410161,0.545,0.00207787364051,3.623903423385871e-05,0.6825,2.60635973135,0.1769008696029192,0.6775,3.65900090447,0.27732231945735075,0.6775,3.06311036566,0.18614418135604882,0.6625,3.32265210034,0.3687974308897742,0.9328212022277701,1.1738370841,0.926169560678044,0.7091358024691351,1.88284002854,0.2667687847622929
14,67423,0.0,nan,0.0,0.59,1.62512156804,0.2031540145469701,0.6825,0.605689667847,0.018148242593127254,0.6875,2.72230334049,0.19022342520793767,0.6375000000000001,2.60118912632,0.15115865883269386,0.705,3.80276139321,0.28102013369362727,0.6775,3.4036429411,0.4193258939767251,0.9385442673324371,1.09356705528,0.9326563440581899,0.652839506172839,1.47522387705,0.17191106910980505
14,67905,1.0,nan,0.0,0.6675,2.07799280423,0.3485088659642028,0.845,5.37526000019,0.542801238649079,0.8,3.67959674293,0.5861326451193355,0.764999999999999,3.92057256956,0.6334339080665475,0.7975000000000001,3.69002187997,0.6615668839412335,0.75,2.92030941958,0.6563762146357808,0.786863837142308,3.2742643231,0.5875683150015841,0.8,3.06305722665,0.48069237981469054
14,68565,1.0,nan,0.0,0.5775,1.53087090712,0.1834257494358932,0.857499999999999,5.20854413247,0.6091018940226385,0.7575000000000001,3.78203710579,0.42580715490583526,0.6950000000000001,3.98273539125,0.34436243603693295,0.7175,4.05088324113,0.33017879426311986,0.665,3.34062739671,0.37712689385011217,0.8021893604762821,3.15550718499,0.6369008569532756,0.8958024691358021,1.93281701499,0.7407840790512732
14,68688,0.0,nan,0.0,0.79,2.26174440915,0.6144624429108795,0.8075000000000001,4.98173672978,0.34451645144309484,0.8025,3.66049712459,0.5953079540154158,0.685,3.81234885826,0.30535260778635936,0.78,4.02724910814,0.5939173858621603,0.62,2.78539637057,0.23759846914115096,0.8899942385250621,1.85369492938,0.8617563587850859,0.883456790123456,2.1009146347,0.7159308323231288
14,69217,0.0,nan,0.0,0.7675000000000001,2.18857221954,0.5645380074582309,0.72,1.54125390596,0.05652716506456478,0.74,3.65527548593,0.36057130875808135,0.7000000000000001,4.0518584401,0.3644535720794745,0.7675000000000001,4.20087318337,0.5424193150624927,0.6425000000000001,3.11954252713,0.3042064772107002,0.777222969080084,3.32280716045,0.5557506881928863,0.9125925925925921,1.76079973209,0.7717246635730031
14,69292,0.0,nan,0.0,0.75,2.17577834519,0.5263900442246718,0.74,2.28043288621,0.0944946432082343,0.8150000000000001,3.55339826213,0.6404127137903716,0.74,4.18386930897,0.5316688335052128,0.76,4.26881787451,0.5106395304778119,0.7875000000000001,2.41454285206,0.7561176644904574,0.751603610524294,3.34651238087,0.4699873527492424,0.75358024691358,2.25877504676,0.3578440954273829
14,70225,1.0,nan,0.0,-0.25,1.18385173929e-07,3.329744245022757e-09,0.804999999999999,4.91175474882,0.33214862397153105,0.64,1.61414876091,0.0874504962882607,0.58,1.10439154629,0.04702863495514896,0.5925,0.801554222455,0.030354413127514388,0.5375,1.25283612538,0.07124515550663585,0.9116573842903781,1.49512336728,0.897989960773023,0.795555555555555,2.9928304369,0.46723105664520015
14,70358,1.0,nan,0.0,0.5325,1.17882548181,0.12243567895747555,0.75,2.69839513295,0.11936820226564897,0.48,0.0460449099173,0.0013600174970823953,0.47500000000000003,0.0754016545729,0.002103727848302799,0.5425,0.226670026521,0.006935911467692579,0.545,1.3811979474,0.08111905660675804,0.9552525446514301,0.877647120492,0.9490848575033345,0.8291358024691351,3.14022717311,0.5729054893858613
14,70659,1.0,nan,0.0,0.5275000000000001,1.13998631095,0.11663876007575248,0.5650000000000001,0.00591662518996,0.00011006262241249445,0.685,2.66460090715,0.18348967330347457,0.6025,1.62606399142,0.07753693803630056,0.6950000000000001,3.55860660777,0.2441836994458753,0.55,1.46992492715,0.08824587688819038,0.90497407336278,1.60328952517,0.887637626160178,0.7832098765432091,2.76177826443,0.4316738355467655
14,70707,1.0,nan,0.0,0.7225,2.17895341573,0.4665057619214114,0.8825000000000001,4.48820491386,0.7312517999028422,0.7525000000000001,3.75698737216,0.40695587444267894,0.6675,3.42563279286,0.24187411501146366,0.67,2.83486550459,0.16402324679747723,0.6425000000000001,3.11954252713,0.3042064772107002,0.853082389091607,2.47738691995,0.7817393271460161,0.8493827160493821,2.78888104016,0.6333136269034871
14,70749,0.0,nan,0.0,0.65,2.0029895475,0.3127718168543537,0.6575000000000001,0.280995330106,0.007476826488174108,0.39,0.00184297505858,4.2838294712943e-05,0.36,0.000757293767482,1.5126457725336509e-05,0.39,0.000549119844622,1.0407064359637801e-05,0.365,0.0336112939696,0.0010755232954597687,0.8905703860188201,1.84391639053,0.8628215431274475,0.8661728395061721,2.41875651659,0.6770110383223541
14,70793,0.0,nan,0.0,0.392499999999999,0.329147174223,0.02370549686096793,0.6125,0.0525136430635,0.0011578358523946385,0.59,0.715239373059,0.030983103530438164,0.545,0.530146152942,0.019275786982429884,0.66,2.52551755297,0.13721973488728714,0.5275000000000001,1.09155798807,0.059533061722721936,0.8893028615325521,1.86544000124,0.8604706972854996,0.808395061728395,3.16149079754,0.5068558450134217
14,70852,0.0,nan,0.0,0.5925,1.64355527144,0.20723989332781473,0.6975,0.90802997483,0.029387561512484256,0.705,3.10353885725,0.24126713374022188,0.6900000000000001,3.90270408158,0.32464440524724203,0.6975,3.62290283199,0.2531610032849914,0.595,2.3301333267,0.1735287143961512,0.90013443441521,1.68316025702,0.8796854832674188,0.799012345679012,3.04836121684,0.4776743489617688
14,72086,0.0,nan,0.0,0.40750000000000003,0.39021460051,0.029091331019067544,0.847499999999999,5.35368652329,0.5562136764424225,0.545,0.272803001075,0.00995153411795459,0.5650000000000001,0.822391657394,0.03264622026870545,0.585,0.678238241796,0.024814412697455213,0.41750000000000004,0.133625407134,0.0049558608532395965,0.8713654695602071,2.17184000508,0.8242627506326193,0.515061728395061,0.506207849725,0.03989286084869837
14,74604,0.0,nan,0.0,0.794999999999999,2.28794126673,0.6258353683807055,0.804999999999999,4.91175474882,0.33214862397153105,0.827499999999999,3.43203201572,0.6840844932906497,0.8300000000000001,2.57580224673,0.8479253327960914,0.9125000000000001,1.34755256498,0.9510490472596783,0.9075000000000001,0.84740561876,0.9704484511616812,0.8229690800845011,2.92267282261,0.7001823900845872,0.789629629629629,2.88621246578,0.44980586976294495
14,74635,0.0,nan,0.0,0.382499999999999,0.29253279298,0.02059976985865167,0.605,0.0382661921097,0.0008199279562488474,0.675,2.42929145378,0.1580153908808681,0.5575,0.7018518588,0.026938732280526127,0.5375,0.195950123568,0.005880915726496428,0.655,3.25847379623,0.34410875075515907,0.8252736700595351,2.8924820737,0.7068833135649439,0.769382716049382,2.49925665537,0.3953344909466126
14,74688,1.0,nan,0.0,0.75,2.17577834519,0.5263900442246718,0.5,0.000149741188197,2.287361667245018e-06,0.75,3.74110634784,0.3975827901814159,0.7000000000000001,4.0518584401,0.3644535720794745,0.774999999999999,4.10495750511,0.5735826203681124,0.625,2.86750228582,0.2517323292850024,0.8560015363933161,2.42971060295,0.788901731447712,0.580246913580246,0.914114675594,0.08545593401520991
14,74696,1.0,nan,0.0,0.6675,2.07799280423,0.3485088659642028,0.7825000000000001,4.10912996517,0.23015276384053532,0.7175,3.33996226742,0.2815772818632986,0.7125,4.17420643678,0.4159430690440346,0.6975,3.62290283199,0.2531610032849914,0.6950000000000001,3.41394301151,0.47911370742788456,0.8636450931438441,2.3025981848,0.8069894370124207,0.892839506172839,1.96916201767,0.7350039306158488
14,76409,0.0,nan,0.0,0.25,0.0437573418409,0.0023665947234257105,0.7175,1.46000152952,0.05277615154723097,0.5325,0.200761593323,0.007010594792407883,0.51,0.216678274361,0.00685018133138099,0.5775,0.569373770203,0.020144691242022082,0.52,0.978672275287,0.05177417901351729,0.9366621855194931,1.11962407549,0.9305736937103634,0.885432098765432,2.07089296734,0.7200509252230805
14,76496,0.0,nan,0.0,0.889999999999999,1.83648499071,0.8461399429428671,0.9325000000000001,2.35227609808,0.9031221660770373,0.8975000000000001,2.2356388815,0.8897413132605712,0.9175000000000001,0.599613069108,0.9808001318766107,0.835,2.87626203213,0.7844828812430871,0.804999999999999,2.23974315012,0.7967648692559766,0.660072978682542,2.34761013599,0.1989722257824999,0.8044444444444441,3.12155583922,0.49444084184110004
14,78211,1.0,nan,0.0,0.8025,2.3319983355,0.6431573385711911,0.794999999999999,4.58913962648,0.2845904828379016,0.8600000000000001,3.03263920113,0.7895897607238047,0.81,3.04981460145,0.7916100001533164,0.8300000000000001,2.97798042256,0.7698488532950445,0.827499999999999,2.07207824792,0.8452147975524797,0.525676973305166,0.476461145634,0.024133828898309635,0.8740740740740741,2.26146603395,0.6954886908367798
14,79262,1.0,nan,0.0,0.66,2.04824451815,0.3330331647671827,0.8400000000000001,5.40019744462,0.5158524243430977,0.8150000000000001,3.55339826213,0.6404127137903716,0.7275,4.22283752778,0.47905475693651134,0.7575000000000001,4.28475289528,0.49994684668831413,0.827499999999999,2.07207824792,0.8452147975524797,0.786863837142308,3.2742643231,0.5875683150015841,0.897283950617283,1.9154682572,0.7436345959113334
14,79313,1.0,nan,0.0,0.7000000000000001,2.16216413196,0.4176120547269514,0.764999999999999,3.35594444834,0.1647520341994312,0.56,0.38544099691,0.014849706814838739,0.515,0.248658675346,0.008012007520613198,0.6175,1.32119191541,0.05654035340748035,0.41250000000000003,0.118405011701,0.004326435444310846,0.9217591703476091,1.3373139113,0.9122900393882315,0.7886419753086421,2.86746042582,0.4469645327637808
14,79388,0.0,nan,0.0,0.7925000000000001,2.27445605756,0.6201325238448898,0.725,1.7116386514,0.06465507868639525,0.75,3.74110634784,0.3975827901814159,0.7325,4.21559291132,0.5001555868322489,0.77,4.17184690589,0.552885851757518,0.715,3.31585035724,0.5465994247634242,0.9097753024774341,1.52530900169,0.8951476459018343,0.8069135802469131,3.14796361298,0.502181953194975
14,80513,1.0,nan,0.0,0.76,2.17964916081,0.5481611160794354,0.8250000000000001,5.32836181853,0.4351146994423831,0.76,3.79123098985,0.43527419925889044,0.7075,4.13410754485,0.3951673163386125,0.7825000000000001,3.98473815595,0.6039328481312242,0.5975,2.37800672819,0.17941395807281363,0.8483195698098711,2.55388709147,0.7697571252118143,0.8207407407407401,3.19771907083,0.5462562688546246
14,80619,1.0,nan,0.0,0.7625000000000001,2.18193410116,0.553612963140604,0.8150000000000001,5.16246072324,0.3825855459870406,0.8250000000000001,3.45728607574,0.6754727420517651,0.7775000000000001,3.71721470065,0.6812103890140214,0.77,4.17184690589,0.552885851757518,0.6975,3.40794185714,0.4876414483335402,0.869406568081428,2.20517583757,0.8199756653202329,0.9777777777777771,1.23619109809,0.8691779613237515
14,80759,0.0,nan,0.0,0.5575,1.37524146248,0.15435782572576134,0.605,0.0382661921097,0.0008199279562488474,0.7825000000000001,3.78094094236,0.5207600544874819,0.6675,3.42563279286,0.24187411501146366,0.6675,2.75777790991,0.15703237347102755,0.845,1.92644553703,0.8802741243351384,0.854042634914538,2.46176517304,0.784110732199269,0.6167901234567901,1.19098645166,0.12384968211964482
14,80766,1.0,nan,0.0,0.6000000000000001,1.69784366256,0.2197711356566623,0.6375000000000001,0.139738519959,0.0034074890873433896,0.7225,3.42341193189,0.2984886204523207,0.645,2.81730140963,0.17147965391164743,0.6975,3.62290283199,0.2531610032849914,0.645,3.1503312578,0.31204411788787767,0.8905703860188201,1.84391639053,0.8628215431274475,0.8197530864197531,3.200124592,0.5430967626128288
14,80873,0.0,nan,0.0,0.5,0.933125076732,0.08816430974410161,0.6325000000000001,0.115980101898,0.0027697872345398456,0.7075,3.15367977702,0.24908892826071447,0.735,4.20774244432,0.5106853340785792,0.7775000000000001,4.06737807612,0.5837985878248164,0.705,3.37898971709,0.5131026057491279,0.9597080852698291,0.824915946143,0.9528770037154227,0.8182716049382711,3.20197094304,0.5383542085119284
14,84558,0.0,nan,0.0,0.6275000000000001,1.88008694954,0.2690359339866562,0.7775000000000001,3.90031527817,0.21012609101059343,0.837499999999999,3.32549424476,0.7178801022354754,0.7925000000000001,3.42928360113,0.7348603967846367,0.7775000000000001,4.06737807612,0.5837985878248164,0.75,2.92030941958,0.6563762146357808,0.8444785865181481,2.61424280527,0.7598313635032702,0.8256790123456791,3.17175367716,0.5619928366945078
14,104560,0.0,nan,0.0,0.515,1.04430523119,0.10298932491329903,0.8500000000000001,5.32612922649,0.5695646841984027,0.48,0.0460449099173,0.0013600174970823953,0.4,0.00456874986274,0.00010138081892016621,0.485,0.0343467078389,0.0008559589147306185,0.40750000000000003,0.104686246746,0.003769308272855865,0.850240061455732,2.52324678249,0.7746324685393013,0.9170370370370371,1.72171384359,0.7794629301275995
14,104598,0.0,nan,0.0,0.5,0.933125076732,0.08816430974410161,0.67,0.418608643504,0.011802851692494051,0.645,1.72516446551,0.09579758439104584,0.5825,1.15668887079,0.04985467462186268,0.685,3.28366617734,0.20995068952832557,0.515,0.907463279553,0.0470602117731161,0.8269637027078931,2.86985508414,0.7117526395018419,0.8543209876543211,2.67936683915,0.6468166709887693
14,104599,1.0,nan,0.0,-0.25,1.18385173929e-07,3.329744245022757e-09,0.6875,0.696444333822,0.021399560049941344,0.595,0.785394687553,0.034732799112910925,0.5725,0.95654306574,0.0393086583434564,0.61,1.14779031348,0.04729082161282358,0.47000000000000003,0.416186104418,0.018276508808373337,0.8580756673708471,2.39551717482,0.7939058516500244,0.8804938271604931,2.14838619422,0.7096363027857657
14,104688,1.0,nan,0.0,0.75,2.17577834519,0.5263900442246718,0.8125,5.10729308608,0.36974726359732824,0.73,3.53484152592,0.3245928085322,0.7275,4.22283752778,0.47905475693651134,0.6625,2.60296457314,0.14363031953866973,0.7225,3.25146652887,0.5712354790394274,0.657384290378336,2.30253418309,0.1927207605961662,0.743209876543209,2.14229504202,0.3350490986706744
14,104824,0.0,nan,0.0,0.5,0.933125076732,0.08816430974410161,0.875,4.75012933306,0.6965873721600955,0.6000000000000001,0.860101175842,0.03884463760491214,0.6325000000000001,2.4563529318,0.13851481647244848,0.6175,1.32119191541,0.05654035340748035,0.5675,1.79622466742,0.11679377104323063,0.882081812944113,1.98863659695,0.8465559359962299,0.8222222222222221,3.1923546678,0.5509899163080746
14,107778,1.0,nan,0.0,0.78,2.21983845046,0.5920669888068492,0.685,0.649861703914,0.019717186224773076,0.7175,3.33996226742,0.2815772818632986,0.68,3.71236259485,0.28653697372636383,0.7375,4.28277129291,0.4138821706787887,0.6000000000000001,2.42552084932,0.18541844865365706,0.833877472632994,2.77327703533,0.7312638905953569,0.589135802469135,0.979191147699,0.09386930052534315
14,107870,0.0,nan,0.0,0.72,2.17847839684,0.46105891313621733,0.909999999999999,3.33410046691,0.8392838705343771,0.8225,3.48205041519,0.6667984706140845,0.8125,2.99261137892,0.7991631704065328,0.8150000000000001,3.30252615911,0.7227752602731081,0.735,3.11628474387,0.611066922400522,0.765815248703668,3.35254161993,0.517646416990409,0.90716049382716,1.81143351914,0.7620239561064138
14,107898,1.0,nan,0.0,0.605,1.73309203534,0.22834881169536958,0.6175,0.0644701960231,0.0014493882762924046,0.794999999999999,3.7148087795,0.5676448683518424,0.7025,4.08217914018,0.37462171696358926,0.6975,3.62290283199,0.2531610032849914,0.6075,2.56530238161,0.20413690960362943,0.9443057422700211,1.01593772197,0.9387317095447855,0.7614814814814811,2.36911582325,0.37611393794782483
14,108143,0.0,nan,0.0,0.5625,1.41449317306,0.16133222128117572,0.7225,1.62515084803,0.060484625202268216,0.6950000000000001,2.89127523477,0.21127864689344042,0.485,0.103631111043,0.002992393561220021,0.625,1.50881181393,0.06714428455853408,0.73,3.1741222081,0.5953389876587946,0.8767428461686191,2.07999883963,0.8356947864452,0.8824691358024691,2.11640997382,0.7138482297293607
14,108336,0.0,nan,0.0,0.41750000000000004,0.435150133244,0.03321530178954737,0.5575,0.00403171911107,7.31746088487234e-05,0.56,0.38544099691,0.014849706814838739,0.535,0.417350219159,0.01455561269748369,0.595,0.845966759104,0.0324134661561352,0.387499999999999,0.0625680783586,0.0021279194061052313,0.8269637027078931,2.86985508414,0.7117526395018419,0.8469135802469131,2.84203503786,0.6263615693876273
14,108341,1.0,nan,0.0,0.595,1.66182685959,0.21137165580819825,0.8075000000000001,4.98173672978,0.34451645144309484,0.52,0.145267546471,0.004863564424301182,0.5825,1.15668887079,0.04985467462186268,0.595,0.845966759104,0.0324134661561352,0.52,0.978672275287,0.05177417901351729,0.8097560975609751,3.07952728663,0.6604970919120605,0.9516049382716051,1.44346431194,0.8341119749891558
14,108351,1.0,nan,0.0,0.665,2.06848857578,0.34332567744419207,0.6825,0.605689667847,0.018148242593127254,0.685,2.66460090715,0.18348967330347457,0.65,2.95917206239,0.18592185410861567,0.615,1.26176855339,0.053311986164137536,0.64,3.0873456435,0.29644757876464645,0.839408488573074,2.6917992049,0.7463792076936043,0.598518518518518,1.04967976745,0.10338613597189897
14,108388,1.0,nan,0.0,0.58,1.54996547655,0.18727681728134452,0.6900000000000001,0.745498558731,0.02320146768110668,0.64,1.61414876091,0.0874504962882607,0.5475,0.561666300492,0.020640266612706876,0.5875,0.717707349788,0.026559007331601662,0.6000000000000001,2.42552084932,0.18541844865365706,0.8406376032264261,2.67323508212,0.7496763450163079,0.819259259259259,3.20097505352,0.5415162345106922
14,108411,1.0,nan,0.0,0.515,1.04430523119,0.10298932491329903,0.875,4.75012933306,0.6965873721600955,0.6575000000000001,2.0132956778,0.11914949435782624,0.6175,2.0282386557,0.10490037231980857,0.67,2.83486550459,0.16402324679747723,0.7075,3.365768913,0.521533918967233,0.8743230266948331,2.121372511,0.8306114955680383,0.9303703703703701,1.61172766428,0.8016772237782359
14,108416,1.0,nan,0.0,0.7125,2.17516768789,0.44473085665937284,0.804999999999999,4.91175474882,0.33214862397153105,0.8174999999999991,3.53012108275,0.6492672228495925,0.71,4.15564738714,0.4055301291074589,0.804999999999999,3.52611522094,0.6886314351289762,0.74,3.05419389027,0.6264947417011179,0.8364893412713651,2.73523590893,0.7384578215845954,0.807407407407407,3.1526718924,0.5037376737636488
14,108417,1.0,nan,0.0,0.52,1.08229916704,0.10830566597343212,0.8,4.75849882012,0.30796586720051655,0.6325000000000001,1.45348350354,0.07595157063940024,0.5825,1.15668887079,0.04985467462186268,0.5325,0.168799316522,0.004970462291399343,0.605,2.51922962428,0.1977811254066541,0.860149798348377,2.36108714664,0.7988388006299805,0.973333333333333,1.27130009791,0.863605796896726
14,108652,0.0,nan,0.0,0.5625,1.41449317306,0.16133222128117572,0.525,0.000676730049679,1.110500252312467e-05,0.6425000000000001,1.66929809792,0.0915546501873263,0.5075000000000001,0.202016408207,0.006326991201914209,0.5650000000000001,0.41795023505,0.01401140511689658,0.43999999999999906,0.224040118619,0.008907050882395634,0.945265988092951,1.00331876021,0.9397011934556357,0.5560493827160491,0.747229786718,0.06538839686432887
14,109008,1.0,nan,0.0,0.595,1.66182685959,0.21137165580819825,0.6950000000000001,0.851242764422,0.02718902190196245,0.5325,0.200761593323,0.007010594792407883,0.5275000000000001,0.345809761998,0.011700409625353689,0.63,1.64124459399,0.07501708884189479,0.5,0.71389672674,0.0349379095975588,0.8137507201843671,3.03519112019,0.672711023724047,0.6819753086419751,1.69533018203,0.21814027507216494
14,109067,1.0,nan,0.0,0.75,2.17577834519,0.5263900442246718,0.8,4.75849882012,0.30796586720051655,0.794999999999999,3.7148087795,0.5676448683518424,0.7625000000000001,3.95630198688,0.6235874384466528,0.7525000000000001,4.30608079554,0.4784638361016673,0.71,3.35081344027,0.5299300046334957,0.7877856731323211,3.26853274551,0.5905840222624654,0.8479012345679011,2.82095593385,0.6291581300446055
14,129429,1.0,nan,0.0,0.76,2.17964916081,0.5481611160794354,0.7925000000000001,4.49906352092,0.2732295255379564,0.5875,0.681855785394,0.029236968595815514,0.5775,1.05359389719,0.04433146703965967,0.68,3.13768701157,0.19389537178087926,0.54,1.29495654406,0.07442975306042457,0.7937776070674091,3.22678406269,0.6100476327765638,0.8172839506172841,3.20202779153,0.535191662808669
14,129459,1.0,nan,0.0,0.605,1.73309203534,0.22834881169536958,0.705,1.09450425249,0.03688182061561494,0.6925,2.8357312124,0.20411971057190184,0.6725,3.54607272595,0.2593063119156709,0.6875,3.35475982847,0.21824901220970513,0.6375000000000001,3.05379053541,0.28877088089485325,0.896331860956404,1.74667344019,0.8731645775870379,0.838024691358024,3.01483486026,0.6003046853188158
14,129490,1.0,nan,0.0,0.7000000000000001,2.16216413196,0.4176120547269514,0.889999999999999,4.19686677012,0.7638368719747857,0.754999999999999,3.77062808568,0.4163658598997349,0.6575000000000001,3.1661109182,0.20889691697044252,0.6975,3.62290283199,0.2531610032849914,0.625,2.86750228582,0.2517323292850024,0.8252736700595351,2.8924820737,0.7068833135649439,0.9654320987654321,1.33389470248,0.8533137676977408
14,129672,1.0,nan,0.0,-0.25,1.18385173929e-07,3.329744245022757e-09,0.725,1.7116386514,0.06465507868639525,0.38,0.00122102453182,2.771747957811508e-05,0.485,0.103631111043,0.002992393561220021,0.405,0.00114792047598,2.261973683536715e-05,0.43500000000000005,0.200508867228,0.007846570589935079,0.839408488573074,2.6917992049,0.7463792076936043,0.901234567901234,1.87161978975,0.7511141610683478
14,129907,0.0,nan,0.0,0.6075,1.7504031764,0.2327032259098596,0.65,0.218143830172,0.005613357279220453,0.63,1.40166688429,0.07238282338172564,0.65,2.95917206239,0.18592185410861567,0.65,2.21851933184,0.113504938136974,0.54,1.29495654406,0.07442975306042457,0.9058959093527941,1.58821417938,0.8891086440472213,0.725432098765432,1.99433288403,0.2983491581263779
14,129987,0.0,nan,0.0,0.5,0.933125076732,0.08816430974410161,0.5625,0.00521263865675,9.616825384242839e-05,0.6875,2.72230334049,0.19022342520793767,0.6575000000000001,3.1661109182,0.20889691697044252,0.6575000000000001,2.44822289864,0.13100260467945307,0.6575000000000001,3.28154231253,0.3522841138727482,0.9306702515844051,1.20478912345,0.9236114819523586,0.6869135802469131,1.73071866151,0.22659992057302522
14,130043,0.0,nan,0.0,0.804999999999999,2.34743935076,0.6490065947297602,0.865,5.04144766355,0.6475689511174985,0.899999999999999,2.16823746896,0.8952464156167286,0.8300000000000001,2.57580224673,0.8479253327960914,0.764999999999999,4.22678362742,0.5318840827003386,0.6950000000000001,3.41394301151,0.47911370742788456,0.8598041098521221,2.36684088421,0.7980216052927613,0.942716049382716,1.51372935773,0.8209688226859247
14,130166,0.0,nan,0.0,0.875,2.12284426361,0.8163962632750643,0.8600000000000001,5.15813551739,0.6220613757666595,0.9325000000000001,1.26436906873,0.9509213741205315,0.7875000000000001,3.52973119661,0.7174611671419554,0.9325000000000001,0.884406912502,0.9733041649389162,0.875,1.49703853632,0.9322835877283088,0.918225465719224,1.39166335762,0.9074686240848211,0.8681481481481481,2.37775011986,0.6817481621984754
14,130586,0.0,nan,0.0,-0.25,1.18385173929e-07,3.329744245022757e-09,0.42750000000000005,9.68423745321e-07,1.2304956893736679e-08,0.28500000000000003,1.42483969377e-05,2.641927815261654e-07,0.20750000000000002,1.16540624215e-07,1.6786473467442132e-09,0.35750000000000004,9.96963046711e-05,1.7444443893860316e-06,0.25,0.000696767580569,1.7049137631367446e-05,0.892452467831764,1.81203556483,0.8662619278800296,0.741728395061728,2.12789304658,0.33188605686442463
14,134922,0.0,nan,0.0,0.4375,0.535370418543,0.04289743090738062,0.79,4.40574730354,0.2620978654771702,0.725,3.46245381858,0.30709633718281976,0.6925,3.94404942836,0.33445339344952596,0.6775,3.06311036566,0.18614418135604882,0.635,3.01892885682,0.28117971494052973,0.857922028039178,2.39805843388,0.7935376107569277,0.679012345679012,1.67379066369,0.2131489291409334
14,134923,0.0,nan,0.0,0.6725,2.09573843411,0.35894390120008185,0.735,2.08200191206,0.08359190579005665,0.725,3.46245381858,0.30709633718281976,0.6825,3.76351240103,0.2958822890531943,0.7025,3.74512369295,0.2715847706844121,0.68,3.41073506794,0.4278442547942114,0.879969272133666,2.02478420061,0.8423166817601411,0.77037037037037,2.51680475034,0.39781153702677147
14,135551,1.0,nan,0.0,0.7825000000000001,2.22889949369,0.597627710373278,0.774999999999999,3.79343698056,0.20050860646309487,0.8250000000000001,3.45728607574,0.6754727420517651,0.7575000000000001,4.02211592481,0.6036381576234179,0.7725000000000001,4.13982957263,0.5632760567244767,0.6425000000000001,3.11954252713,0.3042064772107002,0.823314768580756,2.91819411265,0.7011919508519446,0.7629629629629631,2.39204449722,0.3796406363810229
14,135973,1.0,nan,0.0,0.6675,2.07799280423,0.3485088659642028,0.8975000000000001,3.88368667059,0.7941501839484179,0.7925000000000001,3.7307322442,0.5583376915926637,0.8,3.2715182946,0.7599933980644118,0.7825000000000001,3.98473815595,0.6039328481312242,0.745,2.98859564541,0.6416030115426798,0.849241405799884,2.53921620148,0.7721046334282288,0.9017283950617281,1.8663660076,0.7520371185733641
14,136122,1.0,nan,0.0,0.5225000000000001,1.10144232429,0.11103532371888743,0.8325,5.39164638555,0.4753485084367413,0.745,3.70262770293,0.3789697313624943,0.78,3.67218355429,0.6904474095499148,0.745,4.31096164719,0.44612935837475065,0.61,2.61077232189,0.21060713496981773,0.8521605531015941,2.49232424635,0.7794486932730331,0.653827160493827,1.48292633811,0.17337188498192335
14,136139,1.0,nan,0.0,0.8225,2.44707172316,0.6910030765917123,0.845,5.37526000019,0.542801238649079,0.837499999999999,3.32549424476,0.7178801022354754,0.8025,3.21722834032,0.7681044982326438,0.784999999999999,3.94002166767,0.6138392384745089,0.76,2.77925130405,0.6848769335978119,0.7495678893796811,3.34173130847,0.4631794877562518,0.9422222222222221,1.51763192971,0.8202203384302201
14,136288,1.0,nan,0.0,0.7425,2.17640329296,0.5100705310976803,0.827499999999999,5.3554498302,0.4484706985720851,0.8125,3.57612858603,0.6315006869170426,0.7375,4.19714693538,0.5211920113519709,0.7925000000000001,3.79451568876,0.6428534930199369,0.6225,2.82693338527,0.2446140768178967,0.852506241597849,2.48672972555,0.780309294356734,0.93679012345679,1.560609516,0.8118597385121418
14,136820,1.0,nan,0.0,0.6025,1.71556888742,0.22403794240674796,0.655,0.258556213343,0.0068027104031246465,0.655,1.9546977061,0.11418958368412432,0.6275000000000001,2.31200604457,0.12659431092795778,0.6175,1.32119191541,0.05654035340748035,0.5650000000000001,1.74841229474,0.1123630392169688,0.9385442673324371,1.09356705528,0.9326563440581899,0.852345679012345,2.72350551917,0.6414804554176086
14,136846,0.0,nan,0.0,0.7625000000000001,2.18193410116,0.553612963140604,0.6525000000000001,0.237630937602,0.00618278391816694,0.7925000000000001,3.7307322442,0.5583376915926637,0.8075000000000001,3.1063406377,0.7839146616807905,0.804999999999999,3.52611522094,0.6886314351289762,0.875,1.49703853632,0.9322835877283088,0.7226810063376221,3.19009889909,0.375009222505385,0.6074074074074071,1.11786896506,0.11301878405024814
14,137085,0.0,nan,0.0,0.847499999999999,2.45022654242,0.7527364891823168,0.9400000000000001,2.04972644041,0.9196184446499311,0.875,2.76719920575,0.8331757137543139,0.8400000000000001,2.32762258843,0.8724470433721687,0.8775000000000001,2.10403017581,0.8900993370341396,0.8500000000000001,1.87313842107,0.8897758729094801,0.660418667178797,2.35338187233,0.1997847653763476,0.8148148148148141,3.19808725299,0.5272890916602041
14,137869,0.0,nan,0.0,0.8150000000000001,2.40832502868,0.6727892558835583,0.972499999999999,0.995577903866,0.9678728001864624,0.905,2.03020536083,0.905744101972932,0.875,1.45347276653,0.9385059046297759,0.8700000000000001,2.24108228748,0.8738009271289987,0.8625,1.70804911141,0.9122075983795864,0.0,7.27557607174e-09,1.420205319598422e-10,0.9772839506172831,1.24008673293,0.8685665347607172
14,138039,0.0,nan,0.0,0.655,2.02639370797,0.3228459104758335,0.7325,1.98592994477,0.07850744904262856,0.63,1.40166688429,0.07238282338172564,0.6975,4.01869241964,0.35436479608587107,0.6375000000000001,1.84977471765,0.08810144388853476,0.6075,2.56530238161,0.20413690960362943,0.8560015363933161,2.42971060295,0.788901731447712,0.716049382716049,1.92918633197,0.27994586885622513
14,140859,1.0,nan,0.0,0.4375,0.535370418543,0.04289743090738062,0.59,0.0196841587449,0.00039915684655861223,0.65,1.83883395129,0.1047065666811454,0.5975,1.5007035644,0.0697220732119626,0.6000000000000001,0.93983011029,0.03687515030109625,0.59,2.23354667339,0.1621191132933044,0.9577491837910501,0.847842903644,0.9512386846920647,0.6948148148148141,1.78600571458,0.240494215025755
14,140984,1.0,nan,0.0,0.645,1.97808995312,0.3028185076068574,0.8925000000000001,4.09451891146,0.7742015801051205,0.7625000000000001,3.79823431922,0.44476148416916883,0.754999999999999,4.05202029602,0.5935450546844274,0.7425,4.30524492414,0.435358332386679,0.6925,3.41808994395,0.47057327857048115,0.8857307470712501,1.92628392861,0.853698534702755,0.9160493827160491,1.73025180818,0.7777582620284582
14,141053,1.0,nan,0.0,0.625,1.86482221859,0.26435473633241074,0.7025,1.02963173017,0.034227220013576705,0.645,1.72516446551,0.09579758439104584,0.65,2.95917206239,0.18592185410861567,0.7025,3.74512369295,0.2715847706844121,0.5,0.71389672674,0.0349379095975588,1.0,0.442232871684,0.9778428107723824,0.611358024691358,1.14853405381,0.11749556537986966
14,141356,1.0,nan,0.0,0.7025,2.16558118756,0.4230218245653218,0.9475,1.76690651248,0.9339174762679728,0.8250000000000001,3.45728607574,0.6754727420517651,0.794999999999999,3.37759071326,0.7433691845711984,0.8400000000000001,2.77835677769,0.7986178484160803,0.8425,1.95070514857,0.8754273749551729,0.811791818705588,3.05728402259,0.6667436355299997,0.8508641975308641,2.75636026799,0.6374212611302688
14,142811,1.0,nan,0.0,0.635,1.92405514968,0.2833032209652858,0.7825000000000001,4.10912996517,0.23015276384053532,0.595,0.785394687553,0.034732799112910925,0.58,1.10439154629,0.04702863495514896,0.675,2.98768035694,0.17858053104743643,0.535,1.2114150533,0.06816498959121466,0.8137507201843671,3.03519112019,0.672711023724047,0.714567901234567,1.91920275692,0.27709521596181547
14,142951,0.0,nan,0.0,0.6475000000000001,1.99072290098,0.30777959917846853,0.784999999999999,4.21049975355,0.2405527721597004,0.804999999999999,3.64052138855,0.6044344008048916,0.764999999999999,3.92057256956,0.6334339080665475,0.7375,4.28277129291,0.4138821706787887,0.68,3.41073506794,0.4278442547942114,0.8876896485500281,1.89288718195,0.8574392137051954,0.929382716049382,1.61965225096,0.8000814823714104
14,143324,1.0,nan,0.0,0.5750000000000001,1.51167390205,0.1796225481072572,0.6775,0.524314284507,0.015327028230107025,0.5725,0.504627212468,0.020387011698275406,0.66,3.23300651707,0.21689606242441117,0.625,1.50881181393,0.06714428455853408,0.59,2.23354667339,0.1621191132933044,0.8636835029767621,2.30195252821,0.8070778670243834,0.6972839506172831,1.80296390809,0.2449250708271063
14,145305,1.0,nan,0.0,0.605,1.73309203534,0.22834881169536958,0.725,1.7116386514,0.06465507868639525,0.7675000000000001,3.80580780298,0.4637751181146017,0.745,4.14954624543,0.552506606248732,0.6875,3.35475982847,0.21824901220970513,0.6575000000000001,3.28154231253,0.3522841138727482,0.9097753024774341,1.52530900169,0.8951476459018343,0.7970370370370371,3.01735903129,0.4716831753307554
14,145335,0.0,nan,0.0,0.5225000000000001,1.10144232429,0.11103532371888743,0.8,4.75849882012,0.30796586720051655,0.55,0.306944857238,0.011399553032240294,0.5425,0.499984414037,0.01798840379379725,0.5,0.0587665837266,0.0015397849538558196,0.5875,2.18495048989,0.15659595980452162,0.693796811983867,2.86648073599,0.28719108846655894,0.79753086419753,3.02530045213,0.47317519505281064
14,145444,1.0,nan,0.0,0.725,2.17916059221,0.47195345691038015,0.794999999999999,4.58913962648,0.2845904828379016,0.8525,3.14146337527,0.7664282766917349,0.754999999999999,4.05202029602,0.5935450546844274,0.6925,3.49238324182,0.23536957626503632,0.7975000000000001,2.30812195657,0.7797162119077705,0.8017284424812751,3.15978161481,0.635445440225424,0.861728395061728,2.51429547017,0.6660501983445366
14,146557,0.0,nan,0.0,-0.25,1.18385173929e-07,3.329744245022757e-09,0.74,2.28043288621,0.0944946432082343,0.73,3.53484152592,0.3245928085322,0.72,4.21191329292,0.44740786871430305,0.6825,3.21125702349,0.20183177757875698,0.5700000000000001,1.8443234403,0.12134440126782386,0.8974841559439211,1.72736391081,0.8751661305005616,0.9002469135802461,1.88227231055,0.7492604033382166
14,146877,1.0,nan,0.0,0.8075000000000001,2.36298807141,0.6548946255516007,0.865,5.04144766355,0.6475689511174985,0.865,2.95182384912,0.8045538994005161,0.715,4.18977189625,0.42639866639659774,0.5625,0.391854888626,0.012999425097939037,0.8400000000000001,1.97354245136,0.8705217842948761,0.5736892644516991,0.975076811747,0.058015289019984116,0.863209876543209,2.48201006799,0.6697511178575495
14,146928,1.0,nan,0.0,0.7000000000000001,2.16216413196,0.4176120547269514,0.885,4.39399313761,0.7423552004744136,0.855,3.10669883573,0.774238774367186,0.8600000000000001,1.82294181634,0.9139549705462693,0.8174999999999991,3.24694040791,0.7309620166979707,0.8150000000000001,2.16111092792,0.818759289281674,0.837718455924716,2.71706155212,0.7418085883598049,0.803456790123456,3.1097161679,0.4913636126933246
14,146993,1.0,nan,0.0,0.8125,2.39364079526,0.6667866711005394,0.8,4.75849882012,0.30796586720051655,1.0,0.216200930399,0.9929627579566384,1.0,0.0364840910101,0.9991621096314693,1.0,0.0775520451323,0.99832733572439,0.9500000000000001,0.255210324516,0.9921488858730948,0.37584021509506405,0.0180610373442,0.0006181523506810647,0.8528395061728391,2.71249859957,0.6428226796046808
14,147026,1.0,nan,0.0,0.5,0.933125076732,0.08816430974410161,0.645,0.183188416833,0.004612178548315165,0.655,1.9546977061,0.11418958368412432,0.615,1.95889952156,0.09991661175696392,0.625,1.50881181393,0.06714428455853408,0.52,0.978672275287,0.05177417901351729,0.8626848473209141,2.31872005232,0.8047706332034044,0.815802469135802,3.20035973473,0.5304488945694336
14,147101,0.0,nan,0.0,0.625,1.86482221859,0.26435473633241074,0.8525,5.29267747321,0.5828394099904669,0.865,2.95182384912,0.8045538994005161,0.7225,4.21850584105,0.4579465118905159,0.6825,3.21125702349,0.20183177757875698,0.8600000000000001,1.74487326821,0.9078910484110181,0.861724601497983,2.33480271395,0.8025363670718488,0.9007407407407401,1.87692152759,0.7501885973068555
14,147111,1.0,nan,0.0,0.595,1.66182685959,0.21137165580819825,0.837499999999999,5.40348308326,0.502346544585448,0.735,3.5992465549,0.342431443465285,0.774999999999999,3.76089911113,0.6718624582287653,0.6225,1.44475296934,0.06345263727084365,0.605,2.51922962428,0.1977811254066541,0.9010946802381411,1.66722142894,0.8812940748529638,0.852345679012345,2.72350551917,0.6414804554176086
14,147193,1.0,nan,0.0,0.75,2.17577834519,0.5263900442246718,0.75,2.69839513295,0.11936820226564897,0.7825000000000001,3.78094094236,0.5207600544874819,0.7825000000000001,3.62587971992,0.6995702463168407,0.7975000000000001,3.69002187997,0.6615668839412335,0.8500000000000001,1.87313842107,0.8897758729094801,0.752294987516804,3.34791403394,0.4723015454483245,0.6439506172839501,1.40546451957,0.15910749044866176
14,819,0.0,nan,0.0,0.725,2.17916059221,0.47195345691038015,0.8300000000000001,5.37656907256,0.4618869740733839,0.7025,3.052139521,0.23357228269698968,0.7075,4.13410754485,0.3951673163386125,0.7225,4.12920905803,0.35063436453666597,0.7775000000000001,2.53765425153,0.7313693044590306,0.8252736700595351,2.8924820737,0.7068833135649439,0.7214814814814811,1.96636731487,0.29052588442404115
14,1942,0.0,nan,0.0,0.715,2.17660998509,0.45017065307315446,0.784999999999999,4.21049975355,0.2405527721597004,0.6725,2.3697770897,0.15201652474582827,0.5925,1.38047095653,0.06252135149179017,0.6075,1.09328054333,0.044489830497103644,0.585,2.1362289391,0.1511944652873099,0.8467447666602651,2.57878782986,0.7657156215583659,0.755061728395061,2.27794762269,0.36120454639188154
14,1993,0.0,nan,0.0,0.6625,2.0585705326,0.33816676794176576,0.905,3.5563892371,0.8220568920361279,0.7375,3.62832912895,0.3514663540999518,0.7525000000000001,4.07980317355,0.5833798240853258,0.835,2.87626203213,0.7844828812430871,0.63,2.94550021906,0.26626664457319216,0.8857307470712501,1.92628392861,0.853698534702755,0.905679012345679,1.82593313171,0.7593296514468085
