user,id,mealScore,mealScore_pdf,mealScore_cdf,roomScore,roomScore_pdf,roomScore_cdf,equipmentScore,equipmentScore_pdf,equipmentScore_cdf,bathScore,bathScore_pdf,bathScore_cdf,serviceScore,serviceScore_pdf,serviceScore_cdf,locationScore,locationScore_pdf,locationScore_cdf,chargeScore,chargeScore_pdf,chargeScore_cdf,distanceScore,distanceScore_pdf,distanceScore_cdf,kinnennScore,kinnennScore_pdf,kinnennScore_cdf
6,101,0.6975,2.29116476889,0.10187918583683295,0.6000000000000001,0.00159093668544,2.2955955209058477e-05,0.655,0.254606743613,0.0060268075859879035,0.625,0.357774576424,0.011411863323240703,0.73,1.92509257007,0.06606558887740008,0.9400000000000001,3.32391357326,0.8305137144703343,0.9297100057614741,1.04843460312,0.8650542036797884,0.9797530864197531,1.30466222525,0.9289217248961545,0.0,nan,0.0
6,192,0.6675,1.29768123222,0.048806873288187086,0.6775,0.112581191775,0.0022680826333845707,0.63,0.0924162184356,0.001989977990076102,0.5325,0.0171205086824,0.0004261299316367856,0.66,0.241577421616,0.006878304234174369,0.745,1.45164632837,0.055026926482497816,0.8213942769348951,1.70193263912,0.7150097723980049,0.755061728395061,2.15799780666,0.1582059562331008,0.0,nan,0.0
6,223,0.5825,0.118393196949,0.0030777675092341175,0.605,0.00219955551565,3.235560842825804e-05,0.6375000000000001,0.126688429969,0.002805543195762704,0.5575,0.0421779097252,0.0011246696120760294,0.6775,0.423346296702,0.012557892295354652,0.605,0.0149046199181,0.00031137604331482155,0.8713654695602071,1.41624973091,0.7931600742172734,0.8103703703703701,3.93338458639,0.3256750728541814,1.0,nan,0.0
6,388,0.7825000000000001,5.10073072449,0.4318995167494975,0.7675000000000001,2.88595010315,0.08847112161228617,0.7575000000000001,4.50019584215,0.18728806223692085,0.675,1.30247227498,0.04886697168146619,0.7675000000000001,4.19210812462,0.17847290693820833,0.915,4.30679892334,0.7347987434144749,0.713885154599577,1.97671912309,0.511971976508877,0.851358024691358,4.72620616004,0.5069048830889891,0.0,nan,0.0
6,398,0.847499999999999,4.13385971135,0.749426868596867,0.6325000000000001,0.0115465803166,0.00018997449967091888,0.635,0.114169217162,0.002504715147303618,0.545,0.0270931695332,0.0006980942699156136,0.66,0.241577421616,0.006878304234174369,0.61,0.0185826837178,0.00039478594171078355,0.8828884194353751,1.34413319073,0.8090651275638157,0.720493827160493,1.37573686137,0.09812343453072898,1.0,nan,0.0
6,462,0.7075,2.67977205658,0.12671728032493437,0.68,0.125889531713,0.002565897070689985,0.7975000000000001,6.6628074453,0.4166228239925712,0.64,0.543351992624,0.018086415134037165,0.8300000000000001,6.32497358421,0.5364262983200476,0.79,3.12832762553,0.15612934805916734,0.965469560207413,0.836259231536,0.8986923343145883,0.810864197530864,3.94849661246,0.32762121972394964,0.0,nan,0.0
6,509,0.8225,4.87871723518,0.6360281456386818,0.6950000000000001,0.23904625278,0.005223514129695873,0.6375000000000001,0.126688429969,0.002805543195762704,0.5125000000000001,0.00792092065609,0.00018650953364278929,0.6950000000000001,0.725973704912,0.022397495423129847,0.919999999999999,4.12496275307,0.7558824874787442,0.6792778951411561,1.93140994663,0.444158664602144,0.9125925925925921,3.51941725343,0.7725205031923068,1.0,nan,0.0
6,568,0.5675,0.0690237021876,0.001701353055418828,0.6625,0.0558145142965,0.001049011857134253,0.685,0.742972044877,0.019891306107143025,0.865,3.41320081,0.8176583694659143,0.7975000000000001,5.92171063799,0.332089167097959,0.9450000000000001,3.11524034109,0.8466117944798006,0.786863837142308,1.85292267721,0.6534931410978715,0.9432098765432091,2.38699456553,0.8628466224233242,0.0,nan,0.0
6,570,0.857499999999999,3.75560683572,0.7888996969288644,0.8625,7.04763883887,0.6924345830036917,0.754999999999999,4.32377247667,0.17625796066211272,0.735,3.77371752666,0.19564672456288168,0.7825000000000001,5.15247264411,0.24869254585349343,0.8775000000000001,5.18607159007,0.5536850304730053,0.765700019204916,1.9185907842,0.6135435523283521,0.946172839506172,2.28343270247,0.8697652353245754,0.0,nan,0.0
6,610,0.8225,4.87871723518,0.6360281456386818,0.7825000000000001,4.17536593008,0.14113054255947513,0.6875,0.806235440847,0.021826934487107475,0.615,0.267484074042,0.008304991311206067,0.725,1.6944069172,0.05702555735225537,0.9175000000000001,4.21718282651,0.745454289221765,0.880929517956596,1.35647420662,0.8064200111842712,0.899753086419753,3.9625888648,0.724430112745932,1.0,nan,0.0
6,630,0.7725000000000001,4.94399337579,0.38160919340168786,0.74,1.26243523521,0.03371043090197951,0.6375000000000001,0.126688429969,0.002805543195762704,0.5575,0.0421779097252,0.0011246696120760294,0.68,0.457909200162,0.013658936561733425,0.6875,0.330481740653,0.009452050219970405,0.9405031688112151,0.98235839013,0.8760122380286468,0.7629629629629631,2.38552137917,0.17614433557465745,1.0,nan,0.0
6,658,0.63,0.519500534515,0.01633277010504477,0.59,0.000815148486178,1.1327928770081432e-05,0.54,0.000909456493261,1.4226821239542805e-05,0.47750000000000004,0.00183073705749,3.9194486597999014e-05,0.5775,0.0116954098651,0.0002581683491678896,0.665,0.15908278435,0.004139943494704552,0.656270405223737,1.86703135237,0.4004138239216841,0.65679012345679,0.61074803804,0.03810717837376222,1.0,nan,0.0
6,659,0.62,0.391851378706,0.011800009664674305,0.645,0.0229159863765,0.0003980330197919381,0.5925,0.0163826767746,0.00030739641499030154,0.47750000000000004,0.00183073705749,3.9194486597999014e-05,0.6125,0.0466217571975,0.0011545570075586799,0.65,0.093178230342,0.0022860080757920623,0.531745726906087,1.2373256641,0.20405107890338137,0.622222222222222,0.378746049384,0.02124618744760641,1.0,nan,0.0
6,716,0.8025,5.160541585,0.5350923630691601,0.8325,7.96358316086,0.45994017932264947,0.715,1.81969149709,0.0565213429542586,0.645,0.621268233802,0.02099428626097556,0.7225,1.5869163405,0.052924992726553634,0.735,1.16821454087,0.04196048655809431,0.7945073938928361,1.82385487332,0.6675466841125532,0.819259259259259,4.19101235672,0.36180742079775885,1.0,nan,0.0
6,767,0.7325,3.68733305668,0.20632299212167987,0.7000000000000001,0.292928470344,0.006549442100556998,0.6625,0.337844313863,0.008235610201649503,0.5975,0.15730243769,0.004664781442606893,0.6950000000000001,0.725973704912,0.022397495423129847,0.8725,5.21963333902,0.5276615314911032,0.7599385442673321,1.93245616496,0.6024488431160342,0.9007407407407401,3.93060912765,0.7283280232660281,1.0,nan,0.0
6,839,0.735,3.78518769217,0.21566392191451714,0.845,7.9435687387,0.559934682517732,0.7875000000000001,6.3164136558,0.3515776660341857,0.7275,3.42295727117,0.16865610982529378,0.8150000000000001,6.38489572871,0.44056733746096466,0.925,3.9337230507,0.7760326965988431,0.782024198194737,1.869907884,0.6444841092761462,1.0,0.9052269798,0.9510634164610823,0.0,nan,0.0
6,858,0.5675,0.0690237021876,0.001701353055418828,0.65,0.0297944353051,0.0005291297441705976,0.635,0.114169217162,0.002504715147303618,0.5525,0.0354015936617,0.0009311747933771865,0.61,0.0424728725153,0.0010432619200299073,0.6475000000000001,0.0849164480667,0.0020635299430852012,0.7714614941425001,1.9029671342,0.6245532914439431,0.631604938271604,0.433646057982,0.025053110741979114,1.0,nan,0.0
6,864,0.75,4.33308593717,0.2766497105312642,0.71,0.433531200623,0.010141544162066684,0.6375000000000001,0.126688429969,0.002805543195762704,0.5625,0.0501272263978,0.0013549076665658392,0.6900000000000001,0.623886275961,0.019028655678434075,0.919999999999999,4.12496275307,0.7558824874787442,0.8713654695602071,1.41624973091,0.7931600742172734,0.899753086419753,3.9625888648,0.724430112745932,1.0,nan,0.0
6,922,0.4525,0.000359788742659,6.34743239264211e-06,0.5750000000000001,0.000283754853064,3.7355662180295893e-06,0.595,0.018537999804,0.000350996220240798,0.454999999999999,0.000657549268389,1.32759023705712e-05,0.605,0.0351646935582,0.0008496899353545628,0.6825,0.283005470706,0.007920860453874959,0.9174188592279621,1.12519592934,0.8516973761688612,0.5837037037037031,0.20567093074,0.010243892423076955,0.0,nan,0.0
6,930,0.7125,2.88022886019,0.14061605107634748,0.7925000000000001,5.13190189265,0.18763550438401735,0.75,3.97062063162,0.15552256130817244,0.685,1.62177792613,0.06344815062744691,0.78,5.00121756963,0.23599940163327227,0.885,5.09485402487,0.5922686290280773,0.56024582293067,1.40129314207,0.2416517456380056,0.750123456790123,2.02481506526,0.1478809658493157,0.0,nan,0.0
6,995,0.7875000000000001,5.14820628148,0.45753070972988846,0.5325,1.01507048707e-05,1.161632966190809e-07,0.51,0.00013359927539,1.9004565732205028e-06,0.52,0.0106329826352,0.000255626342977125,0.5775,0.0116954098651,0.0002581683491678896,0.65,0.093178230342,0.0022860080757920623,0.8674860764355671,1.44021074921,0.7876193460808765,0.7664197530864191,2.49026719435,0.18457076411253967,0.0,nan,0.0
6,996,0.625,0.452075950682,0.013906933718821402,0.6375000000000001,0.0152658552393,0.0002566109752880379,0.6000000000000001,0.0236501869507,0.0004559907170510185,0.5325,0.0171205086824,0.0004261299316367856,0.65,0.173708317203,0.004819277679271898,0.725,0.924352098163,0.03153051384058983,0.8703668139043591,1.42243591187,0.791742638484644,0.8390123456790121,4.61005573578,0.4491435478140253,1.0,nan,0.0
6,1119,0.5,0.00400057050727,7.998893064377688e-05,0.58,0.00040619323562,5.4431643157818284e-06,0.545,0.00122823307254,1.9533589899698703e-05,0.5075000000000001,0.00648501247794,0.00015060532194332118,0.6000000000000001,0.0290171590713,0.0006896820071968512,0.7325,1.10354465641,0.03912130467490206,0.8574227002112541,1.50135229857,0.7728169752872396,0.8874074074074071,4.32032975341,0.6732145536005745,1.0,nan,0.0
6,1128,0.8700000000000001,3.25263725118,0.8327224393489822,0.6775,0.112581191775,0.0022680826333845707,0.6925,0.945887371802,0.026199757396580616,0.6025,0.183575989613,0.005515443167063973,0.7425,2.5905380294,0.09416086656400509,0.7725000000000001,2.41748885115,0.10766087527760534,0.858882273862108,1.49258713809,0.7750019174504341,0.7935802469135801,3.38512804621,0.2641618638862766,0.0,nan,0.0
6,1186,0.5750000000000001,0.0907885173428,0.0022973508988481193,0.6625,0.0558145142965,0.001049011857134253,0.6175,0.0534339088613,0.0010984852467687454,0.65,0.708354427779,0.024314381965490066,0.7225,1.5869163405,0.052924992726553634,0.67,0.188535197944,0.0050072098623169334,0.7987708853466481,1.80649523888,0.6752859517496874,0.712592592592592,1.24249511162,0.08778954460483217,1.0,nan,0.0
6,1356,0.79,5.16390969746,0.47042198137274027,0.8125,6.93935636622,0.3090032313590756,0.774999999999999,5.66346638452,0.27648588667640417,0.73,3.54037015006,0.17736031480428588,0.7575000000000001,3.526236334,0.13988921470174365,0.925,3.9337230507,0.7760326965988431,0.704513155367774,1.97095444225,0.4934693101090745,0.8316049382716041,4.48281618923,0.4154415546135369,1.0,nan,0.0
6,1357,0.76,4.64329224073,0.3215766418966776,0.8075000000000001,6.53067886687,0.2753099166460624,0.78,5.94935222075,0.30553002370077753,0.72,3.07157534256,0.14430383704058145,0.8025,6.10880947286,0.36218229301929583,0.835,4.77781407651,0.33652145895338836,0.283887075091223,0.284186479161,0.037090197195685314,0.6083950617283951,0.307435016016,0.01651490377800079,1.0,nan,0.0
6,1386,0.5825,0.118393196949,0.0030777675092341175,0.7425,1.37005108837,0.0369995303418295,0.7025,1.28223725293,0.03727434747421735,0.6525000000000001,0.75554419678,0.02614373473010441,0.6975,0.782431894665,0.024282218225216003,0.8600000000000001,5.20567744098,0.46235740703856054,0.694680238140964,1.95963455398,0.4741403588614963,0.866666666666666,4.6872941813,0.5792225386162274,1.0,nan,0.0
6,1404,0.75,4.33308593717,0.2766497105312642,0.7875000000000001,4.64891328189,0.16318543106789174,0.6725,0.485059477916,0.012311912843324382,0.77,5.13040850638,0.3534831690798489,0.6725,0.361388600172,0.010599865516705097,0.75,1.60795272427,0.0626719609673122,0.41317457269060803,0.647883721777,0.09449599733712044,0.575802469135802,0.179335400139,0.008724730643819742,1.0,nan,0.0
6,1500,0.6875,1.92692230389,0.08081246995614345,0.5825,0.000484722067081,6.554079460953585e-06,0.5675,0.00444292062495,7.628433488271828e-05,0.387499999999999,2.03953281428e-05,3.5053042305110235e-07,0.73,1.92509257007,0.06606558887740008,0.9375,3.42784208529,0.8220739224197,0.9097753024774341,1.17349236678,0.8429125036713025,0.8859259259259251,4.35718598344,0.6667865848587169,1.0,nan,0.0
6,1501,0.55,0.035222349212,0.0008187339596592663,0.6025,0.00187227954833,2.7276060112190417e-05,0.505,9.51848169343e-05,1.3336503015275633e-06,0.4,4.0623712355e-05,7.181292714335442e-07,0.6425000000000001,0.13497269467,0.003667392070755,0.9450000000000001,3.11524034109,0.8466117944798006,0.8521605531015941,1.53262244763,0.7648341300218127,0.775308641975308,2.7720823355,0.2079467627113541,1.0,nan,0.0
6,1511,0.6075,0.269418688661,0.0077064022594111,0.54,1.89517955088e-05,2.2202285833096184e-07,0.52,0.000258847783867,3.79763489966487e-06,0.5925,0.134493342926,0.003936647017367996,0.6125,0.0466217571975,0.0011545570075586799,0.8700000000000001,5.22805792933,0.5146007505517496,0.8636450931438441,1.4637340234,0.7820422764168163,0.724444444444444,1.44811109444,0.10370008800095813,0.0,nan,0.0
6,1556,0.705,2.58083142943,0.12014173530321764,0.705,0.357202081841,0.008170107159339432,0.6625,0.337844313863,0.008235610201649503,0.6525000000000001,0.75554419678,0.02614373473010441,0.675,0.39122436717,0.011540171116635372,0.7825000000000001,2.81903743849,0.1338290941224891,0.788745918955252,1.84601616812,0.6569740199759184,0.675555555555555,0.777364091274,0.05107729180263651,0.0,nan,0.0
6,1630,0.8525,3.94855763598,0.7696365110324135,0.6825,0.140570067035,0.002898673564726395,0.6325000000000001,0.102774836513,0.0022337599167707627,0.6075,0.213765444828,0.0065070654754492375,0.6525000000000001,0.188765325497,0.005272126609529677,0.64,0.0638664442499,0.0015088984277562914,0.888611484540042,1.30794242287,0.816654213901937,0.6335802469135801,0.445916772329,0.025921772825525196,1.0,nan,0.0
6,1667,0.75,4.33308593717,0.2766497105312642,0.6175,0.00479597233506,7.41392202665226e-05,0.6625,0.337844313863,0.008235610201649503,0.49,0.00314372953292,6.959902016921128e-05,0.68,0.457909200162,0.013658936561733425,0.8,3.54105724653,0.18948089928256864,0.660072978682542,1.87938933113,0.40753704916528144,0.902222222222222,3.88186464455,0.7341151528478016,1.0,nan,0.0
6,1680,0.784999999999999,5.12712378083,0.4446854330069494,0.7275,0.824379986405,0.02083180504523652,0.6950000000000001,1.02261507654,0.02865939868197162,0.6975,2.08678904217,0.08655330546749976,0.7925000000000001,5.69649520687,0.3030287615637929,0.8700000000000001,5.22805792933,0.5146007505517496,0.8974841559439211,1.25158610829,0.8280092829716554,0.875061728395061,4.57955578995,0.6181618115928933,0.0,nan,0.0
6,1725,0.615,0.338315165271,0.009977272319573233,0.6475000000000001,0.0261514424964,0.00045928676672036644,0.6000000000000001,0.0236501869507,0.0004559907170510185,0.625,0.357774576424,0.011411863323240703,0.685,0.535009625602,0.016136617008484514,0.7425,1.3770994545,0.05149150131084992,0.84251968503937,1.58839070427,0.7497877947042486,0.760987654320987,2.32704210652,0.17149012128141902,0.0,nan,0.0
6,1764,0.7725000000000001,4.94399337579,0.38160919340168786,0.7425,1.37005108837,0.0369995303418295,0.67,0.443869637877,0.011151403387852674,0.645,0.621268233802,0.02099428626097556,0.7075,1.04863727849,0.0333813434592807,0.857499999999999,5.18616345556,0.4493664600218862,0.7307470712502401,1.97450385968,0.5453074266439994,0.880987654320987,4.4691238403,0.6449861326549233,1.0,nan,0.0
6,1770,0.635,0.594620186535,0.019114765726576034,0.64,0.0175087439567,0.00029752092538787176,0.5775,0.00760301285532,0.0001352069814411352,0.5525,0.0354015936617,0.0009311747933771865,0.6025,0.0319569277567,0.000765845949062498,0.835,4.77781407651,0.33652145895338836,0.785327443825619,1.85843651826,0.6506420729966607,0.722962962962963,1.42050072691,0.10157526089184465,1.0,nan,0.0
6,1799,0.8250000000000001,4.8215202325,0.6481543740182408,0.885,4.97998895028,0.8287776909401902,0.8400000000000001,5.94330999432,0.6968775957142304,0.8500000000000001,4.07593686452,0.7614596658735384,0.81,6.30911319367,0.4088125096537485,0.8,3.54105724653,0.18948089928256864,0.434415210293835,0.735629154975,0.10917377286213711,0.7614814814814811,2.34156517116,0.1726428611386376,1.0,nan,0.0
6,1872,0.6075,0.269418688661,0.0077064022594111,0.6475000000000001,0.0261514424964,0.00045928676672036644,0.6075,0.0337746559964,0.0006692731709572688,0.52,0.0106329826352,0.000255626342977125,0.66,0.241577421616,0.006878304234174369,0.9475,3.01095386673,0.8542694915876097,0.683272517764547,1.93992816893,0.4518912059294492,0.7866666666666661,3.15073341321,0.24156870592380658,1.0,nan,0.0
6,1927,0.5,0.00400057050727,7.998893064377688e-05,0.5775,0.000339794412923,4.513012561792518e-06,0.5775,0.00760301285532,0.0001352069814411352,0.52,0.0106329826352,0.000255626342977125,0.66,0.241577421616,0.006878304234174369,0.8400000000000001,4.90227653097,0.36072897819348,0.814518916842711,1.73578481568,0.7031910318848682,0.8172839506172841,4.13665001373,0.3535822680618858,1.0,nan,0.0
6,1996,0.62,0.391851378706,0.011800009664674305,0.495,3.53594137337e-07,3.6251584167676573e-09,0.525,0.000357322288734,5.325556132890024e-06,0.6000000000000001,0.169978932578,0.005073697211902379,0.67,0.333691105087,0.009731446421085789,0.7325,1.10354465641,0.03912130467490206,0.8560015363933161,1.50984973665,0.7706772651869858,0.7866666666666661,3.15073341321,0.24156870592380658,1.0,nan,0.0
6,1997,0.7775000000000001,5.03236947016,0.40655822630252403,0.685,0.156742283948,0.003269990237323132,0.6625,0.337844313863,0.008235610201649503,0.59,0.124258334658,0.0036133613565445828,0.6900000000000001,0.623886275961,0.019028655678434075,0.67,0.188535197944,0.0050072098623169334,0.8905703860188201,1.29551885705,0.8192041783940738,0.493827160493827,0.0337253159599,0.0013149739573487793,0.0,nan,0.0
6,2335,0.75,4.33308593717,0.2766497105312642,0.64,0.0175087439567,0.00029752092538787176,0.5825,0.00986964816287,0.00017866086591925362,0.485,0.00253835294441,5.5444003278949404e-05,0.675,0.39122436717,0.011540171116635372,0.6900000000000001,0.356562987096,0.010310518930417432,0.9059343191857111,1.19786282178,0.8383583519112355,0.884444444444444,4.39256615827,0.6603051018544626,1.0,nan,0.0
6,2465,-0.25,5.20424939256e-37,3.1944717544374116e-39,0.6675,0.0709522712463,0.0013645800542222916,0.7775000000000001,5.8100366355,0.29082919709203225,0.555,0.0386535806202,0.0010236890779345574,0.7225,1.5869163405,0.052924992726553634,0.7225,0.869498204067,0.02928870266443571,0.937007874015748,1.00359547236,0.8725415389648564,0.8153086419753081,4.08052548043,0.34546626007853165,0.0,nan,0.0
6,2605,-0.25,5.20424939256e-37,3.1944717544374116e-39,0.339999999999999,5.18447274634e-15,3.704396958837805e-17,0.3025,9.33769740876e-13,8.070111677644428e-15,0.355,3.08274205495e-06,4.9402969692354655e-08,0.339999999999999,5.86675352391e-09,7.138232363852616e-11,0.59,0.00749773943448,0.00014915977938121446,0.8767428461686191,1.38274871223,0.8006858457229173,0.803456790123456,3.71430020891,0.2992311792929073,0.0,nan,0.0
6,2876,0.6075,0.269418688661,0.0077064022594111,0.8174999999999991,7.2980263456,0.3446200875690498,0.794999999999999,6.59323202897,0.4000502952168344,0.889999999999999,2.34706639081,0.8893821896787715,0.8400000000000001,6.05950269802,0.5984864254240969,0.9550000000000001,2.7008843601,0.8756853040357517,0.602458229306702,1.63347586151,0.30578973637076323,0.886913580246913,4.33277624403,0.6710779776508753,1.0,nan,0.0
6,2877,0.6875,1.92692230389,0.08081246995614345,0.6725,0.0896429219074,0.0017644507203529002,0.75,3.97062063162,0.15552256130817244,0.635,0.473922176116,0.015546622009318235,0.635,0.104372831518,0.002774380642247324,0.8075000000000001,3.84280052461,0.21717704411410702,0.748454004225081,1.9547011802,0.5801207787799361,0.845432098765432,4.68625321117,0.47900131177017724,0.0,nan,0.0
6,2958,0.6825,1.75629453545,0.07160788129243612,0.5325,1.01507048707e-05,1.161632966190809e-07,0.59,0.0144601745035,0.0002688888798113458,0.7475,4.33240582227,0.2463605332421706,0.65,0.173708317203,0.004819277679271898,0.8775000000000001,5.18607159007,0.5536850304730053,0.8905703860188201,1.29551885705,0.8192041783940738,0.9797530864197531,1.30466222525,0.9289217248961545,1.0,nan,0.0
6,4771,0.6025,0.230344269353,0.006459139902357724,0.705,0.357202081841,0.008170107159339432,0.635,0.114169217162,0.002504715147303618,0.5175000000000001,0.00964600867013,0.00023029609196262735,0.705,0.975673289987,0.03085188761167035,0.8975000000000001,4.84093513723,0.654493425175692,0.7637795275590551,1.92340996823,0.6098542557582486,0.79753086419753,3.51825179704,0.2777985927956384,0.0,nan,0.0
6,4778,0.7875000000000001,5.14820628148,0.45753070972988846,0.774999999999999,3.50053845506,0.11237815810183031,0.7125,1.70140243551,0.05212110724667514,0.6575000000000001,0.857611969638,0.03017226982726214,0.6875,0.577887657015,0.01752710716353834,0.9400000000000001,3.32391357326,0.8305137144703343,0.594814672556174,1.59348276113,0.29345623783536295,0.941234567901234,2.4571949932,0.8580623821875282,0.0,nan,0.0
6,4801,0.7075,2.67977205658,0.12671728032493437,0.64,0.0175087439567,0.00029752092538787176,0.625,0.074478695556,0.0015741987727084725,0.6725,1.23016191569,0.04570180302806907,0.735,2.17650044687,0.0763110537256611,0.764999999999999,2.1304705096,0.0906151480318669,0.8214326867678121,1.70173884063,0.7150751396245876,0.8103703703703701,3.93338458639,0.3256750728541814,0.0,nan,0.0
6,4805,0.7675000000000001,4.83671190028,0.35714981350160585,0.8400000000000001,8.01784765887,0.5199945310763947,0.74,3.28077998958,0.11929416504543357,0.6975,2.08678904217,0.08655330546749976,0.7725000000000001,4.52322260654,0.20026369826025947,0.9125000000000001,4.39356161435,0.7239226725629896,0.7753024774342231,1.89159619934,0.6318409602429143,0.940246913580246,2.49261464295,0.8556180485963993,1.0,nan,0.0
6,4819,0.6025,0.230344269353,0.006459139902357724,0.715,0.523781891111,0.012528610328884839,0.6725,0.485059477916,0.012311912843324382,0.56,0.0459951444451,0.0012348226763001567,0.6725,0.361388600172,0.010599865516705097,0.7225,0.869498204067,0.02928870266443571,0.8751680430190121,1.39259091654,0.7985005357590909,0.884444444444444,4.39256615827,0.6603051018544626,1.0,nan,0.0
6,4977,0.64,0.677901946342,0.022292577730610698,0.685,0.156742283948,0.003269990237323132,0.725,2.34643780966,0.07728151482399377,0.705,2.39748704956,0.10335588612451913,0.71,1.1261570117,0.03609887076424128,0.8500000000000001,5.09517689664,0.4107814335343647,0.7945073938928361,1.82385487332,0.6675466841125532,0.7970370370370371,3.50168816225,0.27606527318933377,0.0,nan,0.0
6,5024,0.67,1.3682852444,0.052138833676499484,0.7625000000000001,2.51584331184,0.07498046984539754,0.6525000000000001,0.231193245901,0.005419973236646053,0.495,0.0038812616547,8.710134115876937e-05,0.7000000000000001,0.84274654739,0.026312868671316277,0.7425,1.3770994545,0.05149150131084992,0.9289802189360471,1.05295226963,0.8642874218006491,0.9032098765432091,3.84887720676,0.7379328345198439,0.0,nan,0.0
6,5041,0.75,4.33308593717,0.2766497105312642,0.47750000000000004,6.45364261139e-08,6.308712707619748e-10,0.454999999999999,2.35936145796e-06,2.8702809552550423e-08,0.36250000000000004,4.82794780659e-06,7.859865941296796e-08,0.41000000000000003,1.08739561127e-06,1.5282845084361936e-08,0.6375000000000001,0.0579583306735,0.001356723530028447,0.7061647781832141,1.97232933285,0.4967257398576878,0.8246913580246911,4.33035024142,0.3849589576306619,1.0,nan,0.0
6,5303,0.25,2.94207099295e-10,3.411552218903714e-12,0.5,5.65910087738e-07,5.8837755090605215e-09,0.47250000000000003,9.17210093893e-06,1.1699976653902497e-07,0.6950000000000001,1.98822793989,0.08146008547043374,0.75,3.04360840503,0.11526702934319596,0.8600000000000001,5.20567744098,0.46235740703856054,0.865603994622623,1.45176368325,0.7848978720873856,0.78716049382716,3.16745734432,0.24312875260306702,0.0,nan,0.0
6,5309,0.6950000000000001,2.19749225272,0.09626869834061591,0.6950000000000001,0.23904625278,0.005223514129695873,0.6900000000000001,0.873816107462,0.02392608118935078,0.585,0.105890290949,0.003039107665312072,0.6975,0.782431894665,0.024282218225216003,0.7675000000000001,2.22449919063,0.09605849490075276,0.8444785865181481,1.57723360804,0.7528883831147946,0.9041975308641971,3.81551735455,0.7417177506500121,1.0,nan,0.0
6,5385,0.7625000000000001,4.71184981054,0.33327138588691485,0.6000000000000001,0.00159093668544,2.2955955209058477e-05,0.5875,0.0127475009081,0.00023492074148760396,0.5075000000000001,0.00648501247794,0.00015060532194332118,0.6075,0.0386622182935,0.0009419108379778273,0.8425,4.95775869972,0.3730549909724254,0.9020933358939881,1.22227276791,0.833710510916003,0.9446913580246911,2.3349409493,0.8663442869387376,1.0,nan,0.0
6,5562,0.6875,1.92692230389,0.08081246995614345,0.8200000000000001,7.45484857654,0.3630645540582501,0.774999999999999,5.66346638452,0.27648588667640417,0.7575000000000001,4.73041730317,0.2917220192215142,0.8025,6.10880947286,0.36218229301929583,0.9575,2.59912651025,0.8823101049222302,0.256769733051661,0.236826412308,0.030043144305856348,0.9111111111111111,3.57305383744,0.7672667603109088,1.0,nan,0.0
6,5627,0.6675,1.29768123222,0.048806873288187086,0.66,0.049387488817,0.0009176558199782517,0.5225000000000001,0.000304335037677,4.5001607695015104e-06,0.5675,0.059431057458,0.0016281980347471062,0.59,0.0195531233266,0.0004496529569296087,0.59,0.00749773943448,0.00014915977938121446,0.8681774534280771,1.43595461999,0.7886136037305932,0.7688888888888881,2.56685429024,0.19081383271413765,0.0,nan,0.0
6,5729,0.5,0.00400057050727,7.998893064377688e-05,0.545,2.84861661309e-05,3.3907110748674216e-07,0.5225000000000001,0.000304335037677,4.5001607695015104e-06,0.41000000000000003,6.94451313747e-05,1.256253228182241e-06,0.5,0.000279720247423,4.89851502391994e-06,0.6375000000000001,0.0579583306735,0.001356723530028447,0.696216631457653,1.96175397563,0.4771527729076843,0.826172839506172,4.36551357515,0.3914004974309706,1.0,nan,0.0
6,7055,0.8075000000000001,5.12107374794,0.5608053590417554,0.5675,0.000163525142164,2.0973439741049866e-06,0.47250000000000003,9.17210093893e-06,1.1699976653902497e-07,0.464999999999999,0.00104496612318,2.16485510864367e-05,0.54,0.00216543771234,4.250519483540495e-05,0.6375000000000001,0.0579583306735,0.001356723530028447,0.8713654695602071,1.41624973091,0.7931600742172734,0.7412345679012341,1.80335392626,0.13088439088081733,1.0,nan,0.0
6,7341,0.5,0.00400057050727,7.998893064377688e-05,0.754999999999999,2.02400138899,0.058003903912310605,0.6125,0.0425801791267,0.0008593846932978812,0.6025,0.183575989613,0.005515443167063973,0.7000000000000001,0.84274654739,0.026312868671316277,0.7675000000000001,2.22449919063,0.09605849490075276,0.8636835029767621,1.46349986287,0.7820984936991302,0.8864197530864191,4.3450622464,0.6689352948392161,1.0,nan,0.0
6,7342,0.59,0.15306222893,0.004090897000005675,0.56,9.277142387e-05,1.1599461968612328e-06,0.545,0.00122823307254,1.9533589899698703e-05,0.52,0.0106329826352,0.000255626342977125,0.5875,0.0176758944245,0.00040315261114001576,0.847499999999999,5.05436136517,0.3980934467399989,0.8137507201843671,1.73946055759,0.7018561945337458,0.9061728395061721,3.74775092574,0.7491878672292299,0.0,nan,0.0
6,7343,0.6325000000000001,0.556068488491,0.01767682423227877,0.715,0.523781891111,0.012528610328884839,0.6875,0.806235440847,0.021826934487107475,0.665,1.03100486821,0.03723893275122698,0.7075,1.04863727849,0.0333813434592807,0.9125000000000001,4.39356161435,0.7239226725629896,0.8559631265603991,1.51007887716,0.7706192677101582,0.9619753086419751,1.77432402159,0.9017229163300804,1.0,nan,0.0
6,7588,0.6025,0.230344269353,0.006459139902357724,0.6175,0.00479597233506,7.41392202665226e-05,0.6725,0.485059477916,0.012311912843324382,0.845,4.28724753307,0.7405484341438611,0.6950000000000001,0.725973704912,0.022397495423129847,0.8150000000000001,4.13048180017,0.2470877627236302,0.8559631265603991,1.51007887716,0.7706192677101582,0.958024691358024,1.89405401425,0.8944785065180862,0.0,nan,0.0
6,7599,0.75,4.33308593717,0.2766497105312642,0.5675,0.000163525142164,2.0973439741049866e-06,0.5625,0.0033699096176,5.686720621008699e-05,0.5325,0.0171205086824,0.0004261299316367856,0.6000000000000001,0.0290171590713,0.0006896820071968512,0.9500000000000001,2.90699406719,0.861666836273875,0.8646437487996921,1.45763860361,0.7835010003137111,0.9456790123456791,2.30053972074,0.868633392885604,0.0,nan,0.0
6,7903,0.75,4.33308593717,0.2766497105312642,0.645,0.0229159863765,0.0003980330197919381,0.6425000000000001,0.155487871958,0.0035087817781697195,0.5375,0.0206126698041,0.0005202144139026225,0.68,0.457909200162,0.013658936561733425,0.64,0.0638664442499,0.0015088984277562914,0.8857307470712501,1.32618170708,0.8128600941462787,0.6716049382716051,0.739324143781,0.04808193468389088,0.0,nan,0.0
6,8207,0.6625,1.1636735312,0.042657497690277726,0.6575000000000001,0.0436311714266,0.0008015156291213196,0.7375,3.11495821081,0.11130019502862659,0.54,0.0225943391847,0.0005741883168698985,0.6975,0.782431894665,0.024282218225216003,0.7775000000000001,2.61609989963,0.12024276190343616,0.8859612060687531,1.32472410603,0.813165556699909,0.7046913580246911,1.12320449404,0.0784521974245497,1.0,nan,0.0
6,8290,0.8925000000000001,2.34917977053,0.8956388537162208,0.8325,7.96358316086,0.45994017932264947,0.7825000000000001,6.08066247902,0.3205692862983074,0.75,4.43706198757,0.25732299743578796,0.77,4.35840451981,0.1891612789249199,0.8300000000000001,4.63664602736,0.3129786894052385,0.783022853850585,1.86649544139,0.6463498034695547,0.8898765432098761,4.25575362307,0.6838031035259408,1.0,nan,0.0
6,8961,0.535,0.0190727470159,0.00042272016044785923,0.6025,0.00187227954833,2.7276060112190417e-05,0.6325000000000001,0.102774836513,0.0022337599167707627,0.5325,0.0171205086824,0.0004261299316367856,0.6625,0.262056939002,0.007507521888373375,0.9075000000000001,4.55755176331,0.7015393256625277,0.73309007105819,1.97290811264,0.5499318807226259,0.835555555555555,4.55566244497,0.43329897219899405,1.0,nan,0.0
6,9191,0.5825,0.118393196949,0.0030777675092341175,0.63,0.010016454578,0.00016306219315247652,0.605,0.0300275790832,0.0005896043376883893,0.5925,0.134493342926,0.003936647017367996,0.685,0.535009625602,0.016136617008484514,0.6825,0.283005470706,0.007920860453874959,0.8905319761859031,1.29576259383,0.8191544130502726,0.28098765432098705,5.1455201869e-05,1.3050377339339343e-06,1.0,nan,0.0
6,9518,0.75,4.33308593717,0.2766497105312642,0.725,0.754526723854,0.018859281796030903,0.625,0.074478695556,0.0015741987727084725,0.675,1.30247227498,0.04886697168146619,0.7000000000000001,0.84274654739,0.026312868671316277,0.8500000000000001,5.09517689664,0.4107814335343647,0.8706740925676971,1.42053374992,0.7921794304728396,0.919012345679012,3.28240583805,0.7943568892968627,0.0,nan,0.0
6,10630,0.58,0.108470363161,0.0027943463264402265,0.7225,0.689844852077,0.017054862145568936,0.6675,0.40572006111,0.010090031208900173,0.7075,2.50558153696,0.10948428977839761,0.7275,1.80713429407,0.06140139220131237,0.867499999999999,5.23087246534,0.5015259173915078,0.6800845016324181,1.93319614969,0.4457172750218887,0.7698765432098761,2.59787699689,0.1933642996027516,0.0,nan,0.0
6,10672,-0.25,5.20424939256e-37,3.1944717544374116e-39,0.6425000000000001,0.0200474724897,0.0003444011450993633,0.535,0.000669760552033,1.0307506171331721e-05,0.5,0.00477692863504,0.00010867494504755366,0.6075,0.0386622182935,0.0009419108379778273,0.9275,3.83521352046,0.7857442242945398,0.8137507201843671,1.73946055759,0.7018561945337458,0.72395061728395,1.43884409437,0.10298726218686148,1.0,nan,0.0
6,11039,0.715,2.9813775322,0.14794296453554281,0.8425,7.99169300447,0.5400110616765936,0.7625000000000001,4.8491893034,0.21066448658585007,0.72,3.07157534256,0.14430383704058145,0.735,2.17650044687,0.0763110537256611,0.8125,4.03656965219,0.23687849176077067,0.7560975609756091,1.94070360591,0.595010214793545,0.0,8.50889231076e-11,1.4631851584879288e-12,0.0,nan,0.0
6,11140,0.5275000000000001,0.0138587127082,0.0003001805029701326,0.6325000000000001,0.0115465803166,0.00018997449967091888,0.5775,0.00760301285532,0.0001352069814411352,0.55,0.032402688598,0.0008464702422349727,0.6975,0.782431894665,0.024282218225216003,0.7825000000000001,2.81903743849,0.1338290941224891,0.865565584789706,1.45199893732,0.7848421055687744,0.245432098765432,1.28705885105e-05,3.08093604142405e-07,0.0,nan,0.0
6,11230,0.6825,1.75629453545,0.07160788129243612,0.6950000000000001,0.23904625278,0.005223514129695873,0.6725,0.485059477916,0.012311912843324382,0.6125,0.248364763174,0.00766044503015441,0.74,2.44783366903,0.08786384039050568,0.8975000000000001,4.84093513723,0.654493425175692,0.7756865757633951,1.89041775041,0.6325672931014377,0.8301234567901231,4.45271712563,0.4088224595997717,0.0,nan,0.0
6,11275,0.8250000000000001,4.8215202325,0.6481543740182408,0.8775000000000001,5.72298072437,0.7886305603132704,0.7875000000000001,6.3164136558,0.3515776660341857,0.8200000000000001,5.15155725694,0.6217335529754371,0.8225,6.40848054904,0.4886103503987712,0.8775000000000001,5.18607159007,0.5536850304730053,0.45938160169003206,0.849899725046,0.12894164272181993,0.8740740740740741,4.59527152868,0.6136309676796887,0.0,nan,0.0
6,12534,0.6900000000000001,2.01525846921,0.08573979179694419,0.6525000000000001,0.033889232871,0.0006086353383593791,0.6475000000000001,0.190009334006,0.004369952807675081,0.5625,0.0501272263978,0.0013549076665658392,0.665,0.284155155542,0.00818993764871789,0.735,1.16821454087,0.04196048655809431,0.8021893604762821,1.79200697031,0.6814367888319987,0.895308641975308,4.10088552212,0.7065077406930846,1.0,nan,0.0
6,14112,0.715,2.9813775322,0.14794296453554281,0.77,3.08322003996,0.09593093438571226,0.75,3.97062063162,0.15552256130817244,0.705,2.39748704956,0.10335588612451913,0.754999999999999,3.36282320953,0.13127832957180094,0.8174999999999991,4.22207629361,0.2575289693370415,0.777222969080084,1.88562950721,0.6354680552060471,0.869135802469135,4.66177801275,0.5907656811120112,1.0,nan,0.0
6,15812,0.5475,0.031874043147,0.0007349265627964147,0.5675,0.000163525142164,2.0973439741049866e-06,0.5750000000000001,0.00666034799678,0.00011740186815292853,0.5,0.00477692863504,0.00010867494504755366,0.62,0.0613776296009,0.0015572497414957707,0.7125,0.67360560646,0.02160400448168609,0.7657384290378331,1.91849240221,0.6136172431906415,0.8222222222222221,4.26896297173,0.3743418244788461,0.0,nan,0.0
6,15877,0.375,3.46964890896e-06,5.12138409586084e-08,0.43999999999999906,1.26455544187e-09,1.1237872072397683e-11,0.47000000000000003,7.58674523241e-06,9.611141008367935e-08,0.4325,0.000220996070202,4.218152159119755e-06,0.545,0.00274657703128,5.4731791091218955e-05,0.764999999999999,2.1304705096,0.0906151480318669,0.9789130017284421,0.762437389268,0.9094341290833567,0.741728395061728,1.81503742204,0.13177781785256,0.0,nan,0.0
6,15878,0.6925,2.10548419379,0.09089033723010975,0.7025,0.323666982864,0.007319625275396981,0.6975,1.10415544909,0.031316843665623935,0.65,0.708354427779,0.024314381965490066,0.75,3.04360840503,0.11526702934319596,0.8,3.54105724653,0.18948089928256864,0.769541002496639,1.90836776005,0.6208934424148115,0.8696296296296291,4.65604851102,0.5930663875547685,1.0,nan,0.0
6,16373,0.6675,1.29768123222,0.048806873288187086,0.65,0.0297944353051,0.0005291297441705976,0.6925,0.945887371802,0.026199757396580616,0.5975,0.15730243769,0.004664781442606893,0.6925,0.673186938905,0.020649290173733945,0.7000000000000001,0.4780876088,0.014459941681153339,0.880929517956596,1.35647420662,0.8064200111842712,0.6641975308641971,0.672427166529,0.042856639765421284,0.0,nan,0.0
6,17703,0.0,1.58038916462e-21,1.2702333673892895e-23,0.76,2.34338667019,0.06890820178358671,0.635,0.114169217162,0.002504715147303618,0.42750000000000005,0.000171868141716,3.2408622767119377e-06,0.605,0.0351646935582,0.0008496899353545628,0.595,0.00946743782468,0.00019139634973001666,0.9251008258114071,1.07705943352,0.8601558942396794,0.9827160493827161,1.23750903398,0.9326871325244595,0.0,nan,0.0
6,17743,0.5,0.00400057050727,7.998893064377688e-05,0.6825,0.140570067035,0.002898673564726395,0.6725,0.485059477916,0.012311912843324382,0.6625,0.97041467894,0.03473775030570291,0.665,0.284155155542,0.00818993764871789,0.784999999999999,2.92167935124,0.14100486028454287,0.8367966199347031,1.6204263857,0.7406052504320955,0.8755555555555551,4.57140294574,0.6204213156301523,1.0,nan,0.0
6,17938,0.5,0.00400057050727,7.998893064377688e-05,0.262499999999999,5.08509436735e-20,3.15280541449802e-22,0.3125,2.88121641413e-12,2.53857712559384e-14,0.4575,0.000739187638228,1.5019952620656911e-05,0.4375,6.81130487937e-06,1.0190678531123902e-07,0.7125,0.67360560646,0.02160400448168609,0.9558671019781061,0.891179745931,0.8903998829257542,0.908148148148148,3.67870670131,0.7565228388837979,0.0,nan,0.0
6,17979,0.7125,2.88022886019,0.14061605107634748,0.6825,0.140570067035,0.002898673564726395,0.6525000000000001,0.231193245901,0.005419973236646053,0.49,0.00314372953292,6.959902016921128e-05,0.7325,2.04824086246,0.07103118111712993,0.6775,0.241328631614,0.0066123303883633446,0.87866333781448,1.37071467509,0.8033298527326971,0.752592592592592,2.09051252673,0.15296124670091932,0.0,nan,0.0
6,18166,0.6125,0.313893294379,0.009162326353135353,0.6625,0.0558145142965,0.001049011857134253,0.5875,0.0127475009081,0.00023492074148760396,0.5625,0.0501272263978,0.0013549076665658392,0.64,0.12395669812,0.0033439110685508085,0.8825000000000001,5.1306003316,0.5794857160748541,0.8275398502016511,1.67029805307,0.7253725554418167,0.997037037037037,0.955363744205,0.9483076419920535,1.0,nan,0.0
6,18246,0.774999999999999,4.99061927761,0.3940284603140362,0.78,3.94481407702,0.13098134620446839,0.784999999999999,6.20324523721,0.3359260621970039,0.77,5.13040850638,0.3534831690798489,0.7525000000000001,3.20178176545,0.12307312096533224,0.8725,5.21963333902,0.5276615314911032,0.9107355483003641,1.16740842136,0.8440364234563242,0.9624691358024691,1.75973865825,0.9025955208712061,0.0,nan,0.0
6,18248,0.9175000000000001,1.48068515622,0.9430921876529372,0.7725000000000001,3.28822659872,0.10389367182467334,0.7475,3.79521344675,0.14581554010962167,0.8174999999999991,5.21263376177,0.6087771389353234,0.8625,4.98601481981,0.7237030188153111,0.9075000000000001,4.55755176331,0.7015393256625277,0.9520261186863831,0.913615167401,0.8869338709825958,0.8562962962962961,4.73625032973,0.5302777873013205,1.0,nan,0.0
6,18270,0.645,0.769772287532,0.025908102491712,0.764999999999999,2.69674643983,0.08149445932305446,0.6775,0.577280356997,0.014962092441851968,0.6275000000000001,0.384184376463,0.012338967348160932,0.7425,2.5905380294,0.09416086656400509,0.7925000000000001,3.23191507729,0.16407965246522085,0.779181870558863,1.87935294494,0.6391557012976512,0.9501234567901231,2.1489552392,0.8785191436098589,0.0,nan,0.0
6,18297,0.75,4.33308593717,0.2766497105312642,0.7525000000000001,1.87699362457,0.05312940560488103,0.745,3.62140345923,0.13654516191832608,0.7275,3.42295727117,0.16865610982529378,0.745,2.73761131784,0.10082017264605034,0.8525,5.13082295176,0.42356502289205367,0.7647397733819851,1.92102489801,0.6117000609511528,0.853333333333333,4.73279276366,0.5162476653556343,1.0,nan,0.0
6,18311,0.75,4.33308593717,0.2766497105312642,0.42000000000000004,1.32255261082e-10,1.1208371766070791e-12,0.382499999999999,4.09082700081e-09,4.17133426159251e-11,0.41750000000000004,0.000102915340944,1.8947958171052513e-06,0.58,0.0129857829471,0.00028899414213932705,0.8300000000000001,4.63664602736,0.3129786894052385,0.814518916842711,1.73578481568,0.7031910318848682,0.838024691358024,4.59543705323,0.4445975638093903,0.0,nan,0.0
6,18312,1.0,0.154598397201,0.9959290042357887,0.5275000000000001,6.63652726506e-06,7.479162098954636e-08,0.48250000000000004,1.93215077391e-05,2.534760247884355e-07,0.48250000000000004,0.00227818798079,4.942878877097662e-05,0.6525000000000001,0.188765325497,0.005272126609529677,0.9025000000000001,4.70726466735,0.6783709572045811,0.9389667754945261,0.991673028507,0.8744957978504072,0.7891358024691351,3.23443143762,0.2494515893318898,0.0,nan,0.0
6,18319,0.47750000000000004,0.00133215095676,2.5056270647788925e-05,0.53,8.21480262072e-06,9.328837102489511e-08,0.485,2.31960865458e-05,3.064817454576119e-07,0.615,0.267484074042,0.008304991311206067,0.48250000000000004,0.000105340097835,1.7610088838533983e-06,0.7525000000000001,1.6896238973,0.06679345232656396,0.9348185135394661,1.01697954373,0.8703296665330486,0.8538271604938271,4.73390571798,0.518585130581203,1.0,nan,0.0
6,18392,0.5775,0.0992839241874,0.002534802084235126,0.595,0.00114275891334,1.617947575895351e-05,0.5775,0.00760301285532,0.0001352069814411352,0.52,0.0106329826352,0.000255626342977125,0.5975,0.0263251227842,0.0006205537487532547,0.725,0.924352098163,0.03153051384058983,0.812944113693105,1.74329628223,0.7004515857504547,0.655308641975308,0.598988495301,0.03721110004792926,0.0,nan,0.0
6,18476,0.75,4.33308593717,0.2766497105312642,0.73,0.899721591684,0.022985755197253703,0.7075,1.48110073229,0.04417386959154585,0.6875,1.70907188568,0.06761109928258693,0.784999999999999,5.29838793472,0.26175731474527386,0.8925000000000001,4.95695602503,0.6299910323919813,0.8598041098521221,1.48703201166,0.7763752786597117,0.8730864197530861,4.61019323451,0.6090849934456382,0.0,nan,0.0
6,18739,0.6875,1.92692230389,0.08081246995614345,0.754999999999999,2.02400138899,0.058003903912310605,0.6925,0.945887371802,0.026199757396580616,0.5875,0.11473897078,0.003314759041774301,0.745,2.73761131784,0.10082017264605034,0.847499999999999,5.05436136517,0.3980934467399989,0.869829076243518,1.4257619088,0.7909768467077553,0.7308641975308641,1.57453545884,0.11339641876947491,1.0,nan,0.0
6,18763,-0.25,5.20424939256e-37,3.1944717544374116e-39,0.29250000000000004,5.38713158102e-18,3.520379687815665e-20,0.29250000000000004,2.9590309374e-13,2.5093914080014655e-15,0.5,0.00477692863504,0.00010867494504755366,0.5825,0.0144049292051,0.0003232045522616644,0.9575,2.59912651025,0.8823101049222302,0.928596120606875,1.0553322727,0.8638825275655506,0.955555555555555,1.97156780229,0.8897065493415062,0.0,nan,0.0
6,19718,0.875,3.04818624653,0.8484745180494125,0.77,3.08322003996,0.09593093438571226,0.6925,0.945887371802,0.026199757396580616,0.635,0.473922176116,0.015546622009318235,0.9225000000000001,1.83770754014,0.9213637426654936,0.905,4.63430650331,0.6900487350318536,0.640868062223929,1.81064715618,0.3720787818203516,0.8444444444444441,4.67670967397,0.4743775597831927,1.0,nan,0.0
6,19745,-0.25,5.20424939256e-37,3.1944717544374116e-39,0.857499999999999,7.39373539253,0.6563052289610489,0.857499999999999,4.83762531466,0.7915908414295711,0.625,0.357774576424,0.011411863323240703,0.8925000000000001,3.22890291055,0.8467438920469977,0.857499999999999,5.18616345556,0.4493664600218862,0.6714038793931241,1.91224877878,0.4290241142755178,0.6167901234567901,0.349413944946,0.019269259775854218,0.0,nan,0.0
6,20639,0.5825,0.118393196949,0.0030777675092341175,0.41500000000000004,7.39111087056e-11,6.191977110392907e-13,0.4425,8.57688777328e-07,1.0099340927787063e-08,0.3375,1.05100649113e-06,1.6249944002627978e-08,0.5275000000000001,0.00117439235035,2.221687658796851e-05,0.81,3.94059174537,0.22690663594357022,0.864298060303437,1.45975025171,0.7829967463792444,0.972345679012345,1.48639424943,0.9185967821675205,0.0,nan,0.0
6,25302,0.5,0.00400057050727,7.998893064377688e-05,0.5625,0.000112260747944,1.415499739124182e-06,0.48750000000000004,2.78087288616e-05,3.7007097696751674e-07,0.39,2.34480794874e-05,4.0524981708763866e-07,0.5125000000000001,0.00054515071926,9.881211590240374e-06,0.725,0.924352098163,0.03153051384058983,0.7191088918763201,1.97777090561,0.5223012620200449,0.925925925925925,3.02278524592,0.8161536994852256,1.0,nan,0.0
6,27972,0.6675,1.29768123222,0.048806873288187086,0.7775000000000001,3.7196173503,0.1214020063858213,0.7025,1.28223725293,0.03727434747421735,0.6675,1.09446265851,0.039895164519027936,0.7525000000000001,3.20178176545,0.12307312096533224,0.827499999999999,4.56032114267,0.3014817213020348,0.850240061455732,1.54389688916,0.7618799028058466,0.779753086419753,2.9184408716,0.22059126833373088,1.0,nan,0.0
6,28024,0.9175000000000001,1.48068515622,0.9430921876529372,0.8500000000000001,7.78317615923,0.5992865230717266,0.899999999999999,2.05022526881,0.9352498067120838,1.0,0.195782040179,0.9936904647857703,1.0,0.305218747503,0.9902700000025044,1.0,1.14482035527,0.9596862245292737,0.658382946034184,1.8739769296,0.40436537523663263,0.8562962962962961,4.73625032973,0.5302777873013205,0.0,nan,0.0
6,28466,0.61,0.290949237672,0.00840657434731154,0.68,0.125889531713,0.002565897070689985,0.68,0.628678041431,0.016468774026690138,0.5875,0.11473897078,0.003314759041774301,0.665,0.284155155542,0.00818993764871789,0.9575,2.59912651025,0.8823101049222302,0.7730362972921061,1.89839640151,0.6275465078311924,0.9456790123456791,2.30053972074,0.868633392885604,0.0,nan,0.0
6,28484,0.605,0.249237976175,0.007058356063644106,0.5675,0.000163525142164,2.0973439741049866e-06,0.625,0.074478695556,0.0015741987727084725,0.61,0.230481336231,0.007062137663143384,0.6375000000000001,0.113776780839,0.0030469119736603826,0.8600000000000001,5.20567744098,0.46235740703856054,0.8394468984059921,1.60569800028,0.744880356201731,0.9358024691358021,2.65431788878,0.844181735573664,0.0,nan,0.0
6,28512,0.827499999999999,4.75994097739,0.6601320945950084,0.725,0.754526723854,0.018859281796030903,0.6775,0.577280356997,0.014962092441851968,0.635,0.473922176116,0.015546622009318235,0.764999999999999,4.02506115114,0.16820136298659621,0.7525000000000001,1.6896238973,0.06679345232656396,0.814518916842711,1.73578481568,0.7031910318848682,0.9906172839506171,1.07341065423,0.9418025880040215,1.0,nan,0.0
6,28570,0.7225,3.28611689856,0.17144583320997672,0.47500000000000003,5.02628969782e-08,4.880939499477729e-10,0.5,6.74394567735e-05,9.308788498184368e-07,0.4325,0.000220996070202,4.218152159119755e-06,0.4625,3.24746375123e-05,5.160275545048953e-07,0.6375000000000001,0.0579583306735,0.001356723530028447,0.957787593623967,0.880059198686,0.8921006971527611,0.7214814814814811,1.39345666858,0.09949091729449545,1.0,nan,0.0
6,28894,0.5,0.00400057050727,7.998893064377688e-05,0.67,0.0798124546144,0.0015528427596128715,0.62,0.059755564963,0.001239838211613146,0.459999999999999,0.000830281424689,1.697971759020614e-05,0.6475000000000001,0.159776407321,0.004402647602631563,0.705,0.550100962551,0.01702710746237502,0.9097753024774341,1.17349236678,0.8429125036713025,0.7851851851851851,3.10063400787,0.2369380782341649,0.0,nan,0.0
6,29183,0.5825,0.118393196949,0.0030777675092341175,0.6475000000000001,0.0261514424964,0.00045928676672036644,0.635,0.114169217162,0.002504715147303618,0.5825,0.0976697115573,0.002784784233899361,0.6900000000000001,0.623886275961,0.019028655678434075,0.8225,4.39731410646,0.279082137520593,0.8598041098521221,1.48703201166,0.7763752786597117,0.84,4.62392017833,0.45370359842994157,0.0,nan,0.0
6,29184,0.5375,0.02117541963,0.00047298848240918273,0.5725,0.000236544996103,3.0868860633523017e-06,0.5700000000000001,0.00509144908766,8.818518560561551e-05,0.449999999999999,0.000519045645387,1.034725058257082e-05,0.62,0.0613776296009,0.0015572497414957707,0.774999999999999,2.51616871278,0.11382766981238934,0.8626848473209141,1.46958064818,0.7806339236936758,0.8222222222222221,4.26896297173,0.3743418244788461,0.0,nan,0.0
6,29229,0.4375,0.000156978143555,2.669588123484537e-06,0.34750000000000003,1.44801063526e-14,1.0501036053504934e-16,0.34750000000000003,1.24576987268e-10,1.1777693644739522e-12,0.3075,1.50995765588e-07,2.2013583741322233e-09,0.36750000000000005,5.01689470983e-08,6.444864732494842e-10,0.7725000000000001,2.41748885115,0.10766087527760534,0.846360668331092,1.56642711769,0.7558467095697465,0.8493827160493821,4.7162271108,0.4975784675177579,1.0,nan,0.0
6,29338,-0.25,5.20424939256e-37,3.1944717544374116e-39,0.6900000000000001,0.19408278778,0.0041441248201362,0.6525000000000001,0.231193245901,0.005419973236646053,0.62,0.309716433989,0.009745692245409731,0.7000000000000001,0.84274654739,0.026312868671316277,0.615,0.0230706016637,0.0004985514804454557,0.9519877088534661,0.913840798323,0.886898774843522,0.602962962962962,0.282351971071,0.01491373526203871,0.0,nan,0.0
6,29381,0.5325,0.0171628134209,0.0003774641643279436,0.67,0.0798124546144,0.0015528427596128715,0.595,0.018537999804,0.000350996220240798,0.55,0.032402688598,0.0008464702422349727,0.625,0.0734570430511,0.0018935117342561486,0.66,0.133665867913,0.003409657769684816,0.7350105627040521,1.97136600729,0.5537193872013827,0.5051851851851851,0.0436914696833,0.0017525068262267255,0.0,nan,0.0
6,29764,0.6000000000000001,0.212675762521,0.005905613750019239,0.7225,0.689844852077,0.017054862145568936,0.68,0.628678041431,0.016468774026690138,0.5875,0.11473897078,0.003314759041774301,0.7425,2.5905380294,0.09416086656400509,0.774999999999999,2.51616871278,0.11382766981238934,0.8482811599769541,1.55531547465,0.7588443632767881,0.829629629629629,4.44236038452,0.40662613758789223,0.0,nan,0.0
6,30094,0.625,0.452075950682,0.013906933718821402,0.5625,0.000112260747944,1.415499739124182e-06,0.62,0.059755564963,0.001239838211613146,0.5825,0.0976697115573,0.002784784233899361,0.675,0.39122436717,0.011540171116635372,0.63,0.0430420713976,0.0009804443132268826,0.91937776070674,1.11287660037,0.8538894534603807,0.8212345679012341,4.2434802419,0.3701381064912311,1.0,nan,0.0
6,31557,1.0,0.154598397201,0.9959290042357887,0.7925000000000001,5.13190189265,0.18763550438401735,0.5575,0.00254259627573,4.21764438527962e-05,0.5825,0.0976697115573,0.002784784233899361,0.725,1.6944069172,0.05702555735225537,0.9275,3.83521352046,0.7857442242945398,0.7937776070674091,1.82674552364,0.6662146026210922,0.8627160493827161,4.71711601364,0.5606414341686785,0.0,nan,0.0
6,32060,0.75,4.33308593717,0.2766497105312642,0.55,4.25195931687e-05,5.143512078511284e-07,0.65,0.209705539822,0.0048692367158863015,0.5625,0.0501272263978,0.0013549076665658392,0.65,0.173708317203,0.004819277679271898,1.0,1.14482035527,0.9596862245292737,0.8214326867678121,1.70173884063,0.7150751396245876,0.9476543209876541,2.23249839822,0.8731102969225577,0.0,nan,0.0
6,38608,0.75,4.33308593717,0.2766497105312642,0.67,0.0798124546144,0.0015528427596128715,0.74,3.28077998958,0.11929416504543357,0.764999999999999,4.98565592302,0.3281838917577695,0.7275,1.80713429407,0.06140139220131237,0.7875000000000001,3.02484451916,0.14843792717065823,0.9289802189360471,1.05295226963,0.8642874218006491,0.802469135802469,3.68204621093,0.29557864626279823,1.0,nan,0.0
6,38649,0.8225,4.87871723518,0.6360281456386818,0.78,3.94481407702,0.13098134620446839,0.7525000000000001,4.14702123054,0.16566947219753836,0.867499999999999,3.30178498475,0.826052030055459,0.7925000000000001,5.69649520687,0.3030287615637929,0.7575000000000001,1.85970560325,0.07566310971934469,0.8565776838870751,1.50640932212,0.7715461705325126,0.811851851851851,3.97847015743,0.33153579916938125,1.0,nan,0.0
6,39144,0.6675,1.29768123222,0.048806873288187086,0.63,0.010016454578,0.00016306219315247652,0.5575,0.00254259627573,4.21764438527962e-05,0.5,0.00477692863504,0.00010867494504755366,0.6425000000000001,0.13497269467,0.003667392070755,0.655,0.111836698122,0.0027973069502163646,0.9097753024774341,1.17349236678,0.8429125036713025,0.6666666666666661,0.694115906128,0.044543608588112495,1.0,nan,0.0
6,39247,0.5175000000000001,0.00893593785375,0.00018786302404278428,0.5525,5.18120746762e-05,6.319004531053834e-07,0.65,0.209705539822,0.0048692367158863015,0.595,0.145491403826,0.004286463878559592,0.5750000000000001,0.0105232539086,0.00023041859973780803,0.847499999999999,5.05436136517,0.3980934467399989,0.8508162089494911,1.54052269756,0.7627684434521389,0.9037037037037031,3.83224273239,0.7398294111305236,1.0,nan,0.0
6,39495,0.66,1.10028236333,0.03982805448191325,0.6900000000000001,0.19408278778,0.0041441248201362,0.7225,2.20687293926,0.07159094080797002,0.5525,0.0354015936617,0.0009311747933771865,0.764999999999999,4.02506115114,0.16820136298659621,0.75,1.60795272427,0.0626719609673122,0.8521605531015941,1.53262244763,0.7648341300218127,0.87358024691358,4.60283217743,0.6113598227703696,0.0,nan,0.0
6,39581,-0.25,5.20424939256e-37,3.1944717544374116e-39,0.6675,0.0709522712463,0.0013645800542222916,0.6175,0.0534339088613,0.0010984852467687454,0.47000000000000003,0.00131088745979,2.751467159130969e-05,0.735,2.17650044687,0.0763110537256611,0.9575,2.59912651025,0.8823101049222302,0.8943729594776261,1.27136753289,0.8240845776146322,0.8029629629629621,3.69819793445,0.2974009307608835,0.0,nan,0.0
6,40799,0.75,4.33308593717,0.2766497105312642,0.6225,0.00647212575133,0.00010211646548734552,0.68,0.628678041431,0.016468774026690138,0.5725,0.0702955088416,0.0019518177616245234,0.735,2.17650044687,0.0763110537256611,0.9550000000000001,2.7008843601,0.8756853040357517,0.8536969464182831,1.52354824043,0.7671818762275284,0.96395061728395,1.716499236,0.9051704159313847,0.0,nan,0.0
6,40956,-0.25,5.20424939256e-37,3.1944717544374116e-39,0.72,0.630024992285,0.015406006120064016,0.625,0.074478695556,0.0015741987727084725,0.6575000000000001,0.857611969638,0.03017226982726214,0.7825000000000001,5.15247264411,0.24869254585349343,0.595,0.00946743782468,0.00019139634973001666,0.988937968119838,0.709920735123,0.916812422464617,0.6474074074074071,0.539276663253,0.03271750667617527,0.0,nan,0.0
6,41042,-0.25,5.20424939256e-37,3.1944717544374116e-39,0.444999999999999,2.18522969505e-09,1.9658398904560237e-11,0.34750000000000003,1.24576987268e-10,1.1777693644739522e-12,0.515,0.00874423919818,0.00020732531045743007,0.5425,0.00243997760597,4.8255617663467734e-05,0.8325,4.70921591723,0.32466182204377797,0.9097753024774341,1.17349236678,0.8429125036713025,0.8207407407407401,4.2305480379,0.3680457486630294,0.0,nan,0.0
6,41069,0.7725000000000001,4.94399337579,0.38160919340168786,0.845,7.9435687387,0.559934682517732,0.8525,5.17814281236,0.7665458721203684,0.8025,5.4505253396,0.5285159588441148,0.827499999999999,6.36441177479,0.5205621981697739,0.81,3.94059174537,0.22690663594357022,0.6005377376608411,1.62354370599,0.30266218387329624,0.810864197530864,3.94849661246,0.32762121972394964,1.0,nan,0.0
6,41615,0.9675,0.43027024399,0.9870519131924199,0.847499999999999,7.87386748842,0.5797109191426869,0.7425,3.44975282243,0.12770672213876988,0.81,5.36034476162,0.5690941057317787,0.919999999999999,1.93225089294,0.9166520987087005,0.8775000000000001,5.18607159007,0.5536850304730053,0.820741309775302,1.70521945456,0.7138973923868771,0.544691358024691,0.100380933441,0.004468682171941373,0.0,nan,0.0
6,41703,0.6975,2.29116476889,0.10187918583683295,0.7875000000000001,4.64891328189,0.16318543106789174,0.735,2.95271458078,0.10371639090520046,0.685,1.62177792613,0.06344815062744691,0.6925,0.673186938905,0.020649290173733945,0.77,2.32021701194,0.1017390519071383,0.7849433454964471,1.85979739814,0.6499279890533511,0.7925925925925921,3.35168329115,0.2608350398850203,0.0,nan,0.0
6,41708,0.6775,1.59424817559,0.06323521317482791,0.735,1.06816153,0.02789523722137677,0.645,0.171977062781,0.0039178036203001716,0.51,0.00716978375816,0.00016766056839149606,0.6725,0.361388600172,0.010599865516705097,0.665,0.15908278435,0.004139943494704552,0.784904935663529,1.85993309771,0.649856551939702,0.6498765432098761,0.55740858758,0.034071342973130185,0.0,nan,0.0
6,41851,-0.25,5.20424939256e-37,3.1944717544374116e-39,0.635,0.0132878553578,0.00022097098588126732,0.6000000000000001,0.0236501869507,0.0004559907170510185,0.3275,5.57891980514e-07,8.455334882979658e-09,0.6425000000000001,0.13497269467,0.003667392070755,0.65,0.093178230342,0.0022860080757920623,0.9193393508738231,1.11311788677,0.8538467034222537,0.8898765432098761,4.25575362307,0.6838031035259408,0.0,nan,0.0
6,43759,0.75,4.33308593717,0.2766497105312642,0.75,1.7382904787,0.04861201393547452,0.8174999999999991,6.76411349236,0.5522705305306496,0.7675000000000001,5.06076724849,0.3407430315133565,0.8625,4.98601481981,0.7237030188153111,0.6975,0.444992113387,0.013306485152300786,0.934741693873631,1.01745025614,0.8702515244248206,0.7056790123456791,1.13741093653,0.07956853482765111,0.0,nan,0.0
6,44059,-0.25,5.20424939256e-37,3.1944717544374116e-39,0.605,0.00219955551565,3.235560842825804e-05,0.5125000000000001,0.000157949138641,2.26408518378776e-06,0.5325,0.0171205086824,0.0004261299316367856,0.6575000000000001,0.222604612429,0.0062983793813770105,0.8225,4.39731410646,0.279082137520593,0.9020933358939881,1.22227276791,0.833710510916003,0.9565432098765431,1.94032027985,0.8916383196184019,1.0,nan,0.0
6,44938,0.8125,5.06040222495,0.5862677463042891,0.6425000000000001,0.0200474724897,0.0003444011450993633,0.6075,0.0337746559964,0.0006692731709572688,0.464999999999999,0.00104496612318,2.16485510864367e-05,0.75,3.04360840503,0.11526702934319596,0.9275,3.83521352046,0.7857442242945398,0.7176877280583821,1.97763882617,0.519490605763988,0.834567901234567,4.5384917212,0.42880797355245626,0.0,nan,0.0
6,50703,0.675,1.51660050824,0.05934713012441384,0.7000000000000001,0.292928470344,0.006549442100556998,0.7125,1.70140243551,0.05212110724667514,0.645,0.621268233802,0.02099428626097556,0.7325,2.04824086246,0.07103118111712993,0.74,1.30499960481,0.04813938976898229,0.735394661033224,1.97103230349,0.5544765217730327,0.8562962962962961,4.73625032973,0.5302777873013205,1.0,nan,0.0
6,50830,0.6375000000000001,0.63521304347,0.02065162620086273,0.66,0.049387488817,0.0009176558199782517,0.5650000000000001,0.00387193825034,6.590598707950585e-05,0.5725,0.0702955088416,0.0019518177616245234,0.655,0.20503340034,0.005764113359314166,0.81,3.94059174537,0.22690663594357022,0.8275398502016511,1.67029805307,0.7253725554418167,0.8967901234567901,4.05585822146,0.7125499112513699,1.0,nan,0.0
6,50921,0.8325,4.62438925885,0.6835995866191027,0.68,0.125889531713,0.002565897070689985,0.5925,0.0163826767746,0.00030739641499030154,0.5975,0.15730243769,0.004664781442606893,0.64,0.12395669812,0.0033439110685508085,0.7025,0.513102575967,0.015698522797135975,0.8290762435183401,1.66219879429,0.7279325778423154,0.9397530864197531,2.51039994642,0.8543827383787574,1.0,nan,0.0
6,51734,0.56,0.0520290483555,0.0012500825860205238,0.7225,0.689844852077,0.017054862145568936,0.6000000000000001,0.0236501869507,0.0004559907170510185,0.56,0.0459951444451,0.0012348226763001567,0.6825,0.49507447351,0.014849606767442621,0.7275,0.981628722973,0.03391248226394664,0.9270213174572691,1.0651063236,0.862212894220028,0.8503703703703701,4.72163851131,0.5022392111439993,1.0,nan,0.0
6,52992,0.6725,1.44126742052,0.05565028155559667,0.705,0.357202081841,0.008170107159339432,0.75,3.97062063162,0.15552256130817244,0.6725,1.23016191569,0.04570180302806907,0.71,1.1261570117,0.03609887076424128,0.8225,4.39731410646,0.279082137520593,0.748454004225081,1.9547011802,0.5801207787799361,0.928395061728395,2.92997172643,0.8235027387954452,1.0,nan,0.0
6,54491,0.705,2.58083142943,0.12014173530321764,0.7975000000000001,5.6143066152,0.21450355546502065,0.77,5.35166527353,0.2489385649434701,0.9450000000000001,0.782823770362,0.9698728170028907,0.7775000000000001,4.8454027867,0.2236902578468149,0.9025000000000001,4.70726466735,0.6783709572045811,0.8689456500864221,1.43121818505,0.789714880507171,0.952098765432098,2.08339798072,0.8826990534891449,1.0,nan,0.0
6,54885,0.625,0.452075950682,0.013906933718821402,0.55,4.25195931687e-05,5.143512078511284e-07,0.585,0.0112236898055,0.00020499404186248365,0.5625,0.0501272263978,0.0013549076665658392,0.68,0.457909200162,0.013658936561733425,0.8500000000000001,5.09517689664,0.4107814335343647,0.945265988092951,0.953696945633,0.880622647358573,0.9525925925925921,2.06719295418,0.8837238876756324,0.0,nan,0.0
6,56634,0.764999999999999,4.77638794705,0.3451325411477538,0.845,7.9435687387,0.559934682517732,0.8525,5.17814281236,0.7665458721203684,0.7575000000000001,4.73041730317,0.2917220192215142,0.8300000000000001,6.32497358421,0.5364262983200476,0.9400000000000001,3.32391357326,0.8305137144703343,0.429652391012099,0.715188674855,0.10571895654589085,0.8646913580246911,4.70391062247,0.5699467155667353,1.0,nan,0.0
6,56758,0.8125,5.06040222495,0.5862677463042891,0.8225,7.59482281856,0.3818802872292548,0.7725000000000001,5.51041366939,0.26251726762767225,0.745,4.22490846656,0.23566333604247933,0.77,4.35840451981,0.1891612789249199,0.68,0.261475501496,0.0072405542910162065,0.73808334933743,1.96846074934,0.5597726485585852,0.7827160493827161,3.017467758,0.22938496583647933,1.0,nan,0.0
6,56917,0.7325,3.68733305668,0.20632299212167987,0.77,3.08322003996,0.09593093438571226,0.72,2.07248840643,0.06624283206621215,0.6575000000000001,0.857611969638,0.03017226982726214,0.73,1.92509257007,0.06606558887740008,0.8300000000000001,4.63664602736,0.3129786894052385,0.869444977914346,1.42813541702,0.7904287580512148,0.829629629629629,4.44236038452,0.40662613758789223,0.0,nan,0.0
6,56975,0.6000000000000001,0.212675762521,0.005905613750019239,0.7325,0.980873821269,0.0253352551172693,0.68,0.628678041431,0.016468774026690138,0.7175,2.9557171381,0.13676992137835173,0.6975,0.782431894665,0.024282218225216003,0.8,3.54105724653,0.18948089928256864,0.9289802189360471,1.05295226963,0.8642874218006491,0.776296296296296,2.80434244544,0.21070053928131652,0.0,nan,0.0
6,67160,0.68,1.67416467425,0.06732026196525945,0.8500000000000001,7.78317615923,0.5992865230717266,0.8150000000000001,6.79683358168,0.5353166698708512,0.76,4.82017301605,0.30366117564613504,0.774999999999999,4.68581143673,0.2117755347252899,0.8625,5.21966200312,0.47539023888560245,0.830036489341271,1.6570995463,0.7295262512943181,0.88,4.48939814526,0.6405621113375874,1.0,nan,0.0
6,67299,0.5,0.00400057050727,7.998893064377688e-05,0.6825,0.140570067035,0.002898673564726395,0.6775,0.577280356997,0.014962092441851968,0.6625,0.97041467894,0.03473775030570291,0.6775,0.423346296702,0.012557892295354652,0.545,0.000759189905093,1.3193362392521159e-05,0.9328212022277701,1.0292414388,0.8682862044076414,0.7091358024691351,1.18868900992,0.08358824676998325,0.0,nan,0.0
6,67423,0.59,0.15306222893,0.004090897000005675,0.6875,0.17453418622,0.003683734472035966,0.6375000000000001,0.126688429969,0.002805543195762704,0.6775,1.37778621904,0.05221666769475626,0.705,0.975673289987,0.03085188761167035,0.6825,0.283005470706,0.007920860453874959,0.9385442673324371,0.994240206774,0.8740762656597043,0.652839506172839,0.579793983672,0.035755915881121564,1.0,nan,0.0
6,67905,0.6675,1.29768123222,0.048806873288187086,0.8,5.85176454269,0.22883692403827602,0.764999999999999,5.02026036526,0.2230019078171449,0.75,4.43706198757,0.25732299743578796,0.7975000000000001,5.92171063799,0.332089167097959,0.845,5.00850683213,0.3855138262913995,0.786863837142308,1.85292267721,0.6534931410978715,0.8,3.60061668277,0.2865874864172633,0.0,nan,0.0
6,68565,0.5775,0.0992839241874,0.002534802084235126,0.7575000000000001,2.17944180957,0.0632564413253614,0.6950000000000001,1.02261507654,0.02865939868197162,0.665,1.03100486821,0.03723893275122698,0.7175,1.38751237899,0.04549751312891783,0.857499999999999,5.18616345556,0.4493664600218862,0.8021893604762821,1.79200697031,0.6814367888319987,0.8958024691358021,4.08600111053,0.7085291993853802,0.0,nan,0.0
6,68688,0.79,5.16390969746,0.47042198137274027,0.8025,6.08470387366,0.24375861399621973,0.685,0.742972044877,0.019891306107143025,0.62,0.309716433989,0.009745692245409731,0.78,5.00121756963,0.23599940163327227,0.8075000000000001,3.84280052461,0.21717704411410702,0.8899942385250621,1.29917436127,0.8184567153397966,0.883456790123456,4.41531002794,0.655955477131348,1.0,nan,0.0
6,69217,0.7675000000000001,4.83671190028,0.35714981350160585,0.74,1.26243523521,0.03371043090197951,0.7000000000000001,1.19065282705,0.034184307161951734,0.6425000000000001,0.581206274585,0.01949166197111076,0.7675000000000001,4.19210812462,0.17847290693820833,0.72,0.817035807288,0.02718102975292076,0.777222969080084,1.88562950721,0.6354680552060471,0.9125925925925921,3.51941725343,0.7725205031923068,1.0,nan,0.0
6,69292,0.75,4.33308593717,0.2766497105312642,0.8150000000000001,7.12571180566,0.32658733524968997,0.74,3.28077998958,0.11929416504543357,0.7875000000000001,5.44538247211,0.4464825030274856,0.76,3.69147843046,0.14891103661201208,0.74,1.30499960481,0.04813938976898229,0.751603610524294,1.94932575709,0.5862689978150842,0.75358024691358,2.11729366548,0.15503915220438708,1.0,nan,0.0
6,70225,-0.25,5.20424939256e-37,3.1944717544374116e-39,0.64,0.0175087439567,0.00029752092538787176,0.58,0.00866801231081,0.00015551884048028476,0.5375,0.0206126698041,0.0005202144139026225,0.5925,0.0216100675647,0.0005010679611181294,0.804999999999999,3.74344790616,0.20769393444136408,0.9116573842903781,1.16157170727,0.8451098920048277,0.795555555555555,3.45185051724,0.2709144783787457,0.0,nan,0.0
6,70358,0.5325,0.0171628134209,0.0003774641643279436,0.48,8.27189676666e-08,8.140277726612562e-10,0.47500000000000003,1.10732185113e-05,1.4223479881879224e-07,0.545,0.0270931695332,0.0006980942699156136,0.5425,0.00243997760597,4.8255617663467734e-05,0.75,1.60795272427,0.0626719609673122,0.9552525446514301,0.894752183969,0.8898511044906657,0.8291358024691351,4.43184469868,0.4044349693344593,0.0,nan,0.0
6,70659,0.5275000000000001,0.0138587127082,0.0003001805029701326,0.685,0.156742283948,0.003269990237323132,0.6025,0.0266646690895,0.0005188152236033058,0.55,0.032402688598,0.0008464702422349727,0.6950000000000001,0.725973704912,0.022397495423129847,0.5650000000000001,0.00219186701016,4.0369213363330285e-05,0.90497407336278,1.20396244739,0.837205180754454,0.7832098765432091,3.03406079712,0.2308791695011257,0.0,nan,0.0
6,70707,0.7225,3.28611689856,0.17144583320997672,0.7525000000000001,1.87699362457,0.05312940560488103,0.6675,0.40572006111,0.010090031208900173,0.6425000000000001,0.581206274585,0.01949166197111076,0.67,0.333691105087,0.009731446421085789,0.8825000000000001,5.1306003316,0.5794857160748541,0.853082389091607,1.52718363002,0.7662444510301283,0.8493827160493821,4.7162271108,0.4975784675177579,0.0,nan,0.0
6,70749,0.65,0.870603604949,0.030005239359477076,0.39,3.62878678404e-12,2.874997203795517e-14,0.36,4.47421114532e-10,4.3430576084921735e-12,0.365,5.5972733139e-06,9.160740431028011e-08,0.39,2.6515874407e-07,3.5689103187230974e-09,0.6575000000000001,0.122329620829,0.0030898445610821226,0.8905703860188201,1.29551885705,0.8192041783940738,0.8661728395061721,4.69176642661,0.5769067124800482,1.0,nan,0.0
6,70793,0.392499999999999,1.06924687325e-05,1.639372172563864e-07,0.59,0.000815148486178,1.1327928770081432e-05,0.545,0.00122823307254,1.9533589899698703e-05,0.5275000000000001,0.014180636028,0.0003480895217185524,0.66,0.241577421616,0.006878304234174369,0.6125,0.0207163516814,0.00044386575360344754,0.8893028615325521,1.30355934291,0.8175569801338745,0.808395061728395,3.87215070638,0.31796570079460745,1.0,nan,0.0
6,70852,0.5925,0.166422100567,0.004490051650843154,0.705,0.357202081841,0.008170107159339432,0.6900000000000001,0.873816107462,0.02392608118935078,0.595,0.145491403826,0.004286463878559592,0.6975,0.782431894665,0.024282218225216003,0.6975,0.444992113387,0.013306485152300786,0.90013443441521,1.23473004848,0.831303998204282,0.799012345679012,3.56776915593,0.28304753113266273,1.0,nan,0.0
6,72086,0.40750000000000003,2.70636451821e-05,4.2909452177900146e-07,0.545,2.84861661309e-05,3.3907110748674216e-07,0.5650000000000001,0.00387193825034,6.590598707950585e-05,0.41750000000000004,0.000102915340944,1.8947958171052513e-06,0.585,0.0159642194909,0.00036113555070739847,0.847499999999999,5.05436136517,0.3980934467399989,0.8713654695602071,1.41624973091,0.7931600742172734,0.515061728395061,0.054331839867,0.002234933353663328,1.0,nan,0.0
6,74604,0.794999999999999,5.17899017772,0.4962883389401418,0.827499999999999,7.81940473434,0.42044783787393514,0.8300000000000001,6.41594848853,0.6349554806010007,0.9075000000000001,1.71608432695,0.9247596453600482,0.9125000000000001,2.23940236803,0.9010306494686864,0.804999999999999,3.74344790616,0.20769393444136408,0.8229690800845011,1.69394570041,0.717683703399848,0.789629629629629,3.25118642103,0.2510529763707548,1.0,nan,0.0
6,74635,0.382499999999999,5.65173441913e-06,8.477948976209886e-08,0.675,0.100533605154,0.0020019406948672967,0.5575,0.00254259627573,4.21764438527962e-05,0.655,0.805271453562,0.02809421761533927,0.5375,0.00191986525613,3.74042970262608e-05,0.605,0.0149046199181,0.00031137604331482155,0.8252736700595351,1.68210770883,0.7215739466006048,0.769382716049382,2.58233876513,0.19208523617701545,1.0,nan,0.0
6,74688,0.75,4.33308593717,0.2766497105312642,0.75,1.7382904787,0.04861201393547452,0.7000000000000001,1.19065282705,0.034184307161951734,0.625,0.357774576424,0.011411863323240703,0.774999999999999,4.68581143673,0.2117755347252899,0.5,5.4477079806e-05,8.391176759350068e-07,0.8560015363933161,1.50984973665,0.7706772651869858,0.580246913580246,0.193802793869,0.009553601730776119,0.0,nan,0.0
6,74696,0.6675,1.29768123222,0.048806873288187086,0.7175,0.574767114218,0.01390093583125179,0.7125,1.70140243551,0.05212110724667514,0.6950000000000001,1.98822793989,0.08146008547043374,0.6975,0.782431894665,0.024282218225216003,0.7825000000000001,2.81903743849,0.1338290941224891,0.8636450931438441,1.4637340234,0.7820422764168163,0.892839506172839,4.17335449238,0.6962919474759439,0.0,nan,0.0
6,76409,0.25,2.94207099295e-10,3.411552218903714e-12,0.5325,1.01507048707e-05,1.161632966190809e-07,0.51,0.00013359927539,1.9004565732205028e-06,0.52,0.0106329826352,0.000255626342977125,0.5775,0.0116954098651,0.0002581683491678896,0.7175,0.766928169759,0.025201561189215373,0.9366621855194931,1.00570467644,0.8721942430360037,0.885432098765432,4.36914569964,0.664631928274766,1.0,nan,0.0
6,76496,0.889999999999999,2.44596937323,0.8896452053131576,0.8975000000000001,3.76273911453,0.8833309358575145,0.9175000000000001,1.2605405515,0.963828831667336,0.804999999999999,5.42713519521,0.5421144468920093,0.835,6.2129075407,0.5677890032551882,0.9325000000000001,3.63369036908,0.8044187041733788,0.660072978682542,1.87938933113,0.40753704916528144,0.8044444444444441,3.74634823924,0.3029154677574487,1.0,nan,0.0
6,78211,0.8025,5.160541585,0.5350923630691601,0.8600000000000001,7.22846351255,0.6745863647106529,0.81,6.8233615543,0.5012444368680079,0.827499999999999,4.93638013297,0.6595919540440063,0.8300000000000001,6.32497358421,0.5364262983200476,0.794999999999999,3.33538564199,0.17228882623268346,0.525676973305166,1.20263275614,0.1966474269293358,0.8740740740740741,4.59527152868,0.6136309676796887,0.0,nan,0.0
6,79262,0.66,1.10028236333,0.03982805448191325,0.8150000000000001,7.12571180566,0.32658733524968997,0.7275,2.49102570894,0.08332731688172712,0.827499999999999,4.93638013297,0.6595919540440063,0.7575000000000001,3.526236334,0.13988921470174365,0.8400000000000001,4.90227653097,0.36072897819348,0.786863837142308,1.85292267721,0.6534931410978715,0.897283950617283,4.04060393563,0.7145490426539232,0.0,nan,0.0
6,79313,0.7000000000000001,2.38637323724,0.10772580243834064,0.56,9.277142387e-05,1.1599461968612328e-06,0.515,0.000186478125933,2.6936824604640263e-06,0.41250000000000003,7.92410760702e-05,1.4418546721850244e-06,0.6175,0.0560440816898,0.0014105646011465763,0.764999999999999,2.1304705096,0.0906151480318669,0.9217591703476091,1.09793927972,0.8565218736668909,0.7886419753086421,3.21767939387,0.24785847570146502,0.0,nan,0.0
6,79388,0.7925000000000001,5.17418244671,0.48334573218264154,0.75,1.7382904787,0.04861201393547452,0.7325,2.79442961334,0.09653332194577599,0.715,2.8409483153,0.12952434307759458,0.77,4.35840451981,0.1891612789249199,0.725,0.924352098163,0.03153051384058983,0.9097753024774341,1.17349236678,0.8429125036713025,0.8069135802469131,3.82545918427,0.3122636907512959,1.0,nan,0.0
6,80513,0.76,4.64329224073,0.3215766418966776,0.76,2.34338667019,0.06890820178358671,0.7075,1.48110073229,0.04417386959154585,0.5975,0.15730243769,0.004664781442606893,0.7825000000000001,5.15247264411,0.24869254585349343,0.8250000000000001,4.48046637349,0.29018002546447363,0.8483195698098711,1.55509239205,0.7589040984001251,0.8207407407407401,4.2305480379,0.3680457486630294,0.0,nan,0.0
6,80619,0.7625000000000001,4.71184981054,0.33327138588691485,0.8250000000000001,7.7167095808,0.40102359148550426,0.7775000000000001,5.8100366355,0.29082919709203225,0.6975,2.08678904217,0.08655330546749976,0.77,4.35840451981,0.1891612789249199,0.8150000000000001,4.13048180017,0.2470877627236302,0.869406568081428,1.42837266567,0.7903738990520623,0.9777777777777771,1.3511779753,0.9262989042862088,0.0,nan,0.0
6,80759,0.5575,0.0472611955788,0.0011260554521213507,0.7825000000000001,4.17536593008,0.14113054255947513,0.6675,0.40572006111,0.010090031208900173,0.845,4.28724753307,0.7405484341438611,0.6675,0.307991127127,0.008929745595194914,0.605,0.0149046199181,0.00031137604331482155,0.854042634914538,1.52150003774,0.7677081953756301,0.6167901234567901,0.349413944946,0.019269259775854218,1.0,nan,0.0
6,80766,0.6000000000000001,0.212675762521,0.005905613750019239,0.7225,0.689844852077,0.017054862145568936,0.645,0.171977062781,0.0039178036203001716,0.645,0.621268233802,0.02099428626097556,0.6975,0.782431894665,0.024282218225216003,0.6375000000000001,0.0579583306735,0.001356723530028447,0.8905703860188201,1.29551885705,0.8192041783940738,0.8197530864197531,4.20431205955,0.36388034532191926,0.0,nan,0.0
6,80873,0.5,0.00400057050727,7.998893064377688e-05,0.7075,0.393747887531,0.009108144254246575,0.735,2.95271458078,0.10371639090520046,0.705,2.39748704956,0.10335588612451913,0.7775000000000001,4.8454027867,0.2236902578468149,0.6325000000000001,0.0475801849606,0.0010936373424187578,0.9597080852698291,0.869005444855,0.8937802183633956,0.8182716049382711,4.16405976711,0.35768142094838995,1.0,nan,0.0
6,84558,0.6275000000000001,0.484856783124,0.015077718009215273,0.837499999999999,8.02184026227,0.4999402974037389,0.7925000000000001,6.51197639667,0.3836663991637087,0.75,4.43706198757,0.25732299743578796,0.7775000000000001,4.8454027867,0.2236902578468149,0.7775000000000001,2.61609989963,0.12024276190343616,0.8444785865181481,1.57723360804,0.7528883831147946,0.8256790123456791,4.35393605864,0.38924754092950176,1.0,nan,0.0
6,104560,0.515,0.00798888518863,0.000166727461601911,0.48,8.27189676666e-08,8.140277726612562e-10,0.4,2.11441446375e-08,2.2439564094832257e-10,0.40750000000000003,6.08093806311e-05,1.093662614632203e-06,0.485,0.000121478664867,2.0440770646747704e-06,0.8500000000000001,5.09517689664,0.4107814335343647,0.850240061455732,1.54389688916,0.7618799028058466,0.9170370370370371,3.35597219908,0.7878003932918964,1.0,nan,0.0
6,104598,0.5,0.00400057050727,7.998893064377688e-05,0.645,0.0229159863765,0.0003980330197919381,0.5825,0.00986964816287,0.00017866086591925362,0.515,0.00874423919818,0.00020732531045743007,0.685,0.535009625602,0.016136617008484514,0.67,0.188535197944,0.0050072098623169334,0.8269637027078931,1.67331610976,0.7244093474756594,0.8543209876543211,4.73480440304,0.5209230925222907,1.0,nan,0.0
6,104599,-0.25,5.20424939256e-37,3.1944717544374116e-39,0.595,0.00114275891334,1.617947575895351e-05,0.5725,0.0058270649427,0.00010181412432300129,0.47000000000000003,0.00131088745979,2.751467159130969e-05,0.61,0.0424728725153,0.0010432619200299073,0.6875,0.330481740653,0.009452050219970405,0.8580756673708471,1.49743572697,0.7737960307535714,0.8804938271604931,4.47935187954,0.6427766250271985,0.0,nan,0.0
6,104688,0.75,4.33308593717,0.2766497105312642,0.73,0.899721591684,0.022985755197253703,0.7275,2.49102570894,0.08332731688172712,0.7225,3.18825771607,0.15212848533136053,0.6625,0.262056939002,0.007507521888373375,0.8125,4.03656965219,0.23687849176077067,0.657384290378336,1.87071833369,0.40249554097346796,0.743209876543209,1.85052457462,0.13449296802297192,0.0,nan,0.0
6,104824,0.5,0.00400057050727,7.998893064377688e-05,0.6000000000000001,0.00159093668544,2.2955955209058477e-05,0.6325000000000001,0.102774836513,0.0022337599167707627,0.5675,0.059431057458,0.0016281980347471062,0.6175,0.0560440816898,0.0014105646011465763,0.875,5.20562361002,0.5406942624661687,0.882081812944113,1.34921808822,0.8079788899504048,0.8222222222222221,4.26896297173,0.3743418244788461,1.0,nan,0.0
6,107778,0.78,5.06911221527,0.41918613437645413,0.7175,0.574767114218,0.01390093583125179,0.68,0.628678041431,0.016468774026690138,0.6000000000000001,0.169978932578,0.005073697211902379,0.7375,2.3097520951,0.08191784459763149,0.685,0.305985130565,0.0086567897014531,0.833877472632994,1.63642491302,0.735851577683127,0.589135802469135,0.225447404733,0.011414198161119188,0.0,nan,0.0
6,107870,0.72,3.18453060812,0.16335748775617143,0.8225,7.59482281856,0.3818802872292548,0.8125,6.81662177903,0.5182971413725809,0.735,3.77371752666,0.19564672456288168,0.8150000000000001,6.38489572871,0.44056733746096466,0.909999999999999,4.47722578074,0.7128335175982379,0.765815248703668,1.91829540379,0.6137646135712106,0.90716049382716,3.71337969334,0.7528724017411184,1.0,nan,0.0
6,107898,0.605,0.249237976175,0.007058356063644106,0.794999999999999,5.37386255545,0.20076787765107407,0.7025,1.28223725293,0.03727434747421735,0.6075,0.213765444828,0.0065070654754492375,0.6975,0.782431894665,0.024282218225216003,0.6175,0.0256652463127,0.0005594190509195784,0.9443057422700211,0.959448569519,0.8797041034778702,0.7614814814814811,2.34156517116,0.1726428611386376,0.0,nan,0.0
6,108143,0.5625,0.0572236562785,0.0013865562743238403,0.6950000000000001,0.23904625278,0.005223514129695873,0.485,2.31960865458e-05,3.064817454576119e-07,0.73,3.54037015006,0.17736031480428588,0.625,0.0734570430511,0.0018935117342561486,0.7225,0.869498204067,0.02928870266443571,0.8767428461686191,1.38274871223,0.8006858457229173,0.8824691358024691,4.43736408981,0.6515837289007712,1.0,nan,0.0
6,108336,0.41750000000000004,4.9346401732e-05,8.005100950315728e-07,0.56,9.277142387e-05,1.1599461968612328e-06,0.535,0.000669760552033,1.0307506171331721e-05,0.387499999999999,2.03953281428e-05,3.5053042305110235e-07,0.595,0.0238619488122,0.0005578657107799748,0.5575,0.00148456335097,2.6743593635311512e-05,0.8269637027078931,1.67331610976,0.7244093474756594,0.8469135802469131,4.69904169997,0.4859536094501661,1.0,nan,0.0
6,108341,0.595,0.180773224525,0.004923833500062191,0.52,3.46281274733e-06,3.815286434558537e-08,0.5825,0.00986964816287,0.00017866086591925362,0.52,0.0106329826352,0.000255626342977125,0.595,0.0238619488122,0.0005578657107799748,0.8075000000000001,3.84280052461,0.21717704411410702,0.8097560975609751,1.7582137791,0.6948700466618739,0.9516049382716051,2.09967750567,0.8816661983944083,0.0,nan,0.0
6,108351,0.665,1.22947392258,0.04564843003201921,0.685,0.156742283948,0.003269990237323132,0.65,0.209705539822,0.0048692367158863015,0.64,0.543351992624,0.018086415134037165,0.615,0.0511358363815,0.0012766749790450137,0.6825,0.283005470706,0.007920860453874959,0.839408488573074,1.60591279595,0.744818677484566,0.598518518518518,0.262997677902,0.013702230077996909,0.0,nan,0.0
6,108388,0.58,0.108470363161,0.0027943463264402265,0.64,0.0175087439567,0.00029752092538787176,0.5475,0.00142445229302,2.284376265437522e-05,0.6000000000000001,0.169978932578,0.005073697211902379,0.5875,0.0176758944245,0.00040315261114001576,0.6900000000000001,0.356562987096,0.010310518930417432,0.8406376032264261,1.59902019848,0.7467882965708925,0.819259259259259,4.19101235672,0.36180742079775885,0.0,nan,0.0
6,108411,0.515,0.00798888518863,0.000166727461601911,0.6575000000000001,0.0436311714266,0.0008015156291213196,0.6175,0.0534339088613,0.0010984852467687454,0.7075,2.50558153696,0.10948428977839761,0.67,0.333691105087,0.009731446421085789,0.875,5.20562361002,0.5406942624661687,0.8743230266948331,1.39786189636,0.7973215461530854,0.9303703703703701,2.85594250723,0.8292171786930524,0.0,nan,0.0
6,108416,0.7125,2.88022886019,0.14061605107634748,0.8174999999999991,7.2980263456,0.3446200875690498,0.71,1.58854527481,0.04800980335131247,0.74,4.0028346867,0.2150904465514197,0.804999999999999,6.18671950146,0.3775539581278447,0.804999999999999,3.74344790616,0.20769393444136408,0.8364893412713651,1.62212167897,0.7401070674478278,0.807407407407407,3.84109178747,0.31415666905778683,0.0,nan,0.0
6,108417,0.52,0.00998599161474,0.00021149296332332427,0.6325000000000001,0.0115465803166,0.00018997449967091888,0.5825,0.00986964816287,0.00017866086591925362,0.605,0.198151356157,0.005992392343801084,0.5325,0.00150457688697,2.8882479279660497e-05,0.8,3.54105724653,0.18948089928256864,0.860149798348377,1.48494509096,0.7768889678657894,0.973333333333333,1.46100945228,0.9200522608463175,0.0,nan,0.0
6,108652,0.5625,0.0572236562785,0.0013865562743238403,0.6425000000000001,0.0200474724897,0.0003444011450993633,0.5075000000000001,0.000112846416627,1.5930934222568997e-06,0.43999999999999906,0.000320231647037,6.226050266773937e-06,0.5650000000000001,0.00683140857743,0.0001448604663473684,0.525,0.00024566639112,4.039823696426499e-06,0.945265988092951,0.953696945633,0.880622647358573,0.5560493827160491,0.125012564519,0.005744514031526157,1.0,nan,0.0
6,109008,0.595,0.180773224525,0.004923833500062191,0.5325,1.01507048707e-05,1.161632966190809e-07,0.5275000000000001,0.00041895740239,6.293974310239972e-06,0.5,0.00477692863504,0.00010867494504755366,0.63,0.0876733229862,0.0022953790052298723,0.6950000000000001,0.413750662333,0.012233436046503805,0.8137507201843671,1.73946055759,0.7018561945337458,0.6819753086419751,0.84306515341,0.05627598336923292,0.0,nan,0.0
6,109067,0.75,4.33308593717,0.2766497105312642,0.794999999999999,5.37386255545,0.20076787765107407,0.7625000000000001,4.8491893034,0.21066448658585007,0.71,2.61565733318,0.11588544539900648,0.7525000000000001,3.20178176545,0.12307312096533224,0.8,3.54105724653,0.18948089928256864,0.7877856731323211,1.84956070215,0.6551996853921029,0.8479012345679011,4.70653917861,0.4905984088132691,0.0,nan,0.0
6,129429,0.76,4.64329224073,0.3215766418966776,0.5875,0.000686664526446,9.454980104229568e-06,0.5775,0.00760301285532,0.0001352069814411352,0.54,0.0225943391847,0.0005741883168698985,0.68,0.457909200162,0.013658936561733425,0.7925000000000001,3.23191507729,0.16407965246522085,0.7937776070674091,1.82674552364,0.6662146026210922,0.8172839506172841,4.13665001373,0.3535822680618858,0.0,nan,0.0
6,129459,0.605,0.249237976175,0.007058356063644106,0.6925,0.215534620694,0.004655734158298795,0.6725,0.485059477916,0.012311912843324382,0.6375000000000001,0.507619396513,0.016773133927750265,0.6875,0.577887657015,0.01752710716353834,0.705,0.550100962551,0.01702710746237502,0.896331860956404,1.25891390821,0.8265628645704975,0.838024691358024,4.59543705323,0.4445975638093903,0.0,nan,0.0
6,129490,0.7000000000000001,2.38637323724,0.10772580243834064,0.754999999999999,2.02400138899,0.058003903912310605,0.6575000000000001,0.280087003601,0.0066947290740343775,0.625,0.357774576424,0.011411863323240703,0.6975,0.782431894665,0.024282218225216003,0.889999999999999,5.00789683818,0.6175339556356227,0.8252736700595351,1.68210770883,0.7215739466006048,0.9654320987654321,1.67404105118,0.9076818303540184,0.0,nan,0.0
6,129672,-0.25,5.20424939256e-37,3.1944717544374116e-39,0.38,1.03509572434e-12,8.026294629094654e-15,0.485,2.31960865458e-05,3.064817454576119e-07,0.43500000000000005,0.000250286825779,4.806537162999613e-06,0.405,7.68777789356e-07,1.0686806648800446e-08,0.725,0.924352098163,0.03153051384058983,0.839408488573074,1.60591279595,0.744818677484566,0.901234567901234,3.91446210607,0.7302650821285601,0.0,nan,0.0
6,129907,0.6075,0.269418688661,0.0077064022594111,0.63,0.010016454578,0.00016306219315247652,0.65,0.209705539822,0.0048692367158863015,0.54,0.0225943391847,0.0005741883168698985,0.65,0.173708317203,0.004819277679271898,0.65,0.093178230342,0.0022860080757920623,0.9058959093527941,1.19810676159,0.8383123375155622,0.725432098765432,1.466837551,0.10513954761436925,1.0,nan,0.0
6,129987,0.5,0.00400057050727,7.998893064377688e-05,0.6875,0.17453418622,0.003683734472035966,0.6575000000000001,0.280087003601,0.0066947290740343775,0.6575000000000001,0.857611969638,0.03017226982726214,0.6575000000000001,0.222604612429,0.0062983793813770105,0.5625,0.00192694774619,3.52273480170549e-05,0.9306702515844051,1.04249914037,0.8660581080638774,0.6869135802469131,0.897198862039,0.06057157352730147,1.0,nan,0.0
6,130043,0.804999999999999,5.14349510014,0.547973534845323,0.899999999999999,3.53322554773,0.8924495571297355,0.8300000000000001,6.41594848853,0.6349554806010007,0.6950000000000001,1.98822793989,0.08146008547043374,0.764999999999999,4.02506115114,0.16820136298659621,0.865,5.22807008479,0.4884510694913199,0.8598041098521221,1.48703201166,0.7763752786597117,0.942716049382716,2.40446176695,0.8616635491172258,1.0,nan,0.0
6,130166,0.875,3.04818624653,0.8484745180494125,0.9325000000000001,1.30515324414,0.9670246115699942,0.7875000000000001,6.3164136558,0.3515776660341857,0.875,2.97136272935,0.8495716064930832,0.9325000000000001,1.49693465501,0.9379882495191743,0.8600000000000001,5.20567744098,0.46235740703856054,0.918225465719224,1.12011993327,0.8526029190380342,0.8681481481481481,4.67261287546,0.5861560367089081,1.0,nan,0.0
6,130586,-0.25,5.20424939256e-37,3.1944717544374116e-39,0.28500000000000003,1.71915548132e-18,1.108473756893255e-20,0.20750000000000002,6.83999699249e-18,5.0017371754381495e-20,0.25,2.61434678871e-09,3.434320576323453e-11,0.35750000000000004,2.33161903502e-08,2.935737902416192e-10,0.42750000000000005,3.77301985694e-07,4.901112002897511e-09,0.892452467831764,1.28356998457,0.8216312081940484,0.741728395061728,1.81503742204,0.13177781785256,1.0,nan,0.0
6,134922,0.4375,0.000156978143555,2.669588123484537e-06,0.725,0.754526723854,0.018859281796030903,0.6925,0.945887371802,0.026199757396580616,0.635,0.473922176116,0.015546622009318235,0.6775,0.423346296702,0.012557892295354652,0.79,3.12832762553,0.15612934805916734,0.857922028039178,1.49835796117,0.7735658948781452,0.679012345679012,0.812116754428,0.053824134542266915,1.0,nan,0.0
6,134923,0.6725,1.44126742052,0.05565028155559667,0.725,0.754526723854,0.018859281796030903,0.6825,0.683847085782,0.018108625463414147,0.68,1.45611259601,0.05575841346664907,0.7025,0.907100671742,0.02849931729857763,0.735,1.16821454087,0.04196048655809431,0.879969272133666,1.36251333542,0.805114562396362,0.77037037037037,2.61346811764,0.1946510493245116,1.0,nan,0.0
6,135551,0.7825000000000001,5.10073072449,0.4318995167494975,0.8250000000000001,7.7167095808,0.40102359148550426,0.7575000000000001,4.50019584215,0.18728806223692085,0.6425000000000001,0.581206274585,0.01949166197111076,0.7725000000000001,4.52322260654,0.20026369826025947,0.774999999999999,2.51616871278,0.11382766981238934,0.823314768580756,1.69218125395,0.7182689760827969,0.7629629629629631,2.38552137917,0.17614433557465745,0.0,nan,0.0
6,135973,0.6675,1.29768123222,0.048806873288187086,0.7925000000000001,5.13190189265,0.18763550438401735,0.8,6.72028513832,0.4333542490834083,0.745,4.22490846656,0.23566333604247933,0.7825000000000001,5.15247264411,0.24869254585349343,0.8975000000000001,4.84093513723,0.654493425175692,0.849241405799884,1.54972860743,0.7603351677108696,0.9017283950617281,3.89821321723,0.7321941419111282,0.0,nan,0.0
6,136122,0.5225000000000001,0.0111490779725,0.00023788715270693205,0.745,1.48505252097,0.04056684154599618,0.78,5.94935222075,0.30553002370077753,0.61,0.230481336231,0.007062137663143384,0.745,2.73761131784,0.10082017264605034,0.8325,4.70921591723,0.32466182204377797,0.8521605531015941,1.53262244763,0.7648341300218127,0.653827160493827,0.587411875041,0.03633230731776214,0.0,nan,0.0
6,136139,0.8225,4.87871723518,0.6360281456386818,0.837499999999999,8.02184026227,0.4999402974037389,0.8025,6.76531677805,0.45021387594715095,0.76,4.82017301605,0.30366117564613504,0.784999999999999,5.29838793472,0.26175731474527386,0.845,5.00850683213,0.3855138262913995,0.7495678893796811,1.9528633314,0.5822970742645119,0.9422222222222221,2.42198503644,0.8604718361401165,0.0,nan,0.0
6,136288,0.7425,4.06901130653,0.24512744727546892,0.8125,6.93935636622,0.3090032313590756,0.7375,3.11495821081,0.11130019502862659,0.6225,0.332978587732,0.010548749673957364,0.7925000000000001,5.69649520687,0.3030287615637929,0.827499999999999,4.56032114267,0.3014817213020348,0.852506241597849,1.53058491542,0.7653635878657122,0.93679012345679,2.61808515946,0.8467853785987303,0.0,nan,0.0
6,136820,0.6025,0.230344269353,0.006459139902357724,0.655,0.0384840231927,0.000698992453161835,0.6275000000000001,0.0830100809648,0.0017708852450479546,0.5650000000000001,0.054597552974,0.0014857406361525052,0.6175,0.0560440816898,0.0014105646011465763,0.655,0.111836698122,0.0027973069502163646,0.9385442673324371,0.994240206774,0.8740762656597043,0.852345679012345,4.72992555752,0.5115746477498645,0.0,nan,0.0
6,136846,0.7625000000000001,4.71184981054,0.33327138588691485,0.7925000000000001,5.13190189265,0.18763550438401735,0.8075000000000001,6.81701573718,0.484191240478763,0.875,2.97136272935,0.8495716064930832,0.804999999999999,6.18671950146,0.3775539581278447,0.6525000000000001,0.102135947209,0.0025300009833225607,0.7226810063376221,1.97759312107,0.5293659858064422,0.6074074074074071,0.302755373991,0.01621357959314588,1.0,nan,0.0
6,137085,0.847499999999999,4.13385971135,0.749426868596867,0.875,5.96413088155,0.7740206049510538,0.8400000000000001,5.94330999432,0.6968775957142304,0.8500000000000001,4.07593686452,0.7614596658735384,0.8775000000000001,4.09789663134,0.7918822038593415,0.9400000000000001,3.32391357326,0.8305137144703343,0.660418667178797,1.88048047518,0.40818692119165123,0.8148148148148141,4.06623465491,0.343454710220773,1.0,nan,0.0
6,137869,0.8150000000000001,5.02234103324,0.5988722295037805,0.905,3.09521983123,0.9090082443494112,0.875,3.6040110892,0.8654557558516611,0.8625,3.52482584401,0.8089858512842549,0.8700000000000001,4.5469199478,0.7594631086091788,0.972499999999999,2.01749037721,0.9168635711755706,0.0,0.0301904460706,0.002799362145852683,0.9772839506172831,1.36302701737,0.9256287338468555,1.0,nan,0.0
6,138039,0.655,0.980699960206,0.034629584883993446,0.63,0.010016454578,0.00016306219315247652,0.6975,1.10415544909,0.031316843665623935,0.6075,0.213765444828,0.0065070654754492375,0.6375000000000001,0.113776780839,0.0030469119736603826,0.7325,1.10354465641,0.03912130467490206,0.8560015363933161,1.50984973665,0.7706772651869858,0.716049382716049,1.2989719442,0.09218141385747566,1.0,nan,0.0
6,140859,0.4375,0.000156978143555,2.669588123484537e-06,0.65,0.0297944353051,0.0005291297441705976,0.5975,0.0209513235109,0.00040030134907476973,0.59,0.124258334658,0.0036133613565445828,0.6000000000000001,0.0290171590713,0.0006896820071968512,0.59,0.00749773943448,0.00014915977938121446,0.9577491837910501,0.880280959977,0.892066889967161,0.6948148148148141,0.991144419987,0.06802541805491845,0.0,nan,0.0
6,140984,0.645,0.769772287532,0.025908102491712,0.7625000000000001,2.51584331184,0.07498046984539754,0.754999999999999,4.32377247667,0.17625796066211272,0.6925,1.89236351022,0.07660991807054547,0.7425,2.5905380294,0.09416086656400509,0.8925000000000001,4.95695602503,0.6299910323919813,0.8857307470712501,1.32618170708,0.8128600941462787,0.9160493827160491,3.39257177347,0.7844677677581324,0.0,nan,0.0
6,141053,0.625,0.452075950682,0.013906933718821402,0.645,0.0229159863765,0.0003980330197919381,0.65,0.209705539822,0.0048692367158863015,0.5,0.00477692863504,0.00010867494504755366,0.7025,0.907100671742,0.02849931729857763,0.7025,0.513102575967,0.015698522797135975,1.0,0.654644474142,0.9243572127648877,0.611358024691358,0.321797314192,0.017446979415800843,0.0,nan,0.0
6,141356,0.7025,2.48297860778,0.11381221639733012,0.8250000000000001,7.7167095808,0.40102359148550426,0.794999999999999,6.59323202897,0.4000502952168344,0.8425,4.38961920622,0.7297018354071316,0.8400000000000001,6.05950269802,0.5984864254240969,0.9475,3.01095386673,0.8542694915876097,0.811791818705588,1.74873317133,0.698439656883043,0.8508641975308641,4.72402809891,0.5045714831976689,0.0,nan,0.0
6,142811,0.635,0.594620186535,0.019114765726576034,0.595,0.00114275891334,1.617947575895351e-05,0.58,0.00866801231081,0.00015551884048028476,0.535,0.018792056795,0.00047099077809764276,0.675,0.39122436717,0.011540171116635372,0.7825000000000001,2.81903743849,0.1338290941224891,0.8137507201843671,1.73946055759,0.7018561945337458,0.714567901234567,1.27443142639,0.0902752522316801,0.0,nan,0.0
6,142951,0.6475000000000001,0.819047047831,0.027893655332174853,0.804999999999999,6.31154502174,0.2592553624129219,0.764999999999999,5.02026036526,0.2230019078171449,0.68,1.45611259601,0.05575841346664907,0.7375,2.3097520951,0.08191784459763149,0.784999999999999,2.92167935124,0.14100486028454287,0.8876896485500281,1.31378333131,0.8154458130325233,0.929382716049382,2.89292423638,0.8263782381360488,1.0,nan,0.0
6,143324,0.5750000000000001,0.0907885173428,0.0022973508988481193,0.5725,0.000236544996103,3.0868860633523017e-06,0.66,0.307781559717,0.0074290876735805395,0.59,0.124258334658,0.0036133613565445828,0.625,0.0734570430511,0.0018935117342561486,0.6775,0.241328631614,0.0066123303883633446,0.8636835029767621,1.46349986287,0.7820984936991302,0.6972839506172831,1.02253790523,0.07051123470695546,0.0,nan,0.0
6,145305,0.605,0.249237976175,0.007058356063644106,0.7675000000000001,2.88595010315,0.08847112161228617,0.745,3.62140345923,0.13654516191832608,0.6575000000000001,0.857611969638,0.03017226982726214,0.6875,0.577887657015,0.01752710716353834,0.725,0.924352098163,0.03153051384058983,0.9097753024774341,1.17349236678,0.8429125036713025,0.7970370370370371,3.50168816225,0.27606527318933377,0.0,nan,0.0
6,145335,0.5225000000000001,0.0111490779725,0.00023788715270693205,0.55,4.25195931687e-05,5.143512078511284e-07,0.5425,0.00105761114947,1.668127711717014e-05,0.5875,0.11473897078,0.003314759041774301,0.5,0.000279720247423,4.89851502391994e-06,0.8,3.54105724653,0.18948089928256864,0.693796811983867,1.95835769938,0.472409727320499,0.79753086419753,3.51825179704,0.2777985927956384,1.0,nan,0.0
6,145444,0.725,3.38741894524,0.17978783555220113,0.8525,7.67226691347,0.6186099468516354,0.754999999999999,4.32377247667,0.17625796066211272,0.7975000000000001,5.47672423668,0.5011863054030258,0.6925,0.673186938905,0.020649290173733945,0.794999999999999,3.33538564199,0.17228882623268346,0.8017284424812751,1.79398939932,0.6806103633601728,0.861728395061728,4.72243174339,0.5559798583180906,0.0,nan,0.0
6,146557,-0.25,5.20424939256e-37,3.1944717544374116e-39,0.73,0.899721591684,0.022985755197253703,0.72,2.07248840643,0.06624283206621215,0.5700000000000001,0.0646542913899,0.0017832206506950025,0.6825,0.49507447351,0.014849606767442621,0.74,1.30499960481,0.04813938976898229,0.8974841559439211,1.25158610829,0.8280092829716554,0.9002469135802461,3.94665210434,0.7263830161662846,1.0,nan,0.0
6,146877,0.8075000000000001,5.12107374794,0.5608053590417554,0.865,6.85273339532,0.709812822666794,0.715,1.81969149709,0.0565213429542586,0.8400000000000001,4.48934577496,0.718602542349244,0.5625,0.00611709105911,0.00012868995605609977,0.865,5.22807008479,0.4884510694913199,0.5736892644516991,1.4776708611,0.26100491515969554,0.863209876543209,4.714135915,0.5629701471788391,0.0,nan,0.0
6,146928,0.7000000000000001,2.38637323724,0.10772580243834064,0.855,7.54208524068,0.6376317928655028,0.8600000000000001,4.6631567903,0.8034672686512825,0.8150000000000001,5.26794444347,0.5956751895675616,0.8174999999999991,6.40482510155,0.4565570014400299,0.885,5.09485402487,0.5922686290280773,0.837718455924716,1.6153249668,0.7420966682408676,0.803456790123456,3.71430020891,0.2992311792929073,0.0,nan,0.0
6,146993,0.8125,5.06040222495,0.5862677463042891,1.0,0.0792606650873,0.9984791509332323,1.0,0.0561555114219,0.9988465717442183,0.9500000000000001,0.697912202594,0.9735712840555686,1.0,0.305218747503,0.9902700000025044,0.8,3.54105724653,0.18948089928256864,0.37584021509506405,0.514624188183,0.0728765978757582,0.8528395061728391,4.73146590876,0.5139108025679991,0.0,nan,0.0
6,147026,0.5,0.00400057050727,7.998893064377688e-05,0.655,0.0384840231927,0.000698992453161835,0.615,0.0477266778546,0.0009721567659441674,0.52,0.0106329826352,0.000255626342977125,0.625,0.0734570430511,0.0018935117342561486,0.645,0.0773055503597,0.001860883488608953,0.8626848473209141,1.46958064818,0.7806339236936758,0.815802469135802,4.09471452447,0.3474848420892482,0.0,nan,0.0
6,147101,0.625,0.452075950682,0.013906933718821402,0.865,6.85273339532,0.709812822666794,0.7225,2.20687293926,0.07159094080797002,0.8600000000000001,3.63638211434,0.800034297193962,0.6825,0.49507447351,0.014849606767442621,0.8525,5.13082295176,0.42356502289205367,0.861724601497983,1.47541279027,0.7792199636947096,0.9007407407407401,3.93060912765,0.7283280232660281,1.0,nan,0.0
6,147111,0.595,0.180773224525,0.004923833500062191,0.735,1.06816153,0.02789523722137677,0.774999999999999,5.66346638452,0.27648588667640417,0.605,0.198151356157,0.005992392343801084,0.6225,0.0671699523265,0.0017178349915191588,0.837499999999999,4.84223321589,0.348547409618348,0.9010946802381411,1.22862314655,0.8324867104662239,0.852345679012345,4.72992555752,0.5115746477498645,0.0,nan,0.0
6,147193,0.75,4.33308593717,0.2766497105312642,0.7825000000000001,4.17536593008,0.14113054255947513,0.7825000000000001,6.08066247902,0.3205692862983074,0.8500000000000001,4.07593686452,0.7614596658735384,0.7975000000000001,5.92171063799,0.332089167097959,0.75,1.60795272427,0.0626719609673122,0.752294987516804,1.94807191752,0.587616284884198,0.6439506172839501,0.514662787588,0.030896137912410405,0.0,nan,0.0
6,819,0.725,3.38741894524,0.17978783555220113,0.7025,0.323666982864,0.007319625275396981,0.7075,1.48110073229,0.04417386959154585,0.7775000000000001,5.30397702964,0.3926463558670059,0.7225,1.5869163405,0.052924992726553634,0.8300000000000001,4.63664602736,0.3129786894052385,0.8252736700595351,1.68210770883,0.7215739466006048,0.7214814814814811,1.39345666858,0.09949091729449545,1.0,nan,0.0
6,1942,0.715,2.9813775322,0.14794296453554281,0.6725,0.0896429219074,0.0017644507203529002,0.5925,0.0163826767746,0.00030739641499030154,0.585,0.105890290949,0.003039107665312072,0.6075,0.0386622182935,0.0009419108379778273,0.784999999999999,2.92167935124,0.14100486028454287,0.8467447666602651,1.56421152453,0.7564479462146462,0.755061728395061,2.15799780666,0.1582059562331008,1.0,nan,0.0
6,1993,0.6625,1.1636735312,0.042657497690277726,0.7375,1.16190883744,0.030681445892738562,0.7525000000000001,4.14702123054,0.16566947219753836,0.63,0.412289785161,0.013334198169033203,0.835,6.2129075407,0.5677890032551882,0.905,4.63430650331,0.6900487350318536,0.8857307470712501,1.32618170708,0.8128600941462787,0.905679012345679,3.76481785355,0.7473329086430536,1.0,nan,0.0
