user,id,distanceScore,distanceScore_pdf,distanceScore_cdf,equipmentScore,equipmentScore_pdf,equipmentScore_cdf,serviceScore,serviceScore_pdf,serviceScore_cdf,roomScore,roomScore_pdf,roomScore_cdf,chargeScore,chargeScore_pdf,chargeScore_cdf,locationScore,locationScore_pdf,locationScore_cdf,bathScore,bathScore_pdf,bathScore_cdf,mealScore,mealScore_pdf,mealScore_cdf,kinnennScore,kinnennScore_pdf,kinnennScore_cdf
3,101,0.9797530864197531,1.46999918207,0.937234021176157,0.655,4.20181765873,0.30118613434927366,0.73,5.35550214882,0.5044586615019698,0.6000000000000001,1.45220774267,0.06603627510987027,0.9297100057614741,2.20404797466,0.8890871928773876,0.9400000000000001,1.79887857367,0.9159064276870748,0.625,3.40736405853,0.37197997266439603,0.6975,1.96535506216,0.5708786362577565,1.0,nan,0.0
3,192,0.755061728395061,2.33160191493,0.12245927982433964,0.63,3.42274698344,0.20549096619424467,0.66,3.4793333372,0.17658921291481983,0.6775,3.71200305656,0.2649006589843416,0.8213942769348951,4.66387808885,0.4826937189867235,0.745,3.09358363034,0.18256851227017756,0.5325,1.83311532536,0.1231017448797158,0.6675,1.98548430699,0.5114893037609205,1.0,nan,0.0
3,223,0.8103703703703701,4.16174788147,0.3033080508176625,0.6375000000000001,3.67474611394,0.2321134192165034,0.6775,4.20989416884,0.24397602454168638,0.605,1.57903950204,0.07361198279115873,0.8713654695602071,4.02646394082,0.7057148338717623,0.605,0.18785688328,0.005780740088518928,0.5575,2.32099475483,0.17500693264032285,0.5825,1.7829245432,0.34883011995463453,0.0,nan,0.0
3,388,0.851358024691358,4.82634638049,0.4910559000303675,0.7575000000000001,3.73428124468,0.7642017063258888,0.7675000000000001,4.6918288677,0.6965963989301577,0.7675000000000001,4.19303731596,0.6527309379754371,0.713885154599577,2.0013173317,0.09635450434521609,0.915,2.58411845925,0.8613263416286181,0.675,3.56711241862,0.5492930339928115,0.7825000000000001,1.65967175183,0.7272507441928469,1.0,nan,0.0
3,398,0.720493827160493,1.33153419372,0.060026245003813886,0.635,3.59199555269,0.22302969984594662,0.66,3.4793333372,0.17658921291481983,0.6325000000000001,2.3637582702,0.12753371710827496,0.8828884194353751,3.70830416434,0.7503206254756851,0.61,0.216890413326,0.00679113296995967,0.545,2.07577710153,0.14752664577368116,0.847499999999999,1.27249613333,0.8228944466973077,0.0,nan,0.0
3,462,0.810864197530864,4.17534238319,0.3053665958455698,0.7975000000000001,2.33999532457,0.8858944074773765,0.8300000000000001,2.14225524357,0.9120894419839953,0.68,3.77737084099,0.27426276481665696,0.965469560207413,1.21302351216,0.9492852559748682,0.79,4.35275505877,0.35240225119739627,0.64,3.52900568261,0.4240767283277851,0.7075,1.94749130867,0.5904474211729738,1.0,nan,0.0
3,509,0.9125925925925921,3.73873538762,0.7647874045669507,0.6375000000000001,3.67474611394,0.2321134192165034,0.6950000000000001,4.82042420572,0.32323446263662714,0.6950000000000001,4.12433975617,0.333630367537593,0.6792778951411561,1.08677760978,0.04380709454663326,0.919999999999999,2.41991761779,0.8738354921054532,0.5125000000000001,1.46345237021,0.09018609950210776,0.8225,1.42846723089,0.7891238525886495,0.0,nan,0.0
3,568,0.9432098765432091,2.65305900856,0.862837625711575,0.685,4.76484543575,0.43699441017516716,0.7975000000000001,3.51630709563,0.8205367822450856,0.6625,3.28702485218,0.21234620613553468,0.786863837142308,4.22646707044,0.32721398470301155,0.9450000000000001,1.65627105852,0.9245418179196102,0.865,0.66650798436,0.9667451790093055,0.5675,1.71483474792,0.3225877909691154,1.0,nan,0.0
3,570,0.946172839506172,2.54735813278,0.8705417202391099,0.754999999999999,3.81487662418,0.7547648896373121,0.7825000000000001,4.14499630591,0.7630120913413033,0.8625,1.53474430053,0.9294614174494139,0.765700019204916,3.66933136617,0.2433708489161021,0.8775000000000001,3.79097261596,0.7413208644689109,0.735,2.88215463266,0.7468063502126815,0.857499999999999,1.20949120596,0.8353043466822213,1.0,nan,0.0
3,610,0.899753086419753,4.1377084275,0.7141591790080877,0.6875,4.78642150021,0.44893438842742517,0.725,5.34738253011,0.47769140250465025,0.7825000000000001,3.8660640292,0.7132874110556431,0.880929517956596,3.76536715746,0.7430003557849636,0.9175000000000001,2.5017360767,0.867683555262418,0.615,3.29497658596,0.3384487191376637,0.8225,1.42846723089,0.7891238525886495,0.0,nan,0.0
3,630,0.7629629629629631,2.5967719256,0.14192341277580733,0.6375000000000001,3.67474611394,0.2321134192165034,0.68,4.30665813607,0.2546222557438753,0.74,4.51262731438,0.5321047523688873,0.9405031688112151,1.87427423803,0.9110769569673526,0.6875,1.33824569498,0.05759477741690407,0.5575,2.32099475483,0.17500693264032285,0.7725000000000001,1.71120121268,0.7103937448109425,0.0,nan,0.0
3,658,0.65679012345679,0.339035099349,0.01226180661635491,0.54,0.781549787604,0.028876526114915455,0.5775,0.674332741996,0.020913795536339447,0.59,1.21659075642,0.05271287649266619,0.656270405223737,0.661159226148,0.023983931445279508,0.665,0.854907987484,0.03319169094408619,0.47750000000000004,0.912887598238,0.04901809751871648,0.63,1.94014106906,0.43764503902826674,0.0,nan,0.0
3,659,0.622222222222222,0.137279065584,0.004477437114445304,0.5925,2.12547249568,0.10166299318825395,0.6125,1.57079967805,0.05869858023926953,0.645,2.75014442689,0.1594879131532413,0.531745726906087,0.0128005303425,0.00029728190268886754,0.65,0.611202953665,0.022271354878048655,0.47750000000000004,0.912887598238,0.04901809751871648,0.62,1.91555274131,0.41836243413390206,0.0,nan,0.0
3,716,0.819259259259259,4.3895056161,0.3413410816611355,0.715,4.73355794255,0.5810567401529019,0.7225,5.33430366711,0.4643380476213439,0.8325,2.39108381971,0.870956856763799,0.7945073938928361,4.38101953985,0.36012837491196464,0.735,2.76136853945,0.15329194489019538,0.645,3.55603367079,0.4417922397473548,0.8025,1.54820691454,0.7593462733815093,0.0,nan,0.0
3,767,0.9007407407407401,4.10925554674,0.7182317886116254,0.6625,4.38989882404,0.3334219790803583,0.6950000000000001,4.82042420572,0.32323446263662714,0.7000000000000001,4.21973292121,0.35449522897602154,0.7599385442673321,3.49334065311,0.22273337162723478,0.8725,3.93179945635,0.7220105191637523,0.5975,3.04701223884,0.2828695314873375,0.7325,1.87972633501,0.6383543946242329,0.0,nan,0.0
3,839,1.0,0.977981388382,0.9617911864355525,0.7875000000000001,2.68899889195,0.8607589733565647,0.8150000000000001,2.75725327951,0.8754132846559055,0.845,2.01605858961,0.8984811596151576,0.782024198194737,4.11432097629,0.3070265829821792,0.925,2.25844931693,0.885530077258916,0.7275,3.00773758073,0.7247141909317443,0.735,1.87123001792,0.6430431521905682,1.0,nan,0.0
3,858,0.631604938271604,0.177380530987,0.005946586057949453,0.635,3.59199555269,0.22302969984594662,0.61,1.48956638688,0.054873663084896974,0.65,2.90551388193,0.17362727504645797,0.7714614941425001,3.83662792569,0.264998194229045,0.6475000000000001,0.576321635323,0.020787276368686484,0.5525,2.22298583958,0.16364682491121868,0.5675,1.71483474792,0.3225877909691154,0.0,nan,0.0
3,864,0.899753086419753,4.1377084275,0.7141591790080877,0.6375000000000001,3.67474611394,0.2321134192165034,0.6900000000000001,4.66365848245,0.29951751280465355,0.71,4.37478576037,0.3975092501534917,0.8713654695602071,4.02646394082,0.7057148338717623,0.919999999999999,2.41991761779,0.8738354921054532,0.5625,2.41841873778,0.18685579836717117,0.75,1.81421036346,0.6706966019090084,0.0,nan,0.0
3,922,0.5837037037037031,0.0439542720839,0.0012843907082686818,0.595,2.20780637884,0.10707933971081915,0.605,1.33497745043,0.0478167175397998,0.5750000000000001,0.910832858591,0.03682982185194758,0.9174188592279621,2.60042243362,0.8595778322538019,0.6825,1.21841141155,0.05120605508815031,0.454999999999999,0.639714601934,0.03167430044622398,0.4525,1.07298293236,0.16144263687086055,1.0,nan,0.0
3,930,0.750123456790123,2.17115487324,0.1113432693152563,0.75,3.97028238499,0.7352985716872719,0.78,4.24343362835,0.7525260505244606,0.7925000000000001,3.6037478265,0.7506613073844395,0.56024582293067,0.0380235351123,0.0009635144309440154,0.885,3.56598997075,0.7689187072422279,0.685,3.51323655267,0.5847180835579469,0.7125,1.93653013504,0.6001580312200319,1.0,nan,0.0
3,995,0.7664197530864191,2.71526125057,0.1511043604585328,0.51,0.372209379386,0.012154964473254114,0.5775,0.674332741996,0.020913795536339447,0.5325,0.343387502486,0.011636981773623559,0.8674860764355671,4.12276755147,0.6899058269471725,0.65,0.611202953665,0.022271354878048655,0.52,1.59847171251,0.10166521975290732,0.7875000000000001,1.6327748199,0.7354821564728498,1.0,nan,0.0
3,996,0.8390123456790121,4.73938138416,0.43189603145187094,0.6000000000000001,2.37583590964,0.11853670020969193,0.65,3.04397873446,0.14397223732013775,0.6375000000000001,2.51736752569,0.13973575543036834,0.8703668139043591,4.05183337808,0.7016810827210541,0.725,2.43151180511,0.12733314600772128,0.5325,1.83311532536,0.1231017448797158,0.625,1.92846730355,0.427972994417363,0.0,nan,0.0
3,1119,0.8874074074074071,4.45358924551,0.6610464461559702,0.545,0.873950044426,0.03301215453047808,0.6000000000000001,1.19106712567,0.0415060819560831,0.58,1.00629117937,0.04161993873896758,0.8574227002112541,4.34165686303,0.6472758477801919,0.7325,2.67833871709,0.1464923571990679,0.5075000000000001,1.37635391665,0.0830876149130779,0.5,1.34668481079,0.21886442915282223,0.0,nan,0.0
3,1128,0.7935802469135801,3.64849125703,0.23761617934847407,0.6925,4.81655601243,0.4729491191629066,0.7425,5.27088122353,0.571028291542262,0.6775,3.71200305656,0.2649006589843416,0.858882273862108,4.31290221679,0.6535919610167544,0.7725000000000001,3.93984953977,0.279645931496905,0.6025,3.12380756632,0.29829839405931724,0.8700000000000001,1.13109964045,0.8499322991908337,1.0,nan,0.0
3,1186,0.712592592592592,1.14927864367,0.05023762355482536,0.6175,2.98621787727,0.16542191691461225,0.7225,5.33430366711,0.4643380476213439,0.6625,3.28702485218,0.21234620613553468,0.7987708853466481,4.45410492199,0.37896610468493996,0.67,0.949875263531,0.037700711163282094,0.65,3.57599623377,0.45962528698373073,0.5750000000000001,1.74979311242,0.335581234003672,0.0,nan,0.0
3,1356,0.8316049382716041,4.63649900728,0.3971481171612714,0.774999999999999,3.13357847743,0.824368744060902,0.7575000000000001,4.9823234603,0.6481674546998528,0.8125,3.01229594058,0.8169298293484526,0.704513155367774,1.72410838709,0.07891188181078482,0.925,2.25844931693,0.885530077258916,0.73,2.9667860136,0.7321825444621362,0.79,1.61906688652,0.7395469934598717,0.0,nan,0.0
3,1357,0.6083950617283951,0.0927042776156,0.0029052061118083564,0.78,2.95572614937,0.8395923647228157,0.8025,3.29882445106,0.8375752243404866,0.8075000000000001,3.16567072088,0.801483929266325,0.283887075091223,1.05959086596e-08,1.4271924167260787e-10,0.835,4.62907586557,0.5592245728516482,0.72,3.12448151709,0.7017123891987744,0.76,1.77082661623,0.6886251702938746,0.0,nan,0.0
3,1386,0.866666666666666,4.7796668125,0.5648031505217038,0.7025,4.82378534554,0.5212100921505122,0.6975,4.89249937074,0.33537653391519945,0.7425,4.50069251512,0.5433721519323218,0.694680238140964,1.45542450018,0.06329984133049132,0.8600000000000001,4.24254510481,0.6708534122560675,0.6525000000000001,3.58328838476,0.4685747684709164,0.5825,1.7829245432,0.34883011995463453,0.0,nan,0.0
3,1404,0.575802469135802,0.0341849213749,0.0009771494124536924,0.6725,4.59467298611,0.37839189466256606,0.6725,4.00927412632,0.22342447357210893,0.7875000000000001,3.73863176514,0.7323024850856119,0.41317457269060803,4.29956031347e-05,7.406186727819265e-07,0.75,3.25766667684,0.19844762880767453,0.77,2.22354934307,0.8363976619884004,0.75,1.81421036346,0.6706966019090084,0.0,nan,0.0
3,1500,0.8859259259259251,4.48598655965,0.6544243802008103,0.5675,1.38468893712,0.058128450178077565,0.73,5.35550214882,0.5044586615019698,0.5825,1.05644682677,0.04419802405019705,0.9097753024774341,2.85249539742,0.8387390859363408,0.9375,1.87235428391,0.9113176767924636,0.387499999999999,0.172427743797,0.006889393045637598,0.6875,1.97769283022,0.5511587458589858,0.0,nan,0.0
3,1501,0.775308641975308,3.02366961533,0.176608197453555,0.505,0.325071700418,0.010413936682238303,0.6425000000000001,2.72125726149,0.12235697306247209,0.6025,1.51490044982,0.0697448548402959,0.8521605531015941,4.43618534654,0.624174303177443,0.9450000000000001,1.65627105852,0.9245418179196102,0.4,0.22595635041,0.009366815209769763,0.55,1.62713102961,0.29333407014495605,0.0,nan,0.0
3,1511,0.724444444444444,1.42954861183,0.06547873243472982,0.52,0.483106666724,0.016412226304117712,0.6125,1.57079967805,0.05869858023926953,0.54,0.414747531139,0.014473256409136798,0.8636450931438441,4.2118507525,0.673897183737949,0.8700000000000001,3.99897980255,0.7120965685631646,0.5925,2.96607878793,0.26783516932580814,0.6075,1.87806516723,0.39464476167308515,1.0,nan,0.0
3,1556,0.675555555555555,0.528748463829,0.020294629553604705,0.6625,4.38989882404,0.3334219790803583,0.675,4.11067322147,0.23357483243343646,0.705,4.30347439537,0.3758082720078587,0.788745918955252,4.26718804698,0.3352071247163064,0.7825000000000001,4.19240378897,0.320340896000994,0.6525000000000001,3.58328838476,0.4685747684709164,0.705,1.95246833459,0.5855724012136203,1.0,nan,0.0
3,1630,0.6335802469135801,0.187020038488,0.006306414668350326,0.6325000000000001,3.50793444855,0.21415453354713562,0.6525000000000001,3.15274115115,0.15171806800710125,0.6825,3.84080541857,0.28378590211967347,0.888611484540042,3.53589041157,0.7710539168092312,0.64,0.480845667009,0.016831318262249984,0.6075,3.19604420177,0.31410000833538265,0.8525,1.24098815023,0.8291781627426871,0.0,nan,0.0
3,1667,0.902222222222222,4.06579807638,0.7242874972613682,0.6625,4.38989882404,0.3334219790803583,0.68,4.30665813607,0.2546222557438753,0.6175,1.91972061394,0.0954462165902932,0.660072978682542,0.72136356762,0.02661127540390343,0.8,4.52107127279,0.396817280988063,0.49,1.0928241208,0.06153323287073147,0.75,1.81421036346,0.6706966019090084,0.0,nan,0.0
3,1680,0.875061728395061,4.68216658646,0.6045540235763261,0.6950000000000001,4.82502696791,0.4850020197920549,0.7925000000000001,3.73127163134,0.8024163449157897,0.7275,4.51786754228,0.47556938351714884,0.8974841559439211,3.25547699789,0.8011924658540598,0.8700000000000001,3.99897980255,0.7120965685631646,0.6975,3.40785989157,0.6280173969326179,0.784999999999999,1.64631204145,0.7313832616213205,1.0,nan,0.0
3,1725,0.760987654320987,2.52965621594,0.13686035270798888,0.6000000000000001,2.37583590964,0.11853670020969193,0.685,4.49171017139,0.2766231895572841,0.6475000000000001,2.82789396368,0.16646047481196968,0.84251968503937,4.56961053726,0.5807195901425091,0.7425,3.01080717148,0.17493794869786944,0.625,3.40736405853,0.37197997266439603,0.615,1.90143109394,0.40881947895108794,1.0,nan,0.0
3,1764,0.880987654320987,4.58445888541,0.6320220724490844,0.67,4.54884161263,0.3669617246341469,0.7075,5.133585484,0.3855726399685011,0.7425,4.50069251512,0.5433721519323218,0.7307470712502401,2.53864186575,0.13457563367013012,0.857499999999999,4.29641738319,0.6601790807851422,0.645,3.55603367079,0.4417922397473548,0.7725000000000001,1.71120121268,0.7103937448109425,0.0,nan,0.0
3,1770,0.722962962962963,1.39225833273,0.06338858405080369,0.5775,1.66099911697,0.07333272618805788,0.6025,1.26167945138,0.044571454895781334,0.64,2.59475994029,0.1461258526670731,0.785327443825619,4.19200008808,0.32074680760894947,0.835,4.62907586557,0.5592245728516482,0.5525,2.22298583958,0.16364682491121868,0.635,1.95054296359,0.4473722851687011,0.0,nan,0.0
3,1799,0.7614814814814811,2.54638975536,0.1381136961005419,0.8400000000000001,1.0999369008,0.9572562168812146,0.81,2.97233431075,0.8610906687793038,0.885,1.01965020017,0.9579592241861348,0.434415210293835,0.000136793424224,2.4703791890225966e-06,0.8,4.52107127279,0.396817280988063,0.8500000000000001,0.846270792865,0.9554358401333527,0.8250000000000001,1.41309411337,0.7926758190139418,0.0,nan,0.0
3,1872,0.7866666666666661,3.41645511221,0.21318946813260203,0.6075,2.63452717525,0.13732139911441035,0.66,3.4793333372,0.17658921291481983,0.6475000000000001,2.82789396368,0.16646047481196968,0.683272517764547,1.1759769041,0.04832500282422645,0.9475,1.58726014333,0.9285959039603258,0.52,1.59847171251,0.10166521975290732,0.6075,1.87806516723,0.39464476167308515,0.0,nan,0.0
3,1927,0.8172839506172841,4.34216004676,0.3327168881635153,0.5775,1.66099911697,0.07333272618805788,0.66,3.4793333372,0.17658921291481983,0.5775,0.957754026059,0.039165219300983975,0.814518916842711,4.63341029079,0.4507154489901302,0.8400000000000001,4.58070653742,0.5822554745060562,0.52,1.59847171251,0.10166521975290732,0.5,1.34668481079,0.21886442915282223,0.0,nan,0.0
3,1996,0.7866666666666661,3.41645511221,0.21318946813260203,0.525,0.547620233017,0.01898639872619156,0.67,3.90597624499,0.2135300441033473,0.495,0.120060414606,0.003550544021607578,0.8560015363933161,4.36861628004,0.6410863625974945,0.7325,2.67833871709,0.1464923571990679,0.6000000000000001,3.08595382864,0.29053596021210293,0.62,1.91555274131,0.41836243413390206,0.0,nan,0.0
3,1997,0.493827160493827,0.00171570297317,3.9501322934351196e-05,0.6625,4.38989882404,0.3334219790803583,0.6900000000000001,4.66365848245,0.29951751280465355,0.685,3.90217114032,0.29346506778574144,0.8905703860188201,3.47517404962,0.77792103637109,0.67,0.949875263531,0.037700711163282094,0.59,2.92419564944,0.26047213910315903,0.7775000000000001,1.68583167469,0.7188866673488618,1.0,nan,0.0
3,2335,0.884444444444444,4.51708902132,0.6477552735800134,0.5825,1.80965104413,0.0820065826704926,0.675,4.11067322147,0.23357483243343646,0.64,2.59475994029,0.1461258526670731,0.9059343191857111,2.97931642299,0.8275390365042057,0.6900000000000001,1.40076986289,0.061018188879217866,0.485,1.01848428111,0.05625625645000748,0.75,1.81421036346,0.6706966019090084,0.0,nan,0.0
3,2465,0.8153086419753081,4.29287520911,0.3241881460666052,0.7775000000000001,3.04476000506,0.8320917299573785,0.7225,5.33430366711,0.4643380476213439,0.6675,3.43398326501,0.22915053932051183,0.937007874015748,1.97868273358,0.9043440697623547,0.7225,2.35041148803,0.1213558934974733,0.555,2.27203716195,0.16926561780736898,-0.25,0.00187082912572,0.00012698130378535892,1.0,nan,0.0
3,2605,0.803456790123456,3.96138598537,0.2752177236033113,0.3025,9.14537043427e-05,1.6549865683716815e-06,0.339999999999999,6.66075737992e-06,9.249902758236638e-08,0.339999999999999,0.00023933813952,4.596689176627333e-06,0.8767428461686191,3.88346950346,0.7269868549450766,0.59,0.119811376547,0.0035060998132614646,0.355,0.0805252133204,0.002939188307123573,-0.25,0.00187082912572,0.00012698130378535892,1.0,nan,0.0
3,2876,0.886913580246913,4.46453031333,0.6588444355244872,0.794999999999999,2.42610495153,0.8799369729025489,0.8400000000000001,1.77017810421,0.9316217877823897,0.8174999999999991,2.85710787765,0.8316038686465912,0.602458229306702,0.155786453163,0.004558099690555584,0.9550000000000001,1.38999038446,0.9397512438194735,0.889999999999999,0.429968984724,0.9802924625631806,0.6075,1.87806516723,0.39464476167308515,0.0,nan,0.0
3,2877,0.845432098765432,4.79821964532,0.4625260602722415,0.75,3.97028238499,0.7352985716872719,0.635,2.4082439143,0.10312903152651443,0.6725,3.57602148458,0.24667783852173258,0.748454004225081,3.12445054448,0.1847141666134423,0.8075000000000001,4.60947035028,0.4310779964532425,0.635,3.49507572257,0.4065136884592221,0.6875,1.97769283022,0.5511587458589858,1.0,nan,0.0
3,2958,0.9797530864197531,1.46999918207,0.937234021176157,0.59,2.04439852427,0.09645092709957716,0.65,3.04397873446,0.14397223732013775,0.5325,0.343387502486,0.011636981773623559,0.8905703860188201,3.47517404962,0.77792103637109,0.8775000000000001,3.79097261596,0.7413208644689109,0.7475,2.65727612999,0.7814453768340526,0.6825,1.98175911816,0.5412595290576481,0.0,nan,0.0
3,4771,0.79753086419753,3.77679493929,0.25228462472447266,0.635,3.59199555269,0.22302969984594662,0.705,5.08080046739,0.3728035724918157,0.705,4.30347439537,0.3758082720078587,0.7637795275590551,3.61153622275,0.2363792774471277,0.8975000000000001,3.16533368141,0.8110150744448039,0.5175000000000001,1.55291990963,0.0977260886181075,0.6025,1.86108923427,0.38529642076261983,1.0,nan,0.0
3,4778,0.941234567901234,2.72398210235,0.8575270194286828,0.7125,4.76025099322,0.5691885965257679,0.6875,4.57945486964,0.28796285635907426,0.774999999999999,4.04087498272,0.6836232767070921,0.594814672556174,0.122865107801,0.003497425962926663,0.9400000000000001,1.79887857367,0.9159064276870748,0.6575000000000001,3.59243884062,0.48651711457323565,0.7875000000000001,1.6327748199,0.7354821564728498,1.0,nan,0.0
3,4801,0.8103703703703701,4.16174788147,0.3033080508176625,0.625,3.24972132856,0.18880852322115496,0.735,5.33951263126,0.5312062239804523,0.64,2.59475994029,0.1461258526670731,0.8214326867678121,4.66396389189,0.4828728594157181,0.764999999999999,3.72660221863,0.25088559565161195,0.6725,3.57616536534,0.5403635635353206,0.7075,1.94749130867,0.5904474211729738,1.0,nan,0.0
3,4805,0.940246913580246,2.75955135702,0.854819106900253,0.74,4.25283580566,0.6941484028128839,0.7725000000000001,4.52231275083,0.719637808205789,0.8400000000000001,2.16367730737,0.8880333525505063,0.7753024774342231,3.94236223815,0.27993928608895097,0.9125000000000001,2.66693843903,0.8547625981519937,0.6975,3.40785989157,0.6280173969326179,0.7675000000000001,1.73572801361,0.7017760598517112,0.0,nan,0.0
3,4819,0.884444444444444,4.51708902132,0.6477552735800134,0.6725,4.59467298611,0.37839189466256606,0.6725,4.00927412632,0.22342447357210893,0.715,4.43299511636,0.41953428641522517,0.8751680430190121,3.9264159832,0.7208372274433461,0.7225,2.35041148803,0.1213558934974733,0.56,2.3698063382,0.18087046993177858,0.6025,1.86108923427,0.38529642076261983,0.0,nan,0.0
3,4977,0.7970370370370371,3.76096374468,0.2504234471564604,0.725,4.5856923404,0.6277065577898433,0.71,5.18107878801,0.3984670896992212,0.685,3.90217114032,0.29346506778574144,0.7945073938928361,4.38101953985,0.36012837491196464,0.8500000000000001,4.4390494106,0.6274027049759339,0.705,3.32582238934,0.6532770774284544,0.64,1.95964468925,0.4571483015545893,1.0,nan,0.0
3,5024,0.9032098765432091,4.03632490226,0.7282885780152047,0.6525000000000001,4.1333868103,0.29076657188656435,0.7000000000000001,4.96006207222,0.34769319876853344,0.7625000000000001,4.28035377553,0.6315425153774447,0.9289802189360471,2.2270682732,0.8874703125871264,0.7425,3.01080717148,0.17493794869786944,0.495,1.17022540038,0.06718960146015535,0.67,1.98574649043,0.5164534157143176,1.0,nan,0.0
3,5041,0.8246913580246911,4.50903344924,0.365517255989111,0.454999999999999,0.0700237208834,0.001885747353673138,0.41000000000000003,0.000565076189398,9.407920465689912e-06,0.47750000000000004,0.0691869069471,0.0019301360281946262,0.7061647781832141,1.7715625342,0.08179855963848277,0.6375000000000001,0.451948607932,0.015665620761953734,0.36250000000000004,0.0967146245065,0.0036022327935473285,0.75,1.81421036346,0.6706966019090084,0.0,nan,0.0
3,5303,0.78716049382716,3.43327932996,0.2148807619045538,0.47250000000000003,0.124371049765,0.003546864248953805,0.75,5.15062633116,0.610140256913807,0.5,0.139544096534,0.0041985052268488175,0.865603994622623,4.16722946238,0.6821043609552104,0.8600000000000001,4.24254510481,0.6708534122560675,0.6950000000000001,3.43216443989,0.6194670405676937,0.25,0.294040803192,0.035530547190988984,1.0,nan,0.0
3,5309,0.9041975308641971,4.00646443433,0.7322603572174529,0.6900000000000001,4.80367494261,0.46092291516407136,0.6975,4.89249937074,0.33537653391519945,0.6950000000000001,4.12433975617,0.333630367537593,0.8444785865181481,4.54685945864,0.5896490958273155,0.7675000000000001,3.79963855967,0.26029377554718913,0.585,2.83787332352,0.24606560876255695,0.6950000000000001,1.96896202282,0.5659606677054332,0.0,nan,0.0
3,5385,0.9446913580246911,2.60009356149,0.8667288233901149,0.5875,1.96467969597,0.0914398710734122,0.6075,1.41094761649,0.051248569233215954,0.6000000000000001,1.45220774267,0.06603627510987027,0.9020933358939881,3.10554733387,0.8158528314365769,0.8425,4.55078810027,0.5936706267967768,0.5075000000000001,1.37635391665,0.0830876149130779,0.7625000000000001,1.75936094656,0.6930379545335342,0.0,nan,0.0
3,5562,0.9111111111111111,3.78761845177,0.7592122499718381,0.774999999999999,3.13357847743,0.824368744060902,0.8025,3.29882445106,0.8375752243404866,0.8200000000000001,2.77916931232,0.8386492402367237,0.256769733051661,1.41323674613e-09,1.820754279893425e-11,0.9575,1.32761634235,0.94314789218025,0.7575000000000001,2.46742888333,0.8070745106295546,0.6875,1.97769283022,0.5511587458589858,0.0,nan,0.0
3,5627,0.7688888888888881,2.80053799137,0.15791389670456976,0.5225000000000001,0.514569990025,0.01765899614136379,0.59,0.935421043442,0.03090921975509754,0.66,3.21205584409,0.20422217290943387,0.8681774534280771,4.10605516736,0.6927504478596054,0.59,0.119811376547,0.0035060998132614646,0.5675,2.514829363,0.19918943171926162,0.6675,1.98548430699,0.5114893037609205,1.0,nan,0.0
3,5729,0.826172839506172,4.53876044083,0.37221948293523843,0.5225000000000001,0.514569990025,0.01765899614136379,0.5,0.0474234675776,0.0010562359127276658,0.545,0.468520719347,0.016679279124296557,0.696216631457653,1.49577511465,0.0655668630357924,0.6375000000000001,0.451948607932,0.015665620761953734,0.41000000000000003,0.277999878689,0.011879289773596244,0.5,1.34668481079,0.21886442915282223,0.0,nan,0.0
3,7055,0.7412345679012341,1.8953564348,0.09328324794687567,0.47250000000000003,0.124371049765,0.003546864248953805,0.54,0.213500617683,0.0055747155303674505,0.5675,0.7796864003,0.03049933900789541,0.8713654695602071,4.02646394082,0.7057148338717623,0.6375000000000001,0.451948607932,0.015665620761953734,0.464999999999999,0.753026100894,0.038627276521541506,0.8075000000000001,1.51890923722,0.767014267701116,0.0,nan,0.0
3,7341,0.8864197530864191,4.47532980471,0.6566370568056696,0.6125,2.80989064849,0.15093178954782493,0.7000000000000001,4.96006207222,0.34769319876853344,0.754999999999999,4.38813368907,0.5990177017661504,0.8636835029767621,4.21099246568,0.6740589437404585,0.7675000000000001,3.79963855967,0.26029377554718913,0.6025,3.12380756632,0.29829839405931724,0.5,1.34668481079,0.21886442915282223,0.0,nan,0.0
3,7342,0.9061728395061721,3.94562988299,0.7401145166200302,0.545,0.873950044426,0.03301215453047808,0.5875,0.878123559009,0.028642831449497842,0.56,0.662664646106,0.025099194863406706,0.8137507201843671,4.62815339208,0.4471580742240603,0.847499999999999,4.47986882014,0.6162533298552035,0.52,1.59847171251,0.10166521975290732,0.59,1.81406161224,0.362320115759255,1.0,nan,0.0
3,7343,0.9619753086419751,2.0066771693,0.9064632557865075,0.6875,4.78642150021,0.44893438842742517,0.7075,5.133585484,0.3855726399685011,0.715,4.43299511636,0.41953428641522517,0.8559631265603991,4.36933048571,0.6409185510573923,0.9125000000000001,2.66693843903,0.8547625981519937,0.665,3.59249571864,0.5134708865359767,0.6325000000000001,1.94550283545,0.4425021605457634,0.0,nan,0.0
3,7588,0.958024691358024,2.13726992615,0.8982788564364925,0.6725,4.59467298611,0.37839189466256606,0.6950000000000001,4.82042420572,0.32323446263662714,0.6175,1.91972061394,0.0954462165902932,0.8559631265603991,4.36933048571,0.6409185510573923,0.8150000000000001,4.66308561632,0.46587231037928234,0.845,0.912688723233,0.9510397918613306,0.6025,1.86108923427,0.38529642076261983,1.0,nan,0.0
3,7599,0.9456790123456791,2.56490911873,0.8692794331993705,0.5625,1.25768061401,0.05152570250901772,0.6000000000000001,1.19106712567,0.0415060819560831,0.5675,0.7796864003,0.03049933900789541,0.8646437487996921,4.18931763453,0.6780921584674748,0.9500000000000001,1.51984770454,0.9324794508742387,0.5325,1.83311532536,0.1231017448797158,0.75,1.81421036346,0.6706966019090084,1.0,nan,0.0
3,7903,0.6716049382716051,0.482853096964,0.018297528551159518,0.6425000000000001,3.8355750644,0.2508920236952544,0.68,4.30665813607,0.2546222557438753,0.645,2.75014442689,0.1594879131532413,0.8857307470712501,3.62367015633,0.7607410550779221,0.64,0.480845667009,0.016831318262249984,0.5375,1.92950379045,0.13250782118536625,0.75,1.81421036346,0.6706966019090084,1.0,nan,0.0
3,8207,0.7046913580246911,0.985350269834,0.041816496362853776,0.7375,4.31656043406,0.6834360286589392,0.6975,4.89249937074,0.33537653391519945,0.6575000000000001,3.13628172913,0.19628659779904623,0.8859612060687531,3.61671872452,0.7615753617060858,0.7775000000000001,4.07118190502,0.2996774705829025,0.54,1.97807999332,0.1373922553222412,0.6625,1.98390409314,0.5015652471323648,0.0,nan,0.0
3,8290,0.8898765432098761,4.39680183094,0.6719735616827245,0.7825000000000001,2.86664607055,0.8468703223213864,0.77,4.60888744093,0.7082230780092766,0.8325,2.39108381971,0.870956856763799,0.783022853850585,4.13830702575,0.31114738528311775,0.8300000000000001,4.66175418632,0.5359908764938075,0.75,2.61047334314,0.7880301688899423,0.8925000000000001,0.99302899162,0.8738190628986507,0.0,nan,0.0
3,8961,0.835555555555555,4.69589612062,0.41558581826175267,0.6325000000000001,3.50793444855,0.21415453354713562,0.6625,3.58746532021,0.18542285030356145,0.6025,1.51490044982,0.0697448548402959,0.73309007105819,2.6158254979,0.1406140204395183,0.9075000000000001,2.83335922465,0.8410121356340035,0.5325,1.83311532536,0.1231017448797158,0.535,1.54647545887,0.26952667631055,0.0,nan,0.0
3,9191,0.28098765432098705,2.08770832244e-08,3.107506764093621e-10,0.605,2.54757847355,0.13084389347932207,0.685,4.49171017139,0.2766231895572841,0.63,2.28775861674,0.12171945094734672,0.8905319761859031,3.47637194224,0.777787532510146,0.6825,1.21841141155,0.05120605508815031,0.5925,2.96607878793,0.26783516932580814,0.5825,1.7829245432,0.34883011995463453,0.0,nan,0.0
3,9518,0.919012345679012,3.52042470962,0.7880936011425166,0.625,3.24972132856,0.18880852322115496,0.7000000000000001,4.96006207222,0.34769319876853344,0.725,4.50801429555,0.4642862788520232,0.8706740925676971,4.04406905249,0.7029249327143094,0.8500000000000001,4.4390494106,0.6274027049759339,0.675,3.56711241862,0.5492930339928115,0.75,1.81421036346,0.6706966019090084,1.0,nan,0.0
3,10630,0.7698765432098761,2.83476279635,0.16069675666433242,0.6675,4.4993454675,0.3556507408180578,0.7275,5.35445669928,0.49106995579809587,0.7225,4.49456337943,0.45303231033661084,0.6800845016324181,1.10442158821,0.04469079977608914,0.867499999999999,4.06379521235,0.702017591031125,0.7075,3.29556822237,0.6615541084270394,0.58,1.77209416715,0.34438630102789014,1.0,nan,0.0
3,10672,0.72395061728395,1.41704745468,0.06477587212860708,0.535,0.69653319824,0.025184347550638725,0.6075,1.41094761649,0.051248569233215954,0.6425000000000001,2.67239202197,0.15270975496870992,0.8137507201843671,4.62815339208,0.4471580742240603,0.9275,2.17902302945,0.8910767175723825,0.5,1.25058083804,0.07324041192365781,-0.25,0.00187082912572,0.00012698130378535892,0.0,nan,0.0
3,11039,0.0,2.17173325835e-18,2.1876478451444523e-20,0.7625000000000001,3.5682411864,0.7824604976729236,0.735,5.33951263126,0.5312062239804523,0.8425,2.08940810111,0.8933495268157587,0.7560975609756091,3.37216139601,0.20954737130482598,0.8125,4.6491736945,0.4542311537928038,0.72,3.12448151709,0.7017123891987744,0.715,1.93055170991,0.604991952143467,1.0,nan,0.0
3,11140,0.245432098765432,1.88994996991e-09,2.6537261932097644e-11,0.5775,1.66099911697,0.07333272618805788,0.6975,4.89249937074,0.33537653391519945,0.6325000000000001,2.3637582702,0.12753371710827496,0.865565584789706,4.16812082808,0.6819442812471517,0.7825000000000001,4.19240378897,0.320340896000994,0.55,2.17389208723,0.15815072393825563,0.5275000000000001,1.50471869912,0.2580841932156026,1.0,nan,0.0
3,11230,0.8301234567901231,4.61164480635,0.3902974698407725,0.6725,4.59467298611,0.37839189466256606,0.74,5.29962864868,0.5578139458551972,0.6950000000000001,4.12433975617,0.333630367537593,0.7756865757633951,3.9526534799,0.2814555189669783,0.8975000000000001,3.16533368141,0.8110150744448039,0.6125,3.26331947707,0.3302505659408096,0.6825,1.98175911816,0.5412595290576481,1.0,nan,0.0
3,11275,0.8740740740740741,4.69617890852,0.599922687255605,0.7875000000000001,2.68899889195,0.8607589733565647,0.8225,2.44273033716,0.8949058803283663,0.8775000000000001,1.17707741341,0.949730632697816,0.45938160169003206,0.000494166390946,9.463658014244442e-06,0.8775000000000001,3.79097261596,0.7413208644689109,0.8200000000000001,1.29186406113,0.9236417623859533,0.8250000000000001,1.41309411337,0.7926758190139418,1.0,nan,0.0
3,12534,0.895308641975308,4.26027616387,0.6954935829642638,0.6475000000000001,3.98894210699,0.2704567323095216,0.665,3.69479671606,0.19452587250796255,0.6525000000000001,2.98287418364,0.18098782795552681,0.8021893604762821,4.50544943884,0.3942819928029452,0.735,2.76136853945,0.15329194489019538,0.5625,2.41841873778,0.18685579836717117,0.6900000000000001,1.97513231969,0.5560998503753873,0.0,nan,0.0
3,14112,0.869135802469135,4.75613614922,0.5765766431117193,0.75,3.97028238499,0.7352985716872719,0.754999999999999,5.04348505049,0.6356341724980774,0.77,4.14503221591,0.6631541102369698,0.777222969080084,3.99327747541,0.2875596685245769,0.8174999999999991,4.67298534454,0.47754323808899607,0.705,3.32582238934,0.6532770774284544,0.715,1.93055170991,0.604991952143467,0.0,nan,0.0
3,15812,0.8222222222222221,4.45670566787,0.3544477376135571,0.5750000000000001,1.58922350696,0.06927031174161823,0.62,1.82967928171,0.07143643262455233,0.5675,0.7796864003,0.03049933900789541,0.7657384290378331,3.67047765718,0.24351180933645517,0.7125,2.03490976352,0.09944253826976422,0.5,1.25058083804,0.07324041192365781,0.5475,1.613996236,0.28928263292147166,1.0,nan,0.0
3,15877,0.741728395061728,1.91019238255,0.0942228871465739,0.47000000000000003,0.114850778818,0.003247974676401726,0.545,0.252536668404,0.006737512802465128,0.43999999999999906,0.0186514298635,0.00046360233155647517,0.9789130017284421,0.9269322582,0.9636122128627717,0.764999999999999,3.72660221863,0.25088559565161195,0.4325,0.43037830124,0.01975061254891007,0.375,0.686033958675,0.09394220636996006,1.0,nan,0.0
3,15878,0.8696296296296291,4.75090904374,0.578924068784787,0.6975,4.8290622608,0.4970705572744983,0.75,5.15062633116,0.610140256913807,0.7025,4.26311113295,0.365099401917898,0.769541002496639,3.78194994782,0.2576823029617016,0.8,4.52107127279,0.396817280988063,0.65,3.57599623377,0.45962528698373073,0.6925,1.97222161517,0.5610341156231544,0.0,nan,0.0
3,16373,0.6641975308641971,0.405644902246,0.015013680785269927,0.6925,4.81655601243,0.4729491191629066,0.6925,4.74406435787,0.311277983757826,0.65,2.90551388193,0.17362727504645797,0.880929517956596,3.76536715746,0.7430003557849636,0.7000000000000001,1.66754383802,0.07633802611287038,0.5975,3.04701223884,0.2828695314873375,0.6675,1.98548430699,0.5114893037609205,1.0,nan,0.0
3,17703,0.9827160493827161,1.38970961026,0.9414699402714682,0.635,3.59199555269,0.22302969984594662,0.605,1.33497745043,0.0478167175397998,0.76,4.31946395855,0.6207920950317383,0.9251008258114071,2.35069140125,0.8785915001463643,0.595,0.139620845212,0.004153584037752683,0.42750000000000005,0.391919650908,0.017696023601249902,0.0,0.0358804379823,0.003215349508803607,1.0,nan,0.0
3,17743,0.8755555555555551,4.67491244083,0.6068644202366027,0.6725,4.59467298611,0.37839189466256606,0.665,3.69479671606,0.19452587250796255,0.6825,3.84080541857,0.28378590211967347,0.8367966199347031,4.62279640998,0.5544056761712651,0.784999999999999,4.24885623396,0.33089307313491545,0.6625,3.59430212447,0.5044870091217865,0.5,1.34668481079,0.21886442915282223,0.0,nan,0.0
3,17938,0.908148148148148,3.88339176056,0.7478471066430576,0.3125,0.00015449897877,2.8585761375570883e-06,0.4375,0.00254951135694,4.60215027187434e-05,0.262499999999999,3.48362771143e-06,5.681462812050666e-08,0.9558671019781061,1.44830698373,0.936527791286295,0.7125,2.03490976352,0.09944253826976422,0.4575,0.666837771095,0.033307324773792,0.5,1.34668481079,0.21886442915282223,1.0,nan,0.0
3,17979,0.752592592592592,2.25079893329,0.11680222349581246,0.6525000000000001,4.1333868103,0.29076657188656435,0.7325,5.35051521774,0.5178424389916825,0.6825,3.84080541857,0.28378590211967347,0.87866333781448,3.82997735235,0.7343938517850588,0.6775,1.10564553187,0.045398877972775684,0.49,1.0928241208,0.06153323287073147,0.7125,1.93653013504,0.6001580312200319,1.0,nan,0.0
3,18166,0.997037037037037,1.04164347299,0.9587998531835176,0.5875,1.96467969597,0.0914398710734122,0.64,2.61558242721,0.11568617009585247,0.6625,3.28702485218,0.21234620613553468,0.8275398502016511,4.66560210247,0.5113735984346999,0.8825000000000001,3.64259818559,0.7599076644387313,0.5625,2.41841873778,0.18685579836717117,0.6125,1.89392883285,0.40407521854044914,0.0,nan,0.0
3,18246,0.9624691358024691,1.99060977185,0.907450237782091,0.784999999999999,2.77768402171,0.8539256935829569,0.7525000000000001,5.09964696063,0.6229541962557285,0.78,3.92664426163,0.703546066950037,0.9107355483003641,2.8207599839,0.8414629458209291,0.8725,3.93179945635,0.7220105191637523,0.77,2.22354934307,0.8363976619884004,0.774999999999999,1.69861854012,0.7146560627230888,1.0,nan,0.0
3,18248,0.8562962962962961,4.83013420914,0.5149064588733705,0.7475,4.04472296899,0.7252793301493938,0.8625,1.07890937743,0.9632737363123998,0.7725000000000001,4.09427318232,0.6734538039618816,0.9520261186863831,1.54934742997,0.9307720493617482,0.9075000000000001,2.83335922465,0.8410121356340035,0.8174999999999991,1.33382230855,0.9203597954052244,0.9175000000000001,0.847601638767,0.896805673936042,0.0,nan,0.0
3,18270,0.9501234567901231,2.40808755028,0.8803295508019007,0.6775,4.67485373227,0.40157221780869046,0.7425,5.27088122353,0.571028291542262,0.764999999999999,4.23817905784,0.6421913099490014,0.779181870558863,4.04377487883,0.29543180798122054,0.7925000000000001,4.39994397962,0.36334380750635037,0.6275000000000001,3.431696264,0.3805291237304565,0.645,1.96742085298,0.46696652262336624,1.0,nan,0.0
3,18297,0.853333333333333,4.83001810501,0.5005935225673693,0.745,4.11674635408,0.7150769712733115,0.745,5.23638533477,0.5841635610639937,0.7525000000000001,4.41753226008,0.5880099208759993,0.7647397733819851,3.64054999875,0.23986118842859722,0.8525,4.39479208985,0.6384457117603553,0.7275,3.00773758073,0.7247141909317443,0.75,1.81421036346,0.6706966019090084,0.0,nan,0.0
3,18311,0.838024691358024,4.7277829314,0.4272208337046901,0.382499999999999,0.00428015906492,9.368467045322941e-05,0.58,0.721565546516,0.022658165393679205,0.42000000000000004,0.00862469082987,0.0002025267560597823,0.814518916842711,4.63341029079,0.4507154489901302,0.8300000000000001,4.66175418632,0.5359908764938075,0.41750000000000004,0.323053328317,0.014129857487603315,0.75,1.81421036346,0.6706966019090084,1.0,nan,0.0
3,18312,0.7891358024691351,3.50023467438,0.2217287706992679,0.48250000000000004,0.169638873004,0.005006807541742387,0.6525000000000001,3.15274115115,0.15171806800710125,0.5275000000000001,0.301576942242,0.010026406925268738,0.9389667754945261,1.91986179556,0.9081623772087273,0.9025000000000001,2.99988546886,0.8264288262100608,0.48250000000000004,0.982489002198,0.05375520453538675,1.0,0.460139166729,0.9496743424595531,1.0,nan,0.0
3,18319,0.8538271604938271,4.83048721096,0.5029788399186745,0.485,0.182953136079,0.005447368062925397,0.48250000000000004,0.0224410480442,0.00046928287950695144,0.53,0.321931342148,0.010805566743791075,0.9348185135394661,2.04530403166,0.8999392557720896,0.7525000000000001,3.33865720927,0.20669320745740596,0.615,3.29497658596,0.3384487191376637,0.47750000000000004,1.21563582222,0.1900396221678578,0.0,nan,0.0
3,18392,0.655308641975308,0.326887670643,0.011768576847702697,0.5775,1.66099911697,0.07333272618805788,0.5975,1.1231444175,0.03861387766821067,0.595,1.3313095189,0.05908001159862027,0.812944113693105,4.622237093,0.44342733446186866,0.725,2.43151180511,0.12733314600772128,0.52,1.59847171251,0.10166521975290732,0.5775,1.76104828788,0.3399698287067554,1.0,nan,0.0
3,18476,0.8730864197530861,4.709524942,0.5952778401516285,0.7075,4.80076818429,0.5452788326677767,0.784999999999999,4.04428221654,0.7732491347206851,0.73,4.52409890629,0.4868725980856975,0.8598041098521221,4.29419524751,0.6575591592751597,0.8925000000000001,3.3284626273,0.7947793524322915,0.6875,3.49545318625,0.5934792978105732,0.75,1.81421036346,0.6706966019090084,1.0,nan,0.0
3,18739,0.7308641975308641,1.59845504096,0.07519194100023649,0.6925,4.81655601243,0.4729491191629066,0.745,5.23638533477,0.5841635610639937,0.754999999999999,4.38813368907,0.5990177017661504,0.869829076243518,4.06533075429,0.6994986251270634,0.847499999999999,4.47986882014,0.6162533298552035,0.5875,2.88144186225,0.2532149166335604,0.6875,1.97769283022,0.5511587458589858,0.0,nan,0.0
3,18763,0.955555555555555,2.22062461892,0.8928989993064622,0.29250000000000004,5.34605861414e-05,9.465953198233601e-07,0.5825,0.771240631847,0.024523658629004772,0.29250000000000004,1.95601502707e-05,3.388195013950519e-07,0.928596120606875,2.23921583653,0.8866125671435283,0.9575,1.32761634235,0.94314789218025,0.5,1.25058083804,0.07324041192365781,-0.25,0.00187082912572,0.00012698130378535892,1.0,nan,0.0
3,19718,0.8444444444444441,4.79106370163,0.4577905542527891,0.6925,4.81655601243,0.4729491191629066,0.9225000000000001,0.184520897058,0.9952734480007601,0.77,4.14503221591,0.6631541102369698,0.640868062223929,0.455194750303,0.01546214019891389,0.905,2.91668162013,0.833824575252755,0.635,3.49507572257,0.4065136884592221,0.875,1.09999825365,0.8555099656562011,0.0,nan,0.0
3,19745,0.6167901234567901,0.11790879759,0.003785509188419197,0.857499999999999,0.74654658144,0.9732728690711769,0.8925000000000001,0.483819506019,0.9858339330154322,0.857499999999999,1.66586017342,0.9214622300185276,0.6714038793931241,0.92432698542,0.03590100570707978,0.857499999999999,4.29641738319,0.6601790807851422,0.625,3.40736405853,0.37197997266439603,-0.25,0.00187082912572,0.00012698130378535892,1.0,nan,0.0
3,20639,0.972345679012345,1.68261640102,0.9255679546905364,0.4425,0.0453498013898,0.0011746130163526203,0.5275000000000001,0.137585935977,0.0034100304936254032,0.41500000000000004,0.00705673070032,0.00016344402464505347,0.864298060303437,4.19716859389,0.6766426010124866,0.81,4.6312862748,0.4426297551078905,0.3375,0.0516085049716,0.0017994106462277532,0.5825,1.7829245432,0.34883011995463453,1.0,nan,0.0
3,25302,0.925925925925925,3.27648300124,0.8115932003061899,0.48750000000000004,0.197150652115,0.005922309237545541,0.5125000000000001,0.0782605522786,0.0018275243826884448,0.5625,0.700133691035,0.026802376212916465,0.7191088918763201,2.16336374103,0.1072300139074783,0.725,2.43151180511,0.12733314600772128,0.39,0.182190277651,0.00733257203548774,0.5,1.34668481079,0.21886442915282223,0.0,nan,0.0
3,27972,0.779753086419753,3.17826842545,0.19039046453042097,0.7025,4.82378534554,0.5212100921505122,0.7525000000000001,5.09964696063,0.6229541962557285,0.7775000000000001,3.98495729518,0.6936560791781695,0.850240061455732,4.46697916634,0.6156247512464492,0.827499999999999,4.67209664324,0.5243227242859554,0.6675,3.5888666581,0.5224479687588811,0.6675,1.98548430699,0.5114893037609205,0.0,nan,0.0
3,28024,0.8562962962962961,4.83013420914,0.5149064588733705,0.899999999999999,0.242353519672,0.9927270444396303,1.0,0.00723743576762,0.9998607987881856,0.8500000000000001,1.87244957299,0.9082006260491131,0.658382946034184,0.694127311614,0.025415271091511944,1.0,0.535898054465,0.9809729519087339,1.0,0.0344048125362,0.9988470368068667,0.9175000000000001,0.847601638767,0.896805673936042,1.0,nan,0.0
3,28466,0.9456790123456791,2.56490911873,0.8692794331993705,0.68,4.70898299269,0.41330285923249555,0.665,3.69479671606,0.19452587250796255,0.68,3.77737084099,0.27426276481665696,0.7730362972921061,3.88058390349,0.2710748459978146,0.9575,1.32761634235,0.94314789218025,0.5875,2.88144186225,0.2532149166335604,0.61,1.88613856132,0.39935007479944806,1.0,nan,0.0
3,28484,0.9358024691358021,2.9201881671,0.8421977279309041,0.625,3.24972132856,0.18880852322115496,0.6375000000000001,2.51118488464,0.10927799618961243,0.5675,0.7796864003,0.03049933900789541,0.8394468984059921,4.60065531286,0.5666289905220157,0.8600000000000001,4.24254510481,0.6708534122560675,0.61,3.23032637414,0.3221332351245232,0.605,1.8697136738,0.389959980716367,1.0,nan,0.0
3,28512,0.9906172839506171,1.18940072246,0.9516456866647652,0.6775,4.67485373227,0.40157221780869046,0.764999999999999,4.77088310561,0.6847671732402799,0.725,4.50801429555,0.4642862788520232,0.814518916842711,4.63341029079,0.4507154489901302,0.7525000000000001,3.33865720927,0.20669320745740596,0.635,3.49507572257,0.4065136884592221,0.827499999999999,1.39765359169,0.7961892669866915,0.0,nan,0.0
3,28570,0.7214814814814811,1.35560931714,0.061353205874965996,0.5,0.28295988411,0.008895871099256112,0.4625,0.00892458511164,0.0001743841764959841,0.47500000000000003,0.0637469071627,0.0017640506683178278,0.957787593623967,1.39924298045,0.9392619817002834,0.6375000000000001,0.451948607932,0.015665620761953734,0.4325,0.43037830124,0.01975061254891007,0.7225,1.91066352538,0.6193983240579941,0.0,nan,0.0
3,28894,0.7851851851851851,3.36580037418,0.20816554277334492,0.62,3.07434997863,0.1729976594264933,0.6475000000000001,2.93566326319,0.1364978016113243,0.67,3.50568857626,0.23782540021528964,0.9097753024774341,2.85249539742,0.8387390859363408,0.705,1.81032649844,0.0850302392991085,0.459999999999999,0.694761095372,0.03500915612539951,0.5,1.34668481079,0.21886442915282223,1.0,nan,0.0
3,29183,0.84,4.75031025855,0.43658235426990444,0.635,3.59199555269,0.22302969984594662,0.6900000000000001,4.66365848245,0.29951751280465355,0.6475000000000001,2.82789396368,0.16646047481196968,0.8598041098521221,4.29419524751,0.6575591592751597,0.8225,4.68065385522,0.5009340926049634,0.5825,2.79354632745,0.23902618207144607,0.5825,1.7829245432,0.34883011995463453,1.0,nan,0.0
3,29184,0.8222222222222221,4.45670566787,0.3544477376135571,0.5700000000000001,1.45102793209,0.06167270711100521,0.62,1.82967928171,0.07143643262455233,0.5725,0.865521502445,0.03460971340230656,0.8626848473209141,4.23308757051,0.669842541345169,0.774999999999999,4.0067038947,0.28957960224441714,0.449999999999999,0.587844839556,0.0286067147121968,0.5375,1.56020417894,0.2734100472276524,1.0,nan,0.0
3,29229,0.8493827160493821,4.81981106123,0.4815283607500149,0.34750000000000003,0.000877564341507,1.760631816087918e-05,0.36750000000000005,4.22793055381e-05,6.281509075547401e-07,0.34750000000000003,0.000346454346499,6.769966147206745e-06,0.846360668331092,4.52286865707,0.5981844059741119,0.7725000000000001,3.93984953977,0.279645931496905,0.3075,0.0227458361768,0.0007363164149396396,0.4375,0.990516288053,0.14596999123881163,0.0,nan,0.0
3,29338,0.602962962962962,0.0790639838286,0.0024395488374646256,0.6525000000000001,4.1333868103,0.29076657188656435,0.7000000000000001,4.96006207222,0.34769319876853344,0.6900000000000001,4.01816779731,0.3132698005880506,0.9519877088534661,1.55037708681,0.9307125194125629,0.615,0.249629455632,0.007955819462149369,0.62,3.35410312015,0.35507379335624756,-0.25,0.00187082912572,0.00012698130378535892,1.0,nan,0.0
3,29381,0.5051851851851851,0.00271230374325,6.424705751765262e-05,0.595,2.20780637884,0.10707933971081915,0.625,2.01420389087,0.08104235301827531,0.67,3.50568857626,0.23782540021528964,0.7350105627040521,2.67932782537,0.14569864057483062,0.66,0.766925724314,0.02913998645802933,0.55,2.17389208723,0.15815072393825563,0.5325,1.53264737689,0.2656777527338947,1.0,nan,0.0
3,29764,0.829629629629629,4.60305497056,0.3880222290982551,0.68,4.70898299269,0.41330285923249555,0.7425,5.27088122353,0.571028291542262,0.7225,4.49456337943,0.45303231033661084,0.8482811599769541,4.49627099015,0.6068453363603483,0.774999999999999,4.0067038947,0.28957960224441714,0.5875,2.88144186225,0.2532149166335604,0.6000000000000001,1.85219712637,0.380654757605308,1.0,nan,0.0
3,30094,0.8212345679012341,4.43482831664,0.3500568129315077,0.62,3.07434997863,0.1729976594264933,0.675,4.11067322147,0.23357483243343646,0.5625,0.700133691035,0.026802376212916465,0.91937776070674,2.53625197337,0.8646089080952979,0.63,0.373472074558,0.012577797404271836,0.5825,2.79354632745,0.23902618207144607,0.625,1.92846730355,0.427972994417363,0.0,nan,0.0
3,31557,0.8627160493827161,4.80817526043,0.5458604741059946,0.5575,1.13836033744,0.04553882530830083,0.725,5.34738253011,0.47769140250465025,0.7925000000000001,3.6037478265,0.7506613073844395,0.7937776070674091,4.36753654688,0.3569360674819927,0.9275,2.17902302945,0.8910767175723825,0.5825,2.79354632745,0.23902618207144607,1.0,0.460139166729,0.9496743424595531,1.0,nan,0.0
3,32060,0.9476543209876541,2.49488371813,0.8742766801024644,0.65,4.06236967151,0.28052135565220737,0.65,3.04397873446,0.14397223732013775,0.55,0.527589265792,0.019167290153133863,0.8214326867678121,4.66396389189,0.4828728594157181,1.0,0.535898054465,0.9809729519087339,0.5625,2.41841873778,0.18685579836717117,0.75,1.81421036346,0.6706966019090084,1.0,nan,0.0
3,38608,0.802469135802469,3.93136566829,0.27132004214595057,0.74,4.25283580566,0.6941484028128839,0.7275,5.35445669928,0.49106995579809587,0.67,3.50568857626,0.23782540021528964,0.9289802189360471,2.2270682732,0.8874703125871264,0.7875000000000001,4.30235064972,0.3415827119810898,0.764999999999999,2.3215970482,0.8250346377986184,0.75,1.81421036346,0.6706966019090084,0.0,nan,0.0
3,38649,0.811851851851851,4.20222005958,0.3095036981950833,0.7525000000000001,3.89360565003,0.7451288785370784,0.7925000000000001,3.73127163134,0.8024163449157897,0.78,3.92664426163,0.703546066950037,0.8565776838870751,4.35781170424,0.6436002256272384,0.7575000000000001,3.49772907913,0.22378597077340862,0.867499999999999,0.639372689333,0.9683773635139752,0.8225,1.42846723089,0.7891238525886495,0.0,nan,0.0
3,39144,0.6666666666666661,0.430148447079,0.016045277902306653,0.5575,1.13836033744,0.04553882530830083,0.6425000000000001,2.72125726149,0.12235697306247209,0.63,2.28775861674,0.12171945094734672,0.9097753024774341,2.85249539742,0.8387390859363408,0.655,0.68576223279,0.025511066397996204,0.5,1.25058083804,0.07324041192365781,0.6675,1.98548430699,0.5114893037609205,0.0,nan,0.0
3,39247,0.9037037037037031,4.02144232931,0.7302781541248342,0.65,4.06236967151,0.28052135565220737,0.5750000000000001,0.629484924906,0.019284514083303245,0.5525,0.559194132345,0.020525476176753862,0.8508162089494911,4.45795482674,0.6181957992767041,0.847499999999999,4.47986882014,0.6162533298552035,0.595,3.0070358981,0.275301761334807,0.5175000000000001,1.44794775885,0.24331995669515422,0.0,nan,0.0
3,39495,0.87358024691358,4.70293557669,0.5976019113768147,0.7225,4.62863507523,0.6161878441668254,0.764999999999999,4.77088310561,0.6847671732402799,0.6900000000000001,4.01816779731,0.3132698005880506,0.8521605531015941,4.43618534654,0.624174303177443,0.75,3.25766667684,0.19844762880767453,0.5525,2.22298583958,0.16364682491121868,0.66,1.98258798142,0.49660705918200276,1.0,nan,0.0
3,39581,0.8029629629629621,3.94641579997,0.2732651766320792,0.6175,2.98621787727,0.16542191691461225,0.735,5.33951263126,0.5312062239804523,0.6675,3.43398326501,0.22915053932051183,0.8943729594776261,3.35526652322,0.7909084577711476,0.9575,1.32761634235,0.94314789218025,0.47000000000000003,0.814534577428,0.04254482394490545,-0.25,0.00187082912572,0.00012698130378535892,1.0,nan,0.0
3,40799,0.96395061728395,1.94276744241,0.9103637832456559,0.68,4.70898299269,0.41330285923249555,0.735,5.33951263126,0.5312062239804523,0.6225,2.06418288387,0.10540426002815523,0.8536969464182831,4.41010087767,0.630970153845186,0.9550000000000001,1.38999038446,0.9397512438194735,0.5725,2.60978688087,0.2120016706048244,0.75,1.81421036346,0.6706966019090084,1.0,nan,0.0
3,40956,0.6474074074074071,0.268162252476,0.009424289358579124,0.625,3.24972132856,0.18880852322115496,0.7825000000000001,4.14499630591,0.7630120913413033,0.72,4.47754762081,0.4418164328926286,0.988937968119838,0.746602366022,0.9719775701004087,0.595,0.139620845212,0.004153584037752683,0.6575000000000001,3.59243884062,0.48651711457323565,-0.25,0.00187082912572,0.00012698130378535892,1.0,nan,0.0
3,41042,0.8207407407407401,4.42369176224,0.34786951863700166,0.34750000000000003,0.000877564341507,1.760631816087918e-05,0.5425,0.23232987176,0.006131724123667738,0.444999999999999,0.0224415328792,0.0005660695249071427,0.9097753024774341,2.85249539742,0.8387390859363408,0.8325,4.64740148021,0.547628153052576,0.515,1.50790365056,0.09390017387090863,-0.25,0.00187082912572,0.00012698130378535892,1.0,nan,0.0
3,41069,0.810864197530864,4.17534238319,0.3053665958455698,0.8525,0.837753954881,0.9693153027491472,0.827499999999999,2.2405872664,0.9066112940112119,0.845,2.01605858961,0.8984811596151576,0.6005377376608411,0.146875746258,0.0042675413965710726,0.81,4.6312862748,0.4426297551078905,0.8025,1.59870396144,0.898392464265805,0.7725000000000001,1.71120121268,0.7103937448109425,0.0,nan,0.0
3,41615,0.544691358024691,0.0119470460614,0.0003136814669490457,0.7425,4.18617503991,0.7046977607472893,0.919999999999999,0.201194812948,0.9947915587291324,0.847499999999999,1.94371284433,0.9034306563847478,0.820741309775302,4.66227530431,0.47964886822960995,0.8775000000000001,3.79097261596,0.7413208644689109,0.81,1.46360038633,0.9098730101834945,0.9675,0.593928434988,0.9326139540179739,1.0,nan,0.0
3,41703,0.7925925925925921,3.6158691389,0.23402882436263314,0.735,4.37718642336,0.6725681830199629,0.6925,4.74406435787,0.311277983757826,0.7875000000000001,3.73863176514,0.7323024850856119,0.7849433454964471,4.18321523007,0.3191383523750579,0.77,3.87077478002,0.26988220496639,0.685,3.51323655267,0.5847180835579469,0.6975,1.96535506216,0.5708786362577565,1.0,nan,0.0
3,41708,0.6498765432098761,0.285457662175,0.010107580312262516,0.645,3.9132833071,0.26057850455233555,0.6725,4.00927412632,0.22342447357210893,0.735,4.52564276044,0.5095030255195896,0.784904935663529,4.18233309175,0.3189776927162834,0.665,0.854907987484,0.03319169094408619,0.51,1.41959379068,0.08658241805479606,0.6775,1.98441433534,0.5313435066545216,1.0,nan,0.0
3,41851,0.8898765432098761,4.39680183094,0.6719735616827245,0.6000000000000001,2.37583590964,0.11853670020969193,0.6425000000000001,2.72125726149,0.12235697306247209,0.635,2.44033000955,0.13353871916890842,0.9193393508738231,2.53750755153,0.8645114669678577,0.65,0.611202953665,0.022271354878048655,0.3275,0.0395880091925,0.0013457810126661228,-0.25,0.00187082912572,0.00012698130378535892,1.0,nan,0.0
3,43759,0.7056790123456791,1.00484989393,0.04279928815227021,0.8174999999999991,1.69539063627,0.9260991111740617,0.8625,1.07890937743,0.9632737363123998,0.75,4.44354497294,0.5769328622306069,0.934741693873631,2.04765783845,0.8997820457974048,0.6975,1.59842673683,0.07225588835244766,0.7675000000000001,2.27262065096,0.8307774351132815,0.75,1.81421036346,0.6706966019090084,1.0,nan,0.0
3,44059,0.9565432098765431,2.18713177502,0.8950756529446611,0.5125000000000001,0.397784041395,0.01311716927463703,0.6575000000000001,3.37066475658,0.16802663060609935,0.605,1.57903950204,0.07361198279115873,0.9020933358939881,3.10554733387,0.8158528314365769,0.8225,4.68065385522,0.5009340926049634,0.5325,1.83311532536,0.1231017448797158,-0.25,0.00187082912572,0.00012698130378535892,0.0,nan,0.0
3,44938,0.834567901234567,4.68200164295,0.4109547045748587,0.6075,2.63452717525,0.13732139911441035,0.75,5.15062633116,0.610140256913807,0.6425000000000001,2.67239202197,0.15270975496870992,0.7176877280583821,2.11880844472,0.10418721917639234,0.9275,2.17902302945,0.8910767175723825,0.464999999999999,0.753026100894,0.038627276521541506,0.8125,1.48914986042,0.7745345962627257,1.0,nan,0.0
3,50703,0.8562962962962961,4.83013420914,0.5149064588733705,0.7125,4.76025099322,0.5691885965257679,0.7325,5.35051521774,0.5178424389916825,0.7000000000000001,4.21973292121,0.35449522897602154,0.735394661033224,2.69204813687,0.14673020865781874,0.74,2.92774653115,0.16751471313094943,0.645,3.55603367079,0.4417922397473548,0.675,1.98521181954,0.5263814003075158,0.0,nan,0.0
3,50830,0.8967901234567901,4.22044904905,0.7017757325537679,0.5650000000000001,1.32023186099,0.05474769398010575,0.655,3.26171723477,0.15973612138055107,0.66,3.21205584409,0.20422217290943387,0.8275398502016511,4.66560210247,0.5113735984346999,0.81,4.6312862748,0.4426297551078905,0.5725,2.60978688087,0.2120016706048244,0.6375000000000001,1.9552580041,0.45225460445230303,0.0,nan,0.0
3,50921,0.9397530864197531,2.77735855162,0.853451969227029,0.5925,2.12547249568,0.10166299318825395,0.64,2.61558242721,0.11568617009585247,0.68,3.77737084099,0.27426276481665696,0.8290762435183401,4.66225871799,0.5185394229001157,0.7025,1.73819631817,0.08059488720149263,0.5975,3.04701223884,0.2828695314873375,0.8325,1.36659713298,0.8030999838530004,0.0,nan,0.0
3,51734,0.8503703703703701,4.82343578335,0.4862905166478385,0.6000000000000001,2.37583590964,0.11853670020969193,0.6825,4.4006881041,0.2655070368028038,0.7225,4.49456337943,0.45303231033661084,0.9270213174572691,2.28923971889,0.8830468994446538,0.7275,2.51328125616,0.13351401029682647,0.56,2.3698063382,0.18087046993177858,0.56,1.67822127653,0.30986285079748976,0.0,nan,0.0
3,52992,0.928395061728395,3.187918498,0.8195740564606004,0.75,3.97028238499,0.7352985716872719,0.71,5.18107878801,0.3984670896992212,0.705,4.30347439537,0.3758082720078587,0.748454004225081,3.12445054448,0.1847141666134423,0.8225,4.68065385522,0.5009340926049634,0.6725,3.57616536534,0.5403635635353206,0.6725,1.98565580227,0.5214177421474032,0.0,nan,0.0
3,54491,0.952098765432098,2.3393221028,0.8850182458767595,0.77,3.30987109698,0.8082591760119704,0.7775000000000001,4.33931568566,0.7417970526506105,0.7975000000000001,3.4625331056,0.7683294110384011,0.8689456500864221,4.08725242153,0.6958974992202662,0.9025000000000001,2.99988546886,0.8264288262100608,0.9450000000000001,0.137308228569,0.994676885252737,0.705,1.95246833459,0.5855724012136203,0.0,nan,0.0
3,54885,0.9525925925925921,2.32223251313,0.8861692452800309,0.585,1.88640377373,0.08662632599020717,0.68,4.30665813607,0.2546222557438753,0.55,0.527589265792,0.019167290153133863,0.945265988092951,1.73619988956,0.9196729737254732,0.8500000000000001,4.4390494106,0.6274027049759339,0.5625,2.41841873778,0.18685579836717117,0.625,1.92846730355,0.427972994417363,1.0,nan,0.0
3,56634,0.8646913580246911,4.79533697759,0.5553458924427628,0.8525,0.837753954881,0.9693153027491472,0.8300000000000001,2.14225524357,0.9120894419839953,0.845,2.01605858961,0.8984811596151576,0.429652391012099,0.000106070990776,1.8949748501230202e-06,0.9400000000000001,1.79887857367,0.9159064276870748,0.7575000000000001,2.46742888333,0.8070745106295546,0.764999999999999,1.7476593562,0.6974217784233061,0.0,nan,0.0
3,56758,0.7827160493827161,3.28085339756,0.19995967620365573,0.7725000000000001,3.22200799339,0.8164241615926016,0.77,4.60888744093,0.7082230780092766,0.8225,2.70117419594,0.8454996681774481,0.73808334933743,2.78121600097,0.15408811820435092,0.68,1.16113885694,0.04823198699429949,0.745,2.70354556439,0.7747442326953018,0.8125,1.48914986042,0.7745345962627257,0.0,nan,0.0
3,56917,0.829629629629629,4.60305497056,0.3880222290982551,0.72,4.66766147249,0.6045666463066313,0.73,5.35550214882,0.5044586615019698,0.77,4.14503221591,0.6631541102369698,0.869444977914346,4.07490077578,0.6979352985586345,0.8300000000000001,4.66175418632,0.5359908764938075,0.6575000000000001,3.59243884062,0.48651711457323565,0.7325,1.87972633501,0.6383543946242329,1.0,nan,0.0
3,56975,0.776296296296296,3.05805995973,0.17961152122396018,0.68,4.70898299269,0.41330285923249555,0.6975,4.89249937074,0.33537653391519945,0.7325,4.5266928869,0.49818684665183627,0.9289802189360471,2.2270682732,0.8874703125871264,0.8,4.52107127279,0.396817280988063,0.7175,3.16118238718,0.6938550660942244,0.6000000000000001,1.85219712637,0.380654757605308,1.0,nan,0.0
3,67160,0.88,4.60233205793,0.627485334375718,0.8150000000000001,1.77076020536,0.9217667743258873,0.774999999999999,4.43236626528,0.7308318317606961,0.8500000000000001,1.87244957299,0.9082006260491131,0.830036489341271,4.65940452699,0.5230150140030438,0.8625,4.18572410389,0.6813893488754592,0.76,2.41905480891,0.8131826739547082,0.68,1.98326335937,0.5363031774017147,0.0,nan,0.0
3,67299,0.7091358024691351,1.0753208698,0.04639364586687759,0.6775,4.67485373227,0.40157221780869046,0.6775,4.20989416884,0.24397602454168638,0.6825,3.84080541857,0.28378590211967347,0.9328212022277701,2.10684536929,0.8957928056455674,0.545,0.0263633179644,0.0006732250991360945,0.6625,3.59430212447,0.5044870091217865,0.5,1.34668481079,0.21886442915282223,1.0,nan,0.0
3,67423,0.652839506172839,0.307462551445,0.010985636481590408,0.6375000000000001,3.67474611394,0.2321134192165034,0.705,5.08080046739,0.3728035724918157,0.6875,3.96133513735,0.30329492296019556,0.9385442673324371,1.93248365499,0.9073485547880493,0.6825,1.21841141155,0.05120605508815031,0.6775,3.5562753393,0.5581976387767642,0.59,1.81406161224,0.362320115759255,0.0,nan,0.0
3,67905,0.8,3.85496789222,0.2617069002161168,0.764999999999999,3.48317224259,0.7912750164602589,0.7975000000000001,3.51630709563,0.8205367822450856,0.8,3.38990736957,0.7768952171437365,0.786863837142308,4.22646707044,0.32721398470301155,0.845,4.51714676107,0.6050063123332012,0.75,2.61047334314,0.7880301688899423,0.6675,1.98548430699,0.5114893037609205,1.0,nan,0.0
3,68565,0.8958024691358021,4.24711851223,0.6975941791479227,0.6950000000000001,4.82502696791,0.4850020197920549,0.7175,5.29032885741,0.437766639846517,0.7575000000000001,4.3554186279,0.6099478253707267,0.8021893604762821,4.50544943884,0.3942819928029452,0.857499999999999,4.29641738319,0.6601790807851422,0.665,3.59249571864,0.5134708865359767,0.5775,1.76104828788,0.3399698287067554,1.0,nan,0.0
3,68688,0.883456790123456,4.5370896992,0.6432840253829594,0.685,4.76484543575,0.43699441017516716,0.78,4.24343362835,0.7525260505244606,0.8025,3.31612668133,0.7852779854336758,0.8899942385250621,3.49311219649,0.7759136529177402,0.8075000000000001,4.60947035028,0.4310779964532425,0.62,3.35410312015,0.35507379335624756,0.79,1.61906688652,0.7395469934598717,0.0,nan,0.0
3,69217,0.9125925925925921,3.73873538762,0.7647874045669507,0.7000000000000001,4.82864866465,0.5091436233440974,0.7675000000000001,4.6918288677,0.6965963989301577,0.74,4.51262731438,0.5321047523688873,0.777222969080084,3.99327747541,0.2875596685245769,0.72,2.27009527972,0.11558043497613789,0.6425000000000001,3.54339360909,0.43291758941432945,0.7675000000000001,1.73572801361,0.7017760598517112,0.0,nan,0.0
3,69292,0.75358024691358,2.28298637147,0.11904111479991086,0.74,4.25283580566,0.6941484028128839,0.76,4.91635973894,0.660541787644877,0.8150000000000001,2.93486081198,0.824363855454938,0.751603610524294,3.22737977993,0.1947173112183746,0.74,2.92774653115,0.16751471313094943,0.7875000000000001,1.88156515887,0.8723084150829904,0.75,1.81421036346,0.6706966019090084,0.0,nan,0.0
3,70225,0.795555555555555,3.71310380113,0.24488703436141118,0.58,1.73449434358,0.07757674053993768,0.5925,0.995338954116,0.03332212054448954,0.64,2.59475994029,0.1461258526670731,0.9116573842903781,2.79029771097,0.8440491827259345,0.804999999999999,4.58378300362,0.419585629815025,0.5375,1.92950379045,0.13250782118536625,-0.25,0.00187082912572,0.00012698130378535892,1.0,nan,0.0
3,70358,0.8291358024691351,4.59431426352,0.38575126754421263,0.47500000000000003,0.134571085347,0.0038703963601605766,0.5425,0.23232987176,0.006131724123667738,0.48,0.0750320567199,0.002110322800125199,0.9552525446514301,1.46421447975,0.9356328406923247,0.75,3.25766667684,0.19844762880767453,0.545,2.07577710153,0.14752664577368116,0.5325,1.53264737689,0.2656777527338947,1.0,nan,0.0
3,70659,0.7832098765432091,3.29788851498,0.20158405777807759,0.6025,2.46130432777,0.1245829444322126,0.6950000000000001,4.82042420572,0.32323446263662714,0.685,3.90217114032,0.29346506778574144,0.90497407336278,3.01095045408,0.8246629688515549,0.5650000000000001,0.0532502973563,0.0014411456399786534,0.55,2.17389208723,0.15815072393825563,0.5275000000000001,1.50471869912,0.2580841932156026,1.0,nan,0.0
3,70707,0.8493827160493821,4.81981106123,0.4815283607500149,0.6675,4.4993454675,0.3556507408180578,0.67,3.90597624499,0.2135300441033473,0.7525000000000001,4.41753226008,0.5880099208759993,0.853082389091607,4.42068748268,0.6282566306205777,0.8825000000000001,3.64259818559,0.7599076644387313,0.6425000000000001,3.54339360909,0.43291758941432945,0.7225,1.91066352538,0.6193983240579941,1.0,nan,0.0
3,70749,0.8661728395061721,4.78384853717,0.562441781478914,0.36,0.00157271154718,3.2524456350124135e-05,0.39,0.000173605606866,2.735300789107083e-06,0.39,0.00246919358219,5.3526047741854844e-05,0.8905703860188201,3.47517404962,0.77792103637109,0.6575000000000001,0.725504005712,0.02727480205103603,0.365,0.102702070372,0.0038514390955185006,0.65,1.97384908339,0.47682026335511896,0.0,nan,0.0
3,70793,0.808395061728395,4.10636546026,0.2951417521948585,0.545,0.873950044426,0.03301215453047808,0.66,3.4793333372,0.17658921291481983,0.59,1.21659075642,0.05271287649266619,0.8893028615325521,3.51455058068,0.7734911789300447,0.6125,0.232775985395,0.007353018690541767,0.5275000000000001,1.73802056975,0.1141745103739856,0.392499999999999,0.764081922713,0.10662204428976278,0.0,nan,0.0
3,70852,0.799012345679012,3.82390128546,0.25791484316860736,0.6900000000000001,4.80367494261,0.46092291516407136,0.6975,4.89249937074,0.33537653391519945,0.705,4.30347439537,0.3758082720078587,0.90013443441521,3.16952298285,0.809706655014335,0.6975,1.59842673683,0.07225588835244766,0.595,3.0070358981,0.275301761334807,0.5925,1.82396932108,0.3668677049536859,0.0,nan,0.0
3,72086,0.515061728395061,0.00399245414687,9.697992366462725e-05,0.5650000000000001,1.32023186099,0.05474769398010575,0.585,0.823410751221,0.02651644788955773,0.545,0.468520719347,0.016679279124296557,0.8713654695602071,4.02646394082,0.7057148338717623,0.847499999999999,4.47986882014,0.6162533298552035,0.41750000000000004,0.323053328317,0.014129857487603315,0.40750000000000003,0.835630006143,0.1186146453803952,0.0,nan,0.0
3,74604,0.789629629629629,3.51688093769,0.22346139345106347,0.8300000000000001,1.34539551631,0.9450559036981101,0.9125000000000001,0.259061188248,0.9930732853463866,0.827499999999999,2.54551321551,0.8586160684200859,0.8229690800845011,4.66662280894,0.4900407781590326,0.804999999999999,4.58378300362,0.419585629815025,0.9075000000000001,0.307016498166,0.9866939279652035,0.794999999999999,1.59116627123,0.7475728380232787,0.0,nan,0.0
3,74635,0.769382716049382,2.81764336687,0.1593011013764434,0.5575,1.13836033744,0.04553882530830083,0.5375,0.195977747664,0.0050631324260847,0.675,3.64484001467,0.25570424563229827,0.8252736700595351,4.66777945507,0.5007974159947173,0.605,0.18785688328,0.005780740088518928,0.655,3.58877204738,0.4775402217577047,0.382499999999999,0.718754020653,0.09920947327327428,0.0,nan,0.0
3,74688,0.580246913580246,0.0394068568545,0.0011404386102392278,0.7000000000000001,4.82864866465,0.5091436233440974,0.774999999999999,4.43236626528,0.7308318317606961,0.75,4.44354497294,0.5769328622306069,0.8560015363933161,4.36861628004,0.6410863625974945,0.5,0.00456017229948,0.00010339097314374248,0.625,3.40736405853,0.37197997266439603,0.75,1.81421036346,0.6706966019090084,1.0,nan,0.0
3,74696,0.892839506172839,4.32423883169,0.6848947821126319,0.7125,4.76025099322,0.5691885965257679,0.6975,4.89249937074,0.33537653391519945,0.7175,4.45700832657,0.4306475087432545,0.8636450931438441,4.2118507525,0.673897183737949,0.7825000000000001,4.19240378897,0.320340896000994,0.6950000000000001,3.43216443989,0.6194670405676937,0.6675,1.98548430699,0.5114893037609205,1.0,nan,0.0
3,76409,0.885432098765432,4.49649943244,0.6522064764805268,0.51,0.372209379386,0.012154964473254114,0.5775,0.674332741996,0.020913795536339447,0.5325,0.343387502486,0.011636981773623559,0.9366621855194931,1.98914140409,0.9036582548483405,0.7175,2.19067213011,0.11000467271142286,0.52,1.59847171251,0.10166521975290732,0.25,0.294040803192,0.035530547190988984,0.0,nan,0.0
3,76496,0.8044444444444441,3.99108058147,0.2791448948834283,0.9175000000000001,0.141513966959,0.9960189194653379,0.835,1.95174186898,0.9223208828235103,0.8975000000000001,0.789784309047,0.969226025395457,0.660072978682542,0.72136356762,0.02661127540390343,0.9325000000000001,2.02329868812,0.9015806772691632,0.804999999999999,1.55312403514,0.9023321408721094,0.889999999999999,1.0080937738,0.8713176764442014,0.0,nan,0.0
3,78211,0.8740740740740741,4.69617890852,0.599922687255605,0.81,1.92638724946,0.9125265392386144,0.8300000000000001,2.14225524357,0.9120894419839953,0.8600000000000001,1.59960506599,0.9255437762362375,0.525676973305166,0.010009226693,0.00022838695960037314,0.794999999999999,4.44379895114,0.37439919259541005,0.827499999999999,1.17018574966,0.9328704281738168,0.8025,1.54820691454,0.7593462733815093,1.0,nan,0.0
3,79262,0.897283950617283,4.20694002147,0.7038565740950604,0.7275,4.53894773041,0.6391131373755106,0.7575000000000001,4.9823234603,0.6481674546998528,0.8150000000000001,2.93486081198,0.824363855454938,0.786863837142308,4.22646707044,0.32721398470301155,0.8400000000000001,4.58070653742,0.5822554745060562,0.827499999999999,1.17018574966,0.9328704281738168,0.66,1.98258798142,0.49660705918200276,1.0,nan,0.0
3,79313,0.7886419753086421,3.48354993897,0.22000437788327193,0.515,0.42476017028,0.014145052582702575,0.6175,1.74091834438,0.06697368710172456,0.56,0.662664646106,0.025099194863406706,0.9217591703476091,2.45864735674,0.8705562609893278,0.764999999999999,3.72660221863,0.25088559565161195,0.41250000000000003,0.29241898241,0.012592191233137654,0.7000000000000001,1.96140246467,0.575787154979701,1.0,nan,0.0
3,79388,0.8069135802469131,4.06381439046,0.28908966274583253,0.7325,4.43455768283,0.6615528090139211,0.77,4.60888744093,0.7082230780092766,0.75,4.44354497294,0.5769328622306069,0.9097753024774341,2.85249539742,0.8387390859363408,0.725,2.43151180511,0.12733314600772128,0.715,3.19669051833,0.6859074712465489,0.7925000000000001,1.60519507981,0.743577354343423,0.0,nan,0.0
3,80513,0.8207407407407401,4.42369176224,0.34786951863700166,0.7075,4.80076818429,0.5452788326677767,0.7825000000000001,4.14499630591,0.7630120913413033,0.76,4.31946395855,0.6207920950317383,0.8483195698098711,4.49571748842,0.6070180267505627,0.8250000000000001,4.67840196845,0.5126337578479532,0.5975,3.04701223884,0.2828695314873375,0.76,1.77082661623,0.6886251702938746,1.0,nan,0.0
3,80619,0.9777777777777771,1.52505838437,0.9342761395891199,0.7775000000000001,3.04476000506,0.8320917299573785,0.77,4.60888744093,0.7082230780092766,0.8250000000000001,2.62324818651,0.8521551689091493,0.869406568081428,4.07585450123,0.697778763982549,0.8150000000000001,4.66308561632,0.46587231037928234,0.6975,3.40785989157,0.6280173969326179,0.7625000000000001,1.75936094656,0.6930379545335342,1.0,nan,0.0
3,80759,0.6167901234567901,0.11790879759,0.003785509188419197,0.6675,4.4993454675,0.3556507408180578,0.6675,3.80105821227,0.20389594241909725,0.7825000000000001,3.8660640292,0.7132874110556431,0.854042634914538,4.40405708351,0.6324936321870311,0.605,0.18785688328,0.005780740088518928,0.845,0.912688723233,0.9510397918613306,0.5575,1.6656791352,0.3056829416920821,0.0,nan,0.0
3,80766,0.8197530864197531,4.40102914579,0.3435115893013071,0.645,3.9132833071,0.26057850455233555,0.6975,4.89249937074,0.33537653391519945,0.7225,4.49456337943,0.45303231033661084,0.8905703860188201,3.47517404962,0.77792103637109,0.6375000000000001,0.451948607932,0.015665620761953734,0.645,3.55603367079,0.4417922397473548,0.6000000000000001,1.85219712637,0.380654757605308,1.0,nan,0.0
3,80873,0.8182716049382711,4.36608052283,0.33701729421810384,0.735,4.37718642336,0.6725681830199629,0.7775000000000001,4.33931568566,0.7417970526506105,0.7075,4.34072846321,0.3866141827139392,0.9597080852698291,1.35117053718,0.9419028949986481,0.6325000000000001,0.398303902957,0.013542248321877328,0.705,3.32582238934,0.6532770774284544,0.5,1.34668481079,0.21886442915282223,0.0,nan,0.0
3,84558,0.8256790123456791,4.52899329229,0.36998052551982274,0.7925000000000001,2.51306565835,0.87376317329059,0.7775000000000001,4.33931568566,0.7417970526506105,0.837499999999999,2.23877685522,0.8825304481837577,0.8444785865181481,4.54685945864,0.5896490958273155,0.7775000000000001,4.07118190502,0.2996774705829025,0.75,2.61047334314,0.7880301688899423,0.6275000000000001,1.93446129153,0.4328017202145572,0.0,nan,0.0
3,104560,0.9170370370370371,3.58860680655,0.7810722028168301,0.4,0.00892725170619,0.00020466171415552093,0.485,0.0250564473345,0.0005286002108068073,0.48,0.0750320567199,0.002110322800125199,0.850240061455732,4.46697916634,0.6156247512464492,0.8500000000000001,4.4390494106,0.6274027049759339,0.40750000000000003,0.264159341265,0.011201709698266197,0.515,1.43360083453,0.23971801000989243,0.0,nan,0.0
3,104598,0.8543209876543211,4.83077652144,0.5053643445376734,0.5825,1.80965104413,0.0820065826704926,0.685,4.49171017139,0.2766231895572841,0.645,2.75014442689,0.1594879131532413,0.8269637027078931,4.66646709541,0.5086852641055978,0.67,0.949875263531,0.037700711163282094,0.515,1.50790365056,0.09390017387090863,0.5,1.34668481079,0.21886442915282223,0.0,nan,0.0
3,104599,0.8804938271604931,4.59347321323,0.6297559099967991,0.5725,1.51921847215,0.06538513297830363,0.61,1.48956638688,0.054873663084896974,0.595,1.3313095189,0.05908001159862027,0.8580756673708471,4.32892515611,0.6501066621522107,0.6875,1.33824569498,0.05759477741690407,0.47000000000000003,0.814534577428,0.04254482394490545,-0.25,0.00187082912572,0.00012698130378535892,1.0,nan,0.0
3,104688,0.743209876543209,1.95505883372,0.09708597025565863,0.7275,4.53894773041,0.6391131373755106,0.6625,3.58746532021,0.18542285030356145,0.73,4.52409890629,0.4868725980856975,0.657384290378336,0.678394126807,0.02472995515080547,0.8125,4.6491736945,0.4542311537928038,0.7225,3.08663886787,0.7094765221657755,0.75,1.81421036346,0.6706966019090084,1.0,nan,0.0
3,104824,0.8222222222222221,4.45670566787,0.3544477376135571,0.6325000000000001,3.50793444855,0.21415453354713562,0.6175,1.74091834438,0.06697368710172456,0.6000000000000001,1.45220774267,0.06603627510987027,0.882081812944113,3.73193157526,0.74731994216858,0.875,3.86241059324,0.7317537253312729,0.5675,2.514829363,0.19918943171926162,0.5,1.34668481079,0.21886442915282223,0.0,nan,0.0
3,107778,0.589135802469135,0.0520596187149,0.0015446112118846329,0.68,4.70898299269,0.41330285923249555,0.7375,5.32253140725,0.5445350193917644,0.7175,4.45700832657,0.4306475087432545,0.833877472632994,4.64213419226,0.5408815313550923,0.685,1.27745237659,0.05432551787295169,0.6000000000000001,3.08595382864,0.29053596021210293,0.78,1.67284719705,0.7230850564179223,1.0,nan,0.0
3,107870,0.90716049382716,3.91468013835,0.7439961795757049,0.8125,1.84778359826,0.9172439317482849,0.8150000000000001,2.75725327951,0.8754132846559055,0.8225,2.70117419594,0.8454996681774481,0.765815248703668,3.67276907734,0.243793862226527,0.909999999999999,2.75006429963,0.8479913943910105,0.735,2.88215463266,0.7468063502126815,0.72,1.91761496162,0.6146129094838435,0.0,nan,0.0
3,107898,0.7614814814814811,2.54638975536,0.1381136961005419,0.7025,4.82378534554,0.5212100921505122,0.6975,4.89249937074,0.33537653391519945,0.794999999999999,3.53386086864,0.7595836332650896,0.9443057422700211,1.76362797879,0.9179926431672797,0.6175,0.26749311286,0.008602007777491056,0.6075,3.19604420177,0.31410000833538265,0.605,1.8697136738,0.389959980716367,1.0,nan,0.0
3,108143,0.8824691358024691,4.55649283584,0.6387933178118949,0.485,0.182953136079,0.005447368062925397,0.625,2.01420389087,0.08104235301827531,0.6950000000000001,4.12433975617,0.333630367537593,0.8767428461686191,3.88346950346,0.7269868549450766,0.7225,2.35041148803,0.1213558934974733,0.73,2.9667860136,0.7321825444621362,0.5625,1.69059892405,0.3140739109960343,0.0,nan,0.0
3,108336,0.8469135802469131,4.80764013815,0.46964170711994513,0.535,0.69653319824,0.025184347550638725,0.595,1.05790622796,0.03588812253345886,0.56,0.662664646106,0.025099194863406706,0.8269637027078931,4.66646709541,0.5086852641055978,0.5575,0.0411397987754,0.0010889355557201976,0.387499999999999,0.172427743797,0.006889393045637598,0.41750000000000004,0.885599158322,0.12721932635018188,0.0,nan,0.0
3,108341,0.9516049382716051,2.35645339758,0.8838587968319149,0.5825,1.80965104413,0.0820065826704926,0.595,1.05790622796,0.03588812253345886,0.52,0.246740413787,0.007975874519295736,0.8097560975609751,4.59490937203,0.4287334632780535,0.8075000000000001,4.60947035028,0.4310779964532425,0.52,1.59847171251,0.10166521975290732,0.595,1.83363160584,0.3714397578419367,1.0,nan,0.0
3,108351,0.598518518518518,0.0692656356459,0.00211035569864577,0.65,4.06236967151,0.28052135565220737,0.615,1.65460245569,0.06272980302905909,0.685,3.90217114032,0.29346506778574144,0.839408488573074,4.60100705342,0.5664522733620974,0.6825,1.21841141155,0.05120605508815031,0.64,3.52900568261,0.4240767283277851,0.665,1.98486989031,0.5065262877130297,1.0,nan,0.0
3,108388,0.819259259259259,4.3895056161,0.3413410816611355,0.5475,0.922981646732,0.035257922262887896,0.5875,0.878123559009,0.028642831449497842,0.64,2.59475994029,0.1461258526670731,0.8406376032264261,4.58930470015,0.5721003411186691,0.6900000000000001,1.40076986289,0.061018188879217866,0.6000000000000001,3.08595382864,0.29053596021210293,0.58,1.77209416715,0.34438630102789014,1.0,nan,0.0
3,108411,0.9303703703703701,3.11672707895,0.825800907605603,0.6175,2.98621787727,0.16542191691461225,0.67,3.90597624499,0.2135300441033473,0.6575000000000001,3.13628172913,0.19628659779904623,0.8743230266948331,3.94910508688,0.7175097377045094,0.875,3.86241059324,0.7317537253312729,0.7075,3.29556822237,0.6615541084270394,0.515,1.43360083453,0.23971801000989243,1.0,nan,0.0
3,108416,0.807407407407407,4.07809177472,0.2911000137528496,0.71,4.78267446207,0.557259043494282,0.804999999999999,3.18978465496,0.8456859837110018,0.8174999999999991,2.85710787765,0.8316038686465912,0.8364893412713651,4.62508246013,0.552984836739576,0.804999999999999,4.58378300362,0.419585629815025,0.74,2.79425734503,0.7609986472528582,0.7125,1.93653013504,0.6001580312200319,1.0,nan,0.0
3,108417,0.973333333333333,1.65331332117,0.9272153038375945,0.5825,1.80965104413,0.0820065826704926,0.5325,0.164574639134,0.004163699849889647,0.6325000000000001,2.3637582702,0.12753371710827496,0.860149798348377,4.2870726978,0.6590423837592592,0.8,4.52107127279,0.396817280988063,0.605,3.16052135111,0.30615404805184876,0.52,1.46223912959,0.24695770251163318,1.0,nan,0.0
3,108652,0.5560493827160491,0.0177406561629,0.0004803026158977396,0.5075000000000001,0.347988066552,0.011254994578858847,0.5650000000000001,0.472668966647,0.013802951110728089,0.6425000000000001,2.67239202197,0.15270975496870992,0.945265988092951,1.73619988956,0.9196729737254732,0.525,0.0124465392527,0.0003009252117931401,0.43999999999999906,0.493394281528,0.023210683048001626,0.5625,1.69059892405,0.3140739109960343,0.0,nan,0.0
3,109008,0.6819753086419751,0.610862204919,0.023947508945669962,0.5275000000000001,0.582300858646,0.020398456004645633,0.63,2.20738814847,0.0915929154201452,0.5325,0.343387502486,0.011636981773623559,0.8137507201843671,4.62815339208,0.4471580742240603,0.6950000000000001,1.53089634292,0.06834456999898073,0.5,1.25058083804,0.07324041192365781,0.595,1.83363160584,0.3714397578419367,1.0,nan,0.0
3,109067,0.8479012345679011,4.81303987315,0.4743927183673643,0.7625000000000001,3.5682411864,0.7824604976729236,0.7525000000000001,5.09964696063,0.6229541962557285,0.794999999999999,3.53386086864,0.7595836332650896,0.7877856731323211,4.24662161847,0.3311194144063613,0.8,4.52107127279,0.396817280988063,0.71,3.26393105695,0.6697537659945927,0.75,1.81421036346,0.6706966019090084,1.0,nan,0.0
3,129429,0.8172839506172841,4.34216004676,0.3327168881635153,0.5775,1.66099911697,0.07333272618805788,0.68,4.30665813607,0.2546222557438753,0.5875,1.16160413759,0.04974046535342197,0.7937776070674091,4.36753654688,0.3569360674819927,0.7925000000000001,4.39994397962,0.36334380750635037,0.54,1.97807999332,0.1373922553222412,0.76,1.77082661623,0.6886251702938746,1.0,nan,0.0
3,129459,0.838024691358024,4.7277829314,0.4272208337046901,0.6725,4.59467298611,0.37839189466256606,0.6875,4.57945486964,0.28796285635907426,0.6925,4.07254323519,0.32338371414526723,0.896331860956404,3.29259065981,0.7974197967117109,0.705,1.81032649844,0.0850302392991085,0.6375000000000001,3.51289162988,0.41527399951019883,0.605,1.8697136738,0.389959980716367,1.0,nan,0.0
3,129490,0.9654320987654321,1.89547927052,0.9132068594351817,0.6575000000000001,4.2674904,0.3117733616251862,0.6975,4.89249937074,0.33537653391519945,0.754999999999999,4.38813368907,0.5990177017661504,0.8252736700595351,4.66777945507,0.5007974159947173,0.889999999999999,3.40875725623,0.7863576230013336,0.625,3.40736405853,0.37197997266439603,0.7000000000000001,1.96140246467,0.575787154979701,1.0,nan,0.0
3,129672,0.901234567901234,4.09487200572,0.7202575033781478,0.485,0.182953136079,0.005447368062925397,0.405,0.0004235086916,6.9525385152279814e-06,0.38,0.00158728142316,3.3546688850599555e-05,0.839408488573074,4.60100705342,0.5664522733620974,0.725,2.43151180511,0.12733314600772128,0.43500000000000005,0.450660849886,0.02085176300299705,-0.25,0.00187082912572,0.00012698130378535892,1.0,nan,0.0
3,129907,0.725432098765432,1.45476346762,0.06690306078532664,0.65,4.06236967151,0.28052135565220737,0.65,3.04397873446,0.14397223732013775,0.63,2.28775861674,0.12171945094734672,0.9058959093527941,2.98058254628,0.8274245771422106,0.65,0.611202953665,0.022271354878048655,0.54,1.97807999332,0.1373922553222412,0.6075,1.87806516723,0.39464476167308515,0.0,nan,0.0
3,129987,0.6869135802469131,0.680748924772,0.027134190988458116,0.6575000000000001,4.2674904,0.3117733616251862,0.6575000000000001,3.37066475658,0.16802663060609935,0.6875,3.96133513735,0.30329492296019556,0.9306702515844051,2.17388164556,0.8911891257695806,0.5625,0.0488984330749,0.0013135290164900146,0.6575000000000001,3.59243884062,0.48651711457323565,0.5,1.34668481079,0.21886442915282223,0.0,nan,0.0
3,130043,0.942716049382716,2.67075978125,0.8615231034349755,0.8300000000000001,1.34539551631,0.9450559036981101,0.764999999999999,4.77088310561,0.6847671732402799,0.899999999999999,0.748629674506,0.9711487135332662,0.8598041098521221,4.29419524751,0.6575591592751597,0.865,4.12609285755,0.6917796907551206,0.6950000000000001,3.43216443989,0.6194670405676937,0.804999999999999,1.53361925791,0.7631985823129863,0.0,nan,0.0
3,130166,0.8681481481481481,4.76607092025,0.5718742615135024,0.7875000000000001,2.68899889195,0.8607589733565647,0.9325000000000001,0.129086781575,0.9968273379032626,0.9325000000000001,0.346891522985,0.9883146871209991,0.918225465719224,2.57396709378,0.8616646774964565,0.8600000000000001,4.24254510481,0.6708534122560675,0.875,0.56271138667,0.9728807638667326,0.875,1.09999825365,0.8555099656562011,0.0,nan,0.0
3,130586,0.741728395061728,1.91019238255,0.0942228871465739,0.20750000000000002,3.34085084694e-07,4.983353989101726e-09,0.35750000000000004,2.19276448082e-05,3.1771761038730484e-07,0.28500000000000003,1.2839870416e-05,2.190130934240079e-07,0.892452467831764,3.41613971833,0.7844061464395556,0.42750000000000005,0.000164812537271,3.1627220931946793e-06,0.25,0.00387658290835,0.00011027974432258465,-0.25,0.00187082912572,0.00012698130378535892,0.0,nan,0.0
3,134922,0.679012345679012,0.571770838761,0.022195974200940518,0.6925,4.81655601243,0.4729491191629066,0.6775,4.20989416884,0.24397602454168638,0.725,4.50801429555,0.4642862788520232,0.857922028039178,4.33194020474,0.6494413372173187,0.79,4.35275505877,0.35240225119739627,0.635,3.49507572257,0.4065136884592221,0.4375,0.990516288053,0.14596999123881163,0.0,nan,0.0
3,134923,0.77037037037037,2.85189513541,0.16210086922632444,0.6825,4.73900826849,0.42511371248660323,0.7025,5.02289660136,0.36017290376530325,0.725,4.50801429555,0.4642862788520232,0.879969272133666,3.7929344212,0.7393714201044299,0.735,2.76136853945,0.15329194489019538,0.68,3.54367053739,0.5670729375138267,0.6725,1.98565580227,0.5214177421474032,0.0,nan,0.0
3,135551,0.7629629629629631,2.5967719256,0.14192341277580733,0.7575000000000001,3.73428124468,0.7642017063258888,0.7725000000000001,4.52231275083,0.719637808205789,0.8250000000000001,2.62324818651,0.8521551689091493,0.823314768580756,4.66701301506,0.4916540456280083,0.774999999999999,4.0067038947,0.28957960224441714,0.6425000000000001,3.54339360909,0.43291758941432945,0.7825000000000001,1.65967175183,0.7272507441928469,1.0,nan,0.0
3,135973,0.9017283950617281,4.08038568967,0.7222760897242279,0.8,2.25486338632,0.8916377644678228,0.7825000000000001,4.14499630591,0.7630120913413033,0.7925000000000001,3.6037478265,0.7506613073844395,0.849241405799884,4.48218239187,0.6111561393275364,0.8975000000000001,3.16533368141,0.8110150744448039,0.745,2.70354556439,0.7747442326953018,0.6675,1.98548430699,0.5114893037609205,1.0,nan,0.0
3,136122,0.653827160493827,0.315111419555,0.011293067258736684,0.78,2.95572614937,0.8395923647228157,0.745,5.23638533477,0.5841635610639937,0.745,4.48517453023,0.5546052287183558,0.8521605531015941,4.43618534654,0.624174303177443,0.8325,4.64740148021,0.547628153052576,0.61,3.23032637414,0.3221332351245232,0.5225000000000001,1.47646885573,0.2506311009746582,1.0,nan,0.0
3,136139,0.9422222222222221,2.68848136689,0.8601998348472467,0.8025,2.17082848495,0.8971696388129763,0.784999999999999,4.04428221654,0.7732491347206851,0.837499999999999,2.23877685522,0.8825304481837577,0.7495678893796811,3.1609647766,0.18821479244673783,0.845,4.51714676107,0.6050063123332012,0.76,2.41905480891,0.8131826739547082,0.8225,1.42846723089,0.7891238525886495,1.0,nan,0.0
3,136288,0.93679012345679,2.88443705234,0.8450642081414177,0.7375,4.31656043406,0.6834360286589392,0.7925000000000001,3.73127163134,0.8024163449157897,0.8125,3.01229594058,0.8169298293484526,0.852506241597849,4.43042764004,0.6257068481047628,0.827499999999999,4.67209664324,0.5243227242859554,0.6225,3.38148701436,0.3634935908612514,0.7425,1.84398497462,0.656976832170953,1.0,nan,0.0
3,136820,0.852345679012345,4.82854099546,0.4958238046444273,0.6275000000000001,3.33661579077,0.1970415850090636,0.6175,1.74091834438,0.06697368710172456,0.655,3.05984195664,0.18854131892856424,0.9385442673324371,1.93248365499,0.9073485547880493,0.655,0.68576223279,0.025511066397996204,0.5650000000000001,2.46677797533,0.19296235267204215,0.6025,1.86108923427,0.38529642076261983,1.0,nan,0.0
3,136846,0.6074074074074071,0.0900788026988,0.0028149483770461108,0.8075000000000001,2.00648989194,0.9076107461269267,0.804999999999999,3.18978465496,0.8456859837110018,0.7925000000000001,3.6037478265,0.7506613073844395,0.7226810063376221,2.27674004792,0.11515972948232868,0.6525000000000001,0.647672140529,0.02384461441682107,0.875,0.56271138667,0.9728807638667326,0.7625000000000001,1.75936094656,0.6930379545335342,0.0,nan,0.0
3,137085,0.8148148148148141,4.2802610125,0.3220713175689851,0.8400000000000001,1.0999369008,0.9572562168812146,0.8775000000000001,0.737276256454,0.9767783519222748,0.875,1.23278589129,0.9467186373886143,0.660418667178797,0.727029840835,0.02686162093838626,0.9400000000000001,1.79887857367,0.9159064276870748,0.8500000000000001,0.846270792865,0.9554358401333527,0.847499999999999,1.27249613333,0.8228944466973077,0.0,nan,0.0
3,137869,0.9772839506172831,1.53901223937,0.9335195820342299,0.875,0.484721610476,0.9839210868121596,0.8700000000000001,0.896410799879,0.9706662974677551,0.905,0.671013461184,0.9746952373133806,0.0,7.17863214541e-20,6.53463051908455e-22,0.972499999999999,0.990467669948,0.9604532885511977,0.8625,0.694444388956,0.9650441559730161,0.8150000000000001,1.47411435409,0.778238696972549,0.0,nan,0.0
3,138039,0.716049382716049,1.22675011842,0.05434332533377641,0.6975,4.8290622608,0.4970705572744983,0.6375000000000001,2.51118488464,0.10927799618961243,0.63,2.28775861674,0.12171945094734672,0.8560015363933161,4.36861628004,0.6410863625974945,0.7325,2.67833871709,0.1464923571990679,0.6075,3.19604420177,0.31410000833538265,0.655,1.97891013531,0.4867027346476057,0.0,nan,0.0
3,140859,0.6948148148148141,0.805526994976,0.03299511458068506,0.5975,2.29129751728,0.11270298966601244,0.6000000000000001,1.19106712567,0.0415060819560831,0.65,2.90551388193,0.17362727504645797,0.9577491837910501,1.40021459008,0.9392082183527819,0.59,0.119811376547,0.0035060998132614646,0.59,2.92419564944,0.26047213910315903,0.4375,0.990516288053,0.14596999123881163,1.0,nan,0.0
3,140984,0.9160493827160491,3.62238322056,0.7775112019665124,0.754999999999999,3.81487662418,0.7547648896373121,0.7425,5.27088122353,0.571028291542262,0.7625000000000001,4.28035377553,0.6315425153774447,0.8857307470712501,3.62367015633,0.7607410550779221,0.8925000000000001,3.3284626273,0.7947793524322915,0.6925,3.45488690001,0.6108578932004307,0.645,1.96742085298,0.46696652262336624,1.0,nan,0.0
3,141053,0.611358024691358,0.100993050925,0.0031920096402048015,0.65,4.06236967151,0.28052135565220737,0.7025,5.02289660136,0.36017290376530325,0.645,2.75014442689,0.1594879131532413,1.0,0.578952975348,0.9792798987022189,0.7025,1.73819631817,0.08059488720149263,0.5,1.25058083804,0.07324041192365781,0.625,1.92846730355,0.427972994417363,1.0,nan,0.0
3,141356,0.8508641975308641,4.82498047143,0.4886728490013455,0.794999999999999,2.42610495153,0.8799369729025489,0.8400000000000001,1.77017810421,0.9316217877823897,0.8250000000000001,2.62324818651,0.8521551689091493,0.811791818705588,4.61308361585,0.43810634850255464,0.9475,1.58726014333,0.9285959039603258,0.8425,0.947109491415,0.9487152116660447,0.7025,1.95710617208,0.5806853621627265,1.0,nan,0.0
3,142811,0.714567901234567,1.1931167398,0.052550911292541184,0.58,1.73449434358,0.07757674053993768,0.675,4.11067322147,0.23357483243343646,0.595,1.3313095189,0.05908001159862027,0.8137507201843671,4.62815339208,0.4471580742240603,0.7825000000000001,4.19240378897,0.320340896000994,0.535,1.88116810021,0.1277445359023621,0.635,1.95054296359,0.4473722851687011,1.0,nan,0.0
3,142951,0.929382716049382,3.15235369308,0.822705060640901,0.764999999999999,3.48317224259,0.7912750164602589,0.7375,5.32253140725,0.5445350193917644,0.804999999999999,3.24133378957,0.7934750070675598,0.8876896485500281,3.56418432484,0.7677813503624242,0.784999999999999,4.24885623396,0.33089307313491545,0.68,3.54367053739,0.5670729375138267,0.6475000000000001,1.97080473709,0.47188937509452067,0.0,nan,0.0
3,143324,0.6972839506172831,0.847937503743,0.03503608606252651,0.66,4.33023798193,0.3225211485644558,0.625,2.01420389087,0.08104235301827531,0.5725,0.865521502445,0.03460971340230656,0.8636835029767621,4.21099246568,0.6740589437404585,0.6775,1.10564553187,0.045398877972775684,0.59,2.92419564944,0.26047213910315903,0.5750000000000001,1.74979311242,0.335581234003672,1.0,nan,0.0
3,145305,0.7970370370370371,3.76096374468,0.2504234471564604,0.745,4.11674635408,0.7150769712733115,0.6875,4.57945486964,0.28796285635907426,0.7675000000000001,4.19303731596,0.6527309379754371,0.9097753024774341,2.85249539742,0.8387390859363408,0.725,2.43151180511,0.12733314600772128,0.6575000000000001,3.59243884062,0.48651711457323565,0.605,1.8697136738,0.389959980716367,1.0,nan,0.0
3,145335,0.79753086419753,3.77679493929,0.25228462472447266,0.5425,0.8268135361,0.030886592685464252,0.5,0.0474234675776,0.0010562359127276658,0.55,0.527589265792,0.019167290153133863,0.693796811983867,1.43250719743,0.06202421950308665,0.8,4.52107127279,0.396817280988063,0.5875,2.88144186225,0.2532149166335604,0.5225000000000001,1.47646885573,0.2506311009746582,0.0,nan,0.0
3,145444,0.861728395061728,4.81352592028,0.5411089579523942,0.754999999999999,3.81487662418,0.7547648896373121,0.6925,4.74406435787,0.311277983757826,0.8525,1.80234206174,0.9127938675347363,0.8017284424812751,4.49891344095,0.39220685167844727,0.794999999999999,4.44379895114,0.37439919259541005,0.7975000000000001,1.69134395895,0.8901681301588171,0.725,1.90339495071,0.624165962823676,1.0,nan,0.0
3,146557,0.9002469135802461,4.12353484188,0.7161989965412237,0.72,4.66766147249,0.6045666463066313,0.6825,4.4006881041,0.2655070368028038,0.73,4.52409890629,0.4868725980856975,0.8974841559439211,3.25547699789,0.8011924658540598,0.74,2.92774653115,0.16751471313094943,0.5700000000000001,2.56251760132,0.20553619687675473,-0.25,0.00187082912572,0.00012698130378535892,0.0,nan,0.0
3,146877,0.863209876543209,4.80523237539,0.5482341623347419,0.715,4.73355794255,0.5810567401529019,0.5625,0.438765194479,0.012664077665230346,0.865,1.47132398657,0.9332186982624401,0.5736892644516991,0.061166962733,0.001619298524813096,0.865,4.12609285755,0.6917796907551206,0.8400000000000001,0.982331805636,0.9463035764093437,0.8075000000000001,1.51890923722,0.767014267701116,1.0,nan,0.0
3,146928,0.803456790123456,3.96138598537,0.2752177236033113,0.8600000000000001,0.703780885174,0.9750853894408682,0.8174999999999991,2.65113730274,0.8821735399144428,0.855,1.73345814086,0.9172133561683774,0.837718455924716,4.61558679008,0.5586638536789885,0.885,3.56598997075,0.7689187072422279,0.8150000000000001,1.37644648967,0.9169720958509817,0.7000000000000001,1.96140246467,0.575787154979701,1.0,nan,0.0
3,146993,0.8528395061728391,4.82936932052,0.49820848124363903,1.0,0.00633631606265,0.9998619729647046,1.0,0.00723743576762,0.9998607987881856,1.0,0.0453907558649,0.9987950060025954,0.37584021509506405,4.87327422168e-06,7.766102671990935e-08,0.8,4.52107127279,0.396817280988063,0.9500000000000001,0.122291747724,0.9953252689522472,0.8125,1.48914986042,0.7745345962627257,1.0,nan,0.0
3,147026,0.815802469135802,4.30537356262,0.32631117524985853,0.615,2.89801103444,0.1580666321895653,0.625,2.01420389087,0.08104235301827531,0.655,3.05984195664,0.18854131892856424,0.8626848473209141,4.23308757051,0.669842541345169,0.645,0.542993130447,0.019388452640767228,0.52,1.59847171251,0.10166521975290732,0.5,1.34668481079,0.21886442915282223,1.0,nan,0.0
3,147101,0.9007407407407401,4.10925554674,0.7182317886116254,0.7225,4.62863507523,0.6161878441668254,0.6825,4.4006881041,0.2655070368028038,0.865,1.47132398657,0.9332186982624401,0.861724601497983,4.25389552051,0.665767711696807,0.8525,4.39479208985,0.6384457117603553,0.8600000000000001,0.723186638199,0.9632722854980198,0.625,1.92846730355,0.427972994417363,0.0,nan,0.0
3,147111,0.852345679012345,4.82854099546,0.4958238046444273,0.774999999999999,3.13357847743,0.824368744060902,0.6225,1.92080522148,0.07612405468545472,0.735,4.52564276044,0.5095030255195896,0.9010946802381411,3.13820385719,0.8127351459320611,0.837499999999999,4.60682497757,0.5707702610389762,0.605,3.16052135111,0.30615404805184876,0.595,1.83363160584,0.3714397578419367,1.0,nan,0.0
3,147193,0.6439506172839501,0.245463161821,0.008537038678441848,0.7825000000000001,2.86664607055,0.8468703223213864,0.7975000000000001,3.51630709563,0.8205367822450856,0.7825000000000001,3.8660640292,0.7132874110556431,0.752294987516804,3.24983020037,0.19695641150271834,0.75,3.25766667684,0.19844762880767453,0.8500000000000001,0.846270792865,0.9554358401333527,0.75,1.81421036346,0.6706966019090084,1.0,nan,0.0
3,819,0.7214814814814811,1.35560931714,0.061353205874965996,0.7075,4.80076818429,0.5452788326677767,0.7225,5.33430366711,0.4643380476213439,0.7025,4.26311113295,0.365099401917898,0.8252736700595351,4.66777945507,0.5007974159947173,0.8300000000000001,4.66175418632,0.5359908764938075,0.7775000000000001,2.07627432189,0.8525218244065267,0.725,1.90339495071,0.624165962823676,0.0,nan,0.0
3,1942,0.755061728395061,2.33160191493,0.12245927982433964,0.5925,2.12547249568,0.10166299318825395,0.6075,1.41094761649,0.051248569233215954,0.6725,3.57602148458,0.24667783852173258,0.8467447666602651,4.51771900469,0.5999206460158049,0.784999999999999,4.24885623396,0.33089307313491545,0.585,2.83787332352,0.24606560876255695,0.715,1.93055170991,0.604991952143467,0.0,nan,0.0
3,1993,0.905679012345679,3.96097392878,0.738162265123567,0.7525000000000001,3.89360565003,0.7451288785370784,0.835,1.95174186898,0.9223208828235103,0.7375,4.5209506091,0.5208120251887701,0.8857307470712501,3.62367015633,0.7607410550779221,0.905,2.91668162013,0.833824575252755,0.63,3.45444772449,0.38913713663660937,0.6625,1.98390409314,0.5015652471323648,0.0,nan,0.0
