left,boolean,ranking,id,score,chargeScore,serviceScore,roomScore,distanceScore,bathScore,equipmentScore,mealScore,locationScore,kinnennScore
left,0,0,74696,0.358691909077,0.863645093144,0.6975,0.7175,0.892839506173,0.695,0.7125,0.6675,0.7825,1
left,0,1,129459,0.302326866062,0.896331860956,0.6875,0.6925,0.838024691358,0.6375,0.6725,0.605,0.705,1
left,0,2,147111,0.217042862806,0.901094680238,0.6225,0.735,0.852345679012,0.605,0.775,0.595,0.8375,1
left,0,3,136820,0.192659818179,0.938544267332,0.6175,0.655,0.852345679012,0.565,0.6275,0.6025,0.655,1
left,0,4,7903,0.127366890386,0.885730747071,0.68,0.645,0.671604938272,0.5375,0.6425,0.75,0.64,1
left,0,5,28484,0.124895311711,0.839446898406,0.6375,0.5675,0.935802469136,0.61,0.625,0.605,0.86,1
left,0,6,16373,0.124693591672,0.880929517957,0.6925,0.65,0.664197530864,0.5975,0.6925,0.6675,0.7,1
left,0,7,51734,0.124634372773,0.927021317457,0.6825,0.7225,0.85037037037,0.56,0.6,0.56,0.7275,0
left,0,8,996,0.0997615583824,0.870366813904,0.65,0.6375,0.839012345679,0.5325,0.6,0.625,0.725,0
left,0,9,54885,0.092723933889,0.945265988093,0.68,0.55,0.952592592593,0.5625,0.585,0.625,0.85,1
left,0,10,129907,0.0756420144866,0.905895909353,0.65,0.63,0.725432098765,0.54,0.65,0.6075,0.65,0
left,0,11,39144,0.0647525586337,0.909775302477,0.6425,0.63,0.666666666667,0.5,0.5575,0.6675,0.655,0
left,0,12,1119,0.055094440633,0.857422700211,0.6,0.58,0.887407407407,0.5075,0.545,0.5,0.7325,0
left,0,13,1630,0.0521560257573,0.88861148454,0.6525,0.6825,0.633580246914,0.6075,0.6325,0.8525,0.64,0
left,0,14,108143,0.0219693276585,0.876742846169,0.625,0.695,0.882469135802,0.73,0.485,0.5625,0.7225,0
left,0,15,1997,0.017029236048,0.890570386019,0.69,0.685,0.493827160494,0.59,0.6625,0.7775,0.67,1
left,3,16,104688,0.0125143227039,0.657384290378,0.6625,0.73,0.743209876543,0.7225,0.7275,0.75,0.8125,1
left,0,17,7055,0.0119788879137,0.87136546956,0.54,0.5675,0.741234567901,0.465,0.4725,0.8075,0.6375,0
left,0,18,41851,0.00476416100769,0.919339350874,0.6425,0.635,0.88987654321,0.3275,0.6,-0.25,0.65,1
left,0,19,11140,0.00323809665095,0.86556558479,0.6975,0.6325,0.245432098765,0.55,0.5775,0.5275,0.7825,1
left,2,20,18246,0.605266970713,0.9107355483,0.7525,0.78,0.962469135802,0.77,0.785,0.775,0.8725,1
left,2,21,18476,0.326048315308,0.859804109852,0.785,0.73,0.873086419753,0.6875,0.7075,0.75,0.8925,1
left,2,22,39495,0.262886463797,0.852160553102,0.765,0.69,0.873580246914,0.5525,0.7225,0.66,0.75,1
left,2,23,135973,0.240476213017,0.8492414058,0.7825,0.7925,0.901728395062,0.745,0.8,0.6675,0.8975,1
left,2,24,40799,0.231853534044,0.853696946418,0.735,0.6225,0.963950617284,0.5725,0.68,0.75,0.955,1
left,2,25,101,0.193812428298,0.929710005761,0.73,0.6,0.97975308642,0.625,0.655,0.6975,0.94,1
left,2,26,54491,0.175774895592,0.868945650086,0.7775,0.7975,0.952098765432,0.945,0.77,0.705,0.9025,0
left,2,27,108416,0.164021886938,0.836489341271,0.805,0.8175,0.807407407407,0.74,0.71,0.7125,0.805,1
left,2,28,147101,0.142208165582,0.861724601498,0.6825,0.865,0.900740740741,0.86,0.7225,0.625,0.8525,0
left,1,29,141356,0.0987577861367,0.811791818706,0.84,0.825,0.850864197531,0.8425,0.795,0.7025,0.9475,1
left,1,30,32060,0.0906637731065,0.821432686768,0.65,0.55,0.947654320988,0.5625,0.65,0.75,1.0,1
left,1,31,145444,0.0858803502848,0.801728442481,0.6925,0.8525,0.861728395062,0.7975,0.755,0.725,0.795,1
left,1,32,141053,0.0805292686454,1.0,0.7025,0.645,0.611358024691,0.5,0.65,0.625,0.7025,1
left,1,33,129429,0.0776209729498,0.793777607067,0.68,0.5875,0.817283950617,0.54,0.5775,0.76,0.7925,1
left,1,34,79262,0.0707493443429,0.786863837142,0.7575,0.815,0.897283950617,0.8275,0.7275,0.66,0.84,1
left,2,35,84558,0.0693926209468,0.844478586518,0.7775,0.8375,0.825679012346,0.75,0.7925,0.6275,0.7775,0
left,1,36,41708,0.0688000687346,0.784904935664,0.6725,0.735,0.64987654321,0.51,0.645,0.6775,0.665,1
left,2,37,839,0.0659404359923,0.782024198195,0.815,0.845,1.0,0.7275,0.7875,0.735,0.925,1
left,1,38,109008,0.0647982803184,0.813750720184,0.63,0.5325,0.681975308642,0.5,0.5275,0.595,0.695,1
left,1,39,11230,0.0597870299487,0.775686575763,0.74,0.695,0.83012345679,0.6125,0.6725,0.6825,0.8975,1
left,1,40,136139,0.041739503476,0.74956788938,0.785,0.8375,0.942222222222,0.76,0.8025,0.8225,0.845,1
left,1,41,18166,0.0412477578289,0.827539850202,0.64,0.6625,0.997037037037,0.5625,0.5875,0.6125,0.8825,0
left,1,42,28512,0.0382815968491,0.814518916843,0.765,0.725,0.990617283951,0.635,0.6775,0.8275,0.7525,0
left,1,43,10630,0.0270795863319,0.680084501632,0.7275,0.7225,0.76987654321,0.7075,0.6675,0.58,0.8675,1
left,1,44,15878,0.026076463917,0.769541002497,0.75,0.7025,0.86962962963,0.65,0.6975,0.6925,0.8,0
left,1,45,767,0.0219166793553,0.759938544267,0.695,0.7,0.900740740741,0.5975,0.6625,0.7325,0.8725,0
left,1,46,50703,0.0190652370414,0.735394661033,0.7325,0.7,0.856296296296,0.645,0.7125,0.675,0.74,0
left,1,47,136846,0.0190478022699,0.722681006338,0.805,0.7925,0.607407407407,0.875,0.8075,0.7625,0.6525,0
left,2,48,1356,0.0190473905185,0.704513155368,0.7575,0.8125,0.831604938272,0.73,0.775,0.79,0.925,0
left,2,49,70358,0.0180861959561,0.955252544651,0.5425,0.48,0.829135802469,0.545,0.475,0.5325,0.75,1
left,1,50,74635,0.0110608711877,0.82527367006,0.5375,0.675,0.769382716049,0.655,0.5575,0.3825,0.605,0
left,2,51,1996,0.0104648047074,0.856001536393,0.67,0.495,0.786666666667,0.6,0.525,0.62,0.7325,0
left,1,52,5729,0.0027195929915,0.696216631458,0.5,0.545,0.826172839506,0.41,0.5225,0.5,0.6375,0
left,2,53,18319,0.00121894378768,0.934818513539,0.4825,0.53,0.853827160494,0.615,0.485,0.4775,0.7525,0
left,2,54,19718,0.000613828245717,0.640868062224,0.9225,0.77,0.844444444444,0.635,0.6925,0.875,0.905,0
left,1,55,4778,0.000240998283668,0.594814672556,0.6875,0.775,0.941234567901,0.6575,0.7125,0.7875,0.94,1
left,1,56,129672,4.76022121376e-05,0.839408488573,0.405,0.38,0.901234567901,0.435,0.485,-0.25,0.725,1
left,1,57,78211,2.09749819152e-07,0.525676973305,0.83,0.86,0.874074074074,0.8275,0.81,0.8025,0.795,1
left,1,58,2605,1.94299394365e-08,0.876742846169,0.34,0.34,0.803456790123,0.355,0.3025,-0.25,0.59,1
left,1,59,17938,9.19071146144e-11,0.955867101978,0.4375,0.2625,0.908148148148,0.4575,0.3125,0.5,0.7125,1
left,1,60,1404,6.69410911504e-126,0.413174572691,0.6725,0.7875,0.575802469136,0.77,0.6725,0.75,0.75,0
left,1,61,137869,0.0,0.0,0.87,0.905,0.977283950617,0.8625,0.875,0.815,0.9725,0
