left,boolean,ranking,id,score,chargeScore,equipmentScore,roomScore,serviceScore,locationScore,mealScore,bathScore,distanceScore,kinnennScore
left,0,0,1680,0.567554107902,0.897484155944,0.695,0.7275,0.7925,0.87,0.785,0.6975,0.875061728395,1
left,0,1,140984,0.430016519735,0.885730747071,0.755,0.7625,0.7425,0.8925,0.645,0.6925,0.916049382716,1
left,0,2,80619,0.426777079188,0.869406568081,0.7775,0.825,0.77,0.815,0.7625,0.6975,0.977777777778,1
left,0,3,9518,0.303781044512,0.870674092568,0.625,0.725,0.7,0.85,0.75,0.675,0.919012345679,1
left,0,4,27972,0.225976145774,0.850240061456,0.7025,0.7775,0.7525,0.8275,0.6675,0.6675,0.77975308642,0
left,0,5,29183,0.216158379684,0.859804109852,0.635,0.6475,0.69,0.8225,0.5825,0.5825,0.84,1
left,0,6,1942,0.137033081344,0.84674476666,0.5925,0.6725,0.6075,0.785,0.715,0.585,0.755061728395,0
left,0,7,5024,0.118596034889,0.928980218936,0.6525,0.7625,0.7,0.7425,0.67,0.495,0.903209876543,1
left,0,8,5385,0.110791134833,0.902093335894,0.5875,0.6,0.6075,0.8425,0.7625,0.5075,0.944691358025,0
left,0,9,30094,0.0971576216919,0.919377760707,0.62,0.5625,0.675,0.63,0.625,0.5825,0.821234567901,0
left,0,10,108388,0.0959204948532,0.840637603226,0.5475,0.64,0.5875,0.69,0.58,0.6,0.819259259259,1
left,0,11,136122,0.0931477568702,0.852160553102,0.78,0.745,0.745,0.8325,0.5225,0.61,0.653827160494,1
left,0,12,17979,0.0930487288344,0.878663337814,0.6525,0.6825,0.7325,0.6775,0.7125,0.49,0.752592592593,1
left,0,13,2335,0.0796875936053,0.905934319186,0.5825,0.64,0.675,0.69,0.75,0.485,0.884444444444,0
left,0,14,2958,0.0662811469761,0.890570386019,0.59,0.5325,0.65,0.8775,0.6825,0.7475,0.97975308642,0
left,0,15,104824,0.0614441152647,0.882081812944,0.6325,0.6,0.6175,0.875,0.5,0.5675,0.822222222222,0
left,0,16,7341,0.0614441152647,0.863683502977,0.6125,0.755,0.7,0.7675,0.5,0.6025,0.886419753086,0
left,0,17,80759,0.0613986296138,0.854042634915,0.6675,0.7825,0.6675,0.605,0.5575,0.845,0.616790123457,0
left,0,18,17743,0.0558849646561,0.836796619935,0.6725,0.6825,0.665,0.785,0.5,0.6625,0.875555555556,0
left,0,19,29184,0.0479936073823,0.862684847321,0.57,0.5725,0.62,0.775,0.5375,0.45,0.822222222222,1
left,0,20,18312,0.0389871189025,0.938966775495,0.4825,0.5275,0.6525,0.9025,1.0,0.4825,0.789135802469,1
left,0,21,129987,0.0289780598241,0.930670251584,0.6575,0.6875,0.6575,0.5625,0.5,0.6575,0.686913580247,0
left,0,22,140859,0.0136619804653,0.957749183791,0.5975,0.65,0.6,0.59,0.4375,0.59,0.694814814815,1
left,0,23,134922,0.0127969950686,0.857922028039,0.6925,0.725,0.6775,0.79,0.4375,0.635,0.679012345679,0
left,0,24,70793,0.00961701882048,0.889302861533,0.545,0.59,0.66,0.6125,0.3925,0.5275,0.808395061728,0
left,0,25,108652,0.00871534981023,0.945265988093,0.5075,0.6425,0.565,0.525,0.5625,0.44,0.556049382716,0
left,0,26,70225,0.00801519382617,0.91165738429,0.58,0.64,0.5925,0.805,-0.25,0.5375,0.795555555556,1
left,0,27,74688,0.0061045652336,0.856001536393,0.7,0.75,0.775,0.5,0.75,0.625,0.58024691358,1
left,3,28,28570,0.00462087765481,0.957787593624,0.5,0.475,0.4625,0.6375,0.7225,0.4325,0.721481481481,0
left,0,29,72086,0.00224606052108,0.87136546956,0.565,0.545,0.585,0.8475,0.4075,0.4175,0.515061728395,0
left,0,30,76409,0.0017859584682,0.936662185519,0.51,0.5325,0.5775,0.7175,0.25,0.52,0.885432098765,0
left,0,31,5303,0.000407175136942,0.865603994623,0.4725,0.5,0.75,0.86,0.25,0.695,0.787160493827,1
left,3,32,70749,3.74248531491e-05,0.890570386019,0.36,0.39,0.39,0.6575,0.65,0.365,0.866172839506,0
left,0,33,41042,8.25242886719e-06,0.909775302477,0.3475,0.445,0.5425,0.8325,-0.25,0.515,0.820740740741,1
left,3,34,29229,4.40719730277e-07,0.846360668331,0.3475,0.3475,0.3675,0.7725,0.4375,0.3075,0.849382716049,0
left,1,35,50830,0.10530891079,0.827539850202,0.565,0.66,0.655,0.81,0.6375,0.5725,0.896790123457,0
left,1,36,129490,0.0993960518348,0.82527367006,0.6575,0.755,0.6975,0.89,0.7,0.625,0.965432098765,1
left,1,37,74604,0.0943873286496,0.822969080085,0.83,0.8275,0.9125,0.805,0.795,0.9075,0.78962962963,0
left,1,38,142811,0.0819388282881,0.813750720184,0.58,0.595,0.675,0.7825,0.635,0.535,0.714567901235,1
left,1,39,18392,0.0812602278915,0.812944113693,0.5775,0.595,0.5975,0.725,0.5775,0.52,0.655308641975,1
left,1,40,12534,0.074973206892,0.802189360476,0.6475,0.6525,0.665,0.735,0.69,0.5625,0.895308641975,0
left,1,41,716,0.0711325346262,0.794507393893,0.715,0.8325,0.7225,0.735,0.8025,0.645,0.819259259259,0
left,1,42,109067,0.0670197607398,0.787785673132,0.7625,0.795,0.7525,0.8,0.75,0.71,0.847901234568,1
left,1,43,41703,0.065021063631,0.784943345496,0.735,0.7875,0.6925,0.77,0.6975,0.685,0.792592592593,1
left,2,44,8290,0.0635936824055,0.783022853851,0.7825,0.8325,0.77,0.83,0.8925,0.75,0.88987654321,0
left,1,45,14112,0.059013985622,0.77722296908,0.75,0.77,0.755,0.8175,0.715,0.705,0.869135802469,0
left,1,46,858,0.0543333470555,0.771461494143,0.635,0.65,0.61,0.6475,0.5675,0.5525,0.631604938272,0
left,1,47,4771,0.0485420483454,0.763779527559,0.635,0.705,0.705,0.8975,0.6025,0.5175,0.797530864198,1
left,1,48,69292,0.0419612470194,0.751603610524,0.74,0.815,0.76,0.74,0.75,0.7875,0.753580246914,0
left,1,49,56758,0.0387194671324,0.738083349337,0.7725,0.8225,0.77,0.68,0.8125,0.745,0.782716049383,0
left,1,50,1764,0.0378976290661,0.73074707125,0.67,0.7425,0.7075,0.8575,0.7725,0.645,0.880987654321,0
left,2,51,388,0.0354769443057,0.7138851546,0.7575,0.7675,0.7675,0.915,0.7825,0.675,0.851358024691,1
left,1,52,41615,0.0340424150686,0.820741309775,0.7425,0.8475,0.92,0.8775,0.9675,0.81,0.544691358025,1
left,1,53,1872,0.0280200066446,0.683272517765,0.6075,0.6475,0.66,0.9475,0.6075,0.52,0.786666666667,0
left,1,54,1667,0.0179326283557,0.660072978683,0.6625,0.6175,0.68,0.8,0.75,0.49,0.902222222222,0
left,2,55,28024,0.0169039169239,0.658382946034,0.9,0.85,1.0,1.0,0.9175,1.0,0.856296296296,1
left,1,56,5041,0.000569164714681,0.706164778183,0.455,0.4775,0.41,0.6375,0.75,0.3625,0.824691358025,0
left,1,57,41069,4.99471270141e-05,0.600537737661,0.8525,0.845,0.8275,0.81,0.7725,0.8025,0.810864197531,0
left,1,58,659,1.75931408584e-14,0.531745726906,0.5925,0.645,0.6125,0.65,0.62,0.4775,0.622222222222,0
left,1,59,56634,2.19522700241e-36,0.429652391012,0.8525,0.845,0.83,0.94,0.765,0.7575,0.864691358025,0
left,1,60,5562,1.00459226469e-67,0.256769733052,0.775,0.82,0.8025,0.9575,0.6875,0.7575,0.911111111111,0
