user,id,mealScore,mealScore_pdf,mealScore_cdf,equipmentScore,equipmentScore_pdf,equipmentScore_cdf,roomScore,roomScore_pdf,roomScore_cdf,serviceScore,serviceScore_pdf,serviceScore_cdf,bathScore,bathScore_pdf,bathScore_cdf,distanceScore,distanceScore_pdf,distanceScore_cdf,locationScore,locationScore_pdf,locationScore_cdf,chargeScore,chargeScore_pdf,chargeScore_cdf
6,101,0.6975,4.07009607488,0.3189712298062542,0.655,0.980652160136,0.09922104135428464,0.6000000000000001,0.442737036201,0.03827405364840936,0.73,4.58641855035,0.28838042716753376,0.625,2.72779225354,0.17474749105528653,0.9797530864197531,1.5600755689,0.9632343491146783,0.9400000000000001,2.35517180885,0.9024032876411914,0.9297100057614741,3.43647374751,0.8922872359600814
6,192,0.6675,3.21251869692,0.20899124959439863,0.63,0.917336274066,0.07720327579673174,0.6775,1.29124480149,0.09629877419556082,0.66,2.01660663533,0.0757372467017247,0.5325,0.555336363577,0.041034977371864886,0.755061728395061,1.72815936296,0.09501310871445381,0.745,2.19413949391,0.16752323031068048,0.8213942769348951,4.29231969932,0.4149967726020449
6,223,0.5825,0.909039145394,0.044930186650368145,0.6375000000000001,0.8550792073,0.08381948482967351,0.605,0.46360004544,0.040539011709447556,0.6775,2.43878698551,0.11481744290781581,0.5575,0.886161680577,0.0586556051159137,0.8103703703703701,3.95065887582,0.2622691831059741,0.605,0.291543816156,0.010556868557864162,0.8713654695602071,4.4222151504,0.6384066258420298
6,388,0.7825000000000001,3.77373410327,0.6833581279092693,0.7575000000000001,7.61086779018,0.5471733529145252,0.7675000000000001,5.35862339097,0.36719202217210745,0.7675000000000001,6.30351146094,0.4993717810186098,0.675,3.78277280876,0.34259211232497483,0.851358024691358,4.29680470556,0.4304194536231704,0.915,3.46072794623,0.8298297835377201,0.713885154599577,0.743332059567,0.15882634558250278
6,398,0.847499999999999,1.97470395168,0.8694475628061639,0.635,0.870264720377,0.08166413637152012,0.6325000000000001,0.632903881218,0.05536164803256914,0.66,2.01660663533,0.0757372467017247,0.545,0.696842259539,0.04881603814111017,0.720493827160493,0.663907722203,0.05697262066267826,0.61,0.326961231852,0.012101881470053035,0.8828884194353751,4.450662417,0.6894235897136114
6,462,0.7075,4.26982234201,0.3607176126848923,0.7975000000000001,4.69648857343,0.8050425534064423,0.68,1.34867983522,0.09959811785248614,0.8300000000000001,3.14606367422,0.8161404585541339,0.64,3.16481800723,0.2190252893975613,0.810864197530864,3.95689075605,0.2642216744038963,0.79,3.25587779363,0.28811929005147446,0.965469560207413,1.11653360835,0.9688629261122084
6,509,0.8225,2.64001852282,0.8119756115287013,0.6375000000000001,0.8550792073,0.08381948482967351,0.6950000000000001,1.75433508455,0.12273398863263867,0.6950000000000001,2.88725348069,0.16122397244017406,0.5125000000000001,0.404262647004,0.03156791247775631,0.9125925925925921,5.05113802743,0.7284716498204513,0.919999999999999,3.2373254947,0.8465761524587864,0.6792778951411561,0.528140658057,0.13807013938410276
6,568,0.5675,0.690857471878,0.03299735006714696,0.685,2.41103028138,0.14607693507628683,0.6625,0.999330002249,0.079227306036759,0.7975000000000001,5.32179455966,0.6791872906958498,0.865,1.36499629655,0.9287947510123813,0.9432098765432091,3.77343603261,0.8667641978526062,0.9450000000000001,2.14894526313,0.9136600654640964,0.786863837142308,3.1172214523,0.2848837941595158
6,570,0.857499999999999,1.74095258413,0.8880086225145121,0.754999999999999,7.63365038897,0.528112415810487,0.8625,3.33168686812,0.8950868488472259,0.7825000000000001,6.08631233071,0.593088668127782,0.735,3.52371954928,0.5667595986962239,0.946172839506172,3.59458205281,0.8776811466988296,0.8775000000000001,4.76708662099,0.6726319604098069,0.765700019204916,2.2054068507,0.22860834013680142
6,610,0.8225,2.64001852282,0.8119756115287013,0.6875,2.60100167804,0.15233989639807635,0.7825000000000001,6.06358490565,0.4531865341392332,0.725,4.27423740727,0.266233664091494,0.615,2.41063190651,0.14904681502060163,0.899753086419753,5.16891154206,0.6625873831380704,0.9175000000000001,3.34939719414,0.8383426343731715,0.880929517956596,4.43821103374,0.6807178460468762
6,630,0.7725000000000001,4.01508093963,0.6443862791327697,0.6375000000000001,0.8550792073,0.08381948482967351,0.74,3.74609064367,0.24187161673642832,0.68,2.49639789695,0.12098629084429073,0.5575,0.886161680577,0.0586556051159137,0.7629629629629631,2.11958863743,0.11019042769913398,0.6875,1.25216926148,0.06911069809099941,0.9405031688112151,2.5857408063,0.9247982450469081
6,658,0.63,2.00353148138,0.11155526801335658,0.54,0.158080826373,0.001992563349796575,0.59,0.406414753286,0.034033478617480434,0.5775,0.121240405889,0.002015983635079163,0.47750000000000004,0.26456652728,0.02016133428989733,0.65679012345679,0.339238205463,0.02868355981728806,0.665,0.920618697821,0.04472920618330491,0.656270405223737,0.550420370162,0.12579939284996317
6,659,0.62,1.71995545313,0.0929594271007353,0.5925,1.15135184456,0.03556366348319204,0.645,0.755971121657,0.06400398032171972,0.6125,0.629301201123,0.013378903670265951,0.47750000000000004,0.26456652728,0.02016133428989733,0.622222222222222,0.257573603784,0.018355291858422308,0.65,0.723069513189,0.03243039384371557,0.531745726906087,0.595569285287,0.0448669060827215
6,716,0.8025,3.21952728751,0.7533997734702882,0.715,5.16993492248,0.2577215185058865,0.8325,5.45270533805,0.7623221887156271,0.7225,4.1236412292,0.2557372601911996,0.645,3.29274168767,0.2351737071060107,0.819259259259259,4.03194876161,0.29779141061683295,0.735,2.01713231313,0.14647672249239643,0.7945073938928361,3.4356789861,0.3099394951736345
6,767,0.7325,4.4935991183,0.47113095470396704,0.6625,1.18698755864,0.10728745489761578,0.7000000000000001,1.91522923752,0.1319021490282063,0.6950000000000001,2.88725348069,0.16122397244017406,0.5975,1.85797451998,0.1117410427847608,0.9007407407407401,5.16876141693,0.6676925220223744,0.8725,4.85186797748,0.6485732493301052,0.7599385442673321,1.97194254795,0.21658033249102088
6,839,0.735,4.49264267524,0.48236464698431836,0.7875000000000001,5.69170628883,0.7530821002712111,0.845,4.62270635861,0.8254504210348267,0.8150000000000001,4.11479413568,0.7619090868719498,0.7275,3.59093282299,0.5400818047698687,1.0,0.723487962523,0.9856494920143064,0.925,3.01244171458,0.8622005844159728,0.782024198194737,2.90823261795,0.2703018451075587
6,858,0.5675,0.690857471878,0.03299735006714696,0.635,0.870264720377,0.08166413637152012,0.65,0.816200011252,0.06793154955953414,0.61,0.571773267291,0.01187826225032577,0.5525,0.804158273584,0.05443341488108784,0.631604938271604,0.280118712883,0.020877819880131685,0.6475000000000001,0.692500892939,0.030661081082280727,0.7714614941425001,2.44912429692,0.24201285838355172
6,864,0.75,4.39958329543,0.549239501197586,0.6375000000000001,0.8550792073,0.08381948482967351,0.71,2.28037249829,0.15283032873968114,0.6900000000000001,2.74358586542,0.14715442680464538,0.5625,0.976999415772,0.06330976306658956,0.899753086419753,5.16891154206,0.6625873831380704,0.919999999999999,3.2373254947,0.8465761524587864,0.8713654695602071,4.4222151504,0.6384066258420298
6,922,0.4525,0.0561783619597,0.001870592274847656,0.595,1.1741278469,0.03847198107039685,0.5750000000000001,0.360543361637,0.028290592228616553,0.605,0.46701072528,0.009287085175952493,0.454999999999999,0.20940185166,0.014855063607370617,0.5837037037037031,0.169236890205,0.010171437695968498,0.6825,1.17581064159,0.06304124068241199,0.9174188592279621,4.22277584843,0.8448514296709881
6,930,0.7125,4.34756066193,0.3822675595873768,0.75,7.60299792685,0.48997856259115047,0.7925000000000001,6.34988446741,0.5154033054644451,0.78,6.16585169236,0.5777700887073798,0.685,3.82990542877,0.3807022345144516,0.750123456790123,1.50586621879,0.0870362909591078,0.885,4.59097128549,0.7077598989613093,0.56024582293067,0.677100458117,0.06313006503983608
6,995,0.7875000000000001,3.64200015676,0.7019000368613642,0.51,0.0128694216832,0.00011925110141524929,0.5325,0.247326353024,0.015403548937792133,0.5775,0.121240405889,0.002015983635079163,0.52,0.452048124024,0.03477335975155013,0.7664197530864191,2.29956211129,0.1178275602046285,0.65,0.723069513189,0.03243039384371557,0.8674860764355671,4.43495533389,0.6212292544320007
6,996,0.625,1.85850309371,0.10190277206451422,0.6000000000000001,1.1980801258,0.04441462583806386,0.6375000000000001,0.677773161031,0.05863607781341054,0.65,1.73467767738,0.05695312950362383,0.5325,0.555336363577,0.041034977371864886,0.8390123456790121,4.14173058627,0.37843693629578457,0.725,1.84931192155,0.12715014335558586,0.8703668139043591,4.42462698363,0.6339892063596451
6,1119,0.5,0.178146075439,0.006979377089035389,0.545,0.217963173634,0.002926840236854021,0.58,0.375047717385,0.030129319641573046,0.6000000000000001,0.376158452605,0.007184936592922119,0.5075000000000001,0.377075957603,0.029615969823700735,0.8874074074074071,5.06432387863,0.599230011873556,0.7325,1.97450954289,0.1414872799308505,0.8574227002112541,4.49187941857,0.5763250030853359
6,1128,0.8700000000000001,1.47823878845,0.9080943128184484,0.6925,3.00970751274,0.16635125004295537,0.6775,1.29124480149,0.09629877419556082,0.7425,5.37059812187,0.3506631563420347,0.6025,2.01223430085,0.12141468597682485,0.7935802469135801,3.56604068262,0.19866585516704416,0.7725000000000001,2.77676331849,0.23546593668890983,0.858882273862108,4.4831617065,0.5828749022056539
6,1186,0.5750000000000001,0.793308938532,0.038555062388669466,0.6175,1.08055372045,0.06473821270106399,0.6625,0.999330002249,0.079227306036759,0.7225,4.1236412292,0.2557372601911996,0.65,3.40909939921,0.2519334163050832,0.712592592592592,0.564211995745,0.052146037448344826,0.67,0.991227678251,0.049507944955105694,0.7987708853466481,3.60333851275,0.32494797595562874
6,1356,0.79,3.57399533648,0.7109202973603406,0.774999999999999,6.79212360263,0.674770028471638,0.8125,6.31209861146,0.6434665276953109,0.7575000000000001,6.09623350669,0.43714953246570076,0.73,3.56817006202,0.5490306356157004,0.8316049382716041,4.09250642893,0.3479549939230351,0.925,3.01244171458,0.8622005844159728,0.704513155367774,0.639604398441,0.1523784915771363
6,1357,0.76,4.26069342362,0.592588116453218,0.78,6.38625012836,0.7077398126254317,0.8075000000000001,6.40318398526,0.6116556742171019,0.8025,4.9911643709,0.7049794786583501,0.72,3.65934110352,0.5128925127005258,0.6083950617283951,0.224652667975,0.015022219376037085,0.835,4.62426679706,0.46636765619037757,0.283887075091223,0.00265079168955,6.565547303166806e-05
6,1386,0.5825,0.909039145394,0.044930186650368145,0.7025,3.92455126041,0.20092797118372988,0.7425,3.89031450209,0.2514166265050026,0.6975,2.96654248666,0.16854007164579526,0.6525000000000001,3.46252941883,0.2605236372478451,0.866666666666666,4.61811388134,0.4985181927178199,0.8600000000000001,4.94135039027,0.5871809963016094,0.694680238140964,0.571480917883,0.14645492710988275
6,1404,0.75,4.39958329543,0.549239501197586,0.6725,1.61951061703,0.12116885794574588,0.7875000000000001,6.22915731849,0.4839359500925884,0.6725,2.32394706631,0.10291016436278348,0.77,3.28979722518,0.6856249135691042,0.575802469135802,0.152943494715,0.008899167920002145,0.75,2.28783724039,0.17872645654931732,0.41317457269060803,0.1172008236,0.004595065597228685
6,1500,0.6875,3.81933899354,0.27948606508777935,0.5675,0.654635231124,0.012285379967587275,0.5825,0.382550929057,0.031076278424308507,0.73,4.58641855035,0.28838042716753376,0.387499999999999,0.0918574559244,0.004995791506938243,0.8859259259259251,5.04048950207,0.5917447184421512,0.9375,2.46126232349,0.8963831245952687,0.9097753024774341,4.49238237755,0.8114233162441313
6,1501,0.55,0.496433885004,0.0226925707936658,0.505,0.00770988233429,6.879156419395247e-05,0.6025,0.452903168861,0.039393498663717795,0.6425000000000001,1.50488374519,0.04479760052204782,0.4,0.109540983456,0.0062525596709322685,0.775308641975308,2.76427793472,0.14034164121451176,0.9450000000000001,2.14894526313,0.9136600654640964,0.8521605531015941,4.51905242717,0.5526127287669234
6,1511,0.6075,1.40439660883,0.07347930333576148,0.52,0.0331271018175,0.000335403348734001,0.54,0.266855404901,0.017331647616112292,0.6125,0.629301201123,0.013378903670265951,0.5925,1.70891462348,0.1028262623877706,0.724444444444444,0.729630906144,0.059721396830242114,0.8700000000000001,4.88392181699,0.6364020541810662,0.8636450931438441,4.45457315227,0.6041586578825626
6,1556,0.705,4.22522690345,0.35009802654207495,0.6625,1.18698755864,0.10728745489761578,0.705,2.09032538486,0.14190995453964217,0.675,2.38150061145,0.10879208702518584,0.6525000000000001,3.46252941883,0.2605236372478451,0.675555555555555,0.382718319958,0.03545300276384904,0.7825000000000001,3.03944855273,0.264521690884623,0.788745918955252,3.19728496447,0.2908261384389202
6,1630,0.8525,1.85524412241,0.8790203086438734,0.6325000000000001,0.891357298443,0.07946323626771684,0.6825,1.40885955962,0.10304446053178325,0.6525000000000001,1.80821694963,0.06138213324157144,0.6075,2.17023866661,0.13186963720265116,0.6335802469135801,0.2848528877,0.021435817987059187,0.64,0.605240479951,0.025798792152454612,0.888611484540042,4.50030141785,0.7150296080528347
6,1667,0.75,4.39958329543,0.549239501197586,0.6625,1.18698755864,0.10728745489761578,0.6175,0.526972900975,0.046711168730683476,0.68,2.49639789695,0.12098629084429073,0.49,0.303461378114,0.023702876797329072,0.902222222222222,5.1658800063,0.6753482095037168,0.8,3.56593144168,0.3222111297324227,0.660072978682542,0.542378140759,0.1278767484260676
6,1680,0.784999999999999,3.708639109,0.6927114347401438,0.6950000000000001,3.22734200532,0.17414582795912306,0.7275,3.06968912191,0.19935917735294606,0.7925000000000001,5.62259225994,0.6518112644746147,0.6975,3.81666962885,0.4285685138502403,0.875061728395061,4.81789408664,0.5381296805049505,0.8700000000000001,4.88392181699,0.6364020541810662,0.8974841559439211,4.57687944418,0.7553275665722907
6,1725,0.615,1.58831778799,0.08469169269726064,0.6000000000000001,1.1980801258,0.04441462583806386,0.6475000000000001,0.785227990254,0.06593012938955563,0.685,2.61522598212,0.13376257947333375,0.625,2.72779225354,0.17474749105528653,0.760987654320987,2.01855293493,0.10610364590785155,0.7425,2.14873380073,0.16209482181396082,0.84251968503937,4.53244545339,0.5089324034135966
6,1764,0.7725000000000001,4.01508093963,0.6443862791327697,0.67,1.49438463896,0.11727884230078829,0.7425,3.89031450209,0.2514166265050026,0.7075,3.34619240901,0.2000146566744978,0.645,3.29274168767,0.2351737071060107,0.880987654320987,4.94811266872,0.5670739852099019,0.857499999999999,4.93804239455,0.5748303039985004,0.7307470712502401,1.04748352846,0.17369567895531704
6,1770,0.635,2.15445468691,0.12194792061718879,0.5775,0.890581118252,0.02002200884185983,0.64,0.702315329323,0.06036088336719328,0.6025,0.419851986799,0.008179232426003583,0.5525,0.804158273584,0.05443341488108784,0.722962962962963,0.703591901466,0.058659963475033494,0.835,4.62426679706,0.46636765619037757,0.785327443825619,3.05128239062,0.28014511052254026
6,1799,0.8250000000000001,2.56929752104,0.8184871125869324,0.8400000000000001,1.58030116407,0.9289540003163361,0.885,1.84986095453,0.9526550972900283,0.81,4.46663366845,0.7404577286156943,0.8500000000000001,1.79403209365,0.9051627819112461,0.7614814814814811,2.04365379681,0.10710665525900231,0.8,3.56593144168,0.3222111297324227,0.434415210293835,0.178594605402,0.007705517866943529
6,1872,0.6075,1.40439660883,0.07347930333576148,0.6075,1.18099787674,0.053374100931154224,0.6475000000000001,0.785227990254,0.06593012938955563,0.66,2.01660663533,0.0757372467017247,0.52,0.452048124024,0.03477335975155013,0.7866666666666661,3.30219507788,0.1748902022442067,0.9475,2.04916055374,0.9189072082785071,0.683272517764547,0.533364637369,0.14018908849091827
6,1927,0.5,0.178146075439,0.006979377089035389,0.5775,0.890581118252,0.02002200884185983,0.5775,0.367720475565,0.0292008932692627,0.66,2.01660663533,0.0757372467017247,0.52,0.452048124024,0.03477335975155013,0.8172839506172841,4.01867812419,0.28983982771814637,0.8400000000000001,4.73308576084,0.48976883486175365,0.814518916842711,4.12561310907,0.3860346742850266
6,1996,0.62,1.71995545313,0.0929594271007353,0.525,0.0510326451459,0.0005430608997270628,0.495,0.154903883692,0.00790110858742835,0.67,2.2656016994,0.09717301366987088,0.6000000000000001,1.93454064685,0.11648143303092576,0.7866666666666661,3.30219507788,0.1748902022442067,0.7325,1.97450954289,0.1414872799308505,0.8560015363933161,4.50002407623,0.5699354687230851
6,1997,0.7775000000000001,3.89857370062,0.6641741858810815,0.6625,1.18698755864,0.10728745489761578,0.685,1.47187867858,0.10664478173363591,0.6900000000000001,2.74358586542,0.14715442680464538,0.59,1.63673161277,0.09864455536707438,0.493827160493827,0.0395197233431,0.001712674846662819,0.67,0.991227678251,0.049507944955105694,0.8905703860188201,4.51961520453,0.7238641422951742
6,2335,0.75,4.39958329543,0.549239501197586,0.5825,0.996725365695,0.02474604316032143,0.64,0.702315329323,0.06036088336719328,0.675,2.38150061145,0.10879208702518584,0.485,0.286893643501,0.02222762516059847,0.884444444444444,5.01473798032,0.5842961749848868,0.6900000000000001,1.29076112516,0.07228930895924604,0.9059343191857111,4.55851923942,0.7940272973138414
6,2465,-0.25,1.48085626445e-22,1.3503974440025102e-24,0.7775000000000001,6.59634258537,0.6915088100062035,0.6675,1.08715930961,0.08443980516989312,0.7225,4.1236412292,0.2557372601911996,0.555,0.844077019149,0.05649326294283832,0.8153086419753081,4.00305811209,0.28191669863161944,0.7225,1.8082635914,0.12257823226565386,0.937007874015748,2.86106330985,0.9152812000458703
6,2605,-0.25,1.48085626445e-22,1.3503974440025102e-24,0.3025,1.54025819828e-10,1.7157530208654055e-12,0.339999999999999,0.00390589998948,0.00010840511476161089,0.339999999999999,8.61288675038e-09,1.1621867526153797e-10,0.355,0.0548296745112,0.002647059699739061,0.803456790123456,3.83539701354,0.2353227962709512,0.59,0.202485300224,0.006882734832095072,0.8767428461686191,4.42195120306,0.6621756567915388
6,2876,0.6075,1.40439660883,0.07347930333576148,0.794999999999999,4.94649640018,0.7929891177931803,0.8174999999999991,6.16771586267,0.6746877424056195,0.8400000000000001,2.62098034387,0.8448854838236022,0.889999999999999,0.81228695159,0.955508318215856,0.886913580246913,5.05660189017,0.5967310084893386,0.9550000000000001,1.76477969546,0.9331949111478912,0.602458229306702,0.683909566697,0.09235821166061427
6,2877,0.6875,3.81933899354,0.27948606508777935,0.75,7.60299792685,0.48997856259115047,0.6725,1.18424467247,0.09011432406309229,0.635,1.26865789995,0.034396149380322046,0.635,3.02685138286,0.20354227601802116,0.845432098765432,4.20931026444,0.40522826980438853,0.8075000000000001,3.80827383373,0.3498616258535166,0.748454004225081,1.55055366471,0.19641634667419375
6,2958,0.6825,3.67838082331,0.2607379781091055,0.59,1.12170564731,0.0327209514544696,0.5325,0.247326353024,0.015403548937792133,0.65,1.73467767738,0.05695312950362383,0.7475,3.42425794084,0.6101638786587447,0.9797530864197531,1.5600755689,0.9632343491146783,0.8775000000000001,4.76708662099,0.6726319604098069,0.8905703860188201,4.51961520453,0.7238641422951742
6,4771,0.6025,1.29097513079,0.06674394510284738,0.635,0.870264720377,0.08166413637152012,0.705,2.09032538486,0.14190995453964217,0.705,3.24107969741,0.191782052853636,0.5175000000000001,0.435090949889,0.03366466306163646,0.79753086419753,3.68936410112,0.2130043598718884,0.8975000000000001,4.18540635927,0.762742230981363,0.7637795275590551,2.1262559527,0.22444907372656803
6,4778,0.7875000000000001,3.64200015676,0.7019000368613642,0.7125,4.91873083762,0.24511041750953433,0.774999999999999,5.74390966885,0.40886019161741527,0.6875,2.67785118908,0.14037835422388822,0.6575000000000001,3.55921720477,0.2780837841110854,0.941234567901234,3.88929598337,0.859195577915072,0.9400000000000001,2.35517180885,0.9024032876411914,0.594814672556174,0.693106429069,0.08709286723369689
6,4801,0.7075,4.26982234201,0.3607176126848923,0.625,0.979513415787,0.07246554524266954,0.64,0.702315329323,0.06036088336719328,0.735,4.90521254005,0.31210898311422486,0.6725,3.76201649642,0.3331603558008124,0.8103703703703701,3.95065887582,0.2622691831059741,0.764999999999999,2.59932761153,0.2153157120809518,0.8214326867678121,4.29313208108,0.4151616554905768
6,4805,0.7675000000000001,4.12183537544,0.624039633701561,0.74,7.24933140615,0.41540633874887556,0.8400000000000001,4.97231401348,0.8014551938320925,0.7725000000000001,6.30218058967,0.530916188421441,0.6975,3.81666962885,0.4285685138502403,0.940246913580246,3.94606058188,0.8553261986735738,0.9125000000000001,3.57092837083,0.8210399362411744,0.7753024774342231,2.61524205885,0.2517382845605374
6,4819,0.6025,1.29097513079,0.06674394510284738,0.6725,1.61951061703,0.12116885794574588,0.715,2.48598057055,0.16473962721441404,0.6725,2.32394706631,0.10291016436278348,0.56,0.930457033336,0.06092591382290635,0.884444444444444,5.01473798032,0.5842961749848868,0.7225,1.8082635914,0.12257823226565386,0.8751680430190121,4.41964383119,0.655214042127927
6,4977,0.64,2.31052453691,0.13310840173516245,0.725,6.13473131576,0.3143230862114277,0.685,1.47187867858,0.10664478173363591,0.71,3.45850198573,0.20851901624333105,0.705,3.77821362515,0.4570611986192849,0.7970370370370371,3.67508814389,0.21118596314325883,0.8500000000000001,4.88737767911,0.5379475966933371,0.7945073938928361,3.4356789861,0.3099394951736345
6,5024,0.67,3.293423549,0.21712386944323186,0.6525000000000001,0.933663004939,0.09683035918800427,0.7625000000000001,5.07693534831,0.3410967743156311,0.7000000000000001,3.05161577877,0.17606150733048376,0.495,0.321710901647,0.025265039132570742,0.9032098765432091,5.16215317165,0.680448592950951,0.7425,2.14873380073,0.16209482181396082,0.9289802189360471,3.4917989315,0.8897591130373277
6,5041,0.75,4.39958329543,0.549239501197586,0.454999999999999,2.24892034909e-05,2.6546330872622025e-07,0.47750000000000004,0.117907766777,0.005521633754079464,0.41000000000000003,1.22903232929e-06,1.7334866232407613e-08,0.36250000000000004,0.0622346761414,0.0030856329988013503,0.8246913580246911,4.06038316078,0.31977457534374293,0.6375000000000001,0.577683562898,0.024320299360075875,0.7061647781832141,0.654912872789,0.15344735333817905
6,5303,0.25,2.45246822334e-05,4.7018039427709194e-07,0.47250000000000003,0.000167529707434,1.4924367699064876e-06,0.5,0.166374181975,0.008704154976346737,0.75,5.78198910298,0.3925329861334323,0.6950000000000001,3.82491694966,0.4190160045654209,0.78716049382716,3.32292389079,0.1765260451896489,0.8600000000000001,4.94135039027,0.5871809963016094,0.865603994622623,4.44391501833,0.6128741053985693
6,5309,0.6950000000000001,4.01177191464,0.3088682452887533,0.6900000000000001,2.80072799104,0.15909007497147581,0.6950000000000001,1.75433508455,0.12273398863263867,0.6975,2.96654248666,0.16854007164579526,0.585,1.49772864805,0.0908115161281399,0.9041975308641971,5.15695600657,0.6855445711945626,0.7675000000000001,2.65668371984,0.22188536433318573,0.8444785865181481,4.53482503927,0.517813828920167
6,5385,0.7625000000000001,4.21746246422,0.6031864751248653,0.5875,1.08563936143,0.029960489231286726,0.6000000000000001,0.442737036201,0.03827405364840936,0.6075,0.517656772167,0.010517193227042912,0.5075000000000001,0.377075957603,0.029615969823700735,0.9446913580246911,3.6847008554,0.8722889253642874,0.8425,4.78009994628,0.501661408288271,0.9020933358939881,4.58501991014,0.7764557890133741
6,5562,0.6875,3.81933899354,0.27948606508777935,0.774999999999999,6.79212360263,0.674770028471638,0.8200000000000001,6.07644783546,0.68999551472906,0.8025,4.9911643709,0.7049794786583501,0.7575000000000001,3.35944376698,0.6440720717855554,0.9111111111111111,5.07798969597,0.7209681544436001,0.9575,1.67532083516,0.9374944612137228,0.256769733051661,0.000916799601848,2.1030871087693768e-05
6,5627,0.6675,3.21251869692,0.20899124959439863,0.5225000000000001,0.0412574585787,0.00042806526674457336,0.66,0.958689752257,0.0767802228062213,0.59,0.234452638782,0.00417451958950899,0.5675,1.07692310021,0.06844075158836531,0.7688888888888881,2.42939837519,0.12366568800204479,0.59,0.202485300224,0.006882734832095072,0.8681774534280771,4.43206427858,0.6242944674617001
6,5729,0.5,0.178146075439,0.006979377089035389,0.5225000000000001,0.0412574585787,0.00042806526674457336,0.545,0.279936432728,0.01869861004048556,0.5,0.000833911028382,1.1788428369362612e-05,0.41000000000000003,0.125032061192,0.007424445249130772,0.826172839506172,4.06707124654,0.3257949326252142,0.6375000000000001,0.577683562898,0.024320299360075875,0.696216631457653,0.579723153374,0.1473391727592273
6,7055,0.8075000000000001,3.07405535544,0.769134090525887,0.47250000000000003,0.000167529707434,1.4924367699064876e-06,0.5675,0.339692414349,0.02566525321884294,0.54,0.0122048854594,0.00018327716020264103,0.464999999999999,0.232248009021,0.017061530605736296,0.7412345679012341,1.16297409946,0.07523275320376416,0.6375000000000001,0.577683562898,0.024320299360075875,0.8713654695602071,4.4222151504,0.6384066258420298
6,7341,0.5,0.178146075439,0.006979377089035389,0.6125,1.13924426128,0.0591833089928773,0.754999999999999,4.6340430462,0.3046705836728954,0.7000000000000001,3.05161577877,0.17606150733048376,0.6025,2.01223430085,0.12141468597682485,0.8864197530864191,5.04865516164,0.5942358741618301,0.7675000000000001,2.65668371984,0.22188536433318573,0.8636835029767621,4.45435413376,0.6043297530857459
6,7342,0.59,1.03922825206,0.052226810422338336,0.545,0.217963173634,0.002926840236854021,0.56,0.319498754241,0.0231935774949761,0.5875,0.206673471134,0.0036237020124859232,0.52,0.452048124024,0.03477335975155013,0.9061728395061721,5.14207336025,0.6957174449668764,0.847499999999999,4.85756209006,0.5257651334002449,0.8137507201843671,4.10444006872,0.38287349300577
6,7343,0.6325000000000001,2.07829915359,0.11665725757175749,0.6875,2.60100167804,0.15233989639807635,0.715,2.48598057055,0.16473962721441404,0.7075,3.34619240901,0.2000146566744978,0.665,3.67736297947,0.305241609303723,0.9619753086419751,2.59428681596,0.9266182783034193,0.9125000000000001,3.57092837083,0.8210399362411744,0.8559631265603991,4.50023788919,0.5697626194427405
6,7588,0.6025,1.29097513079,0.06674394510284738,0.6725,1.61951061703,0.12116885794574588,0.6175,0.526972900975,0.046711168730683476,0.6950000000000001,2.88725348069,0.16122397244017406,0.845,1.94441992123,0.8958171146176259,0.958024691358024,2.84534668499,0.9158743663339507,0.8150000000000001,4.05093480794,0.3793361967934644,0.8559631265603991,4.50023788919,0.5697626194427405
6,7599,0.75,4.39958329543,0.549239501197586,0.5625,0.53836902591,0.009305430294139556,0.5675,0.339692414349,0.02566525321884294,0.6000000000000001,0.376158452605,0.007184936592922119,0.5325,0.555336363577,0.041034977371864886,0.9456790123456791,3.62476448743,0.8758985863454418,0.9500000000000001,1.95179297913,0.9239078830860453,0.8646437487996921,4.44899908069,0.60860443758576
6,7903,0.75,4.39958329543,0.549239501197586,0.6425000000000001,0.846073755099,0.08805956598409186,0.645,0.755971121657,0.06400398032171972,0.68,2.49639789695,0.12098629084429073,0.5375,0.606787232892,0.043937601604709914,0.6716049382716051,0.373225069904,0.03395991174148419,0.64,0.605240479951,0.025798792152454612,0.8857307470712501,4.47335215707,0.7021049195328539
6,8207,0.6625,3.04845519402,0.19333778855257902,0.7375,7.10568627198,0.39745838637391384,0.6575000000000001,0.920130849227,0.07443212285214884,0.6975,2.96654248666,0.16854007164579526,0.54,0.635009577255,0.04548948692365626,0.7046913580246911,0.497065922451,0.047971066209497155,0.7775000000000001,2.90430743392,0.24966545309563778,0.8859612060687531,4.47539055619,0.7031360781824072
6,8290,0.8925000000000001,1.08523512892,0.9367489830371988,0.7825000000000001,6.16398338026,0.7234299139115805,0.8325,5.45270533805,0.7623221887156271,0.77,6.31190115939,0.5151448078934174,0.75,3.40686049541,0.6187025986376149,0.8898765432098761,5.09936420176,0.6117790326054872,0.8300000000000001,4.49832522317,0.4435547163359905,0.783022853850585,2.9516245481,0.2732278431653268
6,8961,0.535,0.370389437799,0.016232176881693147,0.6325000000000001,0.891357298443,0.07946323626771684,0.6025,0.452903168861,0.039393498663717795,0.6625,2.08175092217,0.08086063848482505,0.5325,0.555336363577,0.041034977371864886,0.835555555555555,4.11566080316,0.36416672022467533,0.9075000000000001,3.7863222807,0.8026435709552093,0.73309007105819,1.103041788,0.1762143607676745
6,9191,0.5825,0.909039145394,0.044930186650368145,0.605,1.19336651122,0.05040484151594846,0.63,0.612435175906,0.05380523503308589,0.685,2.61522598212,0.13376257947333375,0.5925,1.70891462348,0.1028262623877706,0.28098765432098705,8.91563873118e-05,2.2639253518918683e-06,0.6825,1.17581064159,0.06304124068241199,0.8905319761859031,4.51923633903,0.723690551905992
6,9518,0.75,4.39958329543,0.549239501197586,0.625,0.979513415787,0.07246554524266954,0.725,2.94504992186,0.1918415555722351,0.7000000000000001,3.05161577877,0.17606150733048376,0.675,3.78277280876,0.34259211232497483,0.919012345679012,4.89384843501,0.7604293018009549,0.8500000000000001,4.88737767911,0.5379475966933371,0.8706740925676971,4.42381484276,0.6353486734877496
6,10630,0.58,0.868911737911,0.04270807866255669,0.6675,1.38058021563,0.1136874989518572,0.7225,2.824306405,0.18463068031094207,0.7275,4.42886374644,0.2771118099909667,0.7075,3.76153748901,0.4664862355145845,0.7698765432098761,2.48137901814,0.12609076633878516,0.867499999999999,4.90893440776,0.6241595091442795,0.6800845016324181,0.528907236083,0.13849644083185658
6,10672,-0.25,1.48085626445e-22,1.3503974440025102e-24,0.535,0.111496896239,0.0013238336442556015,0.6425000000000001,0.728357475228,0.0621489044351158,0.6075,0.517656772167,0.010517193227042912,0.5,0.341985686233,0.026923358324027518,0.72395061728395,0.720758919196,0.05936328389562636,0.9275,2.90032742327,0.869591442654265,0.8137507201843671,4.10444006872,0.38287349300577
6,11039,0.715,4.38048782909,0.3931784621463489,0.7625000000000001,7.49010565529,0.5849669990495152,0.8425,4.79981305901,0.8136714116080025,0.735,4.90521254005,0.31210898311422486,0.72,3.65934110352,0.5128925127005258,0.0,9.50042437466e-11,1.5372419568060422e-12,0.8125,3.97055706537,0.36930916375814044,0.7560975609756091,1.8237827574,0.20929279198895243
6,11140,0.5275000000000001,0.318648755499,0.013652512155765505,0.5775,0.890581118252,0.02002200884185983,0.6325000000000001,0.632903881218,0.05536164803256914,0.6975,2.96654248666,0.16854007164579526,0.55,0.766353137667,0.05247071004962054,0.245432098765432,2.24014987303e-05,5.310555025776623e-07,0.7825000000000001,3.03944855273,0.264521690884623,0.865565584789706,4.44411245425,0.612703411575154
6,11230,0.6825,3.67838082331,0.2607379781091055,0.6725,1.61951061703,0.12116885794574588,0.6950000000000001,1.75433508455,0.12273398863263867,0.74,5.21927379101,0.3374247398269169,0.6125,2.33034558356,0.14312058534191446,0.8301234567901231,4.0851159493,0.34189756153326667,0.8975000000000001,4.18540635927,0.762742230981363,0.7756865757633951,2.63194966983,0.25274600294869354
6,11275,0.8250000000000001,2.56929752104,0.8184871125869324,0.7875000000000001,5.69170628883,0.7530821002712111,0.8775000000000001,2.29883125793,0.9371308238540746,0.8225,3.60782803389,0.790846792966701,0.8200000000000001,2.64537647685,0.8381217374813986,0.8740740740740741,4.79486358871,0.5333826178592155,0.8775000000000001,4.76708662099,0.6726319604098069,0.45938160169003206,0.272497033127,0.013290593929470065
6,12534,0.6900000000000001,3.88621038214,0.289118537063771,0.6475000000000001,0.870672700749,0.09233631675862503,0.6525000000000001,0.848959376628,0.07001261888962323,0.665,2.14482497269,0.08614427360355889,0.5625,0.976999415772,0.06330976306658956,0.895308641975308,5.15285444493,0.639640227022154,0.735,2.01713231313,0.14647672249239643,0.8021893604762821,3.73089420116,0.3374858259428941
6,14112,0.715,4.38048782909,0.3931784621463489,0.75,7.60299792685,0.48997856259115047,0.77,5.49289136897,0.380757479507797,0.754999999999999,6.00473042753,0.42202034026191426,0.705,3.77821362515,0.4570611986192849,0.869135802469135,4.67717538549,0.5099937534640752,0.8174999999999991,4.13031691731,0.38956300858278153,0.777222969080084,2.69888340326,0.25684111290422085
6,15812,0.5475,0.47309806527,0.0214808647305407,0.5750000000000001,0.833213480614,0.017866825629939888,0.5675,0.339692414349,0.02566525321884294,0.62,0.821087045504,0.018800650688405487,0.5,0.341985686233,0.026923358324027518,0.8222222222222221,4.04853184421,0.3097633151533568,0.7125,1.64629473965,0.10530796553681294,0.7657384290378331,2.20700202731,0.22869308007921996
6,15877,0.375,0.00509449861702,0.00013317451460407315,0.47000000000000003,0.000123200367248,1.1319547740328263e-06,0.43999999999999906,0.0581769996437,0.0023067841601696177,0.545,0.0168713029873,0.00025535946571029713,0.4325,0.164103447713,0.010666360012084323,0.741728395061728,1.1799408151,0.07581124041346897,0.764999999999999,2.59932761153,0.2153157120809518,0.9789130017284421,0.707497874993,0.980905212942341
6,15878,0.6925,3.95041695686,0.2989148961373005,0.6975,3.45292718952,0.18249458883800718,0.7025,2.00095294741,0.13679662654676492,0.75,5.78198910298,0.3925329861334323,0.65,3.40909939921,0.2519334163050832,0.8696296296296291,4.68902730706,0.5123063960304528,0.8,3.56593144168,0.3222111297324227,0.769541002496639,2.36699375326,0.23738832255592748
6,16373,0.6675,3.21251869692,0.20899124959439863,0.6925,3.00970751274,0.16635125004295537,0.65,0.816200011252,0.06793154955953414,0.6925,2.8131534982,0.15409947834918547,0.5975,1.85797451998,0.1117410427847608,0.6641975308641971,0.356118732576,0.03125898145175513,0.7000000000000001,1.447242901,0.08597682765005338,0.880929517956596,4.43821103374,0.6807178460468762
6,17703,0.0,2.34896874654e-12,2.909894446962995e-14,0.635,0.870264720377,0.08166413637152012,0.76,4.93121373359,0.3285860540667287,0.605,0.46701072528,0.009287085175952493,0.42750000000000005,0.154919681336,0.00986892341207805,0.9827160493827161,1.41189100321,0.9676352008046646,0.595,0.229430079443,0.007961428233323357,0.9251008258114071,3.77174373315,0.8756614677644463
6,17743,0.5,0.178146075439,0.006979377089035389,0.6725,1.61951061703,0.12116885794574588,0.6825,1.40885955962,0.10304446053178325,0.665,2.14482497269,0.08614427360355889,0.6625,3.64166186824,0.29609205294594787,0.8755555555555551,4.82930333048,0.5405117076930308,0.784999999999999,3.10982169898,0.2722078970605125,0.8367966199347031,4.50753130095,0.48305094843749685
6,17938,0.5,0.178146075439,0.006979377089035389,0.3125,3.67738848352e-10,4.175000786585725e-12,0.262499999999999,0.000212425287755,4.75108783261362e-06,0.4375,9.07476056417e-06,1.2477776878936947e-07,0.4575,0.214918545283,0.015385439589651937,0.908148148148148,5.12109696342,0.7058549220407789,0.7125,1.64629473965,0.10530796553681294,0.9558671019781061,1.55716543145,0.9561460117486047
6,17979,0.7125,4.34756066193,0.3822675595873768,0.6525000000000001,0.933663004939,0.09683035918800427,0.6825,1.40885955962,0.10304446053178325,0.7325,4.74565811676,0.300045310228476,0.49,0.303461378114,0.023702876797329072,0.752592592592592,1.61445112188,0.09088743223457423,0.6775,1.10076235211,0.05735040866912014,0.87866333781448,4.42758969506,0.6706728922257088
6,18166,0.6125,1.52518370002,0.08080019348061153,0.5875,1.08563936143,0.029960489231286726,0.6625,0.999330002249,0.079227306036759,0.64,1.42633140025,0.04113346983629662,0.5625,0.976999415772,0.06330976306658956,0.997037037037037,0.819867391109,0.9833651987836675,0.8825000000000001,4.65589577698,0.6962000661729015,0.8275398502016511,4.40486005742,0.4417394249681499
6,18246,0.774999999999999,3.95795838079,0.6543530680667904,0.784999999999999,5.93173330781,0.7385514096661125,0.78,5.96574146387,0.43814791818326326,0.7525000000000001,5.89952733674,0.407137301035014,0.77,3.28979722518,0.6856249135691042,0.9624691358024691,2.56317236256,0.9278917218690383,0.8725,4.85186797748,0.6485732493301052,0.9107355483003641,4.46887816661,0.8157260550030949
6,18248,0.9175000000000001,0.752711142507,0.9595196353189318,0.7475,7.55003898578,0.47103212507456577,0.7725000000000001,5.62161341584,0.39465185754476995,0.8625,1.79971015435,0.8937969726475582,0.8174999999999991,2.7040629504,0.8314343405299998,0.8562962962962961,4.38771317219,0.45185640669001254,0.9075000000000001,3.7863222807,0.8026435709552093,0.9520261186863831,1.77773257834,0.9497498455561444
6,18270,0.645,2.47082942118,0.1450602332887081,0.6775,1.90341958809,0.12995760855418967,0.764999999999999,5.21968447981,0.3539682545980053,0.7425,5.37059812187,0.3506631563420347,0.6275000000000001,2.80486388939,0.18166357293102414,0.9501234567901231,3.3488562602,0.8913988431009859,0.7925000000000001,3.33136612736,0.29635302423049253,0.779181870558863,2.78434971422,0.2622116602522482
6,18297,0.75,4.39958329543,0.549239501197586,0.745,7.47278338266,0.4522486222065023,0.7525000000000001,4.48408884687,0.2932728515573168,0.745,5.51592486951,0.36427273253467335,0.7275,3.59093282299,0.5400818047698687,0.853333333333333,4.33131946585,0.43894063477649586,0.8525,4.91087950758,0.5501967593495122,0.7647397733819851,2.16567932449,0.22650970514773944
6,18311,0.75,4.39958329543,0.549239501197586,0.382499999999999,1.00320719912e-07,1.3150040365451173e-09,0.42000000000000004,0.0372802126135,0.0013639414098211556,0.58,0.139106496598,0.002340976595159375,0.41750000000000004,0.137412899649,0.00840821020978296,0.838024691358024,4.13362739881,0.3743503855075079,0.8300000000000001,4.49832522317,0.4435547163359905,0.814518916842711,4.12561310907,0.3860346742850266
6,18312,1.0,0.170362057593,0.9932448620802108,0.48250000000000004,0.000578575877313,4.810924494309356e-06,0.5275000000000001,0.234399491758,0.014199273176535515,0.6525000000000001,1.80821694963,0.06138213324157144,0.48250000000000004,0.27914690114,0.02152014317755904,0.7891358024691351,3.40306788407,0.1831697424562952,0.9025000000000001,3.99226930297,0.783192455188374,0.9389667754945261,2.70587713011,0.9207334647021039
6,18319,0.47750000000000004,0.105930848226,0.003841970942568418,0.485,0.000785792398921,6.503612849332629e-06,0.53,0.240851270918,0.01479333133956048,0.48250000000000004,0.000243866659713,3.363769409859886e-06,0.615,2.41063190651,0.14904681502060163,0.8538271604938271,4.34034409512,0.44108177990044056,0.7525000000000001,2.33633276848,0.1845064224755201,0.9348185135394661,3.03565783286,0.9088262314487445
6,18392,0.5775,0.830349703121,0.040584323439524284,0.5775,0.890581118252,0.02002200884185983,0.595,0.42379867112,0.036108435922575295,0.5975,0.33587283221,0.006295599373256603,0.52,0.452048124024,0.03477335975155013,0.655308641975308,0.335847971769,0.028183494904675394,0.725,1.84931192155,0.12715014335558586,0.812944113693105,4.08168070727,0.37957196784590497
6,18476,0.75,4.39958329543,0.549239501197586,0.7075,4.41652914305,0.22177414112106072,0.73,3.19811774733,0.20719316017549996,0.784999999999999,5.99106177191,0.608188552748504,0.6875,3.83320197488,0.3902817876594401,0.8730864197530861,4.7715943371,0.5286584236211388,0.8925000000000001,4.36242738553,0.7413652613884714,0.8598041098521221,4.47755600841,0.5870050615842438
6,18739,0.6875,3.81933899354,0.27948606508777935,0.6925,3.00970751274,0.16635125004295537,0.754999999999999,4.6340430462,0.3046705836728954,0.745,5.51592486951,0.36427273253467335,0.5875,1.56629658183,0.09464114726305593,0.7308641975308641,0.863759650502,0.0648167361819166,0.847499999999999,4.85756209006,0.5257651334002449,0.869829076243518,4.4261921767,0.6316095050445458
6,18763,-0.25,1.48085626445e-22,1.3503974440025102e-24,0.29250000000000004,6.34096309063e-11,6.932805320722476e-13,0.29250000000000004,0.000713697467783,1.7268851762446156e-05,0.5825,0.159179063442,0.002713354809815017,0.5,0.341985686233,0.026923358324027518,0.955555555555555,3.00326175985,0.9086539072171087,0.9575,1.67532083516,0.9374944612137228,0.928596120606875,3.52062980621,0.8884123753040932
6,19718,0.875,1.38228117435,0.9152434749331206,0.6925,3.00970751274,0.16635125004295537,0.77,5.49289136897,0.380757479507797,0.9225000000000001,0.71323398348,0.9650069402892689,0.635,3.02685138286,0.20354227601802116,0.8444444444444441,4.19711896687,0.4010770025544392,0.905,3.89068683346,0.7930467739076816,0.640868062223929,0.591056408822,0.11702038595802368
6,19745,-0.25,1.48085626445e-22,1.3503974440025102e-24,0.857499999999999,1.02762665428,0.9513162306464873,0.857499999999999,3.70087999517,0.8775080551585754,0.8925000000000001,1.15487983328,0.937354763677265,0.625,2.72779225354,0.17474749105528653,0.6167901234567901,0.244557522992,0.016991510242230945,0.857499999999999,4.93804239455,0.5748303039985004,0.6714038793931241,0.527306175309,0.13392228707494128
6,20639,0.5825,0.909039145394,0.044930186650368145,0.4425,7.31178575269e-06,1.002942255091693e-07,0.41500000000000004,0.0331079180728,0.0011881338172368458,0.5275000000000001,0.00536464788579,7.912186434611511e-05,0.3375,0.0400717958271,0.0018216782885465356,0.972345679012345,1.96469186054,0.9502080069961293,0.81,3.88955346051,0.3594839324636892,0.864298060303437,4.45089870569,0.607066142417448
6,25302,0.5,0.178146075439,0.006979377089035389,0.48750000000000004,0.00106362273133,8.798600422418105e-06,0.5625,0.326180222727,0.024000667779758945,0.5125000000000001,0.00196200176546,2.829316468251825e-05,0.39,0.0952422939764,0.005229650259076849,0.925925925925925,4.65203340796,0.7934693205514751,0.725,1.84931192155,0.12715014335558586,0.7191088918763201,0.820323959892,0.16290404746402082
6,27972,0.6675,3.21251869692,0.20899124959439863,0.7025,3.92455126041,0.20092797118372988,0.7775000000000001,5.85890540504,0.42336532169350943,0.7525000000000001,5.89952733674,0.407137301035014,0.6675,3.70932865799,0.3144757543950899,0.779753086419753,2.9866127376,0.15312568091842627,0.827499999999999,4.42995734144,0.4323936863196116,0.850240061455732,4.5262457011,0.5439267260361047
6,28024,0.9175000000000001,0.752711142507,0.9595196353189318,0.899999999999999,0.444506703067,0.980419037043329,0.8500000000000001,4.25847345004,0.8476578909082959,1.0,0.154099623258,0.994182720011312,1.0,0.124571042447,0.9935724034963693,0.8562962962962961,4.38771317219,0.45185640669001254,1.0,0.585428342995,0.9827122188615174,0.658382946034184,0.545808589325,0.1269572472649107
6,28466,0.61,1.46387190333,0.07706425539822734,0.68,2.06193521623,0.13491203260425738,0.68,1.34867983522,0.09959811785248614,0.665,2.14482497269,0.08614427360355889,0.5875,1.56629658183,0.09464114726305593,0.9456790123456791,3.62476448743,0.8758985863454418,0.9575,1.67532083516,0.9374944612137228,0.7730362972921061,2.51698299498,0.24592312552297468
6,28484,0.605,1.34676448047,0.0700407361863662,0.625,0.979513415787,0.07246554524266954,0.5675,0.339692414349,0.02566525321884294,0.6375000000000001,1.347448869,0.03766621917213906,0.61,2.25013831085,0.13739502103939769,0.9358024691358021,4.19038494554,0.8372380887144235,0.8600000000000001,4.94135039027,0.5871809963016094,0.8394468984059921,4.52253322873,0.495018399526631
6,28512,0.827499999999999,2.49931301722,0.8248227130923294,0.6775,1.90341958809,0.12995760855418967,0.725,2.94504992186,0.1918415555722351,0.764999999999999,6.27721086089,0.48364218274829734,0.635,3.02685138286,0.20354227601802116,0.9906172839506171,1.05925568651,0.9773560756008929,0.7525000000000001,2.33633276848,0.1845064224755201,0.814518916842711,4.12561310907,0.3860346742850266
6,28570,0.7225,4.45449636764,0.4263331919216108,0.5,0.0045036801772,3.891134853359716e-05,0.47500000000000003,0.113067566272,0.005232939143130353,0.4625,5.72825997817e-05,7.793731459232415e-07,0.4325,0.164103447713,0.010666360012084323,0.7214814814814811,0.679241431226,0.057635846209871715,0.6375000000000001,0.577683562898,0.024320299360075875,0.957787593623967,1.45675330592,0.9590390749234321
6,28894,0.5,0.178146075439,0.006979377089035389,0.62,1.04744446156,0.06739853651453809,0.67,1.13450469201,0.0872163948293681,0.6475000000000001,1.65941153158,0.05271018561509954,0.459999999999999,0.220557786583,0.015929758420282682,0.7851851851851851,3.23842723955,0.17004500898783498,0.705,1.52646433839,0.09341086463309826,0.9097753024774341,4.49238237755,0.8114233162441313
6,29183,0.5825,0.909039145394,0.044930186650368145,0.635,0.870264720377,0.08166413637152012,0.6475000000000001,0.785227990254,0.06593012938955563,0.6900000000000001,2.74358586542,0.14715442680464538,0.5825,1.43113198854,0.08715086087830291,0.84,4.15040386849,0.38253176944867656,0.8225,4.2845321392,0.4106031044616847,0.8598041098521221,4.47755600841,0.5870050615842438
6,29184,0.5375,0.389192752134,0.01718148458346466,0.5700000000000001,0.714378146595,0.013996549731967263,0.5725,0.353493104139,0.027398070816513055,0.62,0.821087045504,0.018800650688405487,0.449999999999999,0.198700337099,0.013834983658519779,0.8222222222222221,4.04853184421,0.3097633151533568,0.774999999999999,2.83958707921,0.24248598163344381,0.8626848473209141,4.46014842021,0.5998785103246783
6,29229,0.4375,0.037208113444,0.0011785360746930334,0.34750000000000003,6.75069428742e-09,8.215016271489056e-11,0.34750000000000003,0.00498450673401,0.00014159840973541549,0.36750000000000005,6.12929012803e-08,8.57765074071217e-10,0.3075,0.0220694100988,0.000910624741714612,0.8493827160493821,4.2649174484,0.421963872711574,0.7725000000000001,2.77676331849,0.23546593668890983,0.846360668331092,4.5344321172,0.5263487673069646
6,29338,-0.25,1.48085626445e-22,1.3503974440025102e-24,0.6525000000000001,0.933663004939,0.09683035918800427,0.6900000000000001,1.6068277822,0.1143364861377315,0.7000000000000001,3.05161577877,0.17606150733048376,0.62,2.57049511055,0.16150029409809868,0.602962962962962,0.211990130136,0.013836368930061415,0.615,0.365424074548,0.013831557760950618,0.9519877088534661,1.78007190924,0.9496815182266141
6,29381,0.5325,0.352385672241,0.015328871143006084,0.595,1.1741278469,0.03847198107039685,0.67,1.13450469201,0.0872163948293681,0.625,0.962874235782,0.02325649720338873,0.55,0.766353137667,0.05247071004962054,0.5051851851851851,0.049268584017,0.002215315820252021,0.66,0.852238499722,0.04029804219353088,0.7350105627040521,1.15110228172,0.1783785289670276
6,29764,0.6000000000000001,1.2370216336,0.06358433048825568,0.68,2.06193521623,0.13491203260425738,0.7225,2.824306405,0.18463068031094207,0.7425,5.37059812187,0.3506631563420347,0.5875,1.56629658183,0.09464114726305593,0.829629629629629,4.08275981987,0.3398808039774478,0.774999999999999,2.83958707921,0.24248598163344381,0.8482811599769541,4.5315373871,0.5350547111770592
6,30094,0.625,1.85850309371,0.10190277206451422,0.62,1.04744446156,0.06739853651453809,0.5625,0.326180222727,0.024000667779758945,0.675,2.38150061145,0.10879208702518584,0.5825,1.43113198854,0.08715086087830291,0.8212345679012341,4.04336364129,0.3057672921098501,0.63,0.499742547777,0.020284417904241524,0.91937776070674,4.12354451429,0.8530281635347928
6,31557,1.0,0.170362057593,0.9932448620802108,0.5575,0.430576131717,0.006887478665652958,0.7925000000000001,6.34988446741,0.5154033054644451,0.725,4.27423740727,0.266233664091494,0.5825,1.43113198854,0.08715086087830291,0.8627160493827161,4.52575966055,0.4804574566194526,0.9275,2.90032742327,0.869591442654265,0.7937776070674091,3.40615443813,0.3074429418288255
6,32060,0.75,4.39958329543,0.549239501197586,0.65,0.897128099349,0.0945440123210388,0.55,0.293059005469,0.020131080232591508,0.65,1.73467767738,0.05695312950362383,0.5625,0.976999415772,0.06330976306658956,0.9476543209876541,3.50325704327,0.8829389431626957,1.0,0.585428342995,0.9827122188615174,0.8214326867678121,4.29313208108,0.4151616554905768
6,38608,0.75,4.39958329543,0.549239501197586,0.74,7.24933140615,0.41540633874887556,0.67,1.13450469201,0.0872163948293681,0.7275,4.42886374644,0.2771118099909667,0.764999999999999,3.3171767289,0.6691073092113164,0.802469135802469,3.814248298,0.23154509121415814,0.7875000000000001,3.18199280328,0.2800722983809414,0.9289802189360471,3.4917989315,0.8897591130373277
6,38649,0.8225,2.64001852282,0.8119756115287013,0.7525000000000001,7.63099632159,0.5090263064541918,0.78,5.96574146387,0.43814791818326326,0.7925000000000001,5.62259225994,0.6518112644746147,0.867499999999999,1.29921249652,0.9321245854720439,0.811851851851851,3.96864765889,0.2681355967398135,0.7575000000000001,2.43713129302,0.19643785401647235,0.8565776838870751,4.4967741303,0.5725272138417907
6,39144,0.6675,3.21251869692,0.20899124959439863,0.5575,0.430576131717,0.006887478665652958,0.63,0.612435175906,0.05380523503308589,0.6425000000000001,1.50488374519,0.04479760052204782,0.5,0.341985686233,0.026923358324027518,0.6666666666666661,0.361764465351,0.03214525033672688,0.655,0.786319989701,0.036202716885363216,0.9097753024774341,4.49238237755,0.8114233162441313
6,39247,0.5175000000000001,0.259436933978,0.010770772949231334,0.65,0.897128099349,0.0945440123210388,0.5525,0.299638919594,0.020871949603847757,0.5750000000000001,0.105399244476,0.0017330872342183842,0.595,1.78271171628,0.10719047395542093,0.9037037037037031,5.15973966393,0.6829972236471018,0.847499999999999,4.85756209006,0.5257651334002449,0.8508162089494911,4.52428217513,0.5465339538992824
6,39495,0.66,2.96569903559,0.18582002941499903,0.7225,5.9032940155,0.2992737242321297,0.6900000000000001,1.6068277822,0.1143364861377315,0.764999999999999,6.27721086089,0.48364218274829734,0.5525,0.804158273584,0.05443341488108784,0.87358024691358,4.7832555175,0.5310176478578865,0.75,2.28783724039,0.17872645654931732,0.8521605531015941,4.51905242717,0.5526127287669234
6,39581,-0.25,1.48085626445e-22,1.3503974440025102e-24,0.6175,1.08055372045,0.06473821270106399,0.6675,1.08715930961,0.08443980516989312,0.735,4.90521254005,0.31210898311422486,0.47000000000000003,0.24457669969,0.01825330103107237,0.8029629629629621,3.82497822915,0.23343133284820766,0.9575,1.67532083516,0.9374944612137228,0.8943729594776261,4.55506343108,0.7411194701470931
6,40799,0.75,4.39958329543,0.549239501197586,0.68,2.06193521623,0.13491203260425738,0.6225,0.558054453504,0.04942216162847794,0.735,4.90521254005,0.31210898311422486,0.5725,1.18602144121,0.07409429566741008,0.96395061728395,2.47032780467,0.9316201428545619,0.9550000000000001,1.76477969546,0.9331949111478912,0.8536969464182831,4.51208255732,0.5595505418617999
6,40956,-0.25,1.48085626445e-22,1.3503974440025102e-24,0.625,0.979513415787,0.07246554524266954,0.72,2.70752775884,0.17771671857010446,0.7825000000000001,6.08631233071,0.593088668127782,0.6575000000000001,3.55921720477,0.2780837841110854,0.6474074074074071,0.317585096746,0.02560181222365011,0.595,0.229430079443,0.007961428233323357,0.988937968119838,0.503203171551,0.9869195866068099
6,41042,-0.25,1.48085626445e-22,1.3503974440025102e-24,0.34750000000000003,6.75069428742e-09,8.215016271489056e-11,0.444999999999999,0.0645420234223,0.00261338229248357,0.5425,0.014355703506,0.00021640741962127377,0.515,0.419186798474,0.0325970275509633,0.8207407407407401,4.04065652489,0.30377123410314966,0.8325,4.56323402647,0.45488242973635523,0.9097753024774341,4.49238237755,0.8114233162441313
6,41069,0.7725000000000001,4.01508093963,0.6443862791327697,0.8525,1.15482009431,0.945868702972563,0.845,4.62270635861,0.8254504210348267,0.827499999999999,3.29396329322,0.8080917504843884,0.8025,2.99149460016,0.7885753618549237,0.810864197530864,3.95689075605,0.2642216744038963,0.81,3.88955346051,0.3594839324636892,0.6005377376608411,0.686615058966,0.0910421299810905
6,41615,0.9675,0.326362195224,0.9853826596932024,0.7425,7.37215813436,0.4336876895782701,0.847499999999999,4.44194585494,0.8367818988457951,0.919999999999999,0.744483282086,0.9631849995321147,0.81,2.86203375181,0.8105440252695918,0.544691358024691,0.097666380295,0.005039400300409223,0.8775000000000001,4.76708662099,0.6726319604098069,0.820741309775302,4.27830259005,0.4121985839414176
6,41703,0.6975,4.07009607488,0.3189712298062542,0.735,6.94279108532,0.3798939533597612,0.7875000000000001,6.22915731849,0.4839359500925884,0.6925,2.8131534982,0.15409947834918547,0.685,3.82990542877,0.3807022345144516,0.7925925925925921,3.5319902985,0.1951605503858134,0.77,2.71580982624,0.2286006060238329,0.7849433454964471,3.03472875615,0.278976296358422
6,41708,0.6775,3.52914902062,0.24271604917225753,0.645,0.853837820142,0.09018262919363056,0.735,3.46570956636,0.22384697944302173,0.6725,2.32394706631,0.10291016436278348,0.51,0.390248170778,0.030574956334297108,0.6498765432098761,0.323328472574,0.02639307059486077,0.665,0.920618697821,0.04472920618330491,0.784904935663529,3.03307202201,0.27885976475059365
6,41851,-0.25,1.48085626445e-22,1.3503974440025102e-24,0.6000000000000001,1.1980801258,0.04441462583806386,0.635,0.65465967698,0.05697082699999341,0.6425000000000001,1.50488374519,0.04479760052204782,0.3275,0.0331201450569,0.0014565699951693267,0.8898765432098761,5.09936420176,0.6117790326054872,0.65,0.723069513189,0.03243039384371557,0.9193393508738231,4.12560248343,0.8528697393417664
6,43759,0.75,4.39958329543,0.549239501197586,0.8174999999999991,2.89229068083,0.8801391174110864,0.75,4.33414124014,0.28225013249407804,0.8625,1.79971015435,0.8937969726475582,0.7675000000000001,3.30353766776,0.6773832010680565,0.7056790123456791,0.504058425682,0.04846541977611945,0.6975,1.40785182278,0.08240799209225363,0.934741693873631,3.04178287922,0.9085927979604473
6,44059,-0.25,1.48085626445e-22,1.3503974440025102e-24,0.5125000000000001,0.0164652360784,0.00015575507761109408,0.605,0.46360004544,0.040539011709447556,0.6575000000000001,1.94929498625,0.07077941389495632,0.5325,0.555336363577,0.041034977371864886,0.9565432098765431,2.94007261144,0.9115888874483458,0.8225,4.2845321392,0.4106031044616847,0.9020933358939881,4.58501991014,0.7764557890133741
6,44938,0.8125,2.92828639564,0.7841398377589893,0.6075,1.18099787674,0.053374100931154224,0.6425000000000001,0.728357475228,0.0621489044351158,0.75,5.78198910298,0.3925329861334323,0.464999999999999,0.232248009021,0.017061530605736296,0.834567901234567,4.10929828067,0.3601050476450304,0.9275,2.90032742327,0.869591442654265,0.7176877280583821,0.797922262037,0.16175428247403315
6,50703,0.675,3.45194794757,0.23398935524764827,0.7125,4.91873083762,0.24511041750953433,0.7000000000000001,1.91522923752,0.1319021490282063,0.7325,4.74565811676,0.300045310228476,0.645,3.29274168767,0.2351737071060107,0.8562962962962961,4.38771317219,0.45185640669001254,0.74,2.10415889893,0.15677886909707492,0.735394661033224,1.16098759264,0.17882256097957036
6,50830,0.6375000000000001,2.23189944453,0.12743060564493178,0.5650000000000001,0.595733065478,0.010722670716985858,0.66,0.958689752257,0.0767802228062213,0.655,1.87980686147,0.0659925878342151,0.5725,1.18602144121,0.07409429566741008,0.8967901234567901,5.1611589563,0.6472805902741282,0.81,3.88955346051,0.3594839324636892,0.8275398502016511,4.40486005742,0.4417394249681499
6,50921,0.8325,2.36188936709,0.8369742181387824,0.5925,1.15135184456,0.03556366348319204,0.68,1.34867983522,0.09959811785248614,0.64,1.42633140025,0.04113346983629662,0.5975,1.85797451998,0.1117410427847608,0.9397530864197531,3.97412985998,0.8533705872984838,0.7025,1.48678432592,0.08964433176402785,0.8290762435183401,4.42745157626,0.4485246625325771
6,51734,0.56,0.600434238724,0.028162130284744923,0.6000000000000001,1.1980801258,0.04441462583806386,0.7225,2.824306405,0.18463068031094207,0.6825,2.55498085177,0.1273002412390589,0.56,0.930457033336,0.06092591382290635,0.8503703703703701,4.2805261898,0.426183789336282,0.7275,1.89066486786,0.13182504550845509,0.9270213174572691,3.63647622704,0.8827763347017965
6,52992,0.6725,3.3733028578,0.22545751278045756,0.75,7.60299792685,0.48997856259115047,0.705,2.09032538486,0.14190995453964217,0.71,3.45850198573,0.20851901624333105,0.6725,3.76201649642,0.3331603558008124,0.928395061728395,4.54857417303,0.804829858482341,0.8225,4.2845321392,0.4106031044616847,0.748454004225081,1.55055366471,0.19641634667419375
6,54491,0.705,4.22522690345,0.35009802654207495,0.77,7.13270348726,0.6399275152629007,0.7975000000000001,6.42109797572,0.5473521973835099,0.7775000000000001,6.22877720394,0.5622732600462078,0.9450000000000001,0.292087824493,0.9827318406035918,0.952098765432098,3.22384499056,0.8978905767495655,0.9025000000000001,3.99226930297,0.783192455188374,0.8689456500864221,4.42914213906,0.6276980216936833
6,54885,0.625,1.85850309371,0.10190277206451422,0.585,1.04374340052,0.027297615974912464,0.55,0.293059005469,0.020131080232591508,0.68,2.49639789695,0.12098629084429073,0.5625,0.976999415772,0.06330976306658956,0.9525925925925921,3.19244105511,0.8994748469831502,0.8500000000000001,4.88737767911,0.5379475966933371,0.945265988092951,2.22830843463,0.9362519201513545
6,56634,0.764999999999999,4.17112315982,0.6136728383057589,0.8525,1.15482009431,0.945868702972563,0.845,4.62270635861,0.8254504210348267,0.8300000000000001,3.14606367422,0.8161404585541339,0.7575000000000001,3.35944376698,0.6440720717855554,0.8646913580246911,4.57146716,0.4894421879559958,0.9400000000000001,2.35517180885,0.9024032876411914,0.429652391012099,0.163302676249,0.006891669979953986
6,56758,0.8125,2.92828639564,0.7841398377589893,0.7725000000000001,6.97154858278,0.6575618256565382,0.8225,5.97313407708,0.7050599411531833,0.77,6.31190115939,0.5151448078934174,0.745,3.44251768435,0.6015805895665093,0.7827160493827161,3.12721868577,0.16218497583680955,0.68,1.13810636032,0.06014891602632385,0.73808334933743,1.2327345507,0.18203954811923437
6,56917,0.7325,4.4935991183,0.47113095470396704,0.72,5.6640602013,0.2848131121475711,0.77,5.49289136897,0.380757479507797,0.73,4.58641855035,0.28838042716753376,0.6575000000000001,3.55921720477,0.2780837841110854,0.829629629629629,4.08275981987,0.3398808039774478,0.8300000000000001,4.49832522317,0.4435547163359905,0.869444977914346,4.42741853409,0.6299091793328895
6,56975,0.6000000000000001,1.2370216336,0.06358433048825568,0.68,2.06193521623,0.13491203260425738,0.7325,3.33018855023,0.2153528024805909,0.6975,2.96654248666,0.16854007164579526,0.7175,3.68153615609,0.5037163024722873,0.776296296296296,2.814639344,0.14309670000382885,0.8,3.56593144168,0.3222111297324227,0.9289802189360471,3.4917989315,0.8897591130373277
6,67160,0.68,3.60469623821,0.25163372210841917,0.8150000000000001,3.08872166746,0.8726649407236042,0.8500000000000001,4.25847345004,0.8476578909082959,0.774999999999999,6.27438392051,0.5466406409676371,0.76,3.34495584894,0.652452461664834,0.88,4.92762013675,0.5621970324159745,0.8625,4.93764239193,0.5995312080939904,0.830036489341271,4.44044016662,0.4527824101098815
6,67299,0.5,0.178146075439,0.006979377089035389,0.6775,1.90341958809,0.12995760855418967,0.6825,1.40885955962,0.10304446053178325,0.6775,2.43878698551,0.11481744290781581,0.6625,3.64166186824,0.29609205294594787,0.7091358024691351,0.531495561139,0.050253874007474206,0.545,0.0564660180233,0.001621529615204217,0.9328212022277701,3.1943517282,0.9026043625905582
6,67423,0.59,1.03922825206,0.052226810422338336,0.6375000000000001,0.8550792073,0.08381948482967351,0.6875,1.53783472371,0.11040630129154382,0.705,3.24107969741,0.191782052853636,0.6775,3.79986155098,0.3520711629729652,0.652839506172839,0.330176017722,0.027361237094176892,0.6825,1.17581064159,0.06304124068241199,0.9385442673324371,2.73919342335,0.9195831749624359
6,67905,0.6675,3.21251869692,0.20899124959439863,0.764999999999999,7.39341420768,0.6035762867286232,0.8,6.43703746068,0.563427656691587,0.7975000000000001,5.32179455966,0.6791872906958498,0.75,3.40686049541,0.6187025986376149,0.8,3.75584538087,0.22219765353992502,0.845,4.82170226553,0.513664824001964,0.786863837142308,3.1172214523,0.2848837941595158
6,68565,0.5775,0.830349703121,0.040584323439524284,0.6950000000000001,3.22734200532,0.17414582795912306,0.7575000000000001,4.78332655906,0.3164425092301944,0.7175,3.83816656188,0.23584234003918456,0.665,3.67736297947,0.305241609303723,0.8958024691358021,5.15593990945,0.6421856212561996,0.857499999999999,4.93804239455,0.5748303039985004,0.8021893604762821,3.73089420116,0.3374858259428941
6,68688,0.79,3.57399533648,0.7109202973603406,0.685,2.41103028138,0.14607693507628683,0.8025,6.43946482954,0.579526121789168,0.78,6.16585169236,0.5777700887073798,0.62,2.57049511055,0.16150029409809868,0.883456790123456,4.99658493455,0.5793522496061128,0.8075000000000001,3.80827383373,0.3498616258535166,0.8899942385250621,4.51392299483,0.7212618163387323
6,69217,0.7675000000000001,4.12183537544,0.624039633701561,0.7000000000000001,3.68564402336,0.19141641034852128,0.74,3.74609064367,0.24187161673642832,0.7675000000000001,6.30351146094,0.4993717810186098,0.6425000000000001,3.23013550235,0.2270195260541174,0.9125925925925921,5.05113802743,0.7284716498204513,0.72,1.76747313288,0.1181086107169003,0.777222969080084,2.69888340326,0.25684111290422085
6,69292,0.75,4.39958329543,0.549239501197586,0.74,7.24933140615,0.41540633874887556,0.8150000000000001,6.24641159377,0.6591674148369533,0.76,6.17281649698,0.4524890696686263,0.7875000000000001,3.17052102042,0.7422388305497424,0.75358024691358,1.65934721204,0.09250405649019247,0.74,2.10415889893,0.15677886909707492,0.751603610524294,1.65940924038,0.2014699769040668
6,70225,-0.25,1.48085626445e-22,1.3503974440025102e-24,0.58,0.945383963355,0.022317593710760756,0.64,0.702315329323,0.06036088336719328,0.5925,0.265145704871,0.004798393816384038,0.5375,0.606787232892,0.043937601604709914,0.795555555555555,3.63030036068,0.205774201741287,0.804999999999999,3.72704573832,0.3404425196768896,0.9116573842903781,4.44355844528,0.8198341665570765
6,70358,0.5325,0.352385672241,0.015328871143006084,0.47500000000000003,0.000228362501561,1.98331571688057e-06,0.48,0.122864743403,0.005822575299209532,0.5425,0.014355703506,0.00021640741962127377,0.545,0.696842259539,0.04881603814111017,0.8291358024691351,4.08044633021,0.33786519913603824,0.75,2.28783724039,0.17872645654931732,0.9552525446514301,1.59067763048,0.9551787812714478
6,70659,0.5275000000000001,0.318648755499,0.013652512155765505,0.6025,1.19920456393,0.04741271533543854,0.685,1.47187867858,0.10664478173363591,0.6950000000000001,2.88725348069,0.16122397244017406,0.55,0.766353137667,0.05247071004962054,0.7832098765432091,3.14992497729,0.16373489701785984,0.5650000000000001,0.103021693283,0.0031769179077462705,0.90497407336278,4.56855755077,0.7896449841508131
6,70707,0.7225,4.45449636764,0.4263331919216108,0.6675,1.38058021563,0.1136874989518572,0.7525000000000001,4.48408884687,0.2932728515573168,0.67,2.2656016994,0.09717301366987088,0.6425000000000001,3.23013550235,0.2270195260541174,0.8493827160493821,4.2649174484,0.421963872711574,0.8825000000000001,4.65589577698,0.6962000661729015,0.853082389091607,4.51498730669,0.5567767083190662
6,70749,0.65,2.63429792941,0.15782197707896797,0.36,1.8132853636e-08,2.2646227397688107e-10,0.39,0.0174913775233,0.0005724821593030921,0.39,2.97761312994e-07,4.22422286303539e-09,0.365,0.0648526738996,0.0032444764555416583,0.8661728395061721,4.60638410988,0.4962405404794964,0.6575000000000001,0.818957954871,0.03820917777772982,0.8905703860188201,4.51961520453,0.7238641422951742
6,70793,0.392499999999999,0.0092995938395,0.0002558136457411235,0.545,0.217963173634,0.002926840236854021,0.59,0.406414753286,0.034033478617480434,0.66,2.01660663533,0.0757372467017247,0.5275000000000001,0.510002579661,0.0383740425764759,0.808395061728395,3.92323591869,0.2544918245308494,0.6125,0.345806548792,0.01294268136265645,0.8893028615325521,4.50709149018,0.7181433565238219
6,70852,0.5925,1.08601995256,0.05488300857305208,0.6900000000000001,2.80072799104,0.15909007497147581,0.705,2.09032538486,0.14190995453964217,0.6975,2.96654248666,0.16854007164579526,0.595,1.78271171628,0.10719047395542093,0.799012345679012,3.73023063456,0.21850071893494769,0.6975,1.40785182278,0.08240799209225363,0.90013443441521,4.58600580018,0.7674720107723229
6,72086,0.40750000000000003,0.0151457308403,0.0004359891531076291,0.5650000000000001,0.595733065478,0.010722670716985858,0.545,0.279936432728,0.01869861004048556,0.585,0.181640985106,0.003138863086347869,0.41750000000000004,0.137412899649,0.00840821020978296,0.515061728395061,0.0591684959591,0.002749673452359771,0.847499999999999,4.85756209006,0.5257651334002449,0.8713654695602071,4.4222151504,0.6384066258420298
6,74604,0.794999999999999,3.43458900235,0.7284434530455071,0.8300000000000001,2.06468527979,0.9108508015410849,0.827499999999999,5.73288501545,0.7343429037655902,0.9125000000000001,0.844179581985,0.9572331029866419,0.9075000000000001,0.565767748984,0.9674133548983794,0.789629629629629,3.42238797308,0.1848550522501142,0.804999999999999,3.72704573832,0.3404425196768896,0.8229690800845011,4.32451335195,0.4217819807807576
6,74635,0.382499999999999,0.006622125154,0.00017688544744115604,0.5575,0.430576131717,0.006887478665652958,0.675,1.23646269465,0.09313968315411732,0.5375,0.0103683321074,0.0001551212826483031,0.655,3.51260756444,0.26924326965685574,0.769382716049382,2.45539337523,0.12487180964144581,0.605,0.291543816156,0.010556868557864162,0.8252736700595351,4.36747411961,0.431798666820446
6,74688,0.75,4.39958329543,0.549239501197586,0.7000000000000001,3.68564402336,0.19141641034852128,0.75,4.33414124014,0.28225013249407804,0.774999999999999,6.27438392051,0.5466406409676371,0.625,2.72779225354,0.17474749105528653,0.580246913580246,0.162007518265,0.009598960526147919,0.5,0.0120387155675,0.00030030194363976675,0.8560015363933161,4.50002407623,0.5699354687230851
6,74696,0.6675,3.21251869692,0.20899124959439863,0.7125,4.91873083762,0.24511041750953433,0.7175,2.5947501154,0.17108970654149558,0.6975,2.96654248666,0.16854007164579526,0.6950000000000001,3.82491694966,0.4190160045654209,0.892839506172839,5.13284270236,0.6269402904332477,0.7825000000000001,3.03944855273,0.264521690884623,0.8636450931438441,4.45457315227,0.6041586578825626
6,76409,0.25,2.45246822334e-05,4.7018039427709194e-07,0.51,0.0128694216832,0.00011925110141524929,0.5325,0.247326353024,0.015403548937792133,0.5775,0.121240405889,0.002015983635079163,0.52,0.452048124024,0.03477335975155013,0.885432098765432,5.03211078497,0.5892576479967581,0.7175,1.72690139811,0.11374068453969502,0.9366621855194931,2.8885953826,0.9142874054338479
6,76496,0.889999999999999,1.12414951839,0.9339874856892718,0.9175000000000001,0.319038220321,0.9870508850937101,0.8975000000000001,1.22750524687,0.9717191608785181,0.835,2.86997908197,0.8311693894478862,0.804999999999999,2.95152491254,0.7960047923346805,0.8044444444444441,3.85531317637,0.2391207782597117,0.9325000000000001,2.67835186828,0.8835365578411423,0.660072978682542,0.542378140759,0.1278767484260676
6,78211,0.8025,3.21952728751,0.7533997734702882,0.81,3.51051450993,0.856182335476604,0.8600000000000001,3.5154959748,0.886528276314638,0.8300000000000001,3.14606367422,0.8161404585541339,0.827499999999999,2.45338778488,0.857256099046789,0.8740740740740741,4.79486358871,0.5333826178592155,0.794999999999999,3.40831986874,0.3047773426406782,0.525676973305166,0.572016842478,0.041323132980725125
6,79262,0.66,2.96569903559,0.18582002941499903,0.7275,6.35638482205,0.32993922795984315,0.8150000000000001,6.24641159377,0.6591674148369533,0.7575000000000001,6.09623350669,0.43714953246570076,0.827499999999999,2.45338778488,0.857256099046789,0.897283950617283,5.16328423758,0.6498298489315395,0.8400000000000001,4.73308576084,0.48976883486175365,0.786863837142308,3.1172214523,0.2848837941595158
6,79313,0.7000000000000001,4.12521887768,0.3292160575992903,0.515,0.0209263757553,0.00020229783263705923,0.56,0.319498754241,0.0231935774949761,0.6175,0.754130988792,0.01683222176430428,0.41250000000000003,0.129087185293,0.0077420792712353,0.7886419753086421,3.3834570264,0.181494045414176,0.764999999999999,2.59932761153,0.2153157120809518,0.9217591703476091,3.98762064685,0.8626893654010905
6,79388,0.7925000000000001,3.50480059135,0.71976902201938,0.7325,6.76236739761,0.36275904135638914,0.75,4.33414124014,0.28225013249407804,0.77,6.31190115939,0.5151448078934174,0.715,3.70307675655,0.49448537711561763,0.8069135802469131,3.89989377433,0.24869660937638863,0.725,1.84931192155,0.12715014335558586,0.9097753024774341,4.49238237755,0.8114233162441313
6,80513,0.76,4.26069342362,0.592588116453218,0.7075,4.41652914305,0.22177414112106072,0.76,4.93121373359,0.3285860540667287,0.7825000000000001,6.08631233071,0.593088668127782,0.5975,1.85797451998,0.1117410427847608,0.8207407407407401,4.04065652489,0.30377123410314966,0.8250000000000001,4.35855215926,0.42140746073111923,0.8483195698098711,4.53145543036,0.5352287651998923
6,80619,0.7625000000000001,4.21746246422,0.6031864751248653,0.7775000000000001,6.59634258537,0.6915088100062035,0.8250000000000001,5.85838457117,0.7198516532189678,0.77,6.31190115939,0.5151448078934174,0.6975,3.81666962885,0.4285685138502403,0.9777777777777771,1.66340105711,0.9600512492494755,0.8150000000000001,4.05093480794,0.3793361967934644,0.869406568081428,4.42754599687,0.6297391204815996
6,80759,0.5575,0.572749427484,0.02669589545216388,0.6675,1.38058021563,0.1136874989518572,0.7825000000000001,6.06358490565,0.4531865341392332,0.6675,2.20601608598,0.09158319172249917,0.845,1.94441992123,0.8958171146176259,0.6167901234567901,0.244557522992,0.016991510242230945,0.605,0.291543816156,0.010556868557864162,0.854042634914538,4.51038542406,0.5611100248210714
6,80766,0.6000000000000001,1.2370216336,0.06358433048825568,0.645,0.853837820142,0.09018262919363056,0.7225,2.824306405,0.18463068031094207,0.6975,2.96654248666,0.16854007164579526,0.645,3.29274168767,0.2351737071060107,0.8197530864197531,4.03495693713,0.2997832437983442,0.6375000000000001,0.577683562898,0.024320299360075875,0.8905703860188201,4.51961520453,0.7238641422951742
6,80873,0.5,0.178146075439,0.006979377089035389,0.735,6.94279108532,0.3798939533597612,0.7075,2.18343769549,0.14725137026785567,0.7775000000000001,6.22877720394,0.5622732600462078,0.705,3.77821362515,0.4570611986192849,0.8182716049382711,4.02557654858,0.29381234501068965,0.6325000000000001,0.524927872403,0.021565089461623627,0.9597080852698291,1.36274333097,0.9617454768830149
6,84558,0.6275000000000001,1.93024005723,0.10663836967530371,0.7925000000000001,5.19700375773,0.780309651221603,0.837499999999999,5.13925628048,0.7888144740152359,0.7775000000000001,6.22877720394,0.5622732600462078,0.75,3.40686049541,0.6187025986376149,0.8256790123456791,4.06485923621,0.32378704810020964,0.7775000000000001,2.90430743392,0.24966545309563778,0.8444785865181481,4.53482503927,0.517813828920167
6,104560,0.515,0.246199232915,0.010138850435199237,0.4,3.57451749197e-07,4.871234212644182e-09,0.48,0.122864743403,0.005822575299209532,0.485,0.000291377680107,4.0311066942452425e-06,0.40750000000000003,0.121049353548,0.007116858619591797,0.9170370370370371,4.94929791496,0.7507066526119248,0.8500000000000001,4.88737767911,0.5379475966933371,0.850240061455732,4.5262457011,0.5439267260361047
6,104598,0.5,0.178146075439,0.006979377089035389,0.5825,0.996725365695,0.02474604316032143,0.645,0.755971121657,0.06400398032171972,0.685,2.61522598212,0.13376257947333375,0.515,0.419186798474,0.0325970275509633,0.8543209876543211,4.34952226889,0.44322741965240936,0.67,0.991227678251,0.049507944955105694,0.8269637027078931,4.395813871,0.4392041668192903
6,104599,-0.25,1.48085626445e-22,1.3503974440025102e-24,0.5725,0.774184499549,0.015857325341936873,0.595,0.42379867112,0.036108435922575295,0.61,0.571773267291,0.01187826225032577,0.47000000000000003,0.24457669969,0.01825330103107237,0.8804938271604931,4.93793885469,0.564632978738357,0.6875,1.25216926148,0.06911069809099941,0.8580756673708471,4.48801268188,0.5792567938700102
6,104688,0.75,4.39958329543,0.549239501197586,0.7275,6.35638482205,0.32993922795984315,0.73,3.19811774733,0.20719316017549996,0.6625,2.08175092217,0.08086063848482505,0.7225,3.63670661116,0.5220126420356472,0.743209876543209,1.23234009861,0.07759783796508617,0.8125,3.97055706537,0.36930916375814044,0.657384290378336,0.547946324499,0.1264111115399892
6,104824,0.5,0.178146075439,0.006979377089035389,0.6325000000000001,0.891357298443,0.07946323626771684,0.6000000000000001,0.442737036201,0.03827405364840936,0.6175,0.754130988792,0.01683222176430428,0.5675,1.07692310021,0.06844075158836531,0.8222222222222221,4.04853184421,0.3097633151533568,0.875,4.81287500713,0.6606556103024501,0.882081812944113,4.4451878423,0.6858358960419051
6,107778,0.78,3.83710565937,0.6738442004055913,0.68,2.06193521623,0.13491203260425738,0.7175,2.5947501154,0.17108970654149558,0.7375,5.06360493302,0.3245704069298204,0.6000000000000001,1.93454064685,0.11648143303092576,0.589135802469135,0.180895078416,0.011122254136241594,0.685,1.21384225866,0.06602824198677636,0.833877472632994,4.48374057615,0.46992563860802494
6,107870,0.72,4.4340215898,0.4152216613630359,0.8125,3.29497103638,0.8646873223897786,0.8225,5.97313407708,0.7050599411531833,0.8150000000000001,4.11479413568,0.7619090868719498,0.735,3.52371954928,0.5667595986962239,0.90716049382716,5.1323540889,0.7007913623296649,0.909999999999999,3.67959686749,0.8119764180238699,0.765815248703668,2.21019375032,0.2288627438193308
6,107898,0.605,1.34676448047,0.0700407361863662,0.7025,3.92455126041,0.20092797118372988,0.794999999999999,6.39192272305,0.5313331993020739,0.6975,2.96654248666,0.16854007164579526,0.6075,2.17023866661,0.13186963720265116,0.7614814814814811,2.04365379681,0.10710665525900231,0.6175,0.385822906281,0.014770452866180207,0.9443057422700211,2.29812934856,0.934078775965776
6,108143,0.5625,0.629316541595,0.029699064534614492,0.485,0.000785792398921,6.503612849332629e-06,0.6950000000000001,1.75433508455,0.12273398863263867,0.625,0.962874235782,0.02325649720338873,0.73,3.56817006202,0.5490306356157004,0.8824691358024691,4.97770071028,0.574426618309224,0.7225,1.8082635914,0.12257823226565386,0.8767428461686191,4.42195120306,0.6621756567915388
6,108336,0.41750000000000004,0.0206681712852,0.000613798493644124,0.535,0.111496896239,0.0013238336442556015,0.56,0.319498754241,0.0231935774949761,0.595,0.298906849843,0.0055028053297019285,0.387499999999999,0.0918574559244,0.004995791506938243,0.8469135802469131,4.22887660869,0.4114785882610967,0.5575,0.0827423783954,0.002482641501111018,0.8269637027078931,4.395813871,0.4392041668192903
6,108341,0.595,1.1345649479,0.0576583713728061,0.5825,0.996725365695,0.02474604316032143,0.52,0.215229011537,0.012513362152819472,0.595,0.298906849843,0.0055028053297019285,0.52,0.452048124024,0.03477335975155013,0.9516049382716051,3.25519517956,0.8962908113951116,0.8075000000000001,3.80827383373,0.3498616258535166,0.8097560975609751,3.98659324677,0.3667089320108976
6,108351,0.665,3.13079480519,0.20106195840309854,0.65,0.897128099349,0.0945440123210388,0.685,1.47187867858,0.10664478173363591,0.615,0.690136992088,0.015027526086827914,0.64,3.16481800723,0.2190252893975613,0.598518518518518,0.201798230256,0.012916900806764569,0.6825,1.17581064159,0.06304124068241199,0.839408488573074,4.52235940025,0.4948446931152734
6,108388,0.58,0.868911737911,0.04270807866255669,0.5475,0.2532714606,0.003515121837439414,0.64,0.702315329323,0.06036088336719328,0.5875,0.206673471134,0.0036237020124859232,0.6000000000000001,1.93454064685,0.11648143303092576,0.819259259259259,4.03194876161,0.29779141061683295,0.6900000000000001,1.29076112516,0.07228930895924604,0.8406376032264261,4.5273015601,0.5004063592006264
6,108411,0.515,0.246199232915,0.010138850435199237,0.6175,1.08055372045,0.06473821270106399,0.6575000000000001,0.920130849227,0.07443212285214884,0.67,2.2656016994,0.09717301366987088,0.7075,3.76153748901,0.4664862355145845,0.9303703703703701,4.45978571909,0.8137278608004429,0.875,4.81287500713,0.6606556103024501,0.8743230266948331,4.41924744042,0.6514795791156722
6,108416,0.7125,4.34756066193,0.3822675595873768,0.71,4.6670668851,0.233128244348824,0.8174999999999991,6.16771586267,0.6746877424056195,0.804999999999999,4.81860885052,0.7172424304348941,0.74,3.48158594993,0.5842717121636376,0.807407407407407,3.90794916168,0.2506244833003513,0.804999999999999,3.72704573832,0.3404425196768896,0.8364893412713651,4.50539057949,0.48166620697745943
6,108417,0.52,0.273275522425,0.011436535813587308,0.5825,0.996725365695,0.02474604316032143,0.6325000000000001,0.632903881218,0.05536164803256914,0.5325,0.0074672704914,0.00011091868109955714,0.605,2.09086703665,0.12654338742998697,0.973333333333333,1.90816710087,0.9521204700777053,0.8,3.56593144168,0.3222111297324227,0.860149798348377,4.47544639843,0.5885525365915103
6,108652,0.5625,0.629316541595,0.029699064534614492,0.5075000000000001,0.00999318483005,9.080885331202089e-05,0.6425000000000001,0.728357475228,0.0621489044351158,0.5650000000000001,0.0588306384721,0.0009321314011769056,0.43999999999999906,0.178438635893,0.011950461972689987,0.5560493827160491,0.116108640267,0.006251484353662805,0.525,0.0293480795927,0.000789136932763519,0.945265988092951,2.22830843463,0.9362519201513545
6,109008,0.595,1.1345649479,0.0576583713728061,0.5275000000000001,0.0626912452424,0.0006847976744382895,0.5325,0.247326353024,0.015403548937792133,0.63,1.1130618962,0.028443425261359068,0.5,0.341985686233,0.026923358324027518,0.6819753086419751,0.399369254454,0.037962358380091515,0.6950000000000001,1.36862724649,0.0789374298924374,0.8137507201843671,4.10444006872,0.38287349300577
6,109067,0.75,4.39958329543,0.549239501197586,0.7625000000000001,7.49010565529,0.5849669990495152,0.794999999999999,6.39192272305,0.5313331993020739,0.7525000000000001,5.89952733674,0.407137301035014,0.71,3.74330420301,0.4758675883755016,0.8479012345679011,4.24277886077,0.415662065280133,0.8,3.56593144168,0.3222111297324227,0.7877856731323211,3.156544053,0.287775500638457
6,129429,0.76,4.26069342362,0.592588116453218,0.5775,0.890581118252,0.02002200884185983,0.5875,0.398201894582,0.033027767681375414,0.68,2.49639789695,0.12098629084429073,0.54,0.635009577255,0.04548948692365626,0.8172839506172841,4.01867812419,0.28983982771814637,0.7925000000000001,3.33136612736,0.29635302423049253,0.7937776070674091,3.40615443813,0.3074429418288255
6,129459,0.605,1.34676448047,0.0700407361863662,0.6725,1.61951061703,0.12116885794574588,0.6925,1.67896003617,0.11844305615861,0.6875,2.67785118908,0.14037835422388822,0.6375000000000001,3.0969867537,0.2111975311527602,0.838024691358024,4.13362739881,0.3743503855075079,0.705,1.52646433839,0.09341086463309826,0.896331860956404,4.56993421126,0.7500575049287844
6,129490,0.7000000000000001,4.12521887768,0.3292160575992903,0.6575000000000001,1.0383935291,0.10174258208144235,0.754999999999999,4.6340430462,0.3046705836728954,0.6975,2.96654248666,0.16854007164579526,0.625,2.72779225354,0.17474749105528653,0.9654320987654321,2.3783496212,0.9352116396039298,0.889999999999999,4.4439059498,0.730356302393879,0.8252736700595351,4.36747411961,0.431798666820446
6,129672,-0.25,1.48085626445e-22,1.3503974440025102e-24,0.485,0.000785792398921,6.503612849332629e-06,0.38,0.0132720586929,0.00041948290651097164,0.405,8.60090432807e-07,1.2167669080485228e-08,0.43500000000000005,0.168805608777,0.011082480783185007,0.901234567901234,5.1681582318,0.6702448624600046,0.725,1.84931192155,0.12715014335558586,0.839408488573074,4.52235940025,0.4948446931152734
6,129907,0.6075,1.40439660883,0.07347930333576148,0.65,0.897128099349,0.0945440123210388,0.63,0.612435175906,0.05380523503308589,0.65,1.73467767738,0.05695312950362383,0.54,0.635009577255,0.04548948692365626,0.725432098765432,0.7479656749,0.060451008720352986,0.65,0.723069513189,0.03243039384371557,0.9058959093527941,4.55896779974,0.7938521967241945
6,129987,0.5,0.178146075439,0.006979377089035389,0.6575000000000001,1.0383935291,0.10174258208144235,0.6875,1.53783472371,0.11040630129154382,0.6575000000000001,1.94929498625,0.07077941389495632,0.6575000000000001,3.55921720477,0.2780837841110854,0.6869135802469131,0.413960355496,0.039969747936649175,0.5625,0.0958429815292,0.0029284276417401046,0.9306702515844051,3.36270416018,0.8955517592841183
6,130043,0.804999999999999,3.14689940471,0.7613578672345978,0.8300000000000001,2.06468527979,0.9108508015410849,0.899999999999999,1.12260397278,0.9746554472656881,0.764999999999999,6.27721086089,0.48364218274829734,0.6950000000000001,3.82491694966,0.4190160045654209,0.942716049382716,3.80267667677,0.8648935454812169,0.865,4.92684648148,0.6118633004531885,0.8598041098521221,4.47755600841,0.5870050615842438
6,130166,0.875,1.38228117435,0.9152434749331206,0.7875000000000001,5.69170628883,0.7530821002712111,0.9325000000000001,0.279263769321,0.9950592572800353,0.9325000000000001,0.598035369194,0.9715503104758507,0.875,1.11504144699,0.9411651467175061,0.8681481481481481,4.65349258968,0.5053860198731552,0.8600000000000001,4.94135039027,0.5871809963016094,0.918225465719224,4.18334587427,0.8482417822990794
6,130586,-0.25,1.48085626445e-22,1.3503974440025102e-24,0.20750000000000002,1.67273511037e-14,1.5798013606573184e-16,0.28500000000000003,0.000532472560833,1.2626260322646998e-05,0.35750000000000004,3.02233413561e-08,4.181354278358706e-10,0.25,0.00570569661153,0.00019932166522018644,0.741728395061728,1.1799408151,0.07581124041346897,0.42750000000000005,0.000588852909662,1.2297832011807123e-05,0.892452467831764,4.5378524653,0.7323877180428764
6,134922,0.4375,0.037208113444,0.0011785360746930334,0.6925,3.00970751274,0.16635125004295537,0.725,2.94504992186,0.1918415555722351,0.6775,2.43878698551,0.11481744290781581,0.635,3.02685138286,0.20354227601802116,0.679012345679012,0.391438728339,0.03679091381237606,0.79,3.25587779363,0.28811929005147446,0.857922028039178,4.48892809878,0.5785671882384384
6,134923,0.6725,3.3733028578,0.22545751278045756,0.6825,2.23122880223,0.1402762679222034,0.725,2.94504992186,0.1918415555722351,0.7025,3.14298883649,0.18380340305470333,0.68,3.81335128569,0.3615884203608379,0.77037037037037,2.50734723333,0.12732255148216068,0.735,2.01713231313,0.14647672249239643,0.879969272133666,4.43319590472,0.6764585397933145
6,135551,0.7825000000000001,3.77373410327,0.6833581279092693,0.7575000000000001,7.61086779018,0.5471733529145252,0.8250000000000001,5.85838457117,0.7198516532189678,0.7725000000000001,6.30218058967,0.530916188421441,0.6425000000000001,3.23013550235,0.2270195260541174,0.7629629629629631,2.11958863743,0.11019042769913398,0.774999999999999,2.83958707921,0.24248598163344381,0.823314768580756,4.33127318119,0.42327808689313695
6,135973,0.6675,3.21251869692,0.20899124959439863,0.8,4.44876373964,0.8164734675977234,0.7925000000000001,6.34988446741,0.5154033054644451,0.7825000000000001,6.08631233071,0.593088668127782,0.745,3.44251768435,0.6015805895665093,0.9017283950617281,5.16719876407,0.672796817183575,0.8975000000000001,4.18540635927,0.762742230981363,0.849241405799884,4.52922105041,0.5394050330614505
6,136122,0.5225000000000001,0.287739621809,0.012137671787935027,0.78,6.38625012836,0.7077398126254317,0.745,4.03671180017,0.26132500202336995,0.745,5.51592486951,0.36427273253467335,0.61,2.25013831085,0.13739502103939769,0.653827160493827,0.332448302656,0.02768845938150002,0.8325,4.56323402647,0.45488242973635523,0.8521605531015941,4.51905242717,0.5526127287669234
6,136139,0.8225,2.64001852282,0.8119756115287013,0.8025,4.20494597359,0.8272896328397367,0.837499999999999,5.13925628048,0.7888144740152359,0.784999999999999,5.99106177191,0.608188552748504,0.76,3.34495584894,0.652452461664834,0.9422222222222221,3.83173776771,0.8630084973578227,0.845,4.82170226553,0.513664824001964,0.7495678893796811,1.58842719745,0.19816451442440158
6,136288,0.7425,4.46443753065,0.5159772151871863,0.7375,7.10568627198,0.39745838637391384,0.8125,6.31209861146,0.6434665276953109,0.7925000000000001,5.62259225994,0.6518112644746147,0.6225,2.64958724477,0.16802555618596574,0.93679012345679,4.13778560213,0.8413508502227242,0.827499999999999,4.42995734144,0.4323936863196116,0.852506241597849,4.51757101589,0.5541746586798868
6,136820,0.6025,1.29097513079,0.06674394510284738,0.6275000000000001,0.947106408842,0.0748733939454014,0.655,0.883578637988,0.07217789634218408,0.6175,0.754130988792,0.01683222176430428,0.5650000000000001,1.02581583554,0.06581280621633101,0.852345679012345,4.31374087041,0.43467152134800024,0.655,0.786319989701,0.036202716885363216,0.9385442673324371,2.73919342335,0.9195831749624359
6,136846,0.7625000000000001,4.21746246422,0.6031864751248653,0.8075000000000001,3.73464896724,0.8471275855141879,0.7925000000000001,6.34988446741,0.5154033054644451,0.804999999999999,4.81860885052,0.7172424304348941,0.875,1.11504144699,0.9411651467175061,0.6074074074074071,0.222335503199,0.014801484980097741,0.6525000000000001,0.754349519702,0.03427702152907837,0.7226810063376221,0.881620764406,0.16594166602467975
6,137085,0.847499999999999,1.97470395168,0.8694475628061639,0.8400000000000001,1.58030116407,0.9289540003163361,0.875,2.45984571866,0.9311835813487126,0.8775000000000001,1.43953353144,0.9179654629511662,0.8500000000000001,1.79403209365,0.9051627819112461,0.8148148148148141,3.99872960584,0.279940941152606,0.9400000000000001,2.35517180885,0.9024032876411914,0.660418667178797,0.541707248713,0.12806412603794298
6,137869,0.8150000000000001,2.85562873533,0.7913696780244253,0.875,0.710059449011,0.966281052080525,0.905,0.931991274232,0.9797814015478531,0.8700000000000001,1.60705585985,0.9065540778927175,0.8625,1.43274758854,0.9252979637064966,0.9772839506172831,1.68977707296,0.9592233128294068,0.972499999999999,1.19845348275,0.9589178445482055,0.0,4.01134454687e-10,5.360181157056864e-12
6,138039,0.655,2.79970762187,0.17140645553632766,0.6975,3.45292718952,0.18249458883800718,0.63,0.612435175906,0.05380523503308589,0.6375000000000001,1.347448869,0.03766621917213906,0.6075,2.17023866661,0.13186963720265116,0.716049382716049,0.603141532442,0.054161756133178814,0.7325,1.97450954289,0.1414872799308505,0.8560015363933161,4.50002407623,0.5699354687230851
6,140859,0.4375,0.037208113444,0.0011785360746930334,0.5975,1.18974296215,0.04142833047032596,0.65,0.816200011252,0.06793154955953414,0.6000000000000001,0.376158452605,0.007184936592922119,0.59,1.63673161277,0.09864455536707438,0.6948148148148141,0.443046007347,0.04334962312923622,0.59,0.202485300224,0.006882734832095072,0.9577491837910501,1.45869814559,0.9589830839300745
6,140984,0.645,2.47082942118,0.1450602332887081,0.754999999999999,7.63365038897,0.528112415810487,0.7625000000000001,5.07693534831,0.3410967743156311,0.7425,5.37059812187,0.3506631563420347,0.6925,3.83054276584,0.4094461140091037,0.9160493827160491,4.97468259083,0.7458057925296397,0.8925000000000001,4.36242738553,0.7413652613884714,0.8857307470712501,4.47335215707,0.7021049195328539
6,141053,0.625,1.85850309371,0.10190277206451422,0.65,0.897128099349,0.0945440123210388,0.645,0.755971121657,0.06400398032171972,0.7025,3.14298883649,0.18380340305470333,0.5,0.341985686233,0.026923358324027518,0.611358024691358,0.231638701665,0.015698194373183608,0.7025,1.48678432592,0.08964433176402785,1.0,0.340323624362,0.9915346657388207
6,141356,0.7025,4.17697933164,0.339594521946557,0.794999999999999,4.94649640018,0.7929891177931803,0.8250000000000001,5.85838457117,0.7198516532189678,0.8400000000000001,2.62098034387,0.8448854838236022,0.8425,2.0197234844,0.8908618967464506,0.8508641975308641,4.28858241024,0.42829961175521364,0.9475,2.04916055374,0.9189072082785071,0.811791818705588,4.04824511163,0.374887828188765
6,142811,0.635,2.15445468691,0.12194792061718879,0.58,0.945383963355,0.022317593710760756,0.595,0.42379867112,0.036108435922575295,0.675,2.38150061145,0.10879208702518584,0.535,0.580256363082,0.042454141152212695,0.714567901234567,0.585634457488,0.053281339604994045,0.7825000000000001,3.03944855273,0.264521690884623,0.8137507201843671,4.10444006872,0.38287349300577
6,142951,0.6475000000000001,2.55224122365,0.15133892142923264,0.764999999999999,7.39341420768,0.6035762867286232,0.804999999999999,6.42820439996,0.5956135714608195,0.7375,5.06360493302,0.3245704069298204,0.68,3.81335128569,0.3615884203608379,0.929382716049382,4.50483055217,0.8093007840800628,0.784999999999999,3.10982169898,0.2722078970605125,0.8876896485500281,4.49138560339,0.7108851928642504
6,143324,0.5750000000000001,0.793308938532,0.038555062388669466,0.66,1.10711611934,0.10442216171992469,0.5725,0.353493104139,0.027398070816513055,0.625,0.962874235782,0.02325649720338873,0.59,1.63673161277,0.09864455536707438,0.6972839506172831,0.454271504524,0.04445716522708873,0.6775,1.10076235211,0.05735040866912014,0.8636835029767621,4.45435413376,0.6043297530857459
6,145305,0.605,1.34676448047,0.0700407361863662,0.745,7.47278338266,0.4522486222065023,0.7675000000000001,5.35862339097,0.36719202217210745,0.6875,2.67785118908,0.14037835422388822,0.6575000000000001,3.55921720477,0.2780837841110854,0.7970370370370371,3.67508814389,0.21118596314325883,0.725,1.84931192155,0.12715014335558586,0.9097753024774341,4.49238237755,0.8114233162441313
6,145335,0.5225000000000001,0.287739621809,0.012137671787935027,0.5425,0.186271646164,0.002422290269472953,0.55,0.293059005469,0.020131080232591508,0.5,0.000833911028382,1.1788428369362612e-05,0.5875,1.56629658183,0.09464114726305593,0.79753086419753,3.68936410112,0.2130043598718884,0.8,3.56593144168,0.3222111297324227,0.693796811983867,0.567109273263,0.14595201634769672
6,145444,0.725,4.4707130009,0.4374905943330738,0.754999999999999,7.63365038897,0.528112415810487,0.8525,4.07321253235,0.8580727764024085,0.6925,2.8131534982,0.15409947834918547,0.7975000000000001,3.0622006712,0.7734361046783335,0.861728395061728,4.50336801598,0.47599865638425165,0.794999999999999,3.40831986874,0.3047773426406782,0.8017284424812751,3.714092173,0.33577005689799033
6,146557,-0.25,1.48085626445e-22,1.3503974440025102e-24,0.72,5.6640602013,0.2848131121475711,0.73,3.19811774733,0.20719316017549996,0.6825,2.55498085177,0.1273002412390589,0.5700000000000001,1.13032698375,0.07119933589495454,0.9002469135802461,5.16901144171,0.6651399710464345,0.74,2.10415889893,0.15677886909707492,0.8974841559439211,4.57687944418,0.7553275665722907
6,146877,0.8075000000000001,3.07405535544,0.769134090525887,0.715,5.16993492248,0.2577215185058865,0.865,3.15018162572,0.9031886320339509,0.5625,0.0505923528801,0.0007955906438456475,0.8400000000000001,2.09468380933,0.8857187831474416,0.863209876543209,4.53707899464,0.48269519134992867,0.865,4.92684648148,0.6118633004531885,0.5736892644516991,0.694885921171,0.07236848788825817
6,146928,0.7000000000000001,4.12521887768,0.3292160575992903,0.8600000000000001,0.971304810103,0.9538139618351307,0.855,3.88706016327,0.868023211624537,0.8174999999999991,3.94201619527,0.771979472439843,0.8150000000000001,2.75980910632,0.8246038739575094,0.803456790123456,3.83539701354,0.2353227962709512,0.885,4.59097128549,0.7077598989613093,0.837718455924716,4.51344852214,0.48720893833852036
6,146993,0.8125,2.92828639564,0.7841398377589893,1.0,0.0384899417625,0.9989517732876918,1.0,0.00361795873606,0.9999569787728964,1.0,0.154099623258,0.994182720011312,0.9500000000000001,0.270141090393,0.9841365400140794,0.8528395061728391,4.32245093392,0.4368039078183842,0.8,3.56593144168,0.3222111297324227,0.37584021509506405,0.0487079663515,0.0016403420321797681
6,147026,0.5,0.178146075439,0.006979377089035389,0.615,1.1115223667,0.06199755349300246,0.655,0.883578637988,0.07217789634218408,0.625,0.962874235782,0.02325649720338873,0.52,0.452048124024,0.03477335975155013,0.815802469135802,4.007209829,0.2838945496925306,0.645,0.662662461519,0.0289672808279082,0.8626848473209141,4.46014842021,0.5998785103246783
6,147101,0.625,1.85850309371,0.10190277206451422,0.7225,5.9032940155,0.2992737242321297,0.865,3.15018162572,0.9031886320339509,0.6825,2.55498085177,0.1273002412390589,0.8600000000000001,1.50229066771,0.9216295192273056,0.9007407407407401,5.16876141693,0.6676925220223744,0.8525,4.91087950758,0.5501967593495122,0.861724601497983,4.46587597404,0.595592931360257
6,147111,0.595,1.1345649479,0.0576583713728061,0.774999999999999,6.79212360263,0.674770028471638,0.735,3.46570956636,0.22384697944302173,0.6225,0.890763297707,0.020939925038297117,0.605,2.09086703665,0.12654338742998697,0.852345679012345,4.31374087041,0.43467152134800024,0.837499999999999,4.68101560691,0.4780001933865934,0.9010946802381411,4.58644844698,0.7718760521950372
6,147193,0.75,4.39958329543,0.549239501197586,0.7825000000000001,6.16398338026,0.7234299139115805,0.7825000000000001,6.06358490565,0.4531865341392332,0.7975000000000001,5.32179455966,0.6791872906958498,0.8500000000000001,1.79403209365,0.9051627819112461,0.6439506172839501,0.309487314435,0.024517964491121653,0.75,2.28783724039,0.17872645654931732,0.752294987516804,1.68402325433,0.2026257484799341
6,819,0.725,4.4707130009,0.4374905943330738,0.7075,4.41652914305,0.22177414112106072,0.7025,2.00095294741,0.13679662654676492,0.7225,4.1236412292,0.2557372601911996,0.7775000000000001,3.24565115173,0.7101367311073669,0.7214814814814811,0.679241431226,0.057635846209871715,0.8300000000000001,4.49832522317,0.4435547163359905,0.8252736700595351,4.36747411961,0.431798666820446
6,1942,0.715,4.38048782909,0.3931784621463489,0.5925,1.15135184456,0.03556366348319204,0.6725,1.18424467247,0.09011432406309229,0.6075,0.517656772167,0.010517193227042912,0.585,1.49772864805,0.0908115161281399,0.755061728395061,1.72815936296,0.09501310871445381,0.784999999999999,3.10982169898,0.2722078970605125,0.8467447666602651,4.53404735833,0.5280903644150621
6,1993,0.6625,3.04845519402,0.19333778855257902,0.7525000000000001,7.63099632159,0.5090263064541918,0.7375,3.60444068771,0.2326840268229851,0.835,2.86997908197,0.8311693894478862,0.63,2.88055753474,0.18877066208131477,0.905679012345679,5.14636057183,0.6931770752686595,0.905,3.89068683346,0.7930467739076816,0.8857307470712501,4.47335215707,0.7021049195328539
