left,boolean,ranking,id,score,serviceScore,equipmentScore,bathScore,distanceScore,mealScore,roomScore,locationScore
left,0,0,137869,0.846194757595,0.87,0.875,0.8625,0.977283950617,0.815,0.905,0.9725
left,0,1,4805,0.497264302553,0.7725,0.74,0.6975,0.94024691358,0.7675,0.84,0.9125
left,0,2,130166,0.488080466603,0.9325,0.7875,0.875,0.868148148148,0.875,0.9325,0.86
left,0,3,136139,0.466694765731,0.785,0.8025,0.76,0.942222222222,0.8225,0.8375,0.845
left,0,4,5562,0.403769120272,0.8025,0.775,0.7575,0.911111111111,0.6875,0.82,0.9575
left,0,5,135973,0.346396841204,0.7825,0.8,0.745,0.901728395062,0.6675,0.7925,0.8975
left,3,6,80619,0.314874235553,0.77,0.7775,0.6975,0.977777777778,0.7625,0.825,0.815
left,0,7,137085,0.295681976503,0.8775,0.84,0.85,0.814814814815,0.8475,0.875,0.94
left,3,8,79262,0.278339838981,0.7575,0.7275,0.8275,0.897283950617,0.66,0.815,0.84
left,0,9,18297,0.24833191285,0.745,0.745,0.7275,0.853333333333,0.75,0.7525,0.8525
left,3,10,109067,0.238541328205,0.7525,0.7625,0.71,0.847901234568,0.75,0.795,0.8
left,0,11,136288,0.230342699484,0.7925,0.7375,0.6225,0.936790123457,0.7425,0.8125,0.8275
left,0,12,7343,0.17721251204,0.7075,0.6875,0.665,0.961975308642,0.6325,0.715,0.9125
left,0,13,18270,0.147495491785,0.7425,0.6775,0.6275,0.95012345679,0.645,0.765,0.7925
left,3,14,67905,0.141000010158,0.7975,0.765,0.75,0.8,0.6675,0.8,0.845
left,0,15,38608,0.0890309888738,0.7275,0.74,0.765,0.802469135802,0.75,0.67,0.7875
left,0,16,69217,0.0788411100343,0.7675,0.7,0.6425,0.912592592593,0.7675,0.74,0.72
left,0,17,79388,0.0744549141175,0.77,0.7325,0.715,0.806913580247,0.7925,0.75,0.725
left,0,18,40799,0.0667786733689,0.735,0.68,0.5725,0.963950617284,0.75,0.6225,0.955
left,0,19,39495,0.062881761397,0.765,0.7225,0.5525,0.873580246914,0.66,0.69,0.75
left,3,20,147193,0.0238414061358,0.7975,0.7825,0.85,0.643950617284,0.75,0.7825,0.75
left,2,21,28466,0.100541220824,0.665,0.68,0.5875,0.945679012346,0.61,0.68,0.9575
left,1,22,29183,0.0785912887089,0.69,0.635,0.5825,0.84,0.5825,0.6475,0.8225
left,2,23,864,0.0757039494485,0.69,0.6375,0.5625,0.89975308642,0.75,0.71,0.92
left,2,24,4801,0.061666598658,0.735,0.625,0.6725,0.81037037037,0.7075,0.64,0.765
left,1,25,12534,0.0428469081765,0.665,0.6475,0.5625,0.895308641975,0.69,0.6525,0.735
left,2,26,4771,0.035733928838,0.705,0.635,0.5175,0.797530864198,0.6025,0.705,0.8975
left,2,27,18166,0.0340565955854,0.64,0.5875,0.5625,0.997037037037,0.6125,0.6625,0.8825
left,2,28,509,0.0322244900711,0.695,0.6375,0.5125,0.912592592593,0.8225,0.695,0.92
left,1,29,134923,0.0252417556619,0.7025,0.6825,0.68,0.77037037037,0.6725,0.725,0.735
left,1,30,54885,0.0204861114059,0.68,0.585,0.5625,0.952592592593,0.625,0.55,0.85
left,2,31,50921,0.0127817579469,0.64,0.5925,0.5975,0.93975308642,0.8325,0.68,0.7025
left,1,32,5385,0.0102209984764,0.6075,0.5875,0.5075,0.944691358025,0.7625,0.6,0.8425
left,2,33,1942,0.0102207271526,0.6075,0.5925,0.585,0.755061728395,0.715,0.6725,0.785
left,2,34,2335,0.00920404210012,0.675,0.5825,0.485,0.884444444444,0.75,0.64,0.69
left,1,35,146557,0.00339680159286,0.6825,0.72,0.57,0.90024691358,-0.25,0.73,0.74
left,1,36,130586,0.0,0.3575,0.2075,0.25,0.741728395062,-0.25,0.285,0.4275
left,1,37,129907,0.0,0.65,0.65,0.54,0.725432098765,0.6075,0.63,0.65
left,1,38,129672,0.0,0.405,0.485,0.435,0.901234567901,-0.25,0.38,0.725
left,1,39,1500,0.0,0.73,0.5675,0.3875,0.885925925926,0.6875,0.5825,0.9375
left,1,40,18319,0.0,0.4825,0.485,0.615,0.853827160494,0.4775,0.53,0.7525
left,1,41,1511,0.0,0.6125,0.52,0.5925,0.724444444444,0.6075,0.54,0.87
left,1,42,10672,0.0,0.6075,0.535,0.5,0.723950617284,-0.25,0.6425,0.9275
left,2,43,146877,0.0,0.5625,0.715,0.84,0.863209876543,0.8075,0.865,0.865
left,1,44,398,0.0,0.66,0.635,0.545,0.72049382716,0.8475,0.6325,0.61
left,1,45,18311,0.0,0.58,0.3825,0.4175,0.838024691358,0.75,0.42,0.83
left,1,46,136820,0.0,0.6175,0.6275,0.565,0.852345679012,0.6025,0.655,0.655
left,1,47,108341,0.0,0.595,0.5825,0.52,0.951604938272,0.595,0.52,0.8075
left,1,48,15877,0.0,0.545,0.47,0.4325,0.741728395062,0.375,0.44,0.765
left,1,49,29229,0.0,0.3675,0.3475,0.3075,0.849382716049,0.4375,0.3475,0.7725
left,1,50,29338,0.0,0.7,0.6525,0.62,0.602962962963,-0.25,0.69,0.615
left,1,51,7903,0.0,0.68,0.6425,0.5375,0.671604938272,0.75,0.645,0.64
left,1,52,40956,0.0,0.7825,0.625,0.6575,0.647407407407,-0.25,0.72,0.595
left,1,53,44059,0.0,0.6575,0.5125,0.5325,0.956543209877,-0.25,0.605,0.8225
left,1,54,5729,0.0,0.5,0.5225,0.41,0.826172839506,0.5,0.545,0.6375
left,1,55,108143,0.0,0.625,0.485,0.73,0.882469135802,0.5625,0.695,0.7225
left,1,56,1556,0.0,0.675,0.6625,0.6525,0.675555555556,0.705,0.705,0.7825
left,1,57,70749,0.0,0.39,0.36,0.365,0.866172839506,0.65,0.39,0.6575
left,1,58,1997,0.0,0.69,0.6625,0.59,0.493827160494,0.7775,0.685,0.67
left,1,59,70793,0.0,0.66,0.545,0.5275,0.808395061728,0.3925,0.59,0.6125
