n_clusters,cluster,bathAverage,bathScore,chargeScore,description,distance,distanceScore,equipmentAverage,equipmentScore,hotelMiddleCharge,id,kinnennScore,locationAverage,locationScore,mealAverage,mealScore,name,nearestStation,roomAverage,roomScore,serviceAverage,serviceScore,tag,url
5,4,3.13,0.5325,0.821394276935,■2014年春、全室リニューアル済！■Wi-Fi利用可■池袋駅から徒歩6分の好立地！,0.555,0.755061728395,3.52,0.63,6301.0,192,1.0,3.98,0.745,3.67,0.6675,アークホテル東京池袋（ルートインホテルズ）旧：アークホテル東京,池袋,3.71,0.6775,3.64,0.66,true0,http://img.travel.rakuten.co.jp/image/tr/api/hs/dQ4dX/?f_no=192
5,0,3.23,0.5575,0.87136546956,ＪＲ蒲田駅西口徒歩５分！毎朝4:00発から６便！羽田空港へ送りバス有（予約定員制）全館Ｗｉ-Ｆｉ完備,0.443,0.81037037037,3.55,0.6375,5000.0,223,0.0,3.42,0.605,3.33,0.5825,アーヴェストホテル（蒲田駅西口）,蒲田,3.42,0.605,3.71,0.6775,true0,http://img.travel.rakuten.co.jp/image/tr/api/hs/dQ4dX/?f_no=223
5,3,3.18,0.545,0.882888419435,羽田空港までモノレールで20分★観光・ビジネスにアクセス抜群！！ 全室無料Wi-F完備！,0.625,0.72049382716,3.54,0.635,4700.0,398,0.0,3.44,0.61,4.39,0.8475,チサンホテル浜松町,浜松町,3.53,0.6325,3.64,0.66,true2,http://img.travel.rakuten.co.jp/image/tr/api/hs/dQ4dX/?f_no=398
5,2,3.56,0.64,0.965469560207,東京ドームまですぐという至便な立地ながら大通りより一本入った閑静なたたずまいのホテル。朝食サービス付,0.442,0.810864197531,4.19,0.7975,2550.0,462,1.0,4.16,0.79,3.83,0.7075,ホテルウィングインターナショナル後楽園,水道橋,3.72,0.68,4.32,0.83,true3,http://img.travel.rakuten.co.jp/image/tr/api/hs/dQ4dX/?f_no=462
5,3,3.23,0.5575,0.940503168811,客室の窓からは浅草寺の境内がのぞめる部屋もあり散策が楽しめる。,0.539,0.762962962963,3.55,0.6375,3200.0,630,0.0,3.75,0.6875,4.09,0.7725,ヴィアイン浅草,浅草,3.96,0.74,3.72,0.68,true2,http://img.travel.rakuten.co.jp/image/tr/api/hs/dQ4dX/?f_no=630
5,2,3.39,0.5975,0.759938544267,銀座8丁目・並木通りに位置するレンガ色の建物,0.26,0.900740740741,3.65,0.6625,7901.0,767,0.0,4.49,0.8725,3.93,0.7325,銀座グランドホテル(旧：ホテルコムズ銀座）,新橋,3.8,0.7,3.78,0.695,true0,http://img.travel.rakuten.co.jp/image/tr/api/hs/dQ4dX/?f_no=767
5,3,3.41,0.6025,0.858882273862,【池袋東口5分！サンシャイン60近く】新鮮野菜と手作り料理の朝食が自慢。wifiルータ貸し出し中♪,0.477,0.793580246914,3.77,0.6925,5325.0,1128,1.0,4.09,0.7725,4.48,0.87,ホテルグランドシティ,池袋,3.71,0.6775,3.97,0.7425,true3,http://img.travel.rakuten.co.jp/image/tr/api/hs/dQ4dX/?f_no=1128
5,0,3.6,0.65,0.798770885347,都会に息づく静寂の趣きゆったりとくつろげる和風旅館,0.641,0.712592592593,3.47,0.6175,6890.0,1186,0.0,3.68,0.67,3.3,0.575,ホテル江戸屋,御茶ノ水,3.65,0.6625,3.89,0.7225,true0,http://img.travel.rakuten.co.jp/image/tr/api/hs/dQ4dX/?f_no=1186
5,4,3.5,0.625,0.842519685039,駅チカ 都心にありながら自然のやすらぎに恵まれたホテル（JR東日本ホテルズ）,0.543,0.760987654321,3.4,0.6,5751.0,1725,1.0,3.97,0.7425,3.46,0.615,シーサイドホテル芝弥生＜ＪＲ東日本ホテルズ＞,浜松町,3.59,0.6475,3.74,0.685,true0,http://img.travel.rakuten.co.jp/image/tr/api/hs/dQ4dX/?f_no=1725
5,4,3.21,0.5525,0.785327443826,渋谷駅から徒歩7分　コンビニはすぐ隣　☆ビジネスはもちろんショッピングに♪,0.62,0.722962962963,3.31,0.5775,7240.0,1770,0.0,4.34,0.835,3.54,0.635,渋谷東武ホテル,渋谷,3.56,0.64,3.41,0.6025,true2,http://img.travel.rakuten.co.jp/image/tr/api/hs/dQ4dX/?f_no=1770
5,4,3.08,0.52,0.814518916843,羽田空港や東京駅へのアクセスに最高の立地です。全室インターネット無料（光回線）利用可能,0.429,0.817283950617,3.31,0.5775,6480.0,1927,0.0,4.36,0.84,3.0,0.5,芝大門ホテル,浜松町,3.31,0.5775,3.64,0.66,true2,http://img.travel.rakuten.co.jp/image/tr/api/hs/dQ4dX/?f_no=1927
5,2,3.69,0.6725,0.821432686768,上野駅から徒歩５分、1Fコンビニ、和室洋室がある、利便性の優れたホテルです。,0.443,0.81037037037,3.5,0.625,6300.0,4801,1.0,4.06,0.765,3.83,0.7075,上野　ＮＥＷ伊豆ホテル,上野,3.56,0.64,3.94,0.735,true2,http://img.travel.rakuten.co.jp/image/tr/api/hs/dQ4dX/?f_no=4801
5,2,3.82,0.705,0.794507393893,ＪＲ上野駅より徒歩3分！上野公園上野動物園徒歩でいけます。,0.47,0.797037037037,3.9,0.725,7001.0,4977,1.0,4.4,0.85,3.56,0.64,ホテル　丸谷,上野,3.74,0.685,3.84,0.71,true2,http://img.travel.rakuten.co.jp/image/tr/api/hs/dQ4dX/?f_no=4977
5,3,3.03,0.5075,0.902093335894,羽田空港、都内へのアクセス良好！ＪＲ蒲田駅東口より徒歩１分の好立地,0.171,0.944691358025,3.35,0.5875,4200.0,5385,0.0,4.37,0.8425,4.05,0.7625,グランパークホテル　パネックス東京,蒲田,3.4,0.6,3.43,0.6075,true3,http://img.travel.rakuten.co.jp/image/tr/api/hs/dQ4dX/?f_no=5385
5,0,3.16,0.54,0.885961206069,モットーは笑顔。1つ1つの接客を大切に本物のサービスを目指すホテル。,0.657,0.704691358025,3.95,0.7375,4620.0,8207,0.0,4.11,0.7775,3.65,0.6625,シティホテル　ロンスター,新宿,3.63,0.6575,3.79,0.6975,true3,http://img.travel.rakuten.co.jp/image/tr/api/hs/dQ4dX/?f_no=8207
5,4,3.13,0.5325,0.733090071058,東京駅徒歩３分、自然をモチーフにしたスタイリシュな癒しの空間。2004年7月リニューアル。,0.392,0.835555555556,3.53,0.6325,8600.0,8961,0.0,4.63,0.9075,3.14,0.535,八重洲ターミナルホテル,東京,3.41,0.6025,3.65,0.6625,true2,http://img.travel.rakuten.co.jp/image/tr/api/hs/dQ4dX/?f_no=8961
5,2,3.45,0.6125,0.775686575763,新宿駅西口徒歩３分、高速バスターミナルより徒歩3分　空港リムジンバス乗り場より徒歩5分　,0.403,0.83012345679,3.69,0.6725,7491.0,11230,1.0,4.59,0.8975,3.73,0.6825,かどやホテル＜東京都＞,新宿,3.78,0.695,3.96,0.74,true2,http://img.travel.rakuten.co.jp/image/tr/api/hs/dQ4dX/?f_no=11230
5,2,3.82,0.705,0.77722296908,JR渋谷駅新南口直結！！ビジネスでのご利用はもちろん、観光スポットへのアクセスも抜群です！,0.324,0.869135802469,4.0,0.75,7451.0,14112,0.0,4.27,0.8175,3.86,0.715,ホテルメッツ渋谷　東京,渋谷,4.08,0.77,4.02,0.755,true3,http://img.travel.rakuten.co.jp/image/tr/api/hs/dQ4dX/?f_no=14112
5,4,3.0,0.5,0.765738429038,ＪＲ地下鉄５線乗入！焼きたてパンの朝食が無料。インターネット無料接続。東京消防庁優良防火対象物認定,0.419,0.822222222222,3.3,0.575,7750.0,15812,1.0,3.85,0.7125,3.19,0.5475,お茶の水セントヒルズホテル,御茶ノ水,3.27,0.5675,3.48,0.62,true3,http://img.travel.rakuten.co.jp/image/tr/api/hs/dQ4dX/?f_no=15812
5,2,3.6,0.65,0.769541002497,都内主要地へ行くにも交通便利。絶好のロケーション。,0.323,0.86962962963,3.79,0.6975,7651.0,15878,0.0,4.2,0.8,3.77,0.6925,ホテル東京ガーデンパレス,御茶ノ水,3.81,0.7025,4.0,0.75,true0,http://img.travel.rakuten.co.jp/image/tr/api/hs/dQ4dX/?f_no=15878
5,0,3.39,0.5975,0.880929517957,新宿歌舞伎町のビジネスホテル★期間限定割引実施中★,0.739,0.664197530864,3.77,0.6925,4751.0,16373,1.0,3.8,0.7,3.67,0.6675,ホテル　シェーナ,新宿,3.6,0.65,3.77,0.6925,true0,http://img.travel.rakuten.co.jp/image/tr/api/hs/dQ4dX/?f_no=16373
5,4,3.65,0.6625,0.836796619935,　シングルルームもダブルベッド使用　全室大型の浴槽です。,0.311,0.875555555556,3.69,0.6725,5900.0,17743,0.0,4.14,0.785,3.0,0.5,ホテル　アーバン＜ＨＯＴＥＬ　ＵＲＢＡＮ＞,池袋,3.73,0.6825,3.66,0.665,true3,http://img.travel.rakuten.co.jp/image/tr/api/hs/dQ4dX/?f_no=17743
5,1,4.27,0.8175,0.952026118686,女性に安心してお泊り頂けるホテルです。駅から徒歩3分、無線ＬＡＮ接続ご利用いただけます。,0.35,0.856296296296,3.99,0.7475,2900.0,18248,0.0,4.63,0.9075,4.67,0.9175,ビジネスホテル福千,南千住,4.09,0.7725,4.45,0.8625,true0,http://img.travel.rakuten.co.jp/image/tr/api/hs/dQ4dX/?f_no=18248
5,1,3.91,0.7275,0.764739773382,☆全客室禁煙☆全客室にWifi無料完備♪新宿駅南口から徒歩3分！空港リムジンバスも発着！,0.356,0.853333333333,3.98,0.745,7776.0,18297,0.0,4.41,0.8525,4.0,0.75,ホテルサンルートプラザ新宿,新宿,4.01,0.7525,3.98,0.745,true2,http://img.travel.rakuten.co.jp/image/tr/api/hs/dQ4dX/?f_no=18297
5,2,3.75,0.6875,0.859804109852,浅草駅より徒歩３分。優雅さと気品に満ちたルーム。本館男性大浴場サウナあり。,0.316,0.873086419753,3.83,0.7075,5301.0,18476,1.0,4.57,0.8925,4.0,0.75,浅草セントラルホテル,浅草,3.92,0.73,4.14,0.785,true0,http://img.travel.rakuten.co.jp/image/tr/api/hs/dQ4dX/?f_no=18476
5,2,3.35,0.5875,0.869829076244,『渋谷駅』から徒歩7分と抜群の立地!!客室は落ち着いた内装となっております。,0.604,0.730864197531,3.77,0.6925,5040.0,18739,0.0,4.39,0.8475,3.75,0.6875,渋谷シティホテル,渋谷,4.02,0.755,3.98,0.745,true2,http://img.travel.rakuten.co.jp/image/tr/api/hs/dQ4dX/?f_no=18739
5,2,3.67,0.6675,0.850240061456,泊まり心地にこだわった隠れ家のようなホテルです！３種類の焼立てパンと飲み物の軽朝食が無料！,0.505,0.77975308642,3.81,0.7025,5550.0,27972,0.0,4.31,0.8275,3.67,0.6675,京王プレッソイン池袋,池袋,4.11,0.7775,4.01,0.7525,true3,http://img.travel.rakuten.co.jp/image/tr/api/hs/dQ4dX/?f_no=27972
5,2,3.35,0.5875,0.848281159977,渋谷駅から徒歩5分。小さいけれど小粋な、パリっとしたプチホテル☆青山大学まで1本道で徒歩5分,0.404,0.82962962963,3.72,0.68,5601.0,29764,1.0,4.1,0.775,3.4,0.6,サクラ・フルール　青山,渋谷,3.89,0.7225,3.97,0.7425,true0,http://img.travel.rakuten.co.jp/image/tr/api/hs/dQ4dX/?f_no=29764
5,0,3.33,0.5825,0.919377760707,２０１２年５月１８日リニューアルオープン！浅草寺すぐ！ビジネス・観光拠点に！女性専用フロアあり,0.421,0.821234567901,3.48,0.62,3750.0,30094,0.0,3.52,0.63,3.5,0.625,浅草ホテル　和草(旧　ホテル栃木屋本店）,浅草,3.25,0.5625,3.7,0.675,true3,http://img.travel.rakuten.co.jp/image/tr/api/hs/dQ4dX/?f_no=30094
5,3,3.33,0.5825,0.793777607067,お嬢様御一人でも御安心なお宿,0.337,0.862716049383,3.23,0.5575,7020.0,31557,1.0,4.71,0.9275,5.0,1.0,景雲荘,新宿,4.17,0.7925,3.9,0.725,true3,http://img.travel.rakuten.co.jp/image/tr/api/hs/dQ4dX/?f_no=31557
5,2,4.06,0.765,0.928980218936,ビジネス・観光に　駅チカ!!24時間OPEN!! 便利・安心・快適・**大浴場完備**,0.459,0.802469135802,3.96,0.74,3500.0,38608,0.0,4.15,0.7875,4.0,0.75,ホテル丸忠　ＣＥＮＴＲＯ（チェントロ）　（旧：ホテル丸忠）,南千住,3.68,0.67,3.91,0.7275,true2,http://img.travel.rakuten.co.jp/image/tr/api/hs/dQ4dX/?f_no=38608
5,1,4.47,0.8675,0.856577683887,◆無料送迎実施中！東京ドームシティまで徒歩３分★朝食はうれしいバイキング！◆布団・枕　羽毛,0.44,0.811851851852,4.01,0.7525,5385.0,38649,0.0,4.03,0.7575,4.29,0.8225,炭酸泉人工温泉　楽楽の湯　ドーミーイン水道橋,水道橋,4.12,0.78,4.17,0.7925,true3,http://img.travel.rakuten.co.jp/image/tr/api/hs/dQ4dX/?f_no=38649
5,2,3.21,0.5525,0.852160553102,全室有線ＬＡＮインターネット接続無料。全室ビデオ・ＤＶＤデッキを完備。２４時間フロント対応。,0.315,0.873580246914,3.89,0.7225,5500.0,39495,1.0,4.0,0.75,3.64,0.66,ミヤビイン蒲田,蒲田,3.76,0.69,4.06,0.765,true3,http://img.travel.rakuten.co.jp/image/tr/api/hs/dQ4dX/?f_no=39495
5,0,3.04,0.51,0.784904935664,客室にミニキッチン・電子レンジ・洗濯機・乾燥機を完備。連泊の際に大変便利です。,0.768,0.64987654321,3.58,0.645,7251.0,41708,1.0,3.66,0.665,3.71,0.6775,東急ステイ渋谷　（道玄坂上）,渋谷,3.94,0.735,3.69,0.6725,true0,http://img.travel.rakuten.co.jp/image/tr/api/hs/dQ4dX/?f_no=41708
5,2,3.58,0.645,0.735394661033,上野駅より徒歩３分の好立地！人気の秘密は、無料朝食と選べる枕♪,0.35,0.856296296296,3.85,0.7125,8540.0,50703,0.0,3.96,0.74,3.7,0.675,スーパーホテルＪＲ上野入谷口,上野,3.8,0.7,3.93,0.7325,true3,http://img.travel.rakuten.co.jp/image/tr/api/hs/dQ4dX/?f_no=50703
5,4,3.24,0.56,0.927021317457,全室32型ワイド液晶TVにモデルチェンジ、Ｗｉ－Ｆｉ無料 、光フィバー有線ＬＡＮ完備！,0.362,0.85037037037,3.4,0.6,3551.0,51734,0.0,3.91,0.7275,3.24,0.56,ホテルビスタ蒲田東京,蒲田,3.89,0.7225,3.73,0.6825,true3,http://img.travel.rakuten.co.jp/image/tr/api/hs/dQ4dX/?f_no=51734
5,1,3.98,0.745,0.738083349337,汐留シオサイト、『イタリア街』に建つスタイリッシュホテル。最上階には宿泊者専用の大浴場も完備,0.499,0.782716049383,4.09,0.7725,8470.0,56758,0.0,3.72,0.68,4.25,0.8125,三井ガーデンホテル汐留イタリア街（２０１４年４月リニューアル）,浜松町,4.29,0.8225,4.08,0.77,true0,http://img.travel.rakuten.co.jp/image/tr/api/hs/dQ4dX/?f_no=56758
5,2,3.63,0.6575,0.869444977914,JR御茶ノ水駅、秋葉原駅、東京メトロから徒歩圏内。１階にコンビニとレストランを併設。損保会館至近。,0.404,0.82962962963,3.88,0.72,5050.0,56917,1.0,4.32,0.83,3.93,0.7325,ホテルマイステイズ御茶ノ水,御茶ノ水,4.08,0.77,3.92,0.73,true0,http://img.travel.rakuten.co.jp/image/tr/api/hs/dQ4dX/?f_no=56917
5,2,3.87,0.7175,0.928980218936,禁煙・喫煙をフロアー毎にわけております。門限を１時で設定しております。,0.512,0.776296296296,3.72,0.68,3500.0,56975,1.0,4.2,0.8,3.4,0.6,ホテルＮＥＯ東京,南千住,3.93,0.7325,3.79,0.6975,true3,http://img.travel.rakuten.co.jp/image/tr/api/hs/dQ4dX/?f_no=56975
5,1,4.04,0.76,0.830036489341,全室に洗濯乾燥機・電子レンジを完備！連泊に便利なホテルです。,0.302,0.88,4.26,0.815,6076.0,67160,0.0,4.45,0.8625,3.72,0.68,東急ステイ水道橋,水道橋,4.4,0.85,4.1,0.775,true2,http://img.travel.rakuten.co.jp/image/tr/api/hs/dQ4dX/?f_no=67160
5,0,3.71,0.6775,0.938544267332,１泊から長期滞在まで多目的で利用できるリーズナブルなホテル。全室、液晶テレビ冷蔵庫有線LAN設置。,0.762,0.652839506173,3.55,0.6375,3251.0,67423,0.0,3.73,0.6825,3.36,0.59,ホテル　アクセラ,南千住,3.75,0.6875,3.82,0.705,true3,http://img.travel.rakuten.co.jp/image/tr/api/hs/dQ4dX/?f_no=67423
5,1,4.0,0.75,0.786863837142,JR・東京モノレール浜松町駅徒歩約6分★羽田空港からアクセス軽快！★東京タワーまで徒歩圏内,0.464,0.8,4.06,0.765,7200.0,67905,1.0,4.38,0.845,3.67,0.6675,ホテルコンソレイユ　芝・東京（リッチモンドホテルズ提携ホテル）,浜松町,4.2,0.8,4.19,0.7975,true3,http://img.travel.rakuten.co.jp/image/tr/api/hs/dQ4dX/?f_no=67905
5,1,4.15,0.7875,0.751603610524,世界８０カ国４，２００軒以上の世界最大級ホテルチェーンベストウェスタン！,0.558,0.753580246914,3.96,0.74,8118.0,69292,0.0,3.96,0.74,4.0,0.75,ベストウェスタン新宿　アスティナホテル東京,新宿,4.26,0.815,4.04,0.76,true2,http://img.travel.rakuten.co.jp/image/tr/api/hs/dQ4dX/?f_no=69292
5,0,3.2,0.55,0.904974073363,3/24リニューアル!ビジネスはもちろん、浅草上野の観光や今話題の「秋葉原」へも、つくばTX線で２駅,0.498,0.783209876543,3.41,0.6025,4125.0,70659,1.0,3.26,0.565,3.11,0.5275,東横イン浅草千束つくばエクスプレス,浅草,3.74,0.685,3.78,0.695,true2,http://img.travel.rakuten.co.jp/image/tr/api/hs/dQ4dX/?f_no=70659
5,2,3.57,0.6425,0.853082389092,高速インターネット/ＬＡＮケーブル（無料）,0.364,0.849382716049,3.67,0.6675,5476.0,70707,1.0,4.53,0.8825,3.89,0.7225,ザ・ビー池袋,池袋,4.01,0.7525,3.68,0.67,true0,http://img.travel.rakuten.co.jp/image/tr/api/hs/dQ4dX/?f_no=70707
5,1,4.63,0.9075,0.822969080085,平成２１年６月新装オープン。大浴場、サウナあり。洋室の他、和室、露天風呂付など客室１０タイプ。,0.485,0.78962962963,4.32,0.83,6260.0,74604,0.0,4.22,0.805,4.18,0.795,お茶の水ホテル昇龍館,御茶ノ水,4.31,0.8275,4.65,0.9125,true0,http://img.travel.rakuten.co.jp/image/tr/api/hs/dQ4dX/?f_no=74604
5,2,3.39,0.5975,0.84831956981,同チェーンで女性客比率№１ホテル！池袋駅構内Ｃ１出口を出て後ろを振り返るとすぐ♪,0.422,0.820740740741,3.83,0.7075,5600.0,80513,1.0,4.3,0.825,4.04,0.76,スーパーホテル　ＪＲ池袋西口,池袋,4.04,0.76,4.13,0.7825,true3,http://img.travel.rakuten.co.jp/image/tr/api/hs/dQ4dX/?f_no=80513
5,0,3.58,0.645,0.890570386019,羽田空港からのアクセス至便。明日の元気をくれる安らぎの時間。,0.424,0.81975308642,3.58,0.645,4500.0,80766,1.0,3.55,0.6375,3.4,0.6,ヴィラフォンテーヌ浜松町,浜松町,3.89,0.7225,3.79,0.6975,true0,http://img.travel.rakuten.co.jp/image/tr/api/hs/dQ4dX/?f_no=80766
5,0,3.82,0.705,0.95970808527,２００９年８月改装オープン！★PC、モバイルから明月までの道案内をご覧いただけるようになりました★,0.427,0.818271604938,3.94,0.735,2700.0,80873,0.0,3.53,0.6325,3.0,0.5,ホテル明月,南千住,3.83,0.7075,4.11,0.7775,true0,http://img.travel.rakuten.co.jp/image/tr/api/hs/dQ4dX/?f_no=80873
5,4,3.27,0.5675,0.882081812944,アメ横に近く食事や買物に便利。スカイライナーで成田空港へ４４分、海外旅行の前泊や後泊にもご利用下さい,0.419,0.822222222222,3.53,0.6325,4721.0,104824,0.0,4.5,0.875,3.0,0.5,きぬや本館,上野,3.4,0.6,3.47,0.6175,true3,http://img.travel.rakuten.co.jp/image/tr/api/hs/dQ4dX/?f_no=104824
5,0,3.43,0.6075,0.94430574227,閑静な住宅街の中の静かで広々としたお部屋と充実の朝食サービスが人気★,0.542,0.761481481481,3.81,0.7025,3101.0,107898,1.0,3.47,0.6175,3.42,0.605,ホテルトムス,蒲田,4.18,0.795,3.79,0.6975,true2,http://img.travel.rakuten.co.jp/image/tr/api/hs/dQ4dX/?f_no=107898
5,4,3.4,0.6,0.840637603226,何処へ行くにも便利なホテルです。明るく元気に皆様をお迎え致します,0.425,0.819259259259,3.19,0.5475,5800.0,108388,1.0,3.76,0.69,3.32,0.58,東横イン池袋北口２,池袋,3.56,0.64,3.35,0.5875,true0,http://img.travel.rakuten.co.jp/image/tr/api/hs/dQ4dX/?f_no=108388
5,1,3.96,0.74,0.836489341271,山手線池袋駅北口から徒歩4分！とても便利な立地です。繁華街近ですが、とても静かな環境です。,0.449,0.807407407407,3.84,0.71,5908.0,108416,1.0,4.22,0.805,3.85,0.7125,東横イン池袋北口１,池袋,4.27,0.8175,4.22,0.805,true2,http://img.travel.rakuten.co.jp/image/tr/api/hs/dQ4dX/?f_no=108416
5,1,3.84,0.71,0.787785673132,★Wi-Fi無料サービス開始★羽田空港・都心・横浜へアクセス抜群★観光、ビジネスの拠点に！★,0.367,0.847901234568,4.05,0.7625,7176.0,109067,1.0,4.2,0.8,4.0,0.75,京急ＥＸイン　蒲田,蒲田,4.18,0.795,4.01,0.7525,true0,http://img.travel.rakuten.co.jp/image/tr/api/hs/dQ4dX/?f_no=109067
5,3,3.16,0.54,0.793777607067,東京ドーム・ラクーアが目の前にあり、最寄り５つの駅まで徒歩５分以内と交通至便。,0.429,0.817283950617,3.31,0.5775,7020.0,129429,1.0,4.17,0.7925,4.04,0.76,水道橋グランドホテル,水道橋,3.35,0.5875,3.72,0.68,true2,http://img.travel.rakuten.co.jp/image/tr/api/hs/dQ4dX/?f_no=129429
5,0,3.55,0.6375,0.896331860956,池袋駅北口より徒歩4分★新宿・東京・品川駅へ好アクセス★東京ドームヘ３駅７分★朝食は和洋バイキング,0.387,0.838024691358,3.69,0.6725,4350.0,129459,1.0,3.82,0.705,3.42,0.605,アパホテル＜池袋駅北口＞,池袋,3.77,0.6925,3.75,0.6875,true2,http://img.travel.rakuten.co.jp/image/tr/api/hs/dQ4dX/?f_no=129459
5,0,3.16,0.54,0.905895909353,2011年6月22日開業新築ホテル！新橋駅烏森口より徒歩9分、御成門駅A4出口より徒歩4分,0.615,0.725432098765,3.6,0.65,4101.0,129907,0.0,3.6,0.65,3.43,0.6075,アパホテル＜新橋御成門＞,新橋,3.52,0.63,3.6,0.65,true3,http://img.travel.rakuten.co.jp/image/tr/api/hs/dQ4dX/?f_no=129907
5,0,3.63,0.6575,0.930670251584,真新しく、清潔で気持ちのよいホテルです。免震構造の安全設計。ビジネスや観光に便利で経済的。,0.693,0.686913580247,3.63,0.6575,3456.0,129987,0.0,3.25,0.5625,3.0,0.5,パレスジャパン,南千住,3.75,0.6875,3.63,0.6575,true2,http://img.travel.rakuten.co.jp/image/tr/api/hs/dQ4dX/?f_no=129987
5,1,4.5,0.875,0.918225465719,『Our room your home』ご自宅のようにくつろげる、都会の中の隠れ家風旅館,0.326,0.868148148148,4.15,0.7875,3780.0,130166,0.0,4.44,0.86,4.5,0.875,御宿ちよだ,南千住,4.73,0.9325,4.73,0.9325,true2,http://img.travel.rakuten.co.jp/image/tr/api/hs/dQ4dX/?f_no=130166
5,2,3.72,0.68,0.879969272134,２０１１年１１月開業。都内名所、羽田空港に抜群のアクセス。最新設備とＣＯＯＬなデザイナーズルーム。,0.524,0.77037037037,3.73,0.6825,4776.0,134923,0.0,3.94,0.735,3.69,0.6725,相鉄フレッサイン　浜松町大門,浜松町,3.9,0.725,3.81,0.7025,true2,http://img.travel.rakuten.co.jp/image/tr/api/hs/dQ4dX/?f_no=134923
5,0,3.44,0.61,0.852160553102,◆全室シモンズ製和ベッド◆全室畳敷きのお部屋◆都営線浅草駅徒歩2分の美しい小さな和のホテルです。,0.76,0.653827160494,4.12,0.78,5500.0,136122,1.0,4.33,0.8325,3.09,0.5225,浅草ホテル旅籠,浅草,3.98,0.745,3.98,0.745,true3,http://img.travel.rakuten.co.jp/image/tr/api/hs/dQ4dX/?f_no=136122
5,0,3.43,0.6075,0.856001536393,2012年11月新築OPEN！渋谷ヒカリエ、原宿、代々木、表参道、新宿、池袋、東京駅へ便利,0.634,0.716049382716,3.79,0.6975,5400.0,138039,0.0,3.93,0.7325,3.62,0.655,アパホテル＜渋谷道玄坂上＞,渋谷,3.52,0.63,3.55,0.6375,true0,http://img.travel.rakuten.co.jp/image/tr/api/hs/dQ4dX/?f_no=138039
5,1,4.37,0.8425,0.811791818706,東京駅から徒歩3分。男女別の大浴場「八重桜の湯」は健康イオン水大浴場と炭酸泉がお楽しみいただけます。,0.361,0.850864197531,4.18,0.795,6551.0,141356,1.0,4.79,0.9475,3.81,0.7025,スーパーホテルＬｏｈａｓ東京駅八重洲中央口　八重桜の湯,東京,4.3,0.825,4.36,0.84,true0,http://img.travel.rakuten.co.jp/image/tr/api/hs/dQ4dX/?f_no=141356
5,4,3.14,0.535,0.813750720184,新宿駅西口より徒歩６分、客様のお越しをお待ちしております,0.637,0.714567901235,3.32,0.58,6500.0,142811,1.0,4.13,0.7825,3.54,0.635,ビジネスホテル新宿タウンアネクス,新宿,3.38,0.595,3.7,0.675,true0,http://img.travel.rakuten.co.jp/image/tr/api/hs/dQ4dX/?f_no=142811
5,1,4.19,0.7975,0.801728442481,2014年5月OPEN！新橋駅徒歩3分。全室無料Wi-Fi完備！洗濯乾燥機付き客室もございます。,0.339,0.861728395062,4.02,0.755,6813.0,145444,1.0,4.18,0.795,3.9,0.725,東急ステイ新橋,新橋,4.41,0.8525,3.77,0.6925,true2,http://img.travel.rakuten.co.jp/image/tr/api/hs/dQ4dX/?f_no=145444
5,1,4.26,0.815,0.837718455925,２０１４年８月１５日オープン！東京ドームへ徒歩２分！全室WiFi無料！都内中心部の好立地！,0.457,0.803456790123,4.44,0.86,5876.0,146928,1.0,4.54,0.885,3.8,0.7,リッチモンドホテル東京水道橋（２０１４年８月１５日オープン）,水道橋,4.42,0.855,4.27,0.8175,true3,http://img.travel.rakuten.co.jp/image/tr/api/hs/dQ4dX/?f_no=146928
5,2,3.42,0.605,0.901094680238,センチュリオンホテルが池袋に新規オープン！ビジネス・レジャーに好アクセス！,0.358,0.852345679012,4.1,0.775,4226.0,147111,1.0,4.35,0.8375,3.38,0.595,センチュリオンホテル池袋（２０１４年９月グランドオープン）,池袋,3.94,0.735,3.49,0.6225,true0,http://img.travel.rakuten.co.jp/image/tr/api/hs/dQ4dX/?f_no=147111
5,1,4.4,0.85,0.752294987517,２０１４年１０月３日新規オープン！高濃度人工炭酸泉完備！新宿歌舞伎町に位置し新宿駅から徒歩８分。ビジネスや観光の拠点に最適,0.78,0.643950617284,4.13,0.7825,8100.0,147193,1.0,4.0,0.75,4.0,0.75,スーパーホテル新宿歌舞伎町（２０１４年１０月３日グランドオープン）,新宿,4.13,0.7825,4.19,0.7975,true3,http://img.travel.rakuten.co.jp/image/tr/api/hs/dQ4dX/?f_no=147193
5,3,3.34,0.585,0.84674476666,ロケーション最高、お台場・臨海副都心へも。,0.555,0.755061728395,3.37,0.5925,5641.0,1942,0.0,4.14,0.785,3.86,0.715,ベイサイドホテル　アジュール竹芝,浜松町,3.69,0.6725,3.43,0.6075,true2,http://img.travel.rakuten.co.jp/image/tr/api/hs/dQ4dX/?f_no=1942
