left,boolean,ranking,id,score,distanceScore,mealScore,chargeScore,serviceScore,locationScore,bathScore,roomScore,equipmentScore
left,0,0,130166,0.0703967963154,0.868148148148,0.875,0.918225465719,0.9325,0.86,0.875,0.9325,0.7875
left,0,1,80619,0.0115027855005,0.977777777778,0.7625,0.869406568081,0.77,0.815,0.6975,0.825,0.7775
left,0,2,68688,0.00295546251564,0.883456790123,0.79,0.889994238525,0.78,0.8075,0.62,0.8025,0.685
left,0,3,8290,0.00178309137729,0.88987654321,0.8925,0.783022853851,0.77,0.83,0.75,0.8325,0.7825
left,0,4,56917,0.000960027664613,0.82962962963,0.7325,0.869444977914,0.73,0.83,0.6575,0.77,0.72
left,0,5,40799,0.000412695387871,0.963950617284,0.75,0.853696946418,0.735,0.955,0.5725,0.6225,0.68
left,0,6,80513,0.000362460378561,0.820740740741,0.76,0.84831956981,0.7825,0.825,0.5975,0.76,0.7075
left,3,7,14112,0.000271499424234,0.869135802469,0.715,0.77722296908,0.755,0.8175,0.705,0.77,0.75
left,0,8,69217,3.65504846835e-05,0.912592592593,0.7675,0.77722296908,0.7675,0.72,0.6425,0.74,0.7
left,3,9,767,1.56824209059e-05,0.900740740741,0.7325,0.759938544267,0.695,0.8725,0.5975,0.7,0.6625
left,0,10,5385,1.52629239557e-05,0.944691358025,0.7625,0.902093335894,0.6075,0.8425,0.5075,0.6,0.5875
left,3,11,31557,1.48228168648e-05,0.862716049383,1.0,0.793777607067,0.725,0.9275,0.5825,0.7925,0.5575
left,0,12,7599,8.3638648612e-06,0.945679012346,0.75,0.8646437488,0.6,0.95,0.5325,0.5675,0.5625
left,3,13,509,0.0,0.912592592593,0.8225,0.679277895141,0.695,0.92,0.5125,0.695,0.6375
left,0,14,129672,0.0,0.901234567901,-0.25,0.839408488573,0.405,0.725,0.435,0.38,0.485
left,3,15,41851,0.0,0.88987654321,-0.25,0.919339350874,0.6425,0.65,0.3275,0.635,0.6
left,2,16,140984,0.00417139227958,0.916049382716,0.645,0.885730747071,0.7425,0.8925,0.6925,0.7625,0.755
left,2,17,67160,0.00262190875177,0.88,0.68,0.830036489341,0.775,0.8625,0.76,0.85,0.815
left,2,18,462,0.0012120134685,0.810864197531,0.7075,0.965469560207,0.83,0.79,0.64,0.68,0.7975
left,2,19,38608,0.000846267261526,0.802469135802,0.75,0.928980218936,0.7275,0.7875,0.765,0.67,0.74
left,1,20,84558,0.000504359822872,0.825679012346,0.6275,0.844478586518,0.7775,0.7775,0.75,0.8375,0.7925
left,1,21,79262,0.000482474257899,0.897283950617,0.66,0.786863837142,0.7575,0.84,0.8275,0.815,0.7275
left,1,22,108416,0.000453654753931,0.807407407407,0.7125,0.836489341271,0.805,0.805,0.74,0.8175,0.71
left,1,23,109067,0.000350079167195,0.847901234568,0.75,0.787785673132,0.7525,0.8,0.71,0.795,0.7625
left,1,24,70707,0.000260138111226,0.849382716049,0.7225,0.853082389092,0.67,0.8825,0.6425,0.7525,0.6675
left,2,25,28024,0.000223249256085,0.856296296296,0.9175,0.658382946034,1.0,1.0,1.0,0.85,0.9
left,2,26,7588,0.000186169951904,0.958024691358,0.6025,0.85596312656,0.695,0.815,0.845,0.6175,0.6725
left,2,27,147111,9.71584397957e-05,0.852345679012,0.595,0.901094680238,0.6225,0.8375,0.605,0.735,0.775
left,1,28,67905,6.38766658552e-05,0.8,0.6675,0.786863837142,0.7975,0.845,0.75,0.8,0.765
left,1,29,18739,4.61504549134e-05,0.730864197531,0.6875,0.869829076244,0.745,0.8475,0.5875,0.755,0.6925
left,2,30,76496,4.02975224578e-05,0.804444444444,0.89,0.660072978683,0.835,0.9325,0.805,0.8975,0.9175
left,2,31,108411,2.8282992319e-05,0.93037037037,0.515,0.874323026695,0.67,0.875,0.7075,0.6575,0.6175
left,1,32,11230,1.47781650885e-05,0.83012345679,0.6825,0.775686575763,0.74,0.8975,0.6125,0.695,0.6725
left,1,33,70852,1.34286340692e-05,0.799012345679,0.5925,0.900134434415,0.6975,0.6975,0.595,0.705,0.69
left,1,34,4801,1.34234617925e-05,0.81037037037,0.7075,0.821432686768,0.735,0.765,0.6725,0.64,0.625
left,1,35,69292,8.33958349714e-06,0.753580246914,0.75,0.751603610524,0.76,0.74,0.7875,0.815,0.74
left,1,36,28466,4.72045244085e-06,0.945679012346,0.61,0.773036297292,0.665,0.9575,0.5875,0.68,0.68
left,1,37,107898,3.40498988766e-06,0.761481481481,0.605,0.94430574227,0.6975,0.6175,0.6075,0.795,0.7025
left,1,38,50703,3.2811334908e-06,0.856296296296,0.675,0.735394661033,0.7325,0.74,0.645,0.7,0.7125
left,1,39,12534,2.56837026152e-06,0.895308641975,0.69,0.802189360476,0.665,0.735,0.5625,0.6525,0.6475
left,1,40,138039,1.37766551745e-06,0.716049382716,0.655,0.856001536393,0.6375,0.7325,0.6075,0.63,0.6975
left,1,41,1942,9.74690427716e-07,0.755061728395,0.715,0.84674476666,0.6075,0.785,0.585,0.6725,0.5925
left,1,42,223,1.28532196295e-07,0.81037037037,0.5825,0.87136546956,0.6775,0.605,0.5575,0.605,0.6375
left,1,43,108388,8.76558400883e-08,0.819259259259,0.58,0.840637603226,0.5875,0.69,0.6,0.64,0.5475
left,1,44,134922,6.02143167734e-08,0.679012345679,0.4375,0.857922028039,0.6775,0.79,0.635,0.725,0.6925
left,1,45,142811,4.10271149483e-08,0.714567901235,0.635,0.813750720184,0.675,0.7825,0.535,0.595,0.58
left,2,46,995,1.07604846836e-08,0.766419753086,0.7875,0.867486076436,0.5775,0.65,0.52,0.5325,0.51
left,1,47,5627,8.43674934156e-09,0.768888888889,0.6675,0.868177453428,0.59,0.59,0.5675,0.66,0.5225
left,2,48,76409,5.69232100196e-09,0.885432098765,0.25,0.936662185519,0.5775,0.7175,0.52,0.5325,0.51
left,1,49,18319,2.42341458994e-10,0.853827160494,0.4775,0.934818513539,0.4825,0.7525,0.615,0.53,0.485
left,1,50,15877,5.22894954485e-11,0.741728395062,0.375,0.978913001728,0.545,0.765,0.4325,0.44,0.47
left,1,51,9191,0.0,0.280987654321,0.5825,0.890531976186,0.685,0.6825,0.5925,0.63,0.605
left,1,52,5729,0.0,0.826172839506,0.5,0.696216631458,0.5,0.6375,0.41,0.545,0.5225
left,1,53,145335,0.0,0.797530864198,0.5225,0.693796811984,0.5,0.8,0.5875,0.55,0.5425
left,1,54,1997,0.0,0.493827160494,0.7775,0.890570386019,0.69,0.67,0.59,0.685,0.6625
left,1,55,1872,0.0,0.786666666667,0.6075,0.683272517765,0.66,0.9475,0.52,0.6475,0.6075
left,1,56,1799,0.0,0.761481481481,0.825,0.434415210294,0.81,0.8,0.85,0.885,0.84
left,2,57,136846,0.0,0.607407407407,0.7625,0.722681006338,0.805,0.6525,0.875,0.7925,0.8075
left,2,58,29229,0.0,0.849382716049,0.4375,0.846360668331,0.3675,0.7725,0.3075,0.3475,0.3475
left,2,59,104560,0.0,0.917037037037,0.515,0.850240061456,0.485,0.85,0.4075,0.48,0.4
left,1,60,104688,0.0,0.743209876543,0.75,0.657384290378,0.6625,0.8125,0.7225,0.73,0.7275
left,1,61,74688,0.0,0.58024691358,0.75,0.856001536393,0.775,0.5,0.625,0.75,0.7
