left,boolean,ranking,id,score,distanceScore,equipmentScore,serviceScore,roomScore,locationScore,mealScore,kinnennScore,bathScore
left,0,0,76496,0.0727975483372,0.804444444444,0.9175,0.835,0.8975,0.9325,0.89,1,0.805
left,0,1,2876,0.0507394152642,0.886913580247,0.795,0.84,0.8175,0.955,0.6075,1,0.89
left,0,2,43759,2.70983245421e-05,0.705679012346,0.8175,0.8625,0.75,0.6975,0.75,0,0.7675
left,0,3,1501,1.5937583665e-06,0.775308641975,0.505,0.6425,0.6025,0.945,0.55,1,0.4
left,0,4,108388,1.54439735613e-06,0.819259259259,0.5475,0.5875,0.64,0.69,0.58,0,0.6
left,0,5,5303,5.42205399071e-07,0.787160493827,0.4725,0.75,0.5,0.86,0.25,0,0.695
left,0,6,5627,1.39205102299e-07,0.768888888889,0.5225,0.59,0.66,0.59,0.6675,0,0.5675
left,0,7,70358,9.90324048083e-09,0.829135802469,0.475,0.5425,0.48,0.75,0.5325,0,0.545
left,1,8,137869,inf,0.977283950617,0.875,0.87,0.905,0.9725,0.815,1,0.8625
left,1,9,130043,0.111561616356,0.942716049383,0.83,0.765,0.9,0.865,0.805,1,0.695
left,1,10,5562,0.0828459335848,0.911111111111,0.775,0.8025,0.82,0.9575,0.6875,1,0.7575
left,2,11,1356,0.0561340223718,0.831604938272,0.775,0.7575,0.8125,0.925,0.79,1,0.73
left,1,12,1993,0.032780447874,0.905679012346,0.7525,0.835,0.7375,0.905,0.6625,1,0.63
left,1,13,142951,0.0200484579747,0.929382716049,0.765,0.7375,0.805,0.785,0.6475,1,0.68
left,2,14,38649,0.0185531357349,0.811851851852,0.7525,0.7925,0.78,0.7575,0.8225,1,0.8675
left,2,15,1764,0.0165115832781,0.880987654321,0.67,0.7075,0.7425,0.8575,0.7725,1,0.645
left,2,16,767,0.00831034147426,0.900740740741,0.6625,0.695,0.7,0.8725,0.7325,1,0.5975
left,2,17,79262,0.00537191537077,0.897283950617,0.7275,0.7575,0.815,0.84,0.66,0,0.8275
left,2,18,1680,0.00480523186087,0.875061728395,0.695,0.7925,0.7275,0.87,0.785,0,0.6975
left,2,19,1386,0.00478831514603,0.866666666667,0.7025,0.6975,0.7425,0.86,0.5825,1,0.6525
left,2,20,18476,0.00469089541165,0.873086419753,0.7075,0.785,0.73,0.8925,0.75,0,0.6875
left,2,21,145444,0.00288909359428,0.861728395062,0.755,0.6925,0.8525,0.795,0.725,0,0.7975
left,2,22,67905,0.00230527306996,0.8,0.765,0.7975,0.8,0.845,0.6675,0,0.75
left,2,23,74696,0.001175608849,0.892839506173,0.7125,0.6975,0.7175,0.7825,0.6675,0,0.695
left,1,24,50921,0.000814033591414,0.93975308642,0.5925,0.64,0.68,0.7025,0.8325,1,0.5975
left,1,25,40799,0.000797396049339,0.963950617284,0.68,0.735,0.6225,0.955,0.75,0,0.5725
left,1,26,1667,0.000580703534941,0.902222222222,0.6625,0.68,0.6175,0.8,0.75,1,0.49
left,2,27,41703,0.00057530699052,0.792592592593,0.735,0.6925,0.7875,0.77,0.6975,0,0.685
left,2,28,18739,0.000382876399929,0.730864197531,0.6925,0.745,0.755,0.8475,0.6875,1,0.5875
left,2,29,51734,0.000353282260909,0.85037037037,0.6,0.6825,0.7225,0.7275,0.56,1,0.56
left,2,30,2877,0.000259998704721,0.845432098765,0.75,0.635,0.6725,0.8075,0.6875,0,0.635
left,2,31,4801,0.000231166968595,0.81037037037,0.625,0.735,0.64,0.765,0.7075,0,0.6725
left,2,32,145305,0.000162126258375,0.797037037037,0.745,0.6875,0.7675,0.725,0.605,0,0.6575
left,2,33,2335,0.000130752539579,0.884444444444,0.5825,0.675,0.64,0.69,0.75,1,0.485
left,2,34,104688,0.000114831691544,0.743209876543,0.7275,0.6625,0.73,0.8125,0.75,0,0.7225
left,2,35,129459,8.70492831508e-05,0.838024691358,0.6725,0.6875,0.6925,0.705,0.605,0,0.6375
left,2,36,104598,3.72771216775e-05,0.854320987654,0.5825,0.685,0.645,0.67,0.5,1,0.515
left,2,37,129429,3.20640454679e-05,0.817283950617,0.5775,0.68,0.5875,0.7925,0.76,0,0.54
left,1,38,7599,1.71461429043e-05,0.945679012346,0.5625,0.6,0.5675,0.95,0.75,0,0.5325
left,2,39,138039,1.62561285564e-05,0.716049382716,0.6975,0.6375,0.63,0.7325,0.655,1,0.6075
left,2,40,192,1.40775121033e-05,0.755061728395,0.63,0.66,0.6775,0.745,0.6675,0,0.5325
left,2,41,1770,9.57857793212e-06,0.722962962963,0.5775,0.6025,0.64,0.835,0.635,1,0.5525
left,2,42,136820,6.35326194883e-06,0.852345679012,0.6275,0.6175,0.655,0.655,0.6025,0,0.565
left,2,43,107898,6.34316227259e-06,0.761481481481,0.7025,0.6975,0.795,0.6175,0.605,0,0.6075
left,1,44,108341,2.72166618206e-06,0.951604938272,0.5825,0.595,0.52,0.8075,0.595,0,0.52
left,1,45,44059,2.03735707775e-06,0.956543209877,0.5125,0.6575,0.605,0.8225,-0.25,1,0.5325
left,2,46,15812,1.66672751407e-06,0.822222222222,0.575,0.62,0.5675,0.7125,0.5475,0,0.5
left,1,47,134922,9.59185970645e-07,0.679012345679,0.6925,0.6775,0.725,0.79,0.4375,1,0.635
left,2,48,70659,2.35094334584e-07,0.783209876543,0.6025,0.695,0.685,0.565,0.5275,0,0.55
left,1,49,17703,1.19532157304e-07,0.982716049383,0.635,0.605,0.76,0.595,0.0,0,0.4275
left,2,50,129987,1.0584462826e-07,0.686913580247,0.6575,0.6575,0.6875,0.5625,0.5,1,0.6575
left,1,51,16373,9.27874541858e-08,0.664197530864,0.6925,0.6925,0.65,0.7,0.6675,0,0.5975
left,1,52,67423,8.9286021269e-08,0.652839506173,0.6375,0.705,0.6875,0.6825,0.59,1,0.6775
left,1,53,104560,9.85991176941e-09,0.917037037037,0.4,0.485,0.48,0.85,0.515,1,0.4075
left,1,54,1630,7.95778043154e-09,0.633580246914,0.6325,0.6525,0.6825,0.64,0.8525,1,0.6075
left,1,55,19745,7.51634064973e-10,0.616790123457,0.8575,0.8925,0.8575,0.8575,-0.25,0,0.625
left,1,56,29229,3.89345966362e-12,0.849382716049,0.3475,0.3675,0.3475,0.7725,0.4375,1,0.3075
left,1,57,29338,1.8476053312e-12,0.602962962963,0.6525,0.7,0.69,0.615,-0.25,0,0.62
left,1,58,74688,3.24538453563e-13,0.58024691358,0.7,0.775,0.75,0.5,0.75,0,0.625
left,1,59,72086,3.05026630473e-21,0.515061728395,0.565,0.585,0.545,0.8475,0.4075,1,0.4175
left,1,60,11140,4.96002987149e-78,0.245432098765,0.5775,0.6975,0.6325,0.7825,0.5275,0,0.55
