user,id,equipmentScore,equipmentScore_pdf,equipmentScore_cdf,roomScore,roomScore_pdf,roomScore_cdf,mealScore,mealScore_pdf,mealScore_cdf,serviceScore,serviceScore_pdf,serviceScore_cdf,locationScore,locationScore_pdf,locationScore_cdf
4,101,0.655,4.0464490401,0.3216027000587013
,0.6000000000000001,1.90259952586,0.09975877418712809
,0.6975,3.36226777576,0.511467081310836
,0.73,4.5025030616,0.5300238073150814
,0.9400000000000001,2.10056936796,0.9202261796366268
4,192,0.63,3.37733576232,0.22839025458831147
,0.6775,3.05596040029,0.30112483944436913
,0.6675,3.25300157981,0.4117306265025704
,0.66,3.46728966425,0.23411238294838116
,0.745,2.73712691663,0.26354755941596675
4,223,0.6375000000000001,3.59683585205,0.2545484959891451
,0.605,2.01513350133,0.10955389655095216
,0.5825,2.02675402034,0.18063607926366831
,0.6775,3.98150118432,0.2994420499233055
,0.605,0.590703612522,0.02633388624033924
4,388,0.7575000000000001,3.65513902541,0.7515492784619746
,0.7675000000000001,4.06865587607,0.6231574799179045
,0.7825000000000001,2.63860475317,0.7769860606523238
,0.7675000000000001,3.87802300616,0.6891507917951105
,0.915,2.86255141433,0.8580480766832652
4,398,0.635,3.52462582034,0.24564641621635802
,0.6325000000000001,2.56659007313,0.17289603240838997
,0.847499999999999,1.34778269242,0.9074357935835428
,0.66,3.46728966425,0.23411238294838116
,0.61,0.648221830896,0.029430241130926987
4,462,0.7975000000000001,2.56418080825,0.8775349463023393
,0.68,3.07482060364,0.308788241945017
,0.7075,3.35450484484,0.5450687217519509
,0.8300000000000001,2.0585962832,0.8762336741277708
,0.79,3.53102619111,0.40458053366032753
4,509,0.6375000000000001,3.59683585205,0.2545484959891451
,0.6950000000000001,3.20456330755,0.35583707391587627
,0.8225,1.85774925583,0.867456784090249
,0.6950000000000001,4.35395366474,0.3726327887197699
,0.919999999999999,2.71590946359,0.871995869835922
4,568,0.685,4.41557634286,0.4500046337758384
,0.6625,2.9397660116,0.25613660049222925
,0.5675,1.78347213669,0.15209823795009308
,0.7975000000000001,3.04403832353,0.7934361758268604
,0.9450000000000001,1.94093849615,0.9303308145987275
4,570,0.754999999999999,3.70572587632,0.7423477457560014
,0.8625,1.7926149906,0.9243273797496726
,0.857499999999999,1.16324494938,0.9199773301326435
,0.7825000000000001,3.48376492242,0.7444361120473268
,0.8775000000000001,3.67555481657,0.7333321367653195
4,610,0.6875,4.42015859214,0.4610500660783423
,0.7825000000000001,3.9820715025,0.6837531717583698
,0.8225,1.85774925583,0.867456784090249
,0.725,4.53096621514,0.5074337050601287
,0.9175000000000001,2.78972242475,0.8651136410082564
4,630,0.6375000000000001,3.59683585205,0.2545484959891451
,0.74,3.84124865342,0.5134754140292621
,0.7725000000000001,2.79942521108,0.7497807647807504
,0.68,4.04501903377,0.30947583407838336
,0.6875,1.99515021987,0.1266089476507348
4,658,0.54,1.06489981382,0.03388987254643276
,0.59,1.67402451283,0.0818736565822358
,0.63,2.83705836281,0.29662835548760275
,0.5775,1.13320545681,0.05312594668429339
,0.665,1.53433123135,0.08676599252684429
4,659,0.5925,2.31721843215,0.12218235242816455
,0.645,2.75400144049,0.20619967475399179
,0.62,2.68142796865,0.26902334909648357
,0.6125,1.95362779118,0.10621679032871195
,0.65,1.23093474202,0.06607602257737674
4,716,0.715,4.27947260892,0.5813503346544266
,0.8325,2.75009417234,0.856194425040231
,0.8025,2.26868406168,0.8261535670704333
,0.7225,4.539312958,0.49609502225182567
,0.735,2.59831923036,0.2368922404399985
4,767,0.6625,4.19349304382,0.3525234519416492
,0.7000000000000001,3.2579132653,0.371990742008835
,0.7325,3.24395539537,0.6278173065186189
,0.6950000000000001,4.35395366474,0.3726327887197699
,0.8725,3.72486992998,0.7148250374522598
4,839,0.7875000000000001,2.87853842496,0.8503070242578098
,0.845,2.351318272,0.8880853257668994
,0.735,3.22584151919,0.6359048205449979
,0.8150000000000001,2.50743672818,0.8420204095099602
,0.925,2.56585926927,0.8852015220458236
4,858,0.635,3.52462582034,0.24564641621635802
,0.65,2.81552578823,0.22012662364714727
,0.5675,1.78347213669,0.15209823795009308
,0.61,1.88436576619,0.10141963585354895
,0.6475000000000001,1.18490441987,0.06305654222483618
4,864,0.6375000000000001,3.59683585205,0.2545484959891451
,0.71,3.38312867527,0.4051755389133047
,0.75,3.09002439089,0.6833321135792141
,0.6900000000000001,4.26581976557,0.35107678279365523
,0.919999999999999,2.71590946359,0.871995869835922
4,922,0.595,2.38145081568,0.1280554976770516
,0.5750000000000001,1.33476145948,0.059323598338027396
,0.4525,0.540116241289,0.020425784173332528
,0.605,1.75076137978,0.09233457371731454
,0.6825,1.90067056179,0.11686639141275532
4,930,0.75,3.80056703764,0.7235785768444905
,0.7925000000000001,3.83099505938,0.7228771902083981
,0.7125,3.34270481184,0.5618139192959211
,0.78,3.55328561841,0.7356395234958872
,0.885,3.57306968028,0.7605364887370614
4,995,0.51,0.476838908973,0.011284461731421613
,0.5325,0.556238930464,0.02047412041006578
,0.7875000000000001,2.55164985484,0.7899634135947171
,0.5775,1.13320545681,0.05312594668429339
,0.65,1.23093474202,0.06607602257737674
4,996,0.6000000000000001,2.51283725757,0.14028952749752555
,0.6375000000000001,2.64730095935,0.18593387328336675
,0.625,2.7611300197,0.28263121723384227
,0.65,3.13972343118,0.20106654184768516
,0.725,2.48232124559,0.21150401935881089
4,1119,0.545,1.1789243824,0.039498386531842435
,0.58,1.44631106984,0.0662753691408672
,0.5,1.05464914622,0.058435000145535675
,0.6000000000000001,1.62381158395,0.08390092426204693
,0.7325,2.56753193498,0.23043521954341212
4,1128,0.6925,4.41879179491,0.48315307889963477
,0.6775,3.05596040029,0.30112483944436913
,0.8700000000000001,0.958550132094,0.933205699038776
,0.7425,4.3677653455,0.5855530215952993
,0.7725000000000001,3.22852115463,0.3453307162418307
4,1186,0.6175,3.00536861022,0.18850257064941411
,0.6625,2.9397660116,0.25613660049222925
,0.5750000000000001,1.9012217215,0.1659103768752609
,0.7225,4.539312958,0.49609502225182567
,0.67,1.64133259793,0.09470491485460797
4,1356,0.774999999999999,3.23850069413,0.8120286908091905
,0.8125,3.35369891123,0.7950417083436753
,0.79,2.50666992924,0.7962865144175613
,0.7575000000000001,4.10368837239,0.6492134276646901
,0.925,2.56585926927,0.8852015220458236
4,1357,0.78,3.09998170807,0.8278782078974192
,0.8075000000000001,3.48979733015,0.777929364638847
,0.76,2.97356110574,0.7136672571272162
,0.8025,2.89166281133,0.8082761658458159
,0.835,3.81593511542,0.5724838696076489
4,1386,0.7025,4.37965977166,0.5271819899050064
,0.7425,3.87630700254,0.5231227272043761
,0.5825,2.02675402034,0.18063607926366831
,0.6975,4.3919971066,0.38356608127323033
,0.8600000000000001,3.79354912676,0.6677646971772662
4,1404,0.6725,4.3337814086,0.39521529770777614
,0.7875000000000001,3.91534029361,0.7035043098311005
,0.75,3.09002439089,0.6833321135792141
,0.6725,3.84586768649,0.27986909168299845
,0.75,2.81647276867,0.27742885971966014
4,1500,0.5675,1.70829925551,0.07195272136618144
,0.5825,1.50280881908,0.06996168540130034
,0.6875,3.34833807405,0.4778956746380717
,0.73,4.5025030616,0.5300238073150814
,0.9375,2.17957108729,0.9148758863592353
4,1501,0.505,0.402308439121,0.009089854724019063
,0.6025,1.95910342809,0.10458598992378476
,0.55,1.54633351762,0.12304233695678993
,0.6425000000000001,2.88954992586,0.17845662732914408
,0.9450000000000001,1.94093849615,0.9303308145987275
4,1511,0.52,0.64856800457,0.01688722478908543
,0.54,0.664138959604,0.025041590838077336
,0.6075,2.46918012497,0.23681566720260538
,0.6125,1.95362779118,0.10621679032871195
,0.8700000000000001,3.74430651906,0.705487881949193
4,1556,0.6625,4.19349304382,0.3525234519416492
,0.705,3.31745468034,0.38842655438645074
,0.705,3.35844010003,0.5366772660993012
,0.675,3.91504533503,0.28957077680793764
,0.7825000000000001,3.41037282316,0.37853928546578863
4,1630,0.6325000000000001,3.45135797902,0.23692624813718807
,0.6825,3.09414508415,0.3164993296726565
,0.8525,1.2534727982,0.913937348652172
,0.6525000000000001,3.2227091355,0.2090196779719097
,0.64,1.05607958529,0.05466151295202311
4,1667,0.6625,4.19349304382,0.3525234519416492
,0.6175,2.28410363163,0.13644715850148675
,0.75,3.09002439089,0.6833321135792141
,0.68,4.04501903377,0.30947583407838336
,0.8,3.65983133327,0.4405687421746306
4,1680,0.6950000000000001,4.41323987485,0.4941937584668909
,0.7275,3.64850507649,0.46664402473192557
,0.784999999999999,2.5956422589,0.7835290881733079
,0.7925000000000001,3.19415148064,0.7778395550755481
,0.8700000000000001,3.74430651906,0.705487881949193
4,1725,0.6000000000000001,2.51283725757,0.14028952749752555
,0.6475000000000001,2.78570307178,0.2131247024168506
,0.615,2.59845770915,0.25582238910508
,0.685,4.16243472094,0.33000002551404173
,0.7425,2.69993635079,0.256751581604735
4,1764,0.67,4.30498012157,0.38441596550729795
,0.7425,3.87630700254,0.5231227272043761
,0.7725000000000001,2.79942521108,0.7497807647807504
,0.7075,4.50216313364,0.4280936146342803
,0.857499999999999,3.80030884985,0.6582720127994153
4,1770,0.5775,1.94709243202,0.09022716253083889
,0.64,2.68480843482,0.19259941220848115
,0.635,2.90878442014,0.31099479317205003
,0.6025,1.68645153922,0.0880384052865798
,0.835,3.81593511542,0.5724838696076489
4,1799,0.8400000000000001,1.24465863286,0.9576423803189473
,0.885,1.13195512247,0.9570191763027684
,0.8250000000000001,1.80536000437,0.8720356672696863
,0.81,2.66104767926,0.8290995315440391
,0.8,3.65983133327,0.4405687421746306
4,1872,0.6075,2.71785293993,0.1598985425102331
,0.6475000000000001,2.78570307178,0.2131247024168506
,0.6075,2.46918012497,0.23681566720260538
,0.66,3.46728966425,0.23411238294838116
,0.9475,1.86040151359,0.9350825779984322
4,1927,0.5775,1.94709243202,0.09022716253083889
,0.5775,1.39026310181,0.0627297552154048
,0.5,1.05464914622,0.058435000145535675
,0.66,3.46728966425,0.23411238294838116
,0.8400000000000001,3.81672863264,0.5915663919891758
4,1996,0.525,0.74474997985,0.020367890107725068
,0.495,0.211835568287,0.006988877825439683
,0.62,2.68142796865,0.26902334909648357
,0.67,3.77419410411,0.27034351853718014
,0.7325,2.56753193498,0.23043521954341212
4,1997,0.6625,4.19349304382,0.3525234519416492
,0.685,3.11414648011,0.32425953188703605
,0.7775000000000001,2.72128732091,0.7635844895766283
,0.6900000000000001,4.26581976557,0.35107678279365523
,0.67,1.64133259793,0.09470491485460797
4,2335,0.5825,2.06818260737,0.10026466047712923
,0.64,2.68480843482,0.19259941220848115
,0.75,3.09002439089,0.6833321135792141
,0.675,3.91504533503,0.28957077680793764
,0.6900000000000001,2.03952175532,0.13165271114882135
4,2465,0.7775000000000001,3.17023468047,0.8200400348022621
,0.6675,2.98060640013,0.2709390270087485
,-0.25,3.23698274156e-35,1.5945057646894946e-37
,0.7225,4.539312958,0.49609502225182567
,0.7225,2.45555975659,0.20533177672741704
4,2605,0.3025,8.49715633845e-09,5.789831022152214e-11
,0.339999999999999,0.000381246758835,5.852042292906538e-06
,-0.25,3.23698274156e-35,1.5945057646894946e-37
,0.339999999999999,0.000106268533413,1.453071444695528e-06
,0.59,0.433538307325,0.018683731032253147
4,2876,0.794999999999999,2.644289256,0.8710241936372923
,0.8174999999999991,3.20996608462,0.8114536425970706
,0.6075,2.46918012497,0.23681566720260538
,0.8400000000000001,1.77906032265,0.8954048805358358
,0.9550000000000001,1.61703963989,0.9481240078777776
4,2877,0.75,3.80056703764,0.7235785768444905
,0.6725,3.01873039089,0.28593812834065924
,0.6875,3.34833807405,0.4778956746380717
,0.635,2.6417863797,0.15771718664061973
,0.8075000000000001,3.7286377176,0.4682906404851427
4,2958,0.59,2.25386447055,0.11646867320043947
,0.5325,0.556238930464,0.02047412041006578
,0.6825,3.33302193911,0.4611899286408094
,0.65,3.13972343118,0.20106654184768516
,0.8775000000000001,3.67555481657,0.7333321367653195
4,4771,0.635,3.52462582034,0.24564641621635802
,0.705,3.31745468034,0.38842655438645074
,0.6025,2.38078149136,0.22469023162271085
,0.705,4.48102407176,0.4168637342826985
,0.8975000000000001,3.32621675584,0.8037507031273923
4,4778,0.7125,4.30309509983,0.570621797028486
,0.774999999999999,4.04691437773,0.6536175337422911
,0.7875000000000001,2.55164985484,0.7899634135947171
,0.6875,4.21596370385,0.34047377256361755
,0.9400000000000001,2.10056936796,0.9202261796366268
4,4801,0.625,3.22816996992,0.2118761692156852
,0.64,2.68480843482,0.19259941220848115
,0.7075,3.35450484484,0.5450687217519509
,0.735,4.45904199696,0.5524337333195037
,0.764999999999999,3.08601082046,0.32165088002354664
4,4805,0.74,3.9672817833,0.6847154724141475
,0.8400000000000001,2.51160153237,0.8759277721828181
,0.7675000000000001,2.87279779565,0.7355981824148818
,0.7725000000000001,3.75314286785,0.7082317386066981
,0.9125000000000001,2.93421982656,0.8508018501158748
4,4819,0.6725,4.3337814086,0.39521529770777614
,0.715,3.45435527913,0.4222671234835925
,0.6025,2.38078149136,0.22469023162271085
,0.6725,3.84586768649,0.27986909168299845
,0.7225,2.45555975659,0.20533177672741704
4,4977,0.725,4.17062345512,0.6236189658410702
,0.685,3.11414648011,0.32425953188703605
,0.64,2.97594932487,0.32570859436285027
,0.71,4.51899649539,0.4393709613719502
,0.8500000000000001,3.81220466272,0.6297185166431938
4,5024,0.6525000000000001,3.99031866589,0.3115560527339204
,0.7625000000000001,4.06008006977,0.6028282464215683
,0.67,3.26990158568,0.41988455188885443
,0.7000000000000001,4.42589995669,0.39458932322560303
,0.7425,2.69993635079,0.256751581604735
4,5041,0.454999999999999,0.0384842151299,0.0005787382346643594
,0.47750000000000004,0.131304858531,0.004037412287701469
,0.75,3.09002439089,0.6833321135792141
,0.41000000000000003,0.00763314051929,0.00013676102908172753
,0.6375000000000001,1.01614990075,0.05207152654175076
4,5303,0.47250000000000003,0.100553179974,0.0017241370912194204
,0.5,0.242082357516,0.008122099963316032
,0.25,2.96406688957e-05,3.4392361817425455e-07
,0.75,4.24817629914,0.6178794275867892
,0.8600000000000001,3.79354912676,0.6677646971772662
4,5309,0.6900000000000001,4.42116635653,0.4721024475123715
,0.6950000000000001,3.20456330755,0.35583707391587627
,0.6950000000000001,3.36084732944,0.5030629037743892
,0.6975,4.3919971066,0.38356608127323033
,0.7675000000000001,3.13352802964,0.32942525833045866
4,5385,0.5875,2.19130306708,0.11091236941324001
,0.6000000000000001,1.90259952586,0.09975877418712809
,0.7625000000000001,2.94123427558,0.7210610162964203
,0.6075,1.81673678308,0.09679360036719553
,0.8425,3.81639381282,0.6011078923775437
4,5562,0.774999999999999,3.23850069413,0.8120286908091905
,0.8200000000000001,3.13583054943,0.8193861657080769
,0.6875,3.34833807405,0.4778956746380717
,0.8025,2.89166281133,0.8082761658458159
,0.9575,1.53583684464,0.9520650665601155
4,5627,0.5225000000000001,0.695870017533,0.01856743343005952
,0.66,2.91779723225,0.24881439729288005
,0.6675,3.25300157981,0.4117306265025704
,0.59,1.38981797568,0.06885470036719119
,0.59,0.433538307325,0.018683731032253147
4,5729,0.5225000000000001,0.695870017533,0.01856743343005952
,0.545,0.743962629513,0.02855925197351599
,0.5,1.05464914622,0.058435000145535675
,0.5,0.226188439622,0.006936552260808243
,0.6375000000000001,1.01614990075,0.05207152654175076
4,7055,0.47250000000000003,0.100553179974,0.0017241370912194204
,0.5675,1.17248581438,0.049925826587881084
,0.8075000000000001,2.16845301387,0.8372473967582692
,0.54,0.568642319881,0.02209239711943927
,0.6375000000000001,1.01614990075,0.05207152654175076
4,7341,0.6125,2.85979486442,0.17384099824939497
,0.754999999999999,4.01595182639,0.5725211283837102
,0.5,1.05464914622,0.058435000145535675
,0.7000000000000001,4.42589995669,0.39458932322560303
,0.7675000000000001,3.13352802964,0.32942525833045866
4,7342,0.545,1.1789243824,0.039498386531842435
,0.56,1.01848160961,0.041715614095881405
,0.59,2.15775793552,0.1963254010441528
,0.5875,1.33538479303,0.06544852921334382
,0.847499999999999,3.81422027597,0.6201853329523749
4,7343,0.6875,4.42015859214,0.4610500660783423
,0.715,3.45435527913,0.4222671234835925
,0.6325000000000001,2.87347064377,0.3037667408833714
,0.7075,4.50216313364,0.4280936146342803
,0.9125000000000001,2.93421982656,0.8508018501158748
4,7588,0.6725,4.3337814086,0.39521529770777614
,0.6175,2.28410363163,0.13644715850148675
,0.6025,2.38078149136,0.22469023162271085
,0.6950000000000001,4.35395366474,0.3726327887197699
,0.8150000000000001,3.77423243798,0.49644002435017653
4,7599,0.5625,1.58968139989,0.06370789861046408
,0.5675,1.17248581438,0.049925826587881084
,0.75,3.09002439089,0.6833321135792141
,0.6000000000000001,1.62381158395,0.08390092426204693
,0.9500000000000001,1.77948884815,0.9396325082176148
4,7903,0.6425000000000001,3.73682706674,0.27288546634087796
,0.645,2.75400144049,0.20619967475399179
,0.75,3.09002439089,0.6833321135792141
,0.68,4.04501903377,0.30947583407838336
,0.64,1.05607958529,0.05466151295202311
4,8207,0.7375,4.00472654892,0.6747501385393255
,0.6575000000000001,2.89454325419,0.24154868588032707
,0.6625,3.21494716299,0.3955583984011518
,0.6975,4.3919971066,0.38356608127323033
,0.7775000000000001,3.32156298487,0.36170721892422153
4,8290,0.7825000000000001,3.02785717881,0.835538383238236
,0.8325,2.75009417234,0.856194425040231
,0.8925000000000001,0.673521764945,0.9513642217785023
,0.77,3.81649256628,0.698769326897203
,0.8300000000000001,3.81266539256,0.5534111305979548
4,8961,0.6325000000000001,3.45135797902,0.23692624813718807
,0.6025,1.95910342809,0.10458598992378476
,0.535,1.38330799908,0.10110934712814057
,0.6625,3.54656169156,0.24287999115991976
,0.9075000000000001,3.07319898895,0.8357806122158047
4,9191,0.605,2.64843441743,0.1531909065016362
,0.63,2.52349554719,0.16653305701075183
,0.5825,2.02675402034,0.18063607926366831
,0.685,4.16243472094,0.33000002551404173
,0.6825,1.90067056179,0.11686639141275532
4,9518,0.625,3.22816996992,0.2118761692156852
,0.725,3.60868292431,0.4575725646713198
,0.75,3.09002439089,0.6833321135792141
,0.7000000000000001,4.42589995669,0.39458932322560303
,0.8500000000000001,3.81220466272,0.6297185166431938
4,10630,0.6675,4.2719632336,0.37369391113756517
,0.7225,3.56911426065,0.44860039830469645
,0.58,1.98417642011,0.1756225535141978
,0.7275,4.51866342372,0.5187465563591654
,0.867499999999999,3.76059123672,0.6961061323591664
4,10672,0.535,0.953868098161,0.02884440415827707
,0.6425000000000001,2.72037649088,0.1993562986650943
,-0.25,3.23698274156e-35,1.5945057646894946e-37
,0.6075,1.81673678308,0.09679360036719553
,0.9275,2.48980107598,0.8915212301334963
4,11039,0.7625000000000001,3.5473388249,0.7695592019041151
,0.8425,2.43153612162,0.8821067339216955
,0.715,3.33485627845,0.5701611400682338
,0.735,4.45904199696,0.5524337333195037
,0.8125,3.76143212789,0.4870199712145541
4,11140,0.5775,1.94709243202,0.09022716253083889
,0.6325000000000001,2.56659007313,0.17289603240838997
,0.5275000000000001,1.31133440181,0.0910071359675045
,0.6975,4.3919971066,0.38356608127323033
,0.7825000000000001,3.41037282316,0.37853928546578863
4,11230,0.6725,4.3337814086,0.39521529770777614
,0.6950000000000001,3.20456330755,0.35583707391587627
,0.6825,3.33302193911,0.4611899286408094
,0.74,4.40150536096,0.5745907645084147
,0.8975000000000001,3.32621675584,0.8037507031273923
4,11275,0.7875000000000001,2.87853842496,0.8503070242578098
,0.8775000000000001,1.33900322831,0.9477636307674147
,0.8250000000000001,1.80536000437,0.8720356672696863
,0.8225,2.27981622564,0.8599696642255201
,0.8775000000000001,3.67555481657,0.7333321367653195
4,12534,0.6475000000000001,3.86880349808,0.29190340414282834
,0.6525000000000001,2.84353924864,0.22720082293868543
,0.6900000000000001,3.35389341209,0.48627375445698806
,0.665,3.62429964745,0.2518439130159956
,0.735,2.59831923036,0.2368922404399985
4,14112,0.75,3.80056703764,0.7235785768444905
,0.77,4.0661371656,0.6333269405026551
,0.715,3.33485627845,0.5701611400682338
,0.754999999999999,4.1544095665,0.6388902934769094
,0.8174999999999991,3.78485703704,0.5058893196541341
4,15812,0.5750000000000001,1.88708131818,0.08543450504421768
,0.5675,1.17248581438,0.049925826587881084
,0.5475,1.51685982093,0.11921356117888449
,0.62,2.17086001395,0.12167497456165637
,0.7125,2.34927876533,0.18130454941724777
4,15877,0.47000000000000003,0.0884914182353,0.001488091260286213
,0.43999999999999906,0.0417012238512,0.0010539238449553446
,0.375,0.0617795201197,0.0013802872499752167
,0.545,0.628384133048,0.02508317927789893
,0.764999999999999,3.08601082046,0.32165088002354664
4,15878,0.6975,4.40472352573,0.5052168078313745
,0.7025,3.28690145314,0.3801714340569301
,0.6925,3.35805961461,0.4946639840617865
,0.75,4.24817629914,0.6178794275867892
,0.8,3.65983133327,0.4405687421746306
4,16373,0.6925,4.41879179491,0.48315307889963477
,0.65,2.81552578823,0.22012662364714727
,0.6675,3.25300157981,0.4117306265025704
,0.6925,4.31185857498,0.3617996898509055
,0.7000000000000001,2.19588073782,0.15285809342094364
4,17703,0.635,3.52462582034,0.24564641621635802
,0.76,4.04932279387,0.592690628696438
,0.0,7.49429217217e-17,5.426126368335811e-19
,0.605,1.75076137978,0.09233457371731454
,0.595,0.483053506712,0.020973882491569906
4,17743,0.6725,4.3337814086,0.39521529770777614
,0.6825,3.09414508415,0.3164993296726565
,0.5,1.05464914622,0.058435000145535675
,0.665,3.62429964745,0.2518439130159956
,0.784999999999999,3.45250982163,0.38711824837447284
4,17938,0.3125,3.450857337e-08,2.4434932278945156e-10
,0.262499999999999,1.40707701849e-06,1.6160561825336427e-08
,0.5,1.05464914622,0.058435000145535675
,0.4375,0.0274549341214,0.0005707823530137636
,0.7125,2.34927876533,0.18130454941724777
4,17979,0.6525000000000001,3.99031866589,0.3115560527339204
,0.6825,3.09414508415,0.3164993296726565
,0.7125,3.34270481184,0.5618139192959211
,0.7325,4.48259158003,0.5412559455520313
,0.6775,1.79984644682,0.1076128496093138
4,18166,0.5875,2.19130306708,0.11091236941324001
,0.6625,2.9397660116,0.25613660049222925
,0.6125,2.55592715061,0.24937927635063878
,0.64,2.80644459593,0.17133671133402034
,0.8825000000000001,3.61115279443,0.7515553899897129
4,18246,0.784999999999999,2.95399351627,0.8430160440886152
,0.78,4.00846866715,0.673764010309289
,0.774999999999999,2.76093933228,0.7567314662302326
,0.7525000000000001,4.2026132861,0.62844347767239
,0.8725,3.72486992998,0.7148250374522598
4,18248,0.7475,3.84497841092,0.7140212422606074
,0.7725000000000001,4.05891541805,0.6434842454755458
,0.9175000000000001,0.469198160148,0.9654407061869053
,0.8625,1.24201426547,0.929125602529279
,0.9075000000000001,3.07319898895,0.8357806122158047
4,18270,0.6775,4.3787494643,0.417003609402573
,0.764999999999999,4.06658634847,0.6129874856750153
,0.645,3.03825554963,0.34074618566974624
,0.7425,4.3677653455,0.5855530215952993
,0.7925000000000001,3.56698758282,0.4134535406919966
4,18297,0.745,3.88750357617,0.704355256755196
,0.7525000000000001,3.9938530651,0.5625081686938909
,0.75,3.09002439089,0.6833321135792141
,0.745,4.33087903026,0.5964269693005901
,0.8525,3.8093642064,0.639245670223662
4,18311,0.382499999999999,0.000130000695384,1.259121860942605e-06
,0.42000000000000004,0.0201718589392,0.00045635150558748244
,0.75,3.09002439089,0.6833321135792141
,0.58,1.18147319957,0.056018985890012134
,0.8300000000000001,3.81266539256,0.5534111305979548
4,18312,0.48250000000000004,0.162553634834,0.003020210936043254
,0.5275000000000001,0.492232968261,0.01785556081211507
,1.0,0.178297560803,0.9898440075589143
,0.6525000000000001,3.2227091355,0.2090196779719097
,0.9025000000000001,3.20463256934,0.8200824201934666
4,18319,0.485,0.181904520785,0.0034504382627560306
,0.53,0.523449838674,0.019124838785845737
,0.47750000000000004,0.815830991247,0.03733678722366675
,0.48250000000000004,0.138224239515,0.003793959889916774
,0.7525000000000001,2.85848536045,0.2845222504994902
4,18392,0.5775,1.94709243202,0.09022716253083889
,0.595,1.78861133149,0.09053032249791909
,0.5775,1.94230339298,0.17071460984114745
,0.5975,1.5628390639,0.07991795767351625
,0.725,2.48232124559,0.21150401935881089
4,18476,0.7075,4.34527994081,0.5489978882757085
,0.73,3.68830617921,0.4758150730053322
,0.75,3.09002439089,0.6833321135792141
,0.784999999999999,3.41297816407,0.7530572930254831
,0.8925000000000001,3.43566954778,0.7868404917162912
4,18739,0.6925,4.41879179491,0.48315307889963477
,0.754999999999999,4.01595182639,0.5725211283837102
,0.6875,3.34833807405,0.4778956746380717
,0.745,4.33087903026,0.5964269693005901
,0.847499999999999,3.81422027597,0.6201853329523749
4,18763,0.29250000000000004,1.97683935165e-09,1.2978946268152945e-11
,0.29250000000000004,1.51847582476e-05,1.935129300364692e-07
,-0.25,3.23698274156e-35,1.5945057646894946e-37
,0.5825,1.23123965265,0.05903456162984063
,0.9575,1.53583684464,0.9520650665601155
4,19718,0.6925,4.41879179491,0.48315307889963477
,0.77,4.0661371656,0.6333269405026551
,0.875,0.885815866236,0.9378143619971033
,0.9225000000000001,0.471166681002,0.97645547872903
,0.905,3.13999964059,0.8280136926226331
4,19745,0.857499999999999,0.821349938979,0.9755751055235942
,0.857499999999999,1.95077157656,0.9149697857224817
,-0.25,3.23698274156e-35,1.5945057646894946e-37
,0.8925000000000001,0.754575366487,0.9584431766436248
,0.857499999999999,3.80030884985,0.6582720127994153
4,20639,0.4425,0.0176090004114,0.00024275059844101917
,0.41500000000000004,0.0165665168928,0.0003647524237291886
,0.5825,2.02675402034,0.18063607926366831
,0.5275000000000001,0.437179005127,0.015831716723700612
,0.81,3.74628204567,0.47763482267998686
4,25302,0.48750000000000004,0.202948888161,0.003931144938761958
,0.5625,1.06875051097,0.04432441772078173
,0.5,1.05464914622,0.058435000145535675
,0.5125000000000001,0.309912961234,0.01026750277504775
,0.725,2.48232124559,0.21150401935881089
4,27972,0.7025,4.37965977166,0.5271819899050064
,0.7775000000000001,4.03009754298,0.663714803081463
,0.6675,3.25300157981,0.4117306265025704
,0.7525000000000001,4.2026132861,0.62844347767239
,0.827499999999999,3.8097490539,0.5438829033898854
4,28024,0.899999999999999,0.209862965209,0.9954932167230361
,0.8500000000000001,2.19073359808,0.8994404500168405
,0.9175000000000001,0.469198160148,0.9654407061869053
,1.0,0.105246381964,0.9966778093599786
,1.0,0.40881312036,0.9909204275504315
4,28466,0.68,4.39501160457,0.42797166140850124
,0.68,3.07482060364,0.308788241945017
,0.61,2.51280596477,0.24304324567940072
,0.665,3.62429964745,0.2518439130159956
,0.9575,1.53583684464,0.9520650665601155
4,28484,0.625,3.22816996992,0.2118761692156852
,0.5675,1.17248581438,0.049925826587881084
,0.605,2.42514030194,0.2306976901611102
,0.6375000000000001,2.72379955192,0.1644240204196755
,0.8600000000000001,3.79354912676,0.6677646971772662
4,28512,0.6775,4.3787494643,0.417003609402573
,0.725,3.60868292431,0.4575725646713198
,0.827499999999999,1.7530328478,0.8764836358166123
,0.764999999999999,3.93762214108,0.6793808212478872
,0.7525000000000001,2.85848536045,0.2845222504994902
4,28570,0.5,0.335661848096,0.007248225761576544
,0.47500000000000003,0.122396360022,0.003720400079064364
,0.7225,3.3035862263,0.595062521708312
,0.4625,0.0721395278324,0.001744413551329547
,0.6375000000000001,1.01614990075,0.05207152654175076
4,28894,0.62,3.07921584806,0.19610818074004008
,0.67,2.99989625138,0.2784147740961992
,0.5,1.05464914622,0.058435000145535675
,0.6475000000000001,3.05639149522,0.19332134909991006
,0.705,2.26188329839,0.16400556432283492
4,29183,0.635,3.52462582034,0.24564641621635802
,0.6475000000000001,2.78570307178,0.2131247024168506
,0.5825,2.02675402034,0.18063607926366831
,0.6900000000000001,4.26581976557,0.35107678279365523
,0.8225,3.80038602006,0.5248553670952554
4,29184,0.5700000000000001,1.76774328942,0.07629775127245637
,0.5725,1.27990186373,0.05605541284930559
,0.5375,1.40842064863,0.10459886791226963
,0.62,2.17086001395,0.12167497456165637
,0.774999999999999,3.27542979787,0.35346078652624074
4,29229,0.34750000000000003,2.98509910661e-06,2.4460178906783355e-08
,0.34750000000000003,0.000597164821066,9.465607705396933e-06
,0.4375,0.394310238659,0.013446321676559897
,0.36750000000000005,0.000670021914428,1.0000816803483148e-05
,0.7725000000000001,3.22852115463,0.3453307162418307
4,29338,0.6525000000000001,3.99031866589,0.3115560527339204
,0.6900000000000001,3.15695047395,0.33993552051192794
,-0.25,3.23698274156e-35,1.5945057646894946e-37
,0.7000000000000001,4.42589995669,0.39458932322560303
,0.615,0.708046369044,0.032819934555870185
4,29381,0.595,2.38145081568,0.1280554976770516
,0.67,2.99989625138,0.2784147740961992
,0.5325,1.35882065342,0.09768180670643081
,0.625,2.3230071274,0.13290735556005073
,0.66,1.42902848421,0.07935875104581518
4,29764,0.68,4.39501160457,0.42797166140850124
,0.7225,3.56911426065,0.44860039830469645
,0.6000000000000001,2.33620252077,0.21879396626074923
,0.7425,4.3677653455,0.5855530215952993
,0.774999999999999,3.27542979787,0.35346078652624074
4,30094,0.62,3.07921584806,0.19610818074004008
,0.5625,1.06875051097,0.04432441772078173
,0.625,2.7611300197,0.28263121723384227
,0.675,3.91504533503,0.28957077680793764
,0.63,0.904394309175,0.04487656995553511
4,31557,0.5575,1.47138056325,0.056055394653801834
,0.7925000000000001,3.83099505938,0.7228771902083981
,1.0,0.178297560803,0.9898440075589143
,0.725,4.53096621514,0.5074337050601287
,0.9275,2.48980107598,0.8915212301334963
4,32060,0.65,3.93101419795,0.3016537524638657
,0.55,0.829879688133,0.03249138065279296
,0.75,3.09002439089,0.6833321135792141
,0.65,3.13972343118,0.20106654184768516
,1.0,0.40881312036,0.9909204275504315
4,38608,0.74,3.9672817833,0.6847154724141475
,0.67,2.99989625138,0.2784147740961992
,0.75,3.09002439089,0.6833321135792141
,0.7275,4.51866342372,0.5187465563591654
,0.7875000000000001,3.49280180973,0.3958002964336688
4,38649,0.7525000000000001,3.754177537,0.7330224287893305
,0.78,4.00846866715,0.673764010309289
,0.8225,1.85774925583,0.867456784090249
,0.7925000000000001,3.19415148064,0.7778395550755481
,0.7575000000000001,2.9465634871,0.2990327980061285
4,39144,0.5575,1.47138056325,0.056055394653801834
,0.63,2.52349554719,0.16653305701075183
,0.6675,3.25300157981,0.4117306265025704
,0.6425000000000001,2.88954992586,0.17845662732914408
,0.655,1.32741316175,0.07246953136557154
4,39247,0.65,3.93101419795,0.3016537524638657
,0.5525,0.875020186308,0.034622211255264004
,0.5175000000000001,1.21953922711,0.0783545578539944
,0.5750000000000001,1.08640627527,0.05035173479224353
,0.847499999999999,3.81422027597,0.6201853329523749
4,39495,0.7225,4.19984982094,0.6131556044741069
,0.6900000000000001,3.15695047395,0.33993552051192794
,0.66,3.19380807396,0.3875471627163932
,0.764999999999999,3.93762214108,0.6793808212478872
,0.75,2.81647276867,0.27742885971966014
4,39581,0.6175,3.00536861022,0.18850257064941411
,0.6675,2.98060640013,0.2709390270087485
,-0.25,3.23698274156e-35,1.5945057646894946e-37
,0.735,4.45904199696,0.5524337333195037
,0.9575,1.53583684464,0.9520650665601155
4,40799,0.68,4.39501160457,0.42797166140850124
,0.6225,2.38423142195,0.1481201739547935
,0.75,3.09002439089,0.6833321135792141
,0.735,4.45904199696,0.5524337333195037
,0.9550000000000001,1.61703963989,0.9481240078777776
4,40956,0.625,3.22816996992,0.2118761692156852
,0.72,3.53005329549,0.4397265696532196
,-0.25,3.23698274156e-35,1.5945057646894946e-37
,0.7825000000000001,3.48376492242,0.7444361120473268
,0.595,0.483053506712,0.020973882491569906
4,41042,0.34750000000000003,2.98509910661e-06,2.4460178906783355e-08
,0.444999999999999,0.0492948666033,0.0012809854028377466
,-0.25,3.23698274156e-35,1.5945057646894946e-37
,0.5425,0.597978038513,0.0235504521410851
,0.8325,3.81467128412,0.5629454723944411
4,41069,0.8525,0.932063038764,0.9711950837768586
,0.845,2.351318272,0.8880853257668994
,0.7725000000000001,2.79942521108,0.7497807647807504
,0.827499999999999,2.13142087215,0.8709963637939349
,0.81,3.74628204567,0.47763482267998686
4,41615,0.7425,3.92823893876,0.6945852159067794
,0.847499999999999,2.27102435535,0.893863261812059
,0.9675,0.255831813444,0.982862239626714
,0.919999999999999,0.489661601257,0.9752545891239691
,0.8775000000000001,3.67555481657,0.7333321367653195
4,41703,0.735,4.04066108208,0.6646930979109427
,0.7875000000000001,3.91534029361,0.7035043098311005
,0.6975,3.36226777576,0.511467081310836
,0.6925,4.31185857498,0.3617996898509055
,0.77,3.18112502756,0.3373185869513584
4,41708,0.645,3.80397378295,0.28231191789798216
,0.735,3.76666126175,0.49445352612060905
,0.6775,3.31204773758,0.4445748867595862
,0.6725,3.84586768649,0.27986909168299845
,0.665,1.53433123135,0.08676599252684429
4,41851,0.6000000000000001,2.51283725757,0.14028952749752555
,0.635,2.60787965262,0.17936450282674377
,-0.25,3.23698274156e-35,1.5945057646894946e-37
,0.6425000000000001,2.88954992586,0.17845662732914408
,0.65,1.23093474202,0.06607602257737674
4,43759,0.8174999999999991,1.91458392133,0.9223143392878366
,0.75,3.96852582132,0.5525545539285058
,0.75,3.09002439089,0.6833321135792141
,0.8625,1.24201426547,0.929125602529279
,0.6975,2.15996983421,0.14741285260879994
4,44059,0.5125000000000001,0.51700895882,0.012526374353138069
,0.605,2.01513350133,0.10955389655095216
,-0.25,3.23698274156e-35,1.5945057646894946e-37
,0.6575000000000001,3.38672875644,0.22554461684951455
,0.8225,3.80038602006,0.5248553670952554
4,44938,0.6075,2.71785293993,0.1598985425102331
,0.6425000000000001,2.72037649088,0.1993562986650943
,0.8125,2.06613974326,0.8478346237236065
,0.75,4.24817629914,0.6178794275867892
,0.9275,2.48980107598,0.8915212301334963
4,50703,0.7125,4.30309509983,0.570621797028486
,0.7000000000000001,3.2579132653,0.371990742008835
,0.675,3.29942570115,0.4363102478765726
,0.7325,4.48259158003,0.5412559455520313
,0.74,2.66443076727,0.2500464723675868
4,50830,0.5650000000000001,1.64895180797,0.067756174969979
,0.66,2.91779723225,0.24881439729288005
,0.6375000000000001,2.9429569507,0.3183097118395133
,0.655,3.3051221434,0.2171796104794953
,0.81,3.74628204567,0.47763482267998686
4,50921,0.5925,2.31721843215,0.12218235242816455
,0.68,3.07482060364,0.308788241945017
,0.8325,1.64893549281,0.8849881434881959
,0.64,2.80644459593,0.17133671133402034
,0.7025,2.22980063652,0.15839059573520414
4,51734,0.6000000000000001,2.51283725757,0.14028952749752555
,0.7225,3.56911426065,0.44860039830469645
,0.56,1.67511960265,0.1391347249892088
,0.6825,4.10539411345,0.31966452575383586
,0.7275,2.50973948165,0.2177439309339665
4,52992,0.75,3.80056703764,0.7235785768444905
,0.705,3.31745468034,0.38842655438645074
,0.6725,3.28537699233,0.4280789472040475
,0.71,4.51899649539,0.4393709613719502
,0.8225,3.80038602006,0.5248553670952554
4,54491,0.77,3.36870396916,0.7955070779704807
,0.7975000000000001,3.73062215703,0.7417875273013479
,0.705,3.35844010003,0.5366772660993012
,0.7775000000000001,3.62142910306,0.7266708316506998
,0.9025000000000001,3.20463256934,0.8200824201934666
4,54885,0.585,2.12944126261,0.10551157476921062
,0.55,0.829879688133,0.03249138065279296
,0.625,2.7611300197,0.28263121723384227
,0.68,4.04501903377,0.30947583407838336
,0.8500000000000001,3.81220466272,0.6297185166431938
4,56634,0.8525,0.932063038764,0.9711950837768586
,0.845,2.351318272,0.8880853257668994
,0.764999999999999,2.90764184153,0.7283723737594849
,0.8300000000000001,2.0585962832,0.8762336741277708
,0.9400000000000001,2.10056936796,0.9202261796366268
4,56758,0.7725000000000001,3.30468285716,0.8038492684219839
,0.8225,3.06046324915,0.8271317694344756
,0.8125,2.06613974326,0.8478346237236065
,0.77,3.81649256628,0.698769326897203
,0.68,1.85093353771,0.11217657815827566
4,56917,0.72,4.2277672338,0.602620806828875
,0.77,4.0661371656,0.6333269405026551
,0.7325,3.24395539537,0.6278173065186189
,0.73,4.5025030616,0.5300238073150814
,0.8300000000000001,3.81266539256,0.5534111305979548
4,56975,0.68,4.39501160457,0.42797166140850124
,0.7325,3.72779397422,0.4850852949537992
,0.6000000000000001,2.33620252077,0.21879396626074923
,0.6975,4.3919971066,0.38356608127323033
,0.8,3.65983133327,0.4405687421746306
4,67160,0.8150000000000001,1.99486079776,0.917427681879778
,0.8500000000000001,2.19073359808,0.8994404500168405
,0.68,3.3232451599,0.4528692993328125
,0.774999999999999,3.68808491892,0.717533617711806
,0.8625,3.78489281882,0.6772381782922962
4,67299,0.6775,4.3787494643,0.417003609402573
,0.6825,3.09414508415,0.3164993296726565
,0.5,1.05464914622,0.058435000145535675
,0.6775,3.98150118432,0.2994420499233055
,0.545,0.152593658529,0.006594208871705623
4,67423,0.6375000000000001,3.59683585205,0.2545484959891451
,0.6875,3.1350221617,0.3320707911742499
,0.59,2.15775793552,0.1963254010441528
,0.705,4.48102407176,0.4168637342826985
,0.6825,1.90067056179,0.11686639141275532
4,67905,0.764999999999999,3.49005723878,0.7783564197288522
,0.8,3.6750245603,0.7510452922043303
,0.6675,3.25300157981,0.4117306265025704
,0.7975000000000001,3.04403832353,0.7934361758268604
,0.845,3.81557819922,0.6106479618930111
4,68565,0.6950000000000001,4.41323987485,0.4941937584668909
,0.7575000000000001,4.03453164323,0.5825849947956252
,0.5775,1.94230339298,0.17071460984114745
,0.7175,4.54379283819,0.47338038583177017
,0.857499999999999,3.80030884985,0.6582720127994153
4,68688,0.685,4.41557634286,0.4500046337758384
,0.8025,3.61617106884,0.7601599366432186
,0.79,2.50666992924,0.7962865144175613
,0.78,3.55328561841,0.7356395234958872
,0.8075000000000001,3.7286377176,0.4682906404851427
4,69217,0.7000000000000001,4.3934587442,0.516215085784583
,0.74,3.84124865342,0.5134754140292621
,0.7675000000000001,2.87279779565,0.7355981824148818
,0.7675000000000001,3.87802300616,0.6891507917951105
,0.72,2.42917634081,0.19922590500517678
4,69292,0.74,3.9672817833,0.6847154724141475
,0.8150000000000001,3.28266388311,0.8033375328665824
,0.75,3.09002439089,0.6833321135792141
,0.76,4.05057096341,0.6594067385513974
,0.74,2.66443076727,0.2500464723675868
4,70225,0.58,2.00743067846,0.0951702395550826
,0.64,2.68480843482,0.19259941220848115
,-0.25,3.23698274156e-35,1.5945057646894946e-37
,0.5925,1.44585783147,0.0723989580656009
,0.804999999999999,3.70838910599,0.45899380538884654
4,70358,0.47500000000000003,0.113905538192,0.001991932668706402
,0.48,0.140780018951,0.004377396513901804
,0.5325,1.35882065342,0.09768180670643081
,0.5425,0.597978038513,0.0235504521410851
,0.75,2.81647276867,0.27742885971966014
4,70659,0.6025,2.58009558658,0.14665546996133466
,0.685,3.11414648011,0.32425953188703605
,0.5275000000000001,1.31133440181,0.0910071359675045
,0.6950000000000001,4.35395366474,0.3726327887197699
,0.5650000000000001,0.241245670332,0.010451538570953172
4,70707,0.6675,4.2719632336,0.37369391113756517
,0.7525000000000001,3.9938530651,0.5625081686938909
,0.7225,3.3035862263,0.595062521708312
,0.67,3.77419410411,0.27034351853718014
,0.8825000000000001,3.61115279443,0.7515553899897129
4,70749,0.36,1.24255810161e-05,1.0779153585166696e-07
,0.39,0.00560645577886,0.00010836616553494485
,0.65,3.09545885907,0.3560826424235617
,0.39,0.00259753851761,4.238755410962479e-05
,0.6575000000000001,1.3776551748,0.07585061263539701
4,70793,0.545,1.1789243824,0.039498386531842435
,0.59,1.67402451283,0.0818736565822358
,0.392499999999999,0.114419195655,0.0028859728730044284
,0.66,3.46728966425,0.23411238294838116
,0.6125,0.677841117086,0.031087699745478408
4,70852,0.6900000000000001,4.42116635653,0.4721024475123715
,0.705,3.31745468034,0.38842655438645074
,0.5925,2.20217664807,0.20177526660809503
,0.6975,4.3919971066,0.38356608127323033
,0.6975,2.15996983421,0.14741285260879994
4,72086,0.5650000000000001,1.64895180797,0.067756174969979
,0.545,0.743962629513,0.02855925197351599
,0.40750000000000003,0.181828229684,0.00507896945583082
,0.585,1.28253414944,0.0621764575569632
,0.847499999999999,3.81422027597,0.6201853329523749
4,74604,0.8300000000000001,1.52812136893,0.9438009144820807
,0.827499999999999,2.90675655577,0.8420512866718046
,0.794999999999999,2.41393427864,0.8085895121684844
,0.9125000000000001,0.549731890952,0.9713614304061904
,0.804999999999999,3.70838910599,0.45899380538884654
4,74635,0.5575,1.47138056325,0.056055394653801834
,0.675,3.03734061131,0.2935082394039557
,0.382499999999999,0.081333491476,0.001914360700263242
,0.5375,0.540352498847,0.020706368973693552
,0.605,0.590703612522,0.02633388624033924
4,74688,0.7000000000000001,4.3934587442,0.516215085784583
,0.75,3.96852582132,0.5525545539285058
,0.75,3.09002439089,0.6833321135792141
,0.774999999999999,3.68808491892,0.717533617711806
,0.5,0.0595763739106,0.00214086771282371
4,74696,0.7125,4.30309509983,0.570621797028486
,0.7175,3.49173148185,0.43094951517264907
,0.6675,3.25300157981,0.4117306265025704
,0.6975,4.3919971066,0.38356608127323033
,0.7825000000000001,3.41037282316,0.37853928546578863
4,76409,0.51,0.476838908973,0.011284461731421613
,0.5325,0.556238930464,0.02047412041006578
,0.25,2.96406688957e-05,3.4392361817425455e-07
,0.5775,1.13320545681,0.05312594668429339
,0.7175,2.40287408021,0.19318582708839202
4,76496,0.9175000000000001,0.100103907823,0.9981132586269926
,0.8975000000000001,0.830277887242,0.9692208760143317
,0.889999999999999,0.699944485328,0.9496476475759704
,0.835,1.91626593272,0.8861688643957039
,0.9325000000000001,2.33585459586,0.9035863589443688
4,78211,0.81,2.15712386455,0.9070484756883463
,0.8600000000000001,1.87143166171,0.9197474442708777
,0.8025,2.26868406168,0.8261535670704333
,0.8300000000000001,2.0585962832,0.8762336741277708
,0.794999999999999,3.60052195204,0.4224134480820195
4,79262,0.7275,4.14010717274,0.6340076474871135
,0.8150000000000001,3.28266388311,0.8033375328665824
,0.66,3.19380807396,0.3875471627163932
,0.7575000000000001,4.10368837239,0.6492134276646901
,0.8400000000000001,3.81672863264,0.5915663919891758
4,79313,0.515,0.559061020996,0.013871075239623963
,0.56,1.01848160961,0.041715614095881405
,0.7000000000000001,3.36233245067,0.5198731128440188
,0.6175,2.0969207517,0.11634055735454106
,0.764999999999999,3.08601082046,0.32165088002354664
4,79388,0.7325,4.07516296749,0.654548026619139
,0.75,3.96852582132,0.5525545539285058
,0.7925000000000001,2.46074830274,0.8024959783934329
,0.77,3.81649256628,0.698769326897203
,0.725,2.48232124559,0.21150401935881089
4,80513,0.7075,4.34527994081,0.5489978882757085
,0.76,4.04932279387,0.592690628696438
,0.76,2.97356110574,0.7136672571272162
,0.7825000000000001,3.48376492242,0.7444361120473268
,0.8250000000000001,3.80572704412,0.5343633062167419
4,80619,0.7775000000000001,3.17023468047,0.8200400348022621
,0.8250000000000001,2.98405005551,0.8346876109422213
,0.7625000000000001,2.94123427558,0.7210610162964203
,0.77,3.81649256628,0.698769326897203
,0.8150000000000001,3.77423243798,0.49644002435017653
4,80759,0.6675,4.2719632336,0.37369391113756517
,0.7825000000000001,3.9820715025,0.6837531717583698
,0.5575,1.64124059347,0.1349895108860009
,0.6675,3.70025825078,0.26100000655110767
,0.605,0.590703612522,0.02633388624033924
4,80766,0.645,3.80397378295,0.28231191789798216
,0.7225,3.56911426065,0.44860039830469645
,0.6000000000000001,2.33620252077,0.21879396626074923
,0.6975,4.3919971066,0.38356608127323033
,0.6375000000000001,1.01614990075,0.05207152654175076
4,80873,0.735,4.04066108208,0.6646930979109427
,0.7075,3.34954924922,0.3967599928222325
,0.5,1.05464914622,0.058435000145535675
,0.7775000000000001,3.62142910306,0.7266708316506998
,0.6325000000000001,0.940403566983,0.047182326492852866
4,84558,0.7925000000000001,2.72350942128,0.8643142403894688
,0.837499999999999,2.59143780657,0.8695489171040995
,0.6275000000000001,2.79959441898,0.28958232557637886
,0.7775000000000001,3.62142910306,0.7266708316506998
,0.7775000000000001,3.32156298487,0.36170721892422153
4,104560,0.4,0.000665442774962,7.075051814780971e-06
,0.48,0.140780018951,0.004377396513901804
,0.515,1.19669532517,0.07533424571008038
,0.485,0.148904183155,0.004152747635614571
,0.8500000000000001,3.81220466272,0.6297185166431938
4,104598,0.5825,2.06818260737,0.10026466047712923
,0.645,2.75400144049,0.20619967475399179
,0.5,1.05464914622,0.058435000145535675
,0.685,4.16243472094,0.33000002551404173
,0.67,1.64133259793,0.09470491485460797
4,104599,0.5725,1.8273200953,0.08079154802566273
,0.595,1.78861133149,0.09053032249791909
,-0.25,3.23698274156e-35,1.5945057646894946e-37
,0.61,1.88436576619,0.10141963585354895
,0.6875,1.99515021987,0.1266089476507348
4,104688,0.7275,4.14010717274,0.6340076474871135
,0.73,3.68830617921,0.4758150730053322
,0.75,3.09002439089,0.6833321135792141
,0.6625,3.54656169156,0.24287999115991976
,0.8125,3.76143212789,0.4870199712145541
4,104824,0.6325000000000001,3.45135797902,0.23692624813718807
,0.6000000000000001,1.90259952586,0.09975877418712809
,0.5,1.05464914622,0.058435000145535675
,0.6175,2.0969207517,0.11634055735454106
,0.875,3.70202403708,0.7241093893011062
4,107778,0.68,4.39501160457,0.42797166140850124
,0.7175,3.49173148185,0.43094951517264907
,0.78,2.68049833156,0.7703369552632895
,0.7375,4.43197253986,0.5635482221997681
,0.685,1.94881204788,0.12167860030122374
4,107870,0.8125,2.07576563248,0.9123395117749384
,0.8225,3.06046324915,0.8271317694344756
,0.72,3.31529295703,0.586788655837983
,0.8150000000000001,2.50743672818,0.8420204095099602
,0.909999999999999,3.00451645181,0.8433781198356864
4,107898,0.7025,4.37965977166,0.5271819899050064
,0.794999999999999,3.78269697442,0.7323951174282022
,0.605,2.42514030194,0.2306976901611102
,0.6975,4.3919971066,0.38356608127323033
,0.6175,0.738867536336,0.03462844437911255
4,108143,0.485,0.181904520785,0.0034504382627560306
,0.6950000000000001,3.20456330755,0.35583707391587627
,0.5625,1.71012920318,0.14336605141535314
,0.625,2.3230071274,0.13290735556005073
,0.7225,2.45555975659,0.20533177672741704
4,108336,0.535,0.953868098161,0.02884440415827707
,0.56,1.01848160961,0.041715614095881405
,0.41750000000000004,0.24047662219,0.007180731335350051
,0.595,1.50352562288,0.07608534623592843
,0.5575,0.202179284491,0.008793617495765486
4,108341,0.5825,2.06818260737,0.10026466047712923
,0.52,0.407758935722,0.014489043533698023
,0.595,2.24679475804,0.20733645045921628
,0.595,1.50352562288,0.07608534623592843
,0.8075000000000001,3.7286377176,0.4682906404851427
4,108351,0.65,3.93101419795,0.3016537524638657
,0.685,3.11414648011,0.32425953188703605
,0.665,3.23468126365,0.40362072764388074
,0.615,2.02449287934,0.11118911098168921
,0.6825,1.90067056179,0.11686639141275532
4,108388,0.5475,1.2367656578,0.042517902966151905
,0.64,2.68480843482,0.19259941220848115
,0.58,1.98417642011,0.1756225535141978
,0.5875,1.33538479303,0.06544852921334382
,0.6900000000000001,2.03952175532,0.13165271114882135
4,108411,0.6175,3.00536861022,0.18850257064941411
,0.6575000000000001,2.89454325419,0.24154868588032707
,0.515,1.19669532517,0.07533424571008038
,0.67,3.77419410411,0.27034351853718014
,0.875,3.70202403708,0.7241093893011062
4,108416,0.71,4.32507869045,0.5598362242593788
,0.8174999999999991,3.20996608462,0.8114536425970706
,0.7125,3.34270481184,0.5618139192959211
,0.804999999999999,2.81493728278,0.8154094687045643
,0.804999999999999,3.70838910599,0.45899380538884654
4,108417,0.5825,2.06818260737,0.10026466047712923
,0.6325000000000001,2.56659007313,0.17289603240838997
,0.52,1.24233429448,0.08143190096351649
,0.5325,0.486815017858,0.018140114129234115
,0.8,3.65983133327,0.4405687421746306
4,108652,0.5075000000000001,0.438595152394,0.010140574187211465
,0.6425000000000001,2.72037649088,0.1993562986650943
,0.5625,1.71012920318,0.14336605141535314
,0.5650000000000001,0.913281631049,0.04037164872406236
,0.525,0.10053852298,0.004105016755999606
4,109008,0.5275000000000001,0.795104519787,0.02229241237512225
,0.5325,0.556238930464,0.02047412041006578
,0.595,2.24679475804,0.20733645045921628
,0.63,2.4802744171,0.14491359150423527
,0.6950000000000001,2.12196408139,0.14205999144824086
4,109067,0.7625000000000001,3.5473388249,0.7695592019041151
,0.794999999999999,3.78269697442,0.7323951174282022
,0.75,3.09002439089,0.6833321135792141
,0.7525000000000001,4.2026132861,0.62844347767239
,0.8,3.65983133327,0.4405687421746306
4,129429,0.5775,1.94709243202,0.09022716253083889
,0.5875,1.61676395079,0.07776019307709756
,0.76,2.97356110574,0.7136672571272162
,0.68,4.04501903377,0.30947583407838336
,0.7925000000000001,3.56698758282,0.4134535406919966
4,129459,0.6725,4.3337814086,0.39521529770777614
,0.6925,3.18008734295,0.3478565513813945
,0.605,2.42514030194,0.2306976901611102
,0.6875,4.21596370385,0.34047377256361755
,0.705,2.26188329839,0.16400556432283492
4,129490,0.6575000000000001,4.09916104227,0.3317854485285824
,0.754999999999999,4.01595182639,0.5725211283837102
,0.7000000000000001,3.36233245067,0.5198731128440188
,0.6975,4.3919971066,0.38356608127323033
,0.889999999999999,3.48522258355,0.7781886212502156
4,129672,0.485,0.181904520785,0.0034504382627560306
,0.38,0.00346531868667,6.375967941057681e-05
,-0.25,3.23698274156e-35,1.5945057646894946e-37
,0.405,0.00589759496242,0.00010309880508161896
,0.725,2.48232124559,0.21150401935881089
4,129907,0.65,3.93101419795,0.3016537524638657
,0.63,2.52349554719,0.16653305701075183
,0.6075,2.46918012497,0.23681566720260538
,0.65,3.13972343118,0.20106654184768516
,0.65,1.23093474202,0.06607602257737674
4,129987,0.6575000000000001,4.09916104227,0.3317854485285824
,0.6875,3.1350221617,0.3320707911742499
,0.5,1.05464914622,0.058435000145535675
,0.6575000000000001,3.38672875644,0.22554461684951455
,0.5625,0.227341599548,0.009865994930318055
4,130043,0.8300000000000001,1.52812136893,0.9438009144820807
,0.899999999999999,0.777406163077,0.9712299373349934
,0.804999999999999,2.21886466732,0.8317631335117306
,0.764999999999999,3.93762214108,0.6793808212478872
,0.865,3.77401529997,0.6866873102827865
4,130166,0.7875000000000001,2.87853842496,0.8503070242578098
,0.9325000000000001,0.317214636596,0.9879421294453299
,0.875,0.885815866236,0.9378143619971033
,0.9325000000000001,0.403454622894,0.980820841895415
,0.8600000000000001,3.79354912676,0.6677646971772662
4,130586,0.20750000000000002,8.16720525714e-16,4.086497227658737e-18
,0.28500000000000003,8.59044320707e-06,1.0657107502872077e-07
,-0.25,3.23698274156e-35,1.5945057646894946e-37
,0.35750000000000004,0.000350687906421,5.057515655841887e-06
,0.42750000000000005,0.00733508050947,0.00017420649901659177
4,134922,0.6925,4.41879179491,0.48315307889963477
,0.725,3.60868292431,0.4575725646713198
,0.4375,0.394310238659,0.013446321676559897
,0.6775,3.98150118432,0.2994420499233055
,0.79,3.53102619111,0.40458053366032753
4,134923,0.6825,4.4072449397,0.43897530926830014
,0.725,3.60868292431,0.4575725646713198
,0.6725,3.28537699233,0.4280789472040475
,0.7025,4.45559246802,0.4056920719075726
,0.735,2.59831923036,0.2368922404399985
4,135551,0.7575000000000001,3.65513902541,0.7515492784619746
,0.8250000000000001,2.98405005551,0.8346876109422213
,0.7825000000000001,2.63860475317,0.7769860606523238
,0.7725000000000001,3.75314286785,0.7082317386066981
,0.774999999999999,3.27542979787,0.35346078652624074
4,135973,0.8,2.48337717795,0.8838445182867853
,0.7925000000000001,3.83099505938,0.7228771902083981
,0.6675,3.25300157981,0.4117306265025704
,0.7825000000000001,3.48376492242,0.7444361120473268
,0.8975000000000001,3.32621675584,0.8037507031273923
4,136122,0.78,3.09998170807,0.8278782078974192
,0.745,3.90942805537,0.532855334589007
,0.5225000000000001,1.26516881571,0.08456626205675549
,0.745,4.33087903026,0.5964269693005901
,0.8325,3.81467128412,0.5629454723944411
4,136139,0.8025,2.40207410404,0.8899514159721232
,0.837499999999999,2.59143780657,0.8695489171040995
,0.8225,1.85774925583,0.867456784090249
,0.784999999999999,3.41297816407,0.7530572930254831
,0.845,3.81557819922,0.6106479618930111
4,136288,0.7375,4.00472654892,0.6747501385393255
,0.8125,3.35369891123,0.7950417083436753
,0.7425,3.16376332546,0.6598731061902863
,0.7925000000000001,3.19415148064,0.7778395550755481
,0.827499999999999,3.8097490539,0.5438829033898854
4,136820,0.6275000000000001,3.30284900265,0.22003995595536022
,0.655,2.86983845522,0.23434289065337166
,0.6025,2.38078149136,0.22469023162271085
,0.6175,2.0969207517,0.11634055735454106
,0.655,1.32741316175,0.07246953136557154
4,136846,0.8075000000000001,2.23875383111,0.9015536658417802
,0.7925000000000001,3.83099505938,0.7228771902083981
,0.7625000000000001,2.94123427558,0.7210610162964203
,0.804999999999999,2.81493728278,0.8154094687045643
,0.6525000000000001,1.27846532509,0.06921246723536642
4,137085,0.8400000000000001,1.24465863286,0.9576423803189473
,0.875,1.4115017958,0.9443258223028308
,0.847499999999999,1.34778269242,0.9074357935835428
,0.8775000000000001,0.966665383766,0.9456069569590211
,0.9400000000000001,2.10056936796,0.9202261796366268
4,137869,0.875,0.500515465222,0.9869908152316207
,0.905,0.679555732875,0.9748679384571373
,0.8150000000000001,2.01439017664,0.8529353547660433
,0.8700000000000001,1.09596026278,0.9378823938905807
,0.972499999999999,1.06379279424,0.9715136069569157
4,138039,0.6975,4.40472352573,0.5052168078313745
,0.63,2.52349554719,0.16653305701075183
,0.655,3.14736163327,0.3716919377243846
,0.6375000000000001,2.72379955192,0.1644240204196755
,0.7325,2.56753193498,0.23043521954341212
4,140859,0.5975,2.44663678101,0.13409040155389557
,0.65,2.81552578823,0.22012662364714727
,0.4375,0.394310238659,0.013446321676559897
,0.6000000000000001,1.62381158395,0.08390092426204693
,0.59,0.433538307325,0.018683731032253147
4,140984,0.754999999999999,3.70572587632,0.7423477457560014
,0.7625000000000001,4.06008006977,0.6028282464215683
,0.645,3.03825554963,0.34074618566974624
,0.7425,4.3677653455,0.5855530215952993
,0.8925000000000001,3.43566954778,0.7868404917162912
4,141053,0.65,3.93101419795,0.3016537524638657
,0.645,2.75400144049,0.20619967475399179
,0.625,2.7611300197,0.28263121723384227
,0.7025,4.45559246802,0.4056920719075726
,0.7025,2.22980063652,0.15839059573520414
4,141356,0.794999999999999,2.644289256,0.8710241936372923
,0.8250000000000001,2.98405005551,0.8346876109422213
,0.7025,3.36105283402,0.5282776233297642
,0.8400000000000001,1.77906032265,0.8954048805358358
,0.9475,1.86040151359,0.9350825779984322
4,142811,0.58,2.00743067846,0.0951702395550826
,0.595,1.78861133149,0.09053032249791909
,0.635,2.90878442014,0.31099479317205003
,0.675,3.91504533503,0.28957077680793764
,0.7825000000000001,3.41037282316,0.37853928546578863
4,142951,0.764999999999999,3.49005723878,0.7783564197288522
,0.804999999999999,3.55433627852,0.769123663062832
,0.6475000000000001,3.06750844671,0.34837865941182966
,0.7375,4.43197253986,0.5635482221997681
,0.784999999999999,3.45250982163,0.38711824837447284
4,143324,0.66,4.14823778121,0.34209547502988863
,0.5725,1.27990186373,0.05605541284930559
,0.5750000000000001,1.9012217215,0.1659103768752609
,0.625,2.3230071274,0.13290735556005073
,0.6775,1.79984644682,0.1076128496093138
4,145305,0.745,3.88750357617,0.704355256755196
,0.7675000000000001,4.06865587607,0.6231574799179045
,0.605,2.42514030194,0.2306976901611102
,0.6875,4.21596370385,0.34047377256361755
,0.725,2.48232124559,0.21150401935881089
4,145335,0.5425,1.12159820198,0.0366228520551018
,0.55,0.829879688133,0.03249138065279296
,0.5225000000000001,1.26516881571,0.08456626205675549
,0.5,0.226188439622,0.006936552260808243
,0.8,3.65983133327,0.4405687421746306
4,145444,0.754999999999999,3.70572587632,0.7423477457560014
,0.8525,2.11053091763,0.9048170029740012
,0.725,3.29059911213,0.6033055200203075
,0.6925,4.31185857498,0.3617996898509055
,0.794999999999999,3.60052195204,0.4224134480820195
4,146557,0.72,4.2277672338,0.602620806828875
,0.73,3.68830617921,0.4758150730053322
,-0.25,3.23698274156e-35,1.5945057646894946e-37
,0.6825,4.10539411345,0.31966452575383586
,0.74,2.66443076727,0.2500464723675868
4,146877,0.715,4.27947260892,0.5813503346544266
,0.865,1.71445836647,0.9287110689689771
,0.8075000000000001,2.16845301387,0.8372473967582692
,0.5625,0.873365791154,0.03813861047754403
,0.865,3.77401529997,0.6866873102827865
4,146928,0.8600000000000001,0.769167265416,0.977562809262218
,0.855,2.03050929371,0.9099932552091563
,0.7000000000000001,3.36233245067,0.5198731128440188
,0.8174999999999991,2.43106116961,0.8481934496104109
,0.885,3.57306968028,0.7605364887370614
4,146993,1.0,0.000484661832045,0.9999946659030805
,1.0,0.0585934571977,0.9982194542312536
,0.8125,2.06613974326,0.8478346237236065
,1.0,0.105246381964,0.9966778093599786
,0.8,3.65983133327,0.4405687421746306
4,147026,0.615,2.93218060143,0.18108078751246517
,0.655,2.86983845522,0.23434289065337166
,0.5,1.05464914622,0.058435000145535675
,0.625,2.3230071274,0.13290735556005073
,0.645,1.14041854172,0.06015021243163217
4,147101,0.7225,4.19984982094,0.6131556044741069
,0.865,1.71445836647,0.9287110689689771
,0.625,2.7611300197,0.28263121723384227
,0.6825,4.10539411345,0.31966452575383586
,0.8525,3.8093642064,0.639245670223662
4,147111,0.774999999999999,3.23850069413,0.8120286908091905
,0.735,3.76666126175,0.49445352612060905
,0.595,2.24679475804,0.20733645045921628
,0.6225,2.24624740487,0.12719606454672414
,0.837499999999999,3.81659037895,0.5820246420010549
4,147193,0.7825000000000001,3.02785717881,0.835538383238236
,0.7825000000000001,3.9820715025,0.6837531717583698
,0.75,3.09002439089,0.6833321135792141
,0.7975000000000001,3.04403832353,0.7934361758268604
,0.75,2.81647276867,0.27742885971966014
4,819,0.7075,4.34527994081,0.5489978882757085
,0.7025,3.28690145314,0.3801714340569301
,0.725,3.29059911213,0.6033055200203075
,0.7225,4.539312958,0.49609502225182567
,0.8300000000000001,3.81266539256,0.5534111305979548
4,1942,0.5925,2.31721843215,0.12218235242816455
,0.6725,3.01873039089,0.28593812834065924
,0.715,3.33485627845,0.5701611400682338
,0.6075,1.81673678308,0.09679360036719553
,0.784999999999999,3.45250982163,0.38711824837447284
4,1993,0.7525000000000001,3.754177537,0.7330224287893305
,0.7375,3.80458884696,0.5039178184245285
,0.6625,3.21494716299,0.3955583984011518
,0.835,1.91626593272,0.8861688643957039
,0.905,3.13999964059,0.8280136926226331
