user,id,serviceScore,serviceScore_pdf,serviceScore_cdf,equipmentScore,equipmentScore_pdf,equipmentScore_cdf
6,101,0.73,2.43387944417,0.050465395690814804
,0.655,0.426016393729,0.01000405978454098
6,192,0.66,0.0400931020649,0.00048597156549608423
,0.63,0.154212006084,0.0032405558246628293
6,223,0.6775,0.143867883758,0.0019235887461293074
,0.6375000000000001,0.212215630062,0.0046044768368781585
6,388,0.7675000000000001,5.74482541506,0.20712273919781948
,0.7575000000000001,5.02639216551,0.2516618202158445
6,398,0.66,0.0400931020649,0.00048597156549608423
,0.635,0.191047756402,0.004100804162291907
6,462,0.8300000000000001,5.43009570303,0.5901467691434936
,0.7975000000000001,5.75819870267,0.47521917561940935
6,509,0.6950000000000001,0.445182663004,0.006653165844270897
,0.6375000000000001,0.212215630062,0.0046044768368781585
6,568,0.7975000000000001,6.41353018548,0.3950492658528719
,0.685,1.1874824841,0.03270537586744683
6,570,0.7825000000000001,6.3582305165,0.2986547118244747
,0.754999999999999,4.90852247175,0.23924183526726328
6,610,0.725,2.01176180302,0.03936783986371915
,0.6875,1.2799313081,0.03578863219054474
6,630,0.68,0.170684811549,0.0023159236015830443
,0.6375000000000001,0.212215630062,0.0046044768368781585
6,658,0.5775,1.11732770609e-05,8.627478558601741e-08
,0.54,0.0012591050131,1.8419417841340725e-05
6,659,0.6125,0.000587752052244,5.456846834595863e-06
,0.5925,0.0261016553569,0.0004706083804887405
6,716,0.7225,1.81652729514,0.03458482200202663
,0.715,2.602121393,0.08795566236308018
6,767,0.6950000000000001,0.445182663004,0.006653165844270897
,0.6625,0.562070023419,0.013689934118824484
6,839,0.8150000000000001,6.0021413004,0.504237229972732
,0.7875000000000001,5.80054035114,0.4173008488954296
6,858,0.61,0.0004544093778,4.1608715052908446e-06
,0.635,0.191047756402,0.004100804162291907
6,864,0.6900000000000001,0.327750213171,0.00473356397971421
,0.6375000000000001,0.212215630062,0.0046044768368781585
6,922,0.605,0.000268484561427,2.3919343851455643e-06
,0.595,0.0296625585453,0.0005402268892642739
6,930,0.78,6.29794783246,0.28283111033910624
,0.75,4.65489691208,0.21532399904061628
6,995,0.5775,1.11732770609e-05,8.627478558601741e-08
,0.51,0.000160579210397,2.098317348968658e-06
6,996,0.65,0.018143794323,0.00020807919968910486
,0.6000000000000001,0.038149206012,0.000708944828661312
6,1119,0.6000000000000001,0.000156165805005,1.3541885740803707e-06
,0.545,0.00173226564414,2.5839213655804987e-05
6,1128,0.7425,3.61549304942,0.0881462396869104
,0.6925,1.47942037707,0.042678902631707705
6,1186,0.7225,1.81652729514,0.03458482200202663
,0.6175,0.0881963830793,0.001759668000665491
6,1356,0.7575000000000001,5.01431589238,0.1531365868816262
,0.774999999999999,5.63723768118,0.3455620899481749
6,1357,0.8025,6.33648173175,0.42694057234193217
,0.78,5.73165273574,0.37400029437873505
6,1386,0.6975,0.516079525209,0.007852926104571343
,0.7025,1.93575439974,0.05969244187233384
6,1404,0.6725,0.101307250966,0.0013162667434502412
,0.6725,0.796282872797,0.020427700569403708
6,1500,0.73,2.43387944417,0.050465395690814804
,0.5675,0.00671098134136,0.00010943219030586166
6,1501,0.6425000000000001,0.0097031316894,0.0001067023923246441
,0.505,0.000111134514944,1.4261958156465116e-06
6,1511,0.6125,0.000587752052244,5.456846834595863e-06
,0.52,0.000328119345772,4.448416049390093e-06
6,1556,0.675,0.120903205478,0.0015933752788772583
,0.6625,0.562070023419,0.013689934118824484
6,1630,0.6525000000000001,0.0222182606933,0.0002583723152815206
,0.6325000000000001,0.171759618194,0.0036476717946198017
6,1667,0.68,0.170684811549,0.0023159236015830443
,0.6625,0.562070023419,0.013689934118824484
6,1680,0.7925000000000001,6.4478064253,0.36287653697983047
,0.6950000000000001,1.58643656023,0.046510220617115475
6,1725,0.685,0.238042441864,0.0033294761143463233
,0.6000000000000001,0.038149206012,0.000708944828661312
6,1764,0.7075,0.897269443188,0.01478069213216274
,0.67,0.731575567044,0.018518769537079052
6,1770,0.6025,0.000205168022927,1.8032195895760167e-06
,0.5775,0.0117608346561,0.0001996239912558581
6,1799,0.81,6.15626658366,0.47383143297402924
,0.8400000000000001,4.35036005571,0.6950871588992821
6,1872,0.66,0.0400931020649,0.00048597156549608423
,0.6075,0.0550757175397,0.0010550122993643123
6,1927,0.66,0.0400931020649,0.00048597156549608423
,0.5775,0.0117608346561,0.0001996239912558581
6,1996,0.67,0.0846429738738,0.0010843972157679501
,0.525,0.000464065629266,6.410431978450376e-06
6,1997,0.6900000000000001,0.327750213171,0.00473356397971421
,0.6625,0.562070023419,0.013689934118824484
6,2335,0.675,0.120903205478,0.0015933752788772583
,0.5825,0.0154298771917,0.00026721928669713507
6,2465,0.7225,1.81652729514,0.03458482200202663
,0.7775000000000001,5.68923922649,0.35972216784948696
6,2605,0.339999999999999,7.60237421881e-27,2.652912168671669e-29
,0.3025,7.20067342467e-14,5.250067825656957e-16
6,2876,0.8400000000000001,4.99235288408,0.6422845035941243
,0.794999999999999,5.7826983781,0.4607911810717429
6,2877,0.635,0.00504383482091,5.316382404766835e-05
,0.75,4.65489691208,0.21532399904061628
6,2958,0.65,0.018143794323,0.00020807919968910486
,0.59,0.0229360693944,0.0004093892874522313
6,4771,0.705,0.786023376164,0.012678933894290631
,0.635,0.191047756402,0.004100804162291907
6,4778,0.6875,0.279778464097,0.003975523027305243
,0.7125,2.46157402773,0.0816267009620685
6,4801,0.735,2.89090119082,0.06376500008735192
,0.625,0.123816102048,0.0025479572539174556
6,4805,0.7725000000000001,6.01692156494,0.2365549972137996
,0.74,4.09311406702,0.17153451359623784
6,4819,0.6725,0.101307250966,0.0013162667434502412
,0.6725,0.796282872797,0.020427700569403708
6,4977,0.71,1.02007273326,0.01717491514584865
,0.725,3.18978413757,0.11688699802601615
6,5024,0.7000000000000001,0.596058409181,0.009241132374723598
,0.6525000000000001,0.387285723816,0.008988078705705213
6,5041,0.41000000000000003,7.38736226964e-19,3.0738410124399753e-21
,0.454999999999999,1.87359988775e-06,2.032199484724472e-08
6,5303,0.75,4.34163098869,0.11800170104957454
,0.47250000000000003,8.50629399265e-06,9.760452068629798e-08
6,5309,0.6975,0.516079525209,0.007852926104571343
,0.6900000000000001,1.37724296152,0.03910908553295275
6,5385,0.6075,0.000349967173279,3.160754740034897e-06
,0.5875,0.0201259193373,0.00035563193541908477
6,5562,0.8025,6.33648173175,0.42694057234193217
,0.774999999999999,5.63723768118,0.3455620899481749
6,5627,0.59,5.03662057166e-05,4.143118211225789e-07
,0.5225000000000001,0.000390560488875,5.3446326554222154e-06
6,5729,0.5,9.59570214427e-11,5.320114767436621e-13
,0.5225000000000001,0.000390560488875,5.3446326554222154e-06
6,7055,0.54,6.55069456371e-08,4.256948270707111e-10
,0.47250000000000003,8.50629399265e-06,9.760452068629798e-08
6,7341,0.7000000000000001,0.596058409181,0.009241132374723598
,0.6125,0.0698811449264,0.001366075251636791
6,7342,0.5875,3.75746687137e-05,3.051283586025434e-07
,0.545,0.00173226564414,2.5839213655804987e-05
6,7343,0.7075,0.897269443188,0.01478069213216274
,0.6875,1.2799313081,0.03578863219054474
6,7588,0.6950000000000001,0.445182663004,0.006653165844270897
,0.6725,0.796282872797,0.020427700569403708
6,7599,0.6000000000000001,0.000156165805005,1.3541885740803707e-06
,0.5625,0.00502286801703,8.02859177056059e-05
6,7903,0.68,0.170684811549,0.0023159236015830443
,0.6425000000000001,0.26078052017,0.005783337232798301
6,8207,0.6975,0.516079525209,0.007852926104571343
,0.7375,3.94499816051,0.16148643394597056
6,8290,0.77,5.8892428004,0.22166876600825475
,0.7825000000000001,5.76436535883,0.38837234576613033
6,8961,0.6625,0.04853343466,0.0005964450458320955
,0.6325000000000001,0.171759618194,0.0036476717946198017
6,9191,0.685,0.238042441864,0.0033294761143463233
,0.605,0.0487964845848,0.0009253158440339607
6,9518,0.7000000000000001,0.596058409181,0.009241132374723598
,0.625,0.123816102048,0.0025479572539174556
6,10630,0.7275,2.21785454645,0.04465268590748801
,0.6675,0.671075631874,0.016766316299993818
6,10672,0.6075,0.000349967173279,3.160754740034897e-06
,0.535,0.000908997331028,1.3043554223131698e-05
6,11039,0.735,2.89090119082,0.06376500008735192
,0.7625000000000001,5.24147342756,0.277343539972923
6,11140,0.6975,0.516079525209,0.007852926104571343
,0.5775,0.0117608346561,0.0001996239912558581
6,11230,0.74,3.37112146658,0.07941322770506903
,0.6725,0.796282872797,0.020427700569403708
6,11275,0.8225,5.73286711039,0.5482684159267056
,0.7875000000000001,5.80054035114,0.4173008488954296
6,12534,0.665,0.0585848039342,0.000729980321366516
,0.6475000000000001,0.318695177473,0.007227860192329165
6,14112,0.754999999999999,4.79930523291,0.14086732552461687
,0.75,4.65489691208,0.21532399904061628
6,15812,0.62,0.00124327001059,1.2037389950870858e-05
,0.5750000000000001,0.0102449662607,0.00017215688385460262
6,15877,0.545,1.37248162721e-07,9.113455676162145e-10
,0.47000000000000003,6.89115388662e-06,7.842555478691744e-08
6,15878,0.75,4.34163098869,0.11800170104957454
,0.6975,1.69823240909,0.05061506943571347
6,16373,0.6925,0.382647435448,0.005620044679341949
,0.6925,1.47942037707,0.042678902631707705
6,17703,0.605,0.000268484561427,2.3919343851455643e-06
,0.635,0.191047756402,0.004100804162291907
6,17743,0.665,0.0585848039342,0.000729980321366516
,0.6725,0.796282872797,0.020427700569403708
6,17938,0.4375,4.01973272887e-16,1.8103463306691173e-18
,0.3125,2.73537437936e-13,2.038692036981777e-15
6,17979,0.7325,2.65868448921,0.0568294059558244
,0.6525000000000001,0.387285723816,0.008988078705705213
6,18166,0.64,0.00782710144466,8.486772047113425e-05
,0.5875,0.0201259193373,0.00035563193541908477
6,18246,0.7525000000000001,4.57445426634,0.12914826538010674
,0.784999999999999,5.78732501217,0.40281399200859047
6,18248,0.8625,3.93501369062,0.7428466192795514
,0.7475,4.52033072793,0.2038539940948829
6,18270,0.7425,3.61549304942,0.0881462396869104
,0.6775,0.938884174306,0.024758146535777504
6,18297,0.745,3.86008009088,0.09749087434747317
,0.745,4.38142084298,0.19272596546803922
6,18311,0.58,1.52240888774e-05,1.1902208175179244e-07
,0.382499999999999,1.33908177987e-09,1.1807613128648274e-11
6,18312,0.6525000000000001,0.0222182606933,0.0002583723152815206
,0.48250000000000004,1.93868111353e-05,2.300057826136243e-07
6,18319,0.48250000000000004,3.92128171696e-12,2.0420402980907654e-14
,0.485,2.37107979011e-05,2.8370477125499877e-07
6,18392,0.5975,0.000118395943707,1.0130487927274643e-06
,0.5775,0.0117608346561,0.0001996239912558581
6,18476,0.784999999999999,6.40260560304,0.31460900270338743
,0.7075,2.19080143618,0.07000185613179394
6,18739,0.745,3.86008009088,0.09749087434747317
,0.6925,1.47942037707,0.042678902631707705
6,18763,0.5825,2.06584220699e-05,1.6354542158933283e-07
,0.29250000000000004,1.83897516119e-14,1.3122643484210307e-16
6,19718,0.9225000000000001,1.38172417708,0.8961674443529404
,0.6925,1.47942037707,0.042678902631707705
6,19745,0.8925000000000001,2.50190074006,0.8391628106239986
,0.857499999999999,3.5628081062,0.7642971676493098
6,20639,0.5275000000000001,9.57618895896e-09,5.906791182873734e-11
,0.4425,6.01305011403e-07,6.27523954973727e-09
6,25302,0.5125000000000001,8.28771374429e-10,4.816834474745708e-12
,0.48750000000000004,2.89459383708e-05,3.493182859726539e-07
6,27972,0.7525000000000001,4.57445426634,0.12914826538010674
,0.7025,1.93575439974,0.05969244187233384
6,28024,1.0,0.771012715129,0.9648575322949406
,0.899999999999999,1.96665952339,0.8797109962969973
6,28466,0.665,0.0585848039342,0.000729980321366516
,0.68,1.01702598798,0.02720206500609875
6,28484,0.6375000000000001,0.00629351192348,6.72818171562734e-05
,0.625,0.123816102048,0.0025479572539174556
6,28512,0.764999999999999,5.58420312579,0.19295815027881766
,0.6775,0.938884174306,0.024758146535777504
6,28570,0.4625,7.85181254029e-14,3.82321740778937e-16
,0.5,7.63607106423e-05,9.626031653984731e-07
6,28894,0.6475000000000001,0.0147723655541,0.00016706800902035158
,0.62,0.098885780025,0.00199329173323538
6,29183,0.6900000000000001,0.327750213171,0.00473356397971421
,0.635,0.191047756402,0.004100804162291907
6,29184,0.62,0.00124327001059,1.2037389950870858e-05
,0.5700000000000001,0.00773911240642,0.00012746660093802906
6,29229,0.36750000000000005,1.56499790194e-23,5.829742085172865e-26
,0.34750000000000003,2.30291760319e-11,1.8607101937542214e-13
6,29338,0.7000000000000001,0.596058409181,0.009241132374723598
,0.6525000000000001,0.387285723816,0.008988078705705213
6,29381,0.625,0.00201117103166,2.002982721863653e-05
,0.595,0.0296625585453,0.0005402268892642739
6,29764,0.7425,3.61549304942,0.0881462396869104
,0.68,1.01702598798,0.02720206500609875
6,30094,0.675,0.120903205478,0.0015933752788772583
,0.62,0.098885780025,0.00199329173323538
6,31557,0.725,2.01176180302,0.03936783986371915
,0.5575,0.00373573020543,5.8536439073744766e-05
6,32060,0.65,0.018143794323,0.00020807919968910486
,0.65,0.351570353095,0.008065118466087982
6,38608,0.7275,2.21785454645,0.04465268590748801
,0.74,4.09311406702,0.17153451359623784
6,38649,0.7925000000000001,6.4478064253,0.36287653697983047
,0.7525000000000001,4.78449621068,0.22712433911071367
6,39144,0.6425000000000001,0.0097031316894,0.0001067023923246441
,0.5575,0.00373573020543,5.8536439073744766e-05
6,39247,0.5750000000000001,8.16658044765e-06,6.228774836071868e-08
,0.65,0.351570353095,0.008065118466087982
6,39495,0.764999999999999,5.58420312579,0.19295815027881766
,0.7225,3.03992674903,0.10910015132205626
6,39581,0.735,2.89090119082,0.06376500008735192
,0.6175,0.0881963830793,0.001759668000665491
6,40799,0.735,2.89090119082,0.06376500008735192
,0.68,1.01702598798,0.02720206500609875
6,40956,0.7825000000000001,6.3582305165,0.2986547118244747
,0.625,0.123816102048,0.0025479572539174556
6,41042,0.5425,9.50190978842e-08,6.241404078557861e-10
,0.34750000000000003,2.30291760319e-11,1.8607101937542214e-13
6,41069,0.827499999999999,5.5340184945,0.5764410676592235
,0.8525,3.78495659729,0.7459296064151444
6,41615,0.919999999999999,1.45491527564,0.8926224800686753
,0.7425,4.23880183609,0.18194998097520382
6,41703,0.6925,0.382647435448,0.005620044679341949
,0.735,3.79508965613,0.1518110163407811
6,41708,0.6725,0.101307250966,0.0013162667434502412
,0.645,0.288488002844,0.006469419352977533
6,41851,0.6425000000000001,0.0097031316894,0.0001067023923246441
,0.6000000000000001,0.038149206012,0.000708944828661312
6,43759,0.8625,3.93501369062,0.7428466192795514
,0.8174999999999991,5.27696458529,0.5863406769512537
6,44059,0.6575000000000001,0.0330266785655,0.0003948354688336529
,0.5125000000000001,0.000192503347747,2.5385309702563543e-06
6,44938,0.75,4.34163098869,0.11800170104957454
,0.6075,0.0550757175397,0.0010550122993643123
6,50703,0.7325,2.65868448921,0.0568294059558244
,0.7125,2.46157402773,0.0816267009620685
6,50830,0.655,0.0271279163798,0.0003198658903760302
,0.5650000000000001,0.00581043202579,9.380542218358589e-05
6,50921,0.64,0.00782710144466,8.486772047113425e-05
,0.5925,0.0261016553569,0.0004706083804887405
6,51734,0.6825,0.201884301917,0.002780663662516576
,0.6000000000000001,0.038149206012,0.000708944828661312
6,52992,0.71,1.02007273326,0.01717491514584865
,0.75,4.65489691208,0.21532399904061628
6,54491,0.7775000000000001,6.22119582136,0.26717870186465037
,0.77,5.50522107102,0.3176906390492058
6,54885,0.68,0.170684811549,0.0023159236015830443
,0.585,0.0176348708079,0.00030849386411367294
6,56634,0.8300000000000001,5.43009570303,0.5901467691434936
,0.8525,3.78495659729,0.7459296064151444
6,56758,0.77,5.8892428004,0.22166876600825475
,0.7725000000000001,5.57582105535,0.3315438269786103
6,56917,0.73,2.43387944417,0.050465395690814804
,0.72,2.89171921557,0.10168598847345768
6,56975,0.6975,0.516079525209,0.007852926104571343
,0.68,1.01702598798,0.02720206500609875
6,67160,0.774999999999999,6.12758392631,0.25173918670416184
,0.8150000000000001,5.36073126111,0.5730424103345275
6,67299,0.6775,0.143867883758,0.0019235887461293074
,0.6775,0.938884174306,0.024758146535777504
6,67423,0.705,0.786023376164,0.012678933894290631
,0.6375000000000001,0.212215630062,0.0046044768368781585
6,67905,0.7975000000000001,6.41353018548,0.3950492658528719
,0.764999999999999,5.33767914525,0.2905691362170134
6,68565,0.7175,1.46120077518,0.0264105462786823
,0.6950000000000001,1.58643656023,0.046510220617115475
6,68688,0.78,6.29794783246,0.28283111033910624
,0.685,1.1874824841,0.03270537586744683
6,69217,0.7675000000000001,5.74482541506,0.20712273919781948
,0.7000000000000001,1.81471471694,0.05500528904254419
6,69292,0.76,5.21777626253,0.16592927434493338
,0.74,4.09311406702,0.17153451359623784
6,70225,0.5925,6.72391672943e-05,5.603536371321172e-07
,0.58,0.0134809321807,0.00023113118219741198
6,70358,0.5425,9.50190978842e-08,6.241404078557861e-10
,0.47500000000000003,1.04805741583e-05,1.212559637287822e-07
6,70659,0.6950000000000001,0.445182663004,0.006653165844270897
,0.6025,0.0431749234026,0.0008104819629913812
6,70707,0.67,0.0846429738738,0.0010843972157679501
,0.6675,0.671075631874,0.016766316299993818
6,70749,0.39,5.45156081016e-21,2.1497959364032847e-23
,0.36,1.02541418566e-10,8.540848570005373e-13
6,70793,0.66,0.0400931020649,0.00048597156549608423
,0.545,0.00173226564414,2.5839213655804987e-05
6,70852,0.6975,0.516079525209,0.007852926104571343
,0.6900000000000001,1.37724296152,0.03910908553295275
6,72086,0.585,2.79179297809e-05,2.2383168629748434e-07
,0.5650000000000001,0.00581043202579,9.380542218358589e-05
6,74604,0.9125000000000001,1.69808194407,0.8808205399584595
,0.8300000000000001,4.79020597237,0.6493622582935101
6,74635,0.5375,4.49711667663e-08,2.8915382799292124e-10
,0.5575,0.00373573020543,5.8536439073744766e-05
6,74688,0.774999999999999,6.12758392631,0.25173918670416184
,0.7000000000000001,1.81471471694,0.05500528904254419
6,74696,0.6975,0.516079525209,0.007852926104571343
,0.7125,2.46157402773,0.0816267009620685
6,76409,0.5775,1.11732770609e-05,8.627478558601741e-08
,0.51,0.000160579210397,2.098317348968658e-06
6,76496,0.835,5.2150433492,0.6167632636298985
,0.9175000000000001,1.48570585515,0.9097676115527646
6,78211,0.8300000000000001,5.43009570303,0.5901467691434936
,0.81,5.51044728929,0.5458539922049421
6,79262,0.7575000000000001,5.01431589238,0.1531365868816262
,0.7275,3.34078219377,0.12505002341736923
6,79313,0.6175,0.000972153663953,9.281139692366628e-06
,0.515,0.000230361467296,3.0657751953583337e-06
6,79388,0.77,5.8892428004,0.22166876600825475
,0.7325,3.64401388723,0.142511957966851
6,80513,0.7825000000000001,6.3582305165,0.2986547118244747
,0.7075,2.19080143618,0.07000185613179394
6,80619,0.77,5.8892428004,0.22166876600825475
,0.7775000000000001,5.68923922649,0.35972216784948696
6,80759,0.6675,0.0705184603436,0.0008909366008846172
,0.6675,0.671075631874,0.016766316299993818
6,80766,0.6975,0.516079525209,0.007852926104571343
,0.645,0.288488002844,0.006469419352977533
6,80873,0.7775000000000001,6.22119582136,0.26717870186465037
,0.735,3.79508965613,0.1518110163407811
6,84558,0.7775000000000001,6.22119582136,0.26717870186465037
,0.7925000000000001,5.7980714321,0.44631329065598335
6,104560,0.485,6.27148566835e-12,3.294532665578277e-14
,0.4,8.89046622264e-09,8.212632183902843e-11
6,104598,0.685,0.238042441864,0.0033294761143463233
,0.5825,0.0154298771917,0.00026721928669713507
6,104599,0.61,0.0004544093778,4.1608715052908446e-06
,0.5725,0.00891108179691,0.0001482475670882106
6,104688,0.6625,0.04853343466,0.0005964450458320955
,0.7275,3.34078219377,0.12505002341736923
6,104824,0.6175,0.000972153663953,9.281139692366628e-06
,0.6325000000000001,0.171759618194,0.0036476717946198017
6,107778,0.7375,3.12896140972,0.07128878640644386
,0.68,1.01702598798,0.02720206500609875
6,107870,0.8150000000000001,6.0021413004,0.504237229972732
,0.8125,5.43873094276,0.5595418267934645
6,107898,0.6975,0.516079525209,0.007852926104571343
,0.7025,1.93575439974,0.05969244187233384
6,108143,0.625,0.00201117103166,2.002982721863653e-05
,0.485,2.37107979011e-05,2.8370477125499877e-07
6,108336,0.595,8.94029913689e-05,7.549080607656109e-07
,0.535,0.000908997331028,1.3043554223131698e-05
6,108341,0.595,8.94029913689e-05,7.549080607656109e-07
,0.5825,0.0154298771917,0.00026721928669713507
6,108351,0.615,0.000757328251289,7.129779805063277e-06
,0.65,0.351570353095,0.008065118466087982
6,108388,0.5875,3.75746687137e-05,3.051283586025434e-07
,0.5475,0.00202674052345,3.052899487670471e-05
6,108411,0.67,0.0846429738738,0.0010843972157679501
,0.6175,0.0881963830793,0.001759668000665491
6,108416,0.804999999999999,6.28419367672,0.4427181777315072
,0.71,2.32435924954,0.07564501396702486
6,108417,0.5325,2.0928218961e-08,1.3177242401469138e-10
,0.5825,0.0154298771917,0.00026721928669713507
6,108652,0.5650000000000001,2.23616087402e-06,1.6256065231186523e-08
,0.5075000000000001,0.000133708910368,1.7314267553069277e-06
6,109008,0.63,0.00320711464415,3.285884693782556e-05
,0.5275000000000001,0.000550438253038,7.675676327863526e-06
6,109067,0.7525000000000001,4.57445426634,0.12914826538010674
,0.7625000000000001,5.24147342756,0.277343539972923
6,129429,0.68,0.170684811549,0.0023159236015830443
,0.5775,0.0117608346561,0.0001996239912558581
6,129459,0.6875,0.279778464097,0.003975523027305243
,0.6725,0.796282872797,0.020427700569403708
6,129490,0.6975,0.516079525209,0.007852926104571343
,0.6575000000000001,0.467939246178,0.01112082081235093
6,129672,0.405,2.22201108738e-19,9.119777150869695e-22
,0.485,2.37107979011e-05,2.8370477125499877e-07
6,129907,0.65,0.018143794323,0.00020807919968910486
,0.65,0.351570353095,0.008065118466087982
6,129987,0.6575000000000001,0.0330266785655,0.0003948354688336529
,0.6575000000000001,0.467939246178,0.01112082081235093
6,130043,0.764999999999999,5.58420312579,0.19295815027881766
,0.8300000000000001,4.79020597237,0.6493622582935101
6,130166,0.9325000000000001,1.12992252535,0.908670300243074
,0.7875000000000001,5.80054035114,0.4173008488954296
6,130586,0.35750000000000004,1.03728424842e-24,3.771341201826765e-27
,0.20750000000000002,4.94324833675e-20,2.985562261433789e-22
6,134922,0.6775,0.143867883758,0.0019235887461293074
,0.6925,1.47942037707,0.042678902631707705
6,134923,0.7025,0.68581950151,0.01084137108396864
,0.6825,1.09986595121,0.02984719216106852
6,135551,0.7725000000000001,6.01692156494,0.2365549972137996
,0.7575000000000001,5.02639216551,0.2516618202158445
6,135973,0.7825000000000001,6.3582305165,0.2986547118244747
,0.8,5.7248608847,0.48957480816213317
6,136122,0.745,3.86008009088,0.09749087434747317
,0.78,5.73165273574,0.37400029437873505
6,136139,0.784999999999999,6.40260560304,0.31460900270338743
,0.8025,5.6830202976,0.5038363932158233
6,136288,0.7925000000000001,6.4478064253,0.36287653697983047
,0.7375,3.94499816051,0.16148643394597056
6,136820,0.6175,0.000972153663953,9.281139692366628e-06
,0.6275000000000001,0.138272602985,0.0028752717850195437
6,136846,0.804999999999999,6.28419367672,0.4427181777315072
,0.8075000000000001,5.57538093678,0.5319952432200403
6,137085,0.8775000000000001,3.20680774464,0.7964126226606119
,0.8400000000000001,4.35036005571,0.6950871588992821
6,137869,0.8700000000000001,3.57116511409,0.7709964913341557
,0.875,2.8343212426,0.8201430925103592
6,138039,0.6375000000000001,0.00629351192348,6.72818171562734e-05
,0.6975,1.69823240909,0.05061506943571347
6,140859,0.6000000000000001,0.000156165805005,1.3541885740803707e-06
,0.5975,0.0336624772054,0.0006192869056780697
6,140984,0.7425,3.61549304942,0.0881462396869104
,0.754999999999999,4.90852247175,0.23924183526726328
6,141053,0.7025,0.68581950151,0.01084137108396864
,0.65,0.351570353095,0.008065118466087982
6,141356,0.8400000000000001,4.99235288408,0.6422845035941243
,0.794999999999999,5.7826983781,0.4607911810717429
6,142811,0.675,0.120903205478,0.0015933752788772583
,0.58,0.0134809321807,0.00023113118219741198
6,142951,0.7375,3.12896140972,0.07128878640644386
,0.764999999999999,5.33767914525,0.2905691362170134
6,143324,0.625,0.00201117103166,2.002982721863653e-05
,0.66,0.513231653226,0.012346564003825725
6,145305,0.6875,0.279778464097,0.003975523027305243
,0.745,4.38142084298,0.19272596546803922
6,145335,0.5,9.59570214427e-11,5.320114767436621e-13
,0.5425,0.00147810109002,2.1834093346708674e-05
6,145444,0.6925,0.382647435448,0.005620044679341949
,0.754999999999999,4.90852247175,0.23924183526726328
6,146557,0.6825,0.201884301917,0.002780663662516576
,0.72,2.89171921557,0.10168598847345768
6,146877,0.5625,1.60087523067e-06,1.1502271813982117e-08
,0.715,2.602121393,0.08795566236308018
6,146928,0.8174999999999991,5.91689611982,0.5191370597683087
,0.8600000000000001,3.45360780112,0.77306739312699
6,146993,1.0,0.771012715129,0.9648575322949406
,1.0,0.463711125496,0.9788115948741924
6,147026,0.625,0.00201117103166,2.002982721863653e-05
,0.615,0.0785584957438,0.0015514337428237644
6,147101,0.6825,0.201884301917,0.002780663662516576
,0.7225,3.03992674903,0.10910015132205626
6,147111,0.6225,0.00158414968196,1.5555545396184415e-05
,0.774999999999999,5.63723768118,0.3455620899481749
6,147193,0.7975000000000001,6.41353018548,0.3950492658528719
,0.7825000000000001,5.76436535883,0.38837234576613033
6,819,0.7225,1.81652729514,0.03458482200202663
,0.7075,2.19080143618,0.07000185613179394
6,1942,0.6075,0.000349967173279,3.160754740034897e-06
,0.5925,0.0261016553569,0.0004706083804887405
6,1993,0.835,5.2150433492,0.6167632636298985
,0.7525000000000001,4.78449621068,0.22712433911071367
