left,boolean,ranking,id,score,mealScore,roomScore,bathScore,equipmentScore,serviceScore,locationScore
left,0,0,76496,inf,0.89,0.8975,0.805,0.9175,0.835,0.9325
left,0,1,28024,inf,0.9175,0.85,1.0,0.9,1.0,1.0
left,0,2,41615,inf,0.9675,0.8475,0.81,0.7425,0.92,0.8775
left,0,3,1357,0.391327476829,0.76,0.8075,0.72,0.78,0.8025,0.835
left,0,4,107870,0.347540877613,0.72,0.8225,0.735,0.8125,0.815,0.91
left,0,5,388,0.332886677437,0.7825,0.7675,0.675,0.7575,0.7675,0.915
left,0,6,18297,0.332753746188,0.75,0.7525,0.7275,0.745,0.745,0.8525
left,0,7,146928,0.283533039704,0.7,0.855,0.815,0.86,0.8175,0.885
left,0,8,56917,0.251741159201,0.7325,0.77,0.6575,0.72,0.73,0.83
left,0,9,930,0.232691522884,0.7125,0.7925,0.685,0.75,0.78,0.885
left,0,10,38649,0.196818832997,0.8225,0.78,0.8675,0.7525,0.7925,0.7575
left,0,11,1764,0.186506623293,0.7725,0.7425,0.645,0.67,0.7075,0.8575
left,0,12,135551,0.182792830241,0.7825,0.825,0.6425,0.7575,0.7725,0.775
left,0,13,69292,0.14840969034,0.75,0.815,0.7875,0.74,0.76,0.74
left,3,14,134923,0.128394375406,0.6725,0.725,0.68,0.6825,0.7025,0.735
left,0,15,80513,0.12783452061,0.76,0.76,0.5975,0.7075,0.7825,0.825
left,0,16,136846,0.0222129101906,0.7625,0.7925,0.875,0.8075,0.805,0.6525
left,3,17,5024,0.0193648126508,0.67,0.7625,0.495,0.6525,0.7,0.7425
left,2,18,819,0.192170551625,0.725,0.7025,0.7775,0.7075,0.7225,0.83
left,2,19,11230,0.137232234128,0.6825,0.695,0.6125,0.6725,0.74,0.8975
left,1,20,462,0.131833418306,0.7075,0.68,0.64,0.7975,0.83,0.79
left,1,21,84558,0.0852099788939,0.6275,0.8375,0.75,0.7925,0.7775,0.7775
left,1,22,147101,0.0809028157662,0.625,0.865,0.86,0.7225,0.6825,0.8525
left,2,23,2876,0.0551807007759,0.6075,0.8175,0.89,0.795,0.84,0.955
left,2,24,16373,0.0543646841942,0.6675,0.65,0.5975,0.6925,0.6925,0.7
left,1,25,145305,0.0475968903036,0.605,0.7675,0.6575,0.745,0.6875,0.725
left,2,26,129459,0.0394930809968,0.605,0.6925,0.6375,0.6725,0.6875,0.705
left,1,27,28466,0.0351923560317,0.61,0.68,0.5875,0.68,0.665,0.9575
left,1,28,10630,0.0282874638358,0.58,0.7225,0.7075,0.6675,0.7275,0.8675
left,1,29,50830,0.0280329065448,0.6375,0.66,0.5725,0.565,0.655,0.81
left,1,30,101,0.0278606358754,0.6975,0.6,0.625,0.655,0.73,0.94
left,1,31,68565,0.0265161067952,0.5775,0.7575,0.665,0.695,0.7175,0.8575
left,2,32,141053,0.0215577470602,0.625,0.645,0.5,0.65,0.7025,0.7025
left,1,33,29183,0.0171164993289,0.5825,0.6475,0.5825,0.635,0.69,0.8225
left,1,34,39144,0.0166855315858,0.6675,0.63,0.5,0.5575,0.6425,0.655
left,1,35,1186,0.0162359672143,0.575,0.6625,0.65,0.6175,0.7225,0.67
left,1,36,129907,0.0139707533482,0.6075,0.63,0.54,0.65,0.65,0.65
left,1,37,54885,0.0113797120142,0.625,0.55,0.5625,0.585,0.68,0.85
left,1,38,5385,0.0105185622674,0.7625,0.6,0.5075,0.5875,0.6075,0.8425
left,1,39,1511,0.00958327514255,0.6075,0.54,0.5925,0.52,0.6125,0.87
left,2,40,44938,0.00953713174407,0.8125,0.6425,0.465,0.6075,0.75,0.9275
left,2,41,7903,0.00937762461742,0.75,0.645,0.5375,0.6425,0.68,0.64
left,1,42,2958,0.00841519329578,0.6825,0.5325,0.7475,0.59,0.65,0.8775
left,1,43,1770,0.00832371527831,0.635,0.64,0.5525,0.5775,0.6025,0.835
left,1,44,7599,0.00731413008806,0.75,0.5675,0.5325,0.5625,0.6,0.95
left,1,45,108341,0.00557337062047,0.595,0.52,0.52,0.5825,0.595,0.8075
left,1,46,15812,0.00521812727586,0.5475,0.5675,0.5,0.575,0.62,0.7125
left,1,47,1996,0.00361535125851,0.62,0.495,0.6,0.525,0.67,0.7325
left,1,48,29381,0.00301975046319,0.5325,0.67,0.55,0.595,0.625,0.66
left,1,49,7341,0.00228856527967,0.5,0.755,0.6025,0.6125,0.7,0.7675
left,1,50,658,0.00199656845581,0.63,0.59,0.4775,0.54,0.5775,0.665
left,1,51,79313,0.00184876168575,0.7,0.56,0.4125,0.515,0.6175,0.765
left,1,52,104824,0.000974130129451,0.5,0.6,0.5675,0.6325,0.6175,0.875
left,1,53,140859,0.000103994670468,0.4375,0.65,0.59,0.5975,0.6,0.59
left,1,54,70659,7.75905690355e-05,0.5275,0.685,0.55,0.6025,0.695,0.565
left,1,55,922,6.37972195604e-05,0.4525,0.575,0.455,0.595,0.605,0.6825
left,1,56,72086,3.81683844298e-06,0.4075,0.545,0.4175,0.565,0.585,0.8475
left,1,57,108652,7.01503287947e-07,0.5625,0.6425,0.44,0.5075,0.565,0.525
left,1,58,18319,4.93783572766e-08,0.4775,0.53,0.615,0.485,0.4825,0.7525
left,1,59,17938,5.44224083691e-20,0.5,0.2625,0.4575,0.3125,0.4375,0.7125
left,1,60,19745,1.82325104302e-48,-0.25,0.8575,0.625,0.8575,0.8925,0.8575
left,1,61,41042,3.37042055423e-51,-0.25,0.445,0.515,0.3475,0.5425,0.8325
