user,id,mealScore,mealScore_pdf,mealScore_cdf,chargeScore,chargeScore_pdf,chargeScore_cdf,serviceScore,serviceScore_pdf,serviceScore_cdf,equipmentScore,equipmentScore_pdf,equipmentScore_cdf,roomScore,roomScore_pdf,roomScore_cdf,distanceScore,distanceScore_pdf,distanceScore_cdf,bathScore,bathScore_pdf,bathScore_cdf,locationScore,locationScore_pdf,locationScore_cdf,kinnennScore,kinnennScore_pdf,kinnennScore_cdf
31,101,0.6975,4.07754353188,0.49810285702466384,0.9297100057614741,2.81315906128,0.8756506509328952,0.73,5.72078266694,0.4644839421316447,0.655,4.42025577153,0.31054853397881266,0.6000000000000001,1.40555898784,0.06344452343850404,0.9797530864197531,1.12939095957,0.9507591062453482,0.625,2.90852049278,0.3566152756717178,0.9400000000000001,1.44954386419,0.9262783349533474,1.0,nan,0.0
31,192,0.6675,3.70589806963,0.38042050596346616,0.8213942769348951,5.19350796548,0.3684742239115687,0.66,3.10487215438,0.13911264744048826,0.63,3.59862187749,0.20984508324818468,0.6775,3.81336619491,0.26314423293846506,0.755061728395061,2.98484609506,0.21646239684894608,0.5325,1.71849828415,0.13815358176440265,0.745,3.50618723499,0.2833635975711677,1.0,nan,0.0
31,223,0.5825,1.80799849329,0.14576545727986204,0.8713654695602071,5.15810447436,0.6375845679153733,0.6775,3.96488299986,0.2009716270979753,0.6375000000000001,3.8671985201,0.2378503463828361,0.605,1.53460822351,0.07079207809733437,0.8103703703703701,4.15167695386,0.4175627585419087,0.5575,2.08537737675,0.18570426261672418,0.605,0.534593576809,0.021622568448069354,0.0,nan,0.0
31,388,0.7825000000000001,2.87639059284,0.8150189761992395,0.713885154599577,1.05423884226,0.03464343194538547,0.7675000000000001,5.23133331276,0.6748894660776579,0.7575000000000001,3.65862234427,0.7856487822961264,0.7675000000000001,4.24512630421,0.6625099159532049,0.851358024691358,4.22433383076,0.5921559916533099,0.675,3.11180893406,0.5089911308590226,0.915,2.04042236521,0.8828310005148705,1.0,nan,0.0
31,398,0.847499999999999,1.1706555148,0.9437319383315863,0.8828884194353751,4.81516111536,0.6951431128644348,0.66,3.10487215438,0.13911264744048826,0.635,3.77920852177,0.2282919804239179,0.6325000000000001,2.3527154018,0.12386650583362599,0.720493827160493,2.07349605443,0.12918489186811122,0.545,1.90206913468,0.1607805916967125,0.61,0.592713274938,0.024438961665207818,0.0,nan,0.0
31,462,0.7075,4.10984520131,0.5390821852219414,0.965469560207413,1.4144666797,0.949849788844598,0.8300000000000001,2.29842106399,0.9140329206361613,0.7975000000000001,2.16501955837,0.9019297457285476,0.68,3.88498712821,0.27276760462610156,0.810864197530864,4.15752203684,0.41961441714808306,0.64,3.01593616207,0.40109461805027624,0.79,4.11015172978,0.45750013108742804,1.0,nan,0.0
31,509,0.8225,1.75744773631,0.9074129742566197,0.6792778951411561,0.396054500479,0.010942120774668204,0.6950000000000001,4.76751494054,0.2775524877336584,0.6375000000000001,3.8671985201,0.2378503463828361,0.6950000000000001,4.26373551205,0.33400209239827344,0.9125925925925921,2.93166463863,0.8176787406049846,0.5125000000000001,1.43240709119,0.10666778013379818,0.919999999999999,1.91585296865,0.8927206388888214,0.0,nan,0.0
31,568,0.5675,1.53184297257,0.12076292291317882,0.786863837142308,3.9539548567,0.20851477808474228,0.7975000000000001,3.91888456459,0.8134272527030618,0.685,4.96842321774,0.45289619714983453,0.6625,3.34826638267,0.20936674734688046,0.9432098765432091,2.03868559904,0.8937026822970284,0.865,1.00251833368,0.9337761198229619,0.9450000000000001,1.34283718159,0.9332574550958507,1.0,nan,0.0
31,570,0.857499999999999,0.976346113499,0.9544466640195173,0.765700019204916,2.99055593288,0.1349826945886871,0.7825000000000001,4.63940105094,0.749131029238548,0.754999999999999,3.74905531274,0.7763888827986327,0.8625,1.43112227162,0.9328032794706964,0.946172839506172,1.95570421399,0.8996200004273361,0.735,2.75959996413,0.6881749400418004,0.8775000000000001,3.00350175552,0.7882332101679816,1.0,nan,0.0
31,610,0.8225,1.75744773631,0.9074129742566197,0.880929517956596,4.8804568892,0.6856463015947178,0.725,5.66083693745,0.4360177594159158,0.6875,4.98494469782,0.46533892178296343,0.7825000000000001,3.86539484414,0.7234516690060233,0.899753086419753,3.29345274032,0.7776893061922536,0.615,2.81750827312,0.32797300928669404,0.9175000000000001,1.97782265138,0.8878536822389455,0.0,nan,0.0
31,630,0.7725000000000001,3.14984622133,0.7848752229828951,0.9405031688112151,2.34423450306,0.9034565749361478,0.68,4.08586189799,0.21103533242147837,0.6375000000000001,3.8671985201,0.2378503463828361,0.74,4.64521069874,0.5392565099164441,0.7629629629629631,3.19212396267,0.24086890016867052,0.5575,2.08537737675,0.18570426261672418,0.6875,2.08675193859,0.12137825314572182,0.0,nan,0.0
31,658,0.63,2.88024409316,0.25623068982183833,0.656270405223737,0.182407299796,0.00455002115647547,0.5775,0.459738710065,0.013308111098228397,0.54,0.771662654121,0.027155920967438824,0.59,1.16854217271,0.05059777086417743,0.65679012345679,0.817315063847,0.04102926825555857,0.47750000000000004,0.982570261678,0.06464079803202526,0.665,1.54690950145,0.08061892493421371,0.0,nan,0.0
31,659,0.62,2.63939871038,0.22863354928972654,0.531745726906087,0.000503270728983,8.191884737920065e-06,0.6125,1.19707587332,0.04074040560595879,0.5925,2.20221988698,0.10126461691194,0.645,2.76590229107,0.15584358517090977,0.622222222222222,0.437835115852,0.019876410536256446,0.47750000000000004,0.982570261678,0.06464079803202526,0.65,1.22954426428,0.05984500509709722,0.0,nan,0.0
31,716,0.8025,2.30615892454,0.866858300909835,0.7945073938928361,4.28290647205,0.24000665216898837,0.7225,5.62009099019,0.4219151307332312,0.715,4.84312977764,0.6018239371329728,0.8325,2.27845946731,0.8776660435384023,0.819259259259259,4.2395213077,0.4548845647529818,0.645,3.04332991387,0.4162446033546515,0.735,3.28615611962,0.249383427280242,0.0,nan,0.0
31,767,0.7325,3.96381586608,0.6406767205004021,0.7599385442673321,2.73106425558,0.11850285734933189,0.6950000000000001,4.76751494054,0.2775524877336584,0.6625,4.61237019155,0.34444079410873635,0.7000000000000001,4.3667684883,0.35558376124249225,0.9007407407407401,3.26656668382,0.7809288377259888,0.5975,2.62627411291,0.2802854781560719,0.8725,3.12641826195,0.7729070277019747,0.0,nan,0.0
31,839,0.735,3.93178315804,0.6505468456073158,0.782024198194737,3.7373229107,0.18990128717497506,0.8150000000000001,3.02551939889,0.87419054780839,0.7875000000000001,2.52735434292,0.8784840020709253,0.845,1.90106074577,0.903757236146411,1.0,0.757563238247,0.9696911755965338,0.7275,2.83517770932,0.6671898038098385,0.925,1.7940496519,0.9019941433048397,1.0,nan,0.0
31,858,0.5675,1.53184297257,0.12076292291317882,0.7714614941425001,3.25411015405,0.15297070708442873,0.61,1.12578119143,0.03783748252449361,0.635,3.77920852177,0.2282919804239179,0.65,2.9335788153,0.1700921909641676,0.631604938271604,0.522689569973,0.02437297360705245,0.5525,2.01231409138,0.1754598235580631,0.6475000000000001,1.1806187387,0.056832547735274394,0.0,nan,0.0
31,864,0.75,3.68015509575,0.7077584194297932,0.8713654695602071,5.15810447436,0.6375845679153733,0.6900000000000001,4.55117532987,0.2542502009867791,0.6375000000000001,3.8671985201,0.2378503463828361,0.71,4.53138023556,0.4001226742269177,0.899753086419753,3.29345274032,0.7776893061922536,0.5625,2.15781426075,0.1963125536407583,0.919999999999999,1.91585296865,0.8927206388888214,0.0,nan,0.0
31,922,0.4525,0.38456775838,0.0235986701247187,0.9174188592279621,3.37149869278,0.8376561724869904,0.605,0.992437973457,0.032547027993658884,0.595,2.29094286034,0.10688078936632081,0.5750000000000001,0.8667004431,0.03541361407019488,0.5837037037037031,0.199100077702,0.008111526047806227,0.454999999999999,0.741568647583,0.04532216180223961,0.6825,1.96160545504,0.11125833033204954,1.0,nan,0.0
31,930,0.7125,4.10665590381,0.5596288833390284,0.56024582293067,0.00248855890789,4.400947249177755e-05,0.78,4.74918718094,0.7373945063095231,0.75,3.92502610756,0.7572007195126207,0.7925000000000001,3.5698426037,0.7606501052263525,0.750123456790123,2.85313787909,0.20204717860139815,0.685,3.09698279088,0.5400508090614259,0.885,2.81389315138,0.8100517215378253,1.0,nan,0.0
31,995,0.7875000000000001,2.73512612541,0.8290486422062524,0.8674860764355671,5.24918299612,0.6173933045023428,0.5775,0.459738710065,0.013308111098228397,0.51,0.352544291194,0.010930008046053579,0.5325,0.325741078648,0.011554749855904973,0.7664197530864191,3.2807081053,0.2520569605956927,0.52,1.53799973712,0.11780527442218397,0.65,1.22954426428,0.05984500509709722,1.0,nan,0.0
31,996,0.625,2.75965978217,0.24213090440284496,0.8703668139043591,5.18281103594,0.6324209895374033,0.65,2.62977229996,0.11046001121336378,0.6000000000000001,2.4721212375,0.1187865194114893,0.6375000000000001,2.51627814337,0.13603775596325496,0.8390123456790121,4.29368677161,0.5394940914369732,0.5325,1.71849828415,0.13815358176440265,0.725,3.04710592061,0.21770389082275443,0.0,nan,0.0
31,1119,0.5,0.700522841993,0.048767432638149685,0.8574227002112541,5.42042309607,0.5636257685578776,0.6000000000000001,0.871123565545,0.027893048134855103,0.545,0.868050491978,0.031251742720074395,0.58,0.960202489202,0.03997794748492639,0.8874074074074071,3.61038735449,0.7350334052101717,0.5075000000000001,1.3634876277,0.09967857761596037,0.7325,3.2279310217,0.24124058078546418,0.0,nan,0.0
31,1128,0.8700000000000001,0.767578847472,0.9653070821680413,0.858882273862108,5.40167518814,0.5715238514938561,0.7425,5.74006508096,0.536311005246352,0.6925,5.00327188531,0.49031767811890037,0.6775,3.81336619491,0.26314423293846506,0.7935802469135801,3.89202336661,0.34987674412020453,0.6025,2.68465000676,0.2935639372815276,0.7725000000000001,3.96486485452,0.38665750448323066,1.0,nan,0.0
31,1186,0.5750000000000001,1.6652908873,0.13274635849443306,0.7987708853466481,4.45656411816,0.2586398992039666,0.7225,5.62009099019,0.4219151307332312,0.6175,3.13014917139,0.16777307259819718,0.6625,3.34826638267,0.20936674734688046,0.712592592592592,1.87933537776,0.11357445733844695,0.65,3.06629716179,0.43152053860902395,0.67,1.66106168856,0.0886372512376217,0.0,nan,0.0
31,1356,0.79,2.6638430785,0.8357974206592996,0.704513155367774,0.826931458859,0.025859222845291532,0.7575000000000001,5.51688817907,0.6210648516008277,0.774999999999999,2.99976032084,0.8439532299740339,0.8125,2.9258553564,0.8256769901115222,0.8316049382716041,4.29701282631,0.5076589229358022,0.73,2.81082870845,0.674247492181486,0.925,1.7940496519,0.9019941433048397,0.0,nan,0.0
31,1357,0.76,3.46308181143,0.7435034646409759,0.283887075091223,1.08670707611e-12,1.0457901102659395e-14,0.8025,3.66448440173,0.8323871495623506,0.78,2.80930324834,0.858475443788635,0.8075000000000001,3.09013359884,0.8106367230380174,0.6083950617283951,0.333724035602,0.014569177820217143,0.72,2.90285313642,0.6456670355249206,0.835,3.87659856647,0.6404439158464197,0.0,nan,0.0
31,1386,0.5825,1.80799849329,0.14576545727986204,0.694680238140964,0.629622832307,0.018731352301409085,0.6975,4.87031252703,0.28960058166253244,0.7025,4.98057524278,0.5403028270426687,0.7425,4.62779370657,0.5508486136520229,0.866666666666666,4.03202970825,0.6554966313563676,0.6525000000000001,3.0760875479,0.4391987567380299,0.8600000000000001,3.41572237661,0.7319880159335947,0.0,nan,0.0
31,1404,0.75,3.68015509575,0.7077584194297932,0.41317457269060803,1.38087675902e-07,1.6905192703001068e-09,0.6725,3.71985482704,0.18175846318420913,0.6725,4.81467179311,0.3916308099904261,0.7875000000000001,3.72095612693,0.7424206143985701,0.575802469135802,0.167285288553,0.006667196980745403,0.77,2.32487161396,0.7774899370700626,0.75,3.60713861473,0.3011496903865056,0.0,nan,0.0
31,1500,0.6875,3.99609246987,0.45769537004560756,0.9097753024774341,3.71963706732,0.8105523909054687,0.73,5.72078266694,0.4644839421316447,0.5675,1.40773585858,0.05652577284943393,0.5825,1.00960223216,0.042439832787136485,0.8859259259259251,3.64561752076,0.7296585030644879,0.387499999999999,0.265527062479,0.013324495809163697,0.9375,1.50451501849,0.9225859803547491,0.0,nan,0.0
31,1501,0.55,1.25612236861,0.09643970786940073,0.8521605531015941,5.47016261899,0.5349594807251029,0.6425000000000001,2.29335340112,0.09201096415935237,0.505,0.305485520197,0.009287249676316589,0.6025,1.46922454267,0.06703764179291251,0.775308641975308,3.49986600311,0.2822032212365311,0.4,0.327847785592,0.01702229343413139,0.9450000000000001,1.34283718159,0.9332574550958507,0.0,nan,0.0
31,1511,0.6075,2.34472107125,0.1974947678381456,0.8636450931438441,5.32595248409,0.5970794667038726,0.6125,1.19707587332,0.04074040560595879,0.52,0.464467906912,0.01499428341181181,0.54,0.39236776476,0.014241146257231229,0.724444444444444,2.17360757731,0.13757362738469292,0.5925,2.56526181104,0.26730559052709113,0.8700000000000001,3.18653302841,0.7650156347436923,1.0,nan,0.0
31,1556,0.705,4.10655862328,0.5288110065209009,0.788745918955252,4.03669213578,0.21603445733431995,0.675,3.84276463767,0.19121186675151072,0.6625,4.61237019155,0.34444079410873635,0.705,4.45630099854,0.3776472692824184,0.675555555555555,1.10923093222,0.05900262775136176,0.6525000000000001,3.0760875479,0.4391987567380299,0.7825000000000001,4.06356993815,0.4268335765324893,1.0,nan,0.0
31,1630,0.8525,1.07045785907,0.9493321962521764,0.888611484540042,4.61014733328,0.7221236090820868,0.6525000000000001,2.74611582379,0.1171794799071787,0.6325000000000001,3.68961154213,0.2189556429123385,0.6825,3.95445787808,0.28256737668553217,0.6335802469135801,0.542154831895,0.02542457688297038,0.6075,2.74015062528,0.30712718564666297,0.64,1.04104128717,0.04850813314180359,0.0,nan,0.0
31,1667,0.75,3.68015509575,0.7077584194297932,0.660072978682542,0.208765042608,0.005292791994796974,0.68,4.08586189799,0.21103533242147837,0.6625,4.61237019155,0.34444079410873635,0.6175,1.88588182911,0.09212933213619617,0.902222222222222,3.22588865131,0.7857381142624968,0.49,1.13376386467,0.07785574465181389,0.8,4.13406706649,0.49875802008310866,0.0,nan,0.0
31,1680,0.784999999999999,2.80602060559,0.8221221137686363,0.8974841559439211,4.2570113878,0.7614892492070158,0.7925000000000001,4.1682322877,0.7932067188476328,0.6950000000000001,5.00502055368,0.5028290762170878,0.7275,4.67021146919,0.4809265164878992,0.875061728395061,3.88126992591,0.6887336939509618,0.6975,3.05226471727,0.5785134568599677,0.8700000000000001,3.18653302841,0.7650156347436923,1.0,nan,0.0
31,1725,0.615,2.52018456188,0.2157351681803129,0.84251968503937,5.48710722552,0.48206294365663926,0.685,4.32297059099,0.23206051050617862,0.6000000000000001,2.4721212375,0.1187865194114893,0.6475000000000001,2.84971141823,0.16286307452794901,0.760987654320987,3.14085312489,0.2346140370437228,0.625,2.90852049278,0.3566152756717178,0.7425,3.45330363187,0.27466391573776916,1.0,nan,0.0
31,1764,0.7725000000000001,3.14984622133,0.7848752229828951,0.7307470712502401,1.56511877949,0.0565419073866118,0.7075,5.23734150108,0.3402023598435632,0.67,4.77033498654,0.37964865112556945,0.7425,4.62779370657,0.5508486136520229,0.880987654320987,3.75792039101,0.7113748122546006,0.645,3.04332991387,0.4162446033546515,0.857499999999999,3.46971162715,0.7233809174836651,0.0,nan,0.0
31,1770,0.635,3.00035658064,0.2709325625635374,0.785327443825619,3.88573119878,0.20249228411317666,0.6025,0.930303517285,0.03014422260579992,0.5775,1.70300049635,0.07205222159797452,0.64,2.59904598596,0.14243179608323775,0.722962962962963,2.13585154869,0.13438146605101392,0.5525,2.01231409138,0.1754598235580631,0.835,3.87659856647,0.6404439158464197,0.0,nan,0.0
31,1799,0.8250000000000001,1.69293711534,0.9117257200975403,0.434415210293835,7.19856515971e-07,9.221760067973679e-09,0.81,3.279883997,0.8584284424916289,0.8400000000000001,0.94277723191,0.9658744206169827,0.885,0.945675206711,0.9592840266712862,0.7614814814814811,3.15371079466,0.23616825141113423,0.8500000000000001,1.18743001205,0.9173719693723893,0.8,4.13406706649,0.49875802008310866,0.0,nan,0.0
31,1872,0.6075,2.34472107125,0.1974947678381456,0.683272517764547,0.448567855363,0.012627339066867855,0.66,3.10487215438,0.13911264744048826,0.6075,2.75115859445,0.13836933263259643,0.6475000000000001,2.84971141823,0.16286307452794901,0.7866666666666661,3.75487926779,0.32343411593832316,0.52,1.53799973712,0.11780527442218397,0.9475,1.29116128883,0.9365497155385458,0.0,nan,0.0
31,1927,0.5,0.700522841993,0.048767432638149685,0.814518916842711,5.00883660854,0.3333793639115984,0.66,3.10487215438,0.13911264744048826,0.5775,1.70300049635,0.07205222159797452,0.5775,0.912574261725,0.03763734397138002,0.8172839506172841,4.22324397938,0.4465259658896117,0.52,1.53799973712,0.11780527442218397,0.8400000000000001,3.80008043102,0.659639277740768,0.0,nan,0.0
31,1996,0.62,2.63939871038,0.22863354928972654,0.8560015363933161,5.43662765554,0.555910703982519,0.67,3.59649202984,0.17261296980099328,0.525,0.530225408681,0.017478144173448236,0.495,0.118600223737,0.003783656555386754,0.7866666666666661,3.75487926779,0.32343411593832316,0.6000000000000001,2.65580671153,0.2868882196726033,0.7325,3.2279310217,0.24124058078546418,0.0,nan,0.0
31,1997,0.7775000000000001,3.01500370792,0.8002891538204384,0.8905703860188201,4.53554242889,0.7310817043759121,0.6900000000000001,4.55117532987,0.2542502009867791,0.6625,4.61237019155,0.34444079410873635,0.685,4.02160823137,0.29253796025818685,0.493827160493827,0.0208182981428,0.0006648263051050458,0.59,2.53384347567,0.2609315876053994,0.67,1.66106168856,0.0886372512376217,1.0,nan,0.0
31,2335,0.75,3.68015509575,0.7077584194297932,0.9059343191857111,3.8917332988,0.7959339234811714,0.675,3.84276463767,0.19121186675151072,0.5825,1.86246367684,0.08096276209011971,0.64,2.59904598596,0.14243179608323775,0.884444444444444,3.68015678932,0.7242319167096247,0.485,1.07189228835,0.07234235658708643,0.6900000000000001,2.15013149368,0.1266742573526372,0.0,nan,0.0
31,2465,-0.25,1.06223398453e-11,1.8467194899531412e-13,0.937007874015748,2.49278368055,0.8950042208155166,0.7225,5.62009099019,0.4219151307332312,0.7775000000000001,2.90439819529,0.8513333913498708,0.6675,3.50886363685,0.226511401616941,0.8153086419753081,4.20508556314,0.43820138272630904,0.555,2.04890884726,0.1805363753993119,0.7225,2.98511087783,0.2101634646793269,1.0,nan,0.0
31,2605,-0.25,1.06223398453e-11,1.8467194899531412e-13,0.8767428461686191,5.01077891878,0.6649360949178602,0.339999999999999,3.26342334575e-06,4.474037838494927e-08,0.3025,5.30446015653e-05,9.118910154079796e-07,0.339999999999999,0.000457618839949,1.000138099205872e-05,0.803456790123456,4.05860108222,0.38916965553762434,0.355,0.146908405657,0.00677730839364229,0.59,0.386032034633,0.014764575576433988,1.0,nan,0.0
31,2876,0.6075,2.34472107125,0.1974947678381456,0.602458229306702,0.0202544773413,0.0004108830168126626,0.8400000000000001,1.86218651045,0.9347971228855172,0.794999999999999,2.25372306581,0.8964066094329826,0.8174999999999991,2.76146241005,0.8398950898698994,0.886913580246913,3.62220593241,0.7332475766457069,0.889999999999999,0.733498990861,0.9553694646858261,0.9550000000000001,1.14313190705,0.9456716591401134,0.0,nan,0.0
31,2877,0.6875,3.99609246987,0.45769537004560756,0.748454004225081,2.23658876252,0.09001234687346733,0.635,1.97926997152,0.07600375529268341,0.75,3.92502610756,0.7572007195126207,0.6725,3.66436731281,0.24444689514428908,0.845432098765432,4.26751304317,0.5669860345301061,0.635,2.98423928365,0.38609241463357025,0.8075000000000001,4.12293074444,0.5297373398092649,1.0,nan,0.0
31,2958,0.6825,3.93831577996,0.4378548491424594,0.8905703860188201,4.53554242889,0.7310817043759121,0.65,2.62977229996,0.11046001121336378,0.59,2.11490396983,0.09586851713570774,0.5325,0.325741078648,0.011554749855904973,0.9797530864197531,1.12939095957,0.9507591062453482,0.7475,2.61806174358,0.721804245010438,0.8775000000000001,3.00350175552,0.7882332101679816,0.0,nan,0.0
31,4771,0.6025,2.23078346475,0.18605715461577665,0.7637795275590551,2.90346289437,0.12932306902702484,0.705,5.15289865349,0.32721346294188175,0.635,3.77920852177,0.2282919804239179,0.705,4.45630099854,0.3776472692824184,0.79753086419753,3.96308648034,0.3653948660453572,0.5175000000000001,1.50253332425,0.11400466053220967,0.8975000000000001,2.4903592212,0.843208597489095,1.0,nan,0.0
31,4778,0.7875000000000001,2.73512612541,0.8290486422062524,0.594814672556174,0.0141944628205,0.00028048008751951594,0.6875,4.43837065552,0.24301268914040822,0.7125,4.87997881688,0.5896691053061407,0.774999999999999,4.06654764784,0.6936941493423324,0.941234567901234,2.09464260998,0.8896204618849106,0.6575000000000001,3.09222615909,0.45462146424020644,0.9400000000000001,1.44954386419,0.9262783349533474,1.0,nan,0.0
31,4801,0.7075,4.10984520131,0.5390821852219414,0.8214326867678121,5.1944273227,0.36867372334509974,0.735,5.75115497442,0.4931762713190383,0.625,3.41331442462,0.19231362780133865,0.64,2.59904598596,0.14243179608323775,0.8103703703703701,4.15167695386,0.4175627585419087,0.6725,3.11255982524,0.5012104228716634,0.764999999999999,3.86509690963,0.357281965753727,1.0,nan,0.0
31,4805,0.7675000000000001,3.27979047636,0.7687988558545396,0.7753024774342231,3.43054588069,0.16580855197251276,0.7725000000000001,5.05325783739,0.7006099119454132,0.74,4.25136310513,0.716286532406121,0.8400000000000001,2.04842873334,0.893885680610388,0.940246913580246,2.12279566771,0.8875377855099208,0.6975,3.05226471727,0.5785134568599677,0.9125000000000001,2.10358650633,0.8776510999677933,0.0,nan,0.0
31,4819,0.6025,2.23078346475,0.18605715461577665,0.8751680430190121,5.05634992801,0.65700896570754,0.6725,3.71985482704,0.18175846318420913,0.6725,4.81467179311,0.3916308099904261,0.715,4.59120090165,0.4229356316292888,0.884444444444444,3.68015678932,0.7242319167096247,0.56,2.1216893952,0.19096313186710934,0.7225,2.98511087783,0.2101634646793269,0.0,nan,0.0
31,4977,0.64,3.11913758473,0.28623203960601395,0.7945073938928361,4.28290647205,0.24000665216898837,0.71,5.31636231514,0.35339565165685427,0.725,4.6521396711,0.6493566829317343,0.685,4.02160823137,0.29253796025818685,0.7970370370370371,3.9545146923,0.3634398990513127,0.705,3.01193836952,0.6012603842581083,0.8500000000000001,3.62220986255,0.6967768980304687,1.0,nan,0.0
31,5024,0.67,3.75015288461,0.3897409850052809,0.9289802189360471,2.84581588664,0.8735857339854262,0.7000000000000001,4.96904411627,0.3019006618392314,0.6525000000000001,4.34944327676,0.29958575005576094,0.7625000000000001,4.3495629645,0.6410179952840425,0.9032098765432091,3.19854933889,0.7889106903075711,0.495,1.19739540494,0.0836829292418694,0.7425,3.45330363187,0.27466391573776916,1.0,nan,0.0
31,5041,0.75,3.68015509575,0.7077584194297932,0.7061647781832141,0.864129517865,0.027255554887902076,0.41000000000000003,0.000292476590098,4.811403640109046e-06,0.454999999999999,0.0600129131108,0.0015300370859856597,0.47750000000000004,0.0708406314731,0.002158089574221575,0.8246913580246911,4.27435232325,0.47801533053450007,0.36250000000000004,0.169356034279,0.007961636847248365,0.6375000000000001,0.996953161264,0.0459608959893652,0.0,nan,0.0
31,5303,0.25,0.00800298214966,0.0002917642752516434,0.865603994622623,5.28850904791,0.6074763962567897,0.75,5.66116579674,0.5791075187452341,0.47250000000000003,0.110376905512,0.002981543471912801,0.5,0.136721289479,0.004421006949514612,0.78716049382716,3.76517567637,0.3252909226331667,0.6950000000000001,3.06349051974,0.5708685286062436,0.8600000000000001,3.41572237661,0.7319880159335947,1.0,nan,0.0
31,5309,0.6950000000000001,4.06163916123,0.4879282427917167,0.8444785865181481,5.49150391464,0.49281660528399607,0.6975,4.87031252703,0.28960058166253244,0.6900000000000001,4.99657287761,0.47781684248512446,0.6950000000000001,4.26373551205,0.33400209239827344,0.9041975308641971,3.17104314105,0.7920561814716873,0.585,2.46933821465,0.24842274130076508,0.7675000000000001,3.90068565327,0.3669896684338856,0.0,nan,0.0
31,5385,0.7625000000000001,3.40371758426,0.7520873482690533,0.9020933358939881,4.06048608234,0.7806605055572199,0.6075,1.05758149908,0.035108920238355,0.5875,2.02910612891,0.09068883174875333,0.6000000000000001,1.40555898784,0.06344452343850404,0.9446913580246911,1.99704484504,0.8966920762881723,0.5075000000000001,1.3634876277,0.09967857761596037,0.8425,3.75859828674,0.6690880605369767,0.0,nan,0.0
31,5562,0.6875,3.99609246987,0.45769537004560756,0.256769733051661,6.36590004233e-14,5.859896755458916e-16,0.8025,3.66448440173,0.8323871495623506,0.774999999999999,2.99976032084,0.8439532299740339,0.8200000000000001,2.67958022178,0.8466963257524527,0.9111111111111111,2.97451824634,0.8133037638696629,0.7575000000000001,2.49292381192,0.7473670445364071,0.9575,1.09618302754,0.9484705497753138,0.0,nan,0.0
31,5627,0.6675,3.70589806963,0.38042050596346616,0.8681774534280771,5.2339274207,0.621017219985369,0.59,0.662639974445,0.020260929534887333,0.5225000000000001,0.496484888092,0.016195120894459958,0.66,3.2664957081,0.2010981204016196,0.7688888888888881,3.34295049063,0.26023450860807207,0.5675,2.22937842639,0.20728095093725196,0.59,0.386032034633,0.014764575576433988,1.0,nan,0.0
31,5729,0.5,0.700522841993,0.048767432638149685,0.696216631457653,0.65780948659,0.019720232083445186,0.5,0.0270326535105,0.0005857160855469221,0.5225000000000001,0.496484888092,0.016195120894459958,0.545,0.442825019877,0.016327019331691867,0.826172839506172,4.28127492747,0.4843529701206053,0.41000000000000003,0.385473326966,0.02058290527982843,0.6375000000000001,0.996953161264,0.0459608959893652,0.0,nan,0.0
31,7055,0.8075000000000001,2.16477314566,0.8780348465382193,0.8713654695602071,5.15810447436,0.6375845679153733,0.54,0.131669194433,0.0032843914859749606,0.47250000000000003,0.110376905512,0.002981543471912801,0.5675,0.739382792738,0.029400343752071362,0.7412345679012341,2.61487058063,0.17774495091194417,0.464999999999999,0.843540223502,0.05324073872451998,0.6375000000000001,0.996953161264,0.0459608959893652,0.0,nan,0.0
31,7341,0.5,0.700522841993,0.048767432638149685,0.8636835029767621,5.32525300591,0.5972840222199713,0.7000000000000001,4.96904411627,0.3019006618392314,0.6125,2.9402331655,0.1525971642220691,0.754999999999999,4.48149487822,0.6078821432407007,0.8864197530864191,3.63394963822,0.7314559301941688,0.6025,2.68465000676,0.2935639372815276,0.7675000000000001,3.90068565327,0.3669896684338856,0.0,nan,0.0
31,7342,0.59,1.95969775029,0.15988884090567246,0.8137507201843671,4.98582926958,0.32954040030575604,0.5875,0.617207037647,0.018661653149230684,0.545,0.868050491978,0.031251742720074395,0.56,0.626930472567,0.024285692499443574,0.9061728395061721,3.1155630516,0.7982652742750731,0.52,1.53799973712,0.11780527442218397,0.847499999999999,3.6695798432,0.6876617784495811,1.0,nan,0.0
31,7343,0.6325000000000001,2.94041162241,0.2635065446822153,0.8559631265603991,5.43703736089,0.5557018761495061,0.7075,5.23734150108,0.3402023598435632,0.6875,4.98494469782,0.46533892178296343,0.715,4.59120090165,0.4229356316292888,0.9619753086419751,1.53752114257,0.9271614000266233,0.665,3.10770027608,0.47787778493419936,0.9125000000000001,2.10358650633,0.8776510999677933,0.0,nan,0.0
31,7588,0.6025,2.23078346475,0.18605715461577665,0.8559631265603991,5.43703736089,0.5557018761495061,0.6950000000000001,4.76751494054,0.2775524877336584,0.6725,4.81467179311,0.3916308099904261,0.6175,1.88588182911,0.09212933213619617,0.958024691358024,1.63771195116,0.9208903804846902,0.845,1.25255075685,0.911272694666053,0.8150000000000001,4.08704989533,0.5605400827219742,1.0,nan,0.0
31,7599,0.75,3.68015509575,0.7077584194297932,0.8646437487996921,5.30731323151,0.6023890304272613,0.6000000000000001,0.871123565545,0.027893048134855103,0.5625,1.27265719091,0.049828363300263384,0.5675,0.739382792738,0.029400343752071362,0.9456790123456791,1.96945000406,0.8986508279845313,0.5325,1.71849828415,0.13815358176440265,0.9500000000000001,1.24063791148,0.939714222059588,1.0,nan,0.0
31,7903,0.75,3.68015509575,0.7077584194297932,0.8857307470712501,4.71587696649,0.7086895143447258,0.68,4.08586189799,0.21103533242147837,0.6425000000000001,4.03749896547,0.2576154835352098,0.645,2.76590229107,0.15584358517090977,0.6716049382716051,1.0422723899,0.054753726705544445,0.5375,1.79173609411,0.14692900310854679,0.64,1.04104128717,0.04850813314180359,1.0,nan,0.0
31,8207,0.6625,3.61171348867,0.3621234613254727,0.8859612060687531,4.7076019196,0.709775377723014,0.6975,4.87031252703,0.28960058166253244,0.7375,4.32638043332,0.705563741371678,0.6575000000000001,3.18397386274,0.1930348947072234,0.7046913580246911,1.69452933092,0.09946207961218932,0.54,1.8284770224,0.1514542571357837,0.7775000000000001,4.019302751,0.406622077506572,0.0,nan,0.0
31,8290,0.8925000000000001,0.481490817316,0.9791549031874893,0.783022853850585,3.782410501,0.1936561136887171,0.77,5.14498611405,0.6878610200105262,0.7825000000000001,2.71465244756,0.8653802779157491,0.8325,2.27845946731,0.8776660435384023,0.8898765432098761,3.55020499031,0.7438740104982113,0.75,2.58767838349,0.7283115528410415,0.8300000000000001,3.94404076465,0.6208884221383064,0.0,nan,0.0
31,8961,0.535,1.05691738146,0.07913212818416135,0.73309007105819,1.64643148265,0.060303760040314965,0.6625,3.22689894907,0.14702716990227999,0.6325000000000001,3.68961154213,0.2189556429123385,0.6025,1.46922454267,0.06703764179291251,0.835555555555555,4.29882051668,0.524641035576449,0.5325,1.71849828415,0.13815358176440265,0.9075000000000001,2.2313297267,0.8668145154651989,0.0,nan,0.0
31,9191,0.5825,1.80799849329,0.14576545727986204,0.8905319761859031,4.53702522683,0.730907466469523,0.685,4.32297059099,0.23206051050617862,0.605,2.6573741707,0.13160880020384091,0.63,2.2721619327,0.1180855996353932,0.28098765432098705,6.11155635493e-06,1.229844486740504e-07,0.5925,2.56526181104,0.26730559052709113,0.6825,1.96160545504,0.11125833033204954,0.0,nan,0.0
31,9518,0.75,3.68015509575,0.7077584194297932,0.8706740925676971,5.17530061405,0.6340124049827729,0.7000000000000001,4.96904411627,0.3019006618392314,0.625,3.41331442462,0.19231362780133865,0.725,4.66267080239,0.46925954335632736,0.919012345679012,2.74399325768,0.835898331580412,0.675,3.11180893406,0.5089911308590226,0.8500000000000001,3.62220986255,0.6967768980304687,1.0,nan,0.0
31,10630,0.58,1.75941105038,0.14130640555859056,0.6800845016324181,0.40623597139,0.011265673046564199,0.7275,5.69445014756,0.4502133707230891,0.6675,4.72174330565,0.36778268110131296,0.7225,4.65096385987,0.4576166347011,0.7698765432098761,3.36757696644,0.26354836265053544,0.7075,2.99633028019,0.6087709416989984,0.867499999999999,3.24561967569,0.7569752193321835,1.0,nan,0.0
31,10672,-0.25,1.06223398453e-11,1.8467194899531412e-13,0.8137507201843671,4.98582926958,0.32954040030575604,0.6075,1.05758149908,0.035108920238355,0.535,0.683444379531,0.023521496863232363,0.6425000000000001,2.68229960784,0.14903339088150744,0.72395061728395,2.16099476343,0.13650335631585736,0.5,1.26268730848,0.08983246671514786,0.9275,1.73433059077,0.9064044449330526,0.0,nan,0.0
31,11039,0.715,4.10014938736,0.5698880734378627,0.7560975609756091,2.56171283323,0.10833922008267248,0.735,5.75115497442,0.4931762713190383,0.7625000000000001,3.47393864918,0.803482067761693,0.8425,1.97409423487,0.8989135707777475,0.0,2.32902692203e-13,3.109941917037585e-15,0.72,2.90285313642,0.6456670355249206,0.8125,4.1017290626,0.5503035470760913,1.0,nan,0.0
31,11140,0.5275000000000001,0.968820749998,0.07154010591354443,0.865565584789706,5.28927769125,0.6072732507417697,0.6975,4.87031252703,0.28960058166253244,0.5775,1.70300049635,0.07205222159797452,0.6325000000000001,2.3527154018,0.12386650583362599,0.245432098765432,1.05000998453e-06,1.9866197253577187e-08,0.55,1.97562299707,0.1704748852123385,0.7825000000000001,4.06356993815,0.4268335765324893,1.0,nan,0.0
31,11230,0.6825,3.93831577996,0.4378548491424594,0.7756865757633951,3.44817520222,0.1671296048059454,0.74,5.7513461011,0.5219451630938207,0.6725,4.81467179311,0.3916308099904261,0.6950000000000001,4.26373551205,0.33400209239827344,0.8301234567901231,4.29423454138,0.5012948950916192,0.6125,2.7925452243,0.3209602662950727,0.8975000000000001,2.4903592212,0.843208597489095,1.0,nan,0.0
31,11275,0.8250000000000001,1.69293711534,0.9117257200975403,0.45938160169003206,4.53109570597e-06,6.139420070406105e-08,0.8225,2.65323947279,0.8954770802431073,0.7875000000000001,2.52735434292,0.8784840020709253,0.8775000000000001,1.09218500682,0.9516515433641302,0.8740740740740741,3.90052117759,0.6848908022406586,0.8200000000000001,1.59896530686,0.8756924393458595,0.8775000000000001,3.00350175552,0.7882332101679816,1.0,nan,0.0
31,12534,0.6900000000000001,4.02084054859,0.4677171265450515,0.8021893604762821,4.58939448662,0.2741033454888296,0.665,3.3497054026,0.15524779232265404,0.6475000000000001,4.19880494658,0.27821034333720984,0.6525000000000001,3.01735113494,0.1775308895053484,0.895308641975308,3.41189997945,0.7627869164886545,0.5625,2.15781426075,0.1963125536407583,0.735,3.28615611962,0.249383427280242,0.0,nan,0.0
31,14112,0.715,4.10014938736,0.5698880734378627,0.777222969080084,3.51861582614,0.17248148820955284,0.754999999999999,5.57199707517,0.6072023158313029,0.75,3.92502610756,0.7572007195126207,0.77,4.18837373508,0.6730523954077516,0.869135802469135,3.99079223294,0.6654018996940552,0.705,3.01193836952,0.6012603842581083,0.8174999999999991,4.06968893439,0.5707365615779149,0.0,nan,0.0
31,15812,0.5475,1.2206541988,0.09334393340373395,0.7657384290378331,2.99230279084,0.13509759489007883,0.62,1.42977683345,0.0505733906152154,0.5750000000000001,1.62614332792,0.06789120197103776,0.5675,0.739382792738,0.029400343752071362,0.8222222222222221,4.26034620049,0.4674780339803496,0.5,1.26268730848,0.08983246671514786,0.7125,2.73114866072,0.18157548466414497,1.0,nan,0.0
31,15877,0.375,0.116509233773,0.005739418107278138,0.9789130017284421,1.02704883743,0.9661677532821022,0.545,0.157613000639,0.004005895048250465,0.47000000000000003,0.101437753107,0.0027169132563054635,0.43999999999999906,0.021406754008,0.000592976466384691,0.741728395061728,2.62808980333,0.1790395087714648,0.4325,0.542856957113,0.030951991378826246,0.764999999999999,3.86509690963,0.357281965753727,1.0,nan,0.0
31,15878,0.6925,4.04271500659,0.4777971779155099,0.769541002496639,3.16599302357,0.14680585676255636,0.75,5.66116579674,0.5791075187452341,0.6975,5.00181253175,0.5153386498992076,0.7025,4.41328511282,0.36655954501205334,0.8696296296296291,3.98222644673,0.6673705505953207,0.65,3.06629716179,0.43152053860902395,0.8,4.13406706649,0.49875802008310866,0.0,nan,0.0
31,16373,0.6675,3.70589806963,0.38042050596346616,0.880929517956596,4.8804568892,0.6856463015947178,0.6925,4.66101348132,0.2657660936607814,0.6925,5.00327188531,0.49031767811890037,0.65,2.9335788153,0.1700921909641676,0.6641975308641971,0.92470356756,0.047475007549634365,0.5975,2.62627411291,0.2802854781560719,0.7000000000000001,2.40734568833,0.149457727280149,1.0,nan,0.0
31,17703,0.0,2.04309988843e-06,4.829174197504085e-08,0.9251008258114071,3.02081260931,0.862206953235562,0.605,0.992437973457,0.032547027993658884,0.635,3.77920852177,0.2282919804239179,0.76,4.39696633505,0.6300841415900046,0.9827160493827161,1.06866256365,0.9540149499805861,0.42750000000000005,0.504411304216,0.028334669407557207,0.595,0.431432429178,0.01680658650732151,1.0,nan,0.0
31,17743,0.5,0.700522841993,0.048767432638149685,0.8367966199347031,5.45146024183,0.45074574416641083,0.665,3.3497054026,0.15524779232265404,0.6725,4.81467179311,0.3916308099904261,0.6825,3.95445787808,0.28256737668553217,0.8755555555555551,3.87149972803,0.6906479620018102,0.6625,3.10371596907,0.47011326915960977,0.784999999999999,4.08177621887,0.4370158115794346,0.0,nan,0.0
31,17938,0.5,0.700522841993,0.048767432638149685,0.9558671019781061,1.74161712291,0.934729543866625,0.4375,0.00134923973988,2.4020540513786287e-05,0.3125,9.22664971932e-05,1.621206997692281e-06,0.262499999999999,1.13755758867e-05,2.1134159557062423e-07,0.908148148148148,3.05951424483,0.8043642042527872,0.4575,0.766276496441,0.0472068587047422,0.7125,2.73114866072,0.18157548466414497,1.0,nan,0.0
31,17979,0.7125,4.10665590381,0.5596288833390284,0.87866333781448,4.9526114308,0.67450384694433,0.7325,5.73971459324,0.4788111160920674,0.6525000000000001,4.34944327676,0.29958575005576094,0.6825,3.95445787808,0.28256737668553217,0.752592592592592,2.91912652605,0.20917347589104723,0.49,1.13376386467,0.07785574465181389,0.6775,1.83904213839,0.10175789039880015,1.0,nan,0.0
31,18166,0.6125,2.46117548891,0.20950856447753152,0.8275398502016511,5.3236562517,0.4008089293973372,0.64,2.18598904386,0.08641232042060495,0.5875,2.02910612891,0.09068883174875333,0.6625,3.34826638267,0.20936674734688046,0.997037037037037,0.805685125451,0.9673757773795048,0.5625,2.15781426075,0.1963125536407583,0.8825000000000001,2.87766292637,0.8029371752198318,0.0,nan,0.0
31,18246,0.774999999999999,3.08296676894,0.7926664796798759,0.9107355483003641,3.67621890973,0.8141033213972699,0.7525000000000001,5.62014864123,0.5932106647470894,0.784999999999999,2.6206154817,0.8720492177695074,0.78,3.93468211331,0.7137011360102213,0.9624691358024691,1.52522360203,0.9279176311826516,0.77,2.32487161396,0.7774899370700626,0.8725,3.12641826195,0.7729070277019747,1.0,nan,0.0
31,18248,0.9175000000000001,0.275885718751,0.9884104597181426,0.9520261186863831,1.88368613522,0.9277691498008845,0.8625,1.07113425754,0.9672756547083852,0.7475,4.01013184823,0.7472813346968847,0.7725000000000001,4.12879587296,0.6834494300708408,0.8562962962962961,4.17471199534,0.6128994019613272,0.8174999999999991,1.63506887403,0.8716499365406876,0.9075000000000001,2.2313297267,0.8668145154651989,0.0,nan,0.0
31,18270,0.645,3.23567156693,0.30212019590218553,0.779181870558863,3.60816860105,0.1794618795845517,0.7425,5.74006508096,0.536311005246352,0.6775,4.89007386654,0.4159001777032517,0.764999999999999,4.29890393883,0.6518292431646048,0.9501234567901231,1.84705845558,0.9071308363569961,0.6275000000000001,2.92894046293,0.36391230361084964,0.7925000000000001,4.12026373175,0.4677887206398177,1.0,nan,0.0
31,18297,0.75,3.68015509575,0.7077584194297932,0.7647397733819851,2.94694583591,0.1321319735894108,0.745,5.72122939316,0.5506391920951103,0.745,4.0930311625,0.7371518990182183,0.7525000000000001,4.51838472075,0.5966315281848786,0.853333333333333,4.20595211032,0.600482524547939,0.7275,2.83517770932,0.6671898038098385,0.8525,3.57304827655,0.7057713346900906,0.0,nan,0.0
31,18311,0.75,3.68015509575,0.7077584194297932,0.814518916842711,5.00883660854,0.3333793639115984,0.58,0.495641544759,0.014501876941518188,0.382499999999999,0.00309637331477,6.420688572115565e-05,0.42000000000000004,0.010728073586,0.00028287102581704275,0.838024691358024,4.29579430714,0.5352523301884596,0.41750000000000004,0.433536464053,0.023651526344778132,0.8300000000000001,3.94404076465,0.6208884221383064,1.0,nan,0.0
31,18312,1.0,0.0388378321723,0.9984672954138532,0.9389667754945261,2.4090864437,0.8998051818675479,0.6525000000000001,2.74611582379,0.1171794799071787,0.48250000000000004,0.153393061221,0.00429013892776757,0.5275000000000001,0.28686206996,0.010024993713731186,0.7891358024691351,3.80561778352,0.33276844766810587,0.48250000000000004,1.04164399292,0.0697005334699439,0.9025000000000001,2.36046510951,0.8553354798560744,1.0,nan,0.0
31,18319,0.47750000000000004,0.531850713343,0.034976149166696474,0.9348185135394661,2.58757255104,0.8894430846739103,0.48250000000000004,0.0124667192603,0.00025501417455366164,0.485,0.166182898171,0.004689424762064175,0.53,0.305776059585,0.01076557679448251,0.8538271604938271,4.20104948466,0.6025583324453694,0.615,2.81750827312,0.32797300928669404,0.7525000000000001,3.65502341476,0.3102277683275899,0.0,nan,0.0
31,18392,0.5775,1.71183860614,0.13696755609452504,0.812944113693105,4.96118569415,0.3255287037074004,0.5975,0.814836878313,0.025786193560484387,0.5775,1.70300049635,0.07205222159797452,0.595,1.28348685758,0.05672485434908206,0.655308641975308,0.797028161312,0.03983350672897546,0.52,1.53799973712,0.11780527442218397,0.725,3.04710592061,0.21770389082275443,1.0,nan,0.0
31,18476,0.75,3.68015509575,0.7077584194297932,0.8598041098521221,5.38874529087,0.576497414916159,0.784999999999999,4.52602526863,0.7605885200172811,0.7075,4.93980508175,0.5651118346370725,0.73,4.67356796219,0.492607113559971,0.8730864197530861,3.91938160766,0.6810290894276012,0.6875,3.09034165436,0.5477852072755394,0.8925000000000001,2.62033673495,0.8304317465946229,1.0,nan,0.0
31,18739,0.6875,3.99609246987,0.45769537004560756,0.869829076243518,5.19575678882,0.6296305048485517,0.745,5.72122939316,0.5506391920951103,0.6925,5.00327188531,0.49031767811890037,0.754999999999999,4.48149487822,0.6078821432407007,0.7308641975308641,2.33983102541,0.15205908280929947,0.5875,2.5018584705,0.25463684538061265,0.847499999999999,3.6695798432,0.6876617784495811,0.0,nan,0.0
31,18763,-0.25,1.06223398453e-11,1.8467194899531412e-13,0.928596120606875,2.86304080197,0.8724893536262571,0.5825,0.533794698164,0.015788194109073804,0.29250000000000004,3.01026367648e-05,5.064918348958345e-07,0.29250000000000004,5.13385650917e-05,1.0131800424197954e-06,0.955555555555555,1.70190351083,0.9167676394962513,0.5,1.26268730848,0.08983246671514786,0.9575,1.09618302754,0.9484705497753138,1.0,nan,0.0
31,19718,0.875,0.694419963744,0.9689596773979426,0.640868062223929,0.102718411489,0.002404793109542778,0.9225000000000001,0.144056625358,0.9967274923225449,0.6925,5.00327188531,0.49031767811890037,0.77,4.18837373508,0.6730523954077516,0.8444444444444441,4.27294309902,0.5627684834930171,0.635,2.98423928365,0.38609241463357025,0.905,2.29576195061,0.8611557155288491,0.0,nan,0.0
31,19745,-0.25,1.06223398453e-11,1.8467194899531412e-13,0.6714038793931241,0.30715828357,0.008185712010922979,0.8925000000000001,0.432271921911,0.9887359018471051,0.857499999999999,0.617486632887,0.9793789308598986,0.857499999999999,1.55754915909,0.9253343340517775,0.6167901234567901,0.394123238231,0.017618489132318577,0.625,2.90852049278,0.3566152756717178,0.857499999999999,3.46971162715,0.7233809174836651,1.0,nan,0.0
31,20639,0.5825,1.80799849329,0.14576545727986204,0.864298060303437,5.31387162535,0.600553216482739,0.5275000000000001,0.08252693858,0.0019667553020190215,0.4425,0.0378490407319,0.0009279418313500138,0.41500000000000004,0.00897347141159,0.00023373791906682265,0.972345679012345,1.29052924706,0.9418045724297199,0.3375,0.104061623554,0.0045995219755739294,0.81,4.11369727378,0.5400336966884955,1.0,nan,0.0
31,25302,0.5,0.700522841993,0.048767432638149685,0.7191088918763201,1.19839178764,0.04052149178519614,0.5125000000000001,0.0455789216819,0.001030421931467897,0.48750000000000004,0.179880718475,0.005121810032727001,0.5625,0.662816064837,0.025897548710047492,0.925925925925925,2.54014978473,0.8541648224081515,0.39,0.277170276028,0.014002784538161062,0.725,3.04710592061,0.21770389082275443,0.0,nan,0.0
31,27972,0.6675,3.70589806963,0.38042050596346616,0.850240061455732,5.48124681443,0.5244428253458749,0.7525000000000001,5.62014864123,0.5932106647470894,0.7025,4.98057524278,0.5403028270426687,0.7775000000000001,4.00178858668,0.7037800758384265,0.779753086419753,3.60351979903,0.29799019386686265,0.6675,3.1105042887,0.48565078692392416,0.827499999999999,3.97419274338,0.6109901238581668,0.0,nan,0.0
31,28024,0.9175000000000001,0.275885718751,0.9884104597181426,0.658382946034184,0.196675892977,0.00495027412258073,1.0,0.00361393511142,0.9999376948264462,0.899999999999999,0.182294345676,0.9948765022406225,0.8500000000000001,1.7591611483,0.9129054079684367,0.8562962962962961,4.17471199534,0.6128994019613272,1.0,0.11846349014,0.9946940308211343,1.0,0.484705611097,0.980832714664339,1.0,nan,0.0
31,28466,0.61,2.40266480985,0.20342887526830616,0.7730362972921061,3.32645228029,0.15815224715627635,0.665,3.3497054026,0.15524779232265404,0.68,4.92091618265,0.42816488527526153,0.68,3.88498712821,0.27276760462610156,0.9456790123456791,1.96945000406,0.8986508279845313,0.5875,2.5018584705,0.25463684538061265,0.9575,1.09618302754,0.9484705497753138,1.0,nan,0.0
31,28484,0.605,2.28740779109,0.19170474439043222,0.8394468984059921,5.47217249401,0.46522267184204213,0.6375000000000001,2.08125464577,0.08107882683517226,0.625,3.41331442462,0.19231362780133865,0.5675,0.739382792738,0.029400343752071362,0.9358024691358021,2.25074705705,0.8778195190034941,0.61,2.7667502376,0.3140109764663285,0.8600000000000001,3.41572237661,0.7319880159335947,1.0,nan,0.0
31,28512,0.827499999999999,1.62958768983,0.9158786276586091,0.814518916842711,5.00883660854,0.3333793639115984,0.764999999999999,5.31198353634,0.661709101451728,0.6775,4.89007386654,0.4159001777032517,0.725,4.66267080239,0.46925954335632736,0.9906172839506171,0.917309315698,0.9618505968153924,0.635,2.98423928365,0.38609241463357025,0.7525000000000001,3.65502341476,0.3102277683275899,0.0,nan,0.0
31,28570,0.7225,4.06098900251,0.6005107030362355,0.957787593623967,1.67292700603,0.9380080909577808,0.4625,0.00483940115603,9.292497817438343e-05,0.5,0.263760102327,0.00786626424015818,0.47500000000000003,0.065665916783,0.0019875302246062008,0.7214814814814811,2.09834981417,0.13124505276567963,0.4325,0.542856957113,0.030951991378826246,0.6375000000000001,0.996953161264,0.0459608959893652,0.0,nan,0.0
31,28894,0.5,0.700522841993,0.048767432638149685,0.9097753024774341,3.71963706732,0.8105523909054687,0.6475000000000001,2.51540772984,0.10402896879606988,0.62,3.22496046275,0.17571701331078993,0.67,3.58734031956,0.23538194017720843,0.7851851851851851,3.72355818492,0.31789445349606155,0.459999999999999,0.791509230463,0.04915398170700595,0.705,2.53707159527,0.16181868899115254,1.0,nan,0.0
31,29183,0.5825,1.80799849329,0.14576545727986204,0.8598041098521221,5.38874529087,0.576497414916159,0.6900000000000001,4.55117532987,0.2542502009867791,0.635,3.77920852177,0.2282919804239179,0.6475000000000001,2.84971141823,0.16286307452794901,0.84,4.29106659966,0.5437335180030223,0.5825,2.43631432955,0.2422905740026152,0.8225,4.02706457452,0.5909827914409418,1.0,nan,0.0
31,29184,0.5375,1.08791746881,0.08181299624676104,0.8626848473209141,5.34298340662,0.5919569958367039,0.62,1.42977683345,0.0505733906152154,0.5700000000000001,1.47846600892,0.06013308688347518,0.5725,0.822560372191,0.03330239687544782,0.8222222222222221,4.26034620049,0.4674780339803496,0.449999999999999,0.693732793068,0.041734786783456546,0.774999999999999,3.99333004434,0.39660576171041767,1.0,nan,0.0
31,29229,0.4375,0.312737520526,0.01838300731648242,0.846360668331092,5.49195849401,0.5031530723771087,0.36750000000000005,2.11934122036e-05,3.1114623130759807e-07,0.34750000000000003,0.000578459352849,1.1007778993529542e-05,0.34750000000000003,0.000632403301521,1.4055678494523679e-05,0.8493827160493821,4.24073339559,0.58379510349217,0.3075,0.0552283156744,0.0022767402124475563,0.7725000000000001,3.96486485452,0.38665750448323066,0.0,nan,0.0
31,29338,-0.25,1.06223398453e-11,1.8467194899531412e-13,0.9519877088534661,1.88513764773,0.9276967698569053,0.7000000000000001,4.96904411627,0.3019006618392314,0.6525000000000001,4.34944327676,0.29958575005576094,0.6900000000000001,4.14828462267,0.3129671087576557,0.602962962962962,0.29892694119,0.012852320792864283,0.62,2.8648328787,0.34218033614595467,0.615,0.655403578648,0.0275573200965993,1.0,nan,0.0
31,29381,0.5325,1.02674897648,0.076527716263546,0.7350105627040521,1.71489162823,0.06353119808318991,0.625,1.6006509888,0.058144233046235325,0.595,2.29094286034,0.10688078936632081,0.67,3.58734031956,0.23538194017720843,0.5051851851851851,0.0286924912427,0.0009438632140798292,0.55,1.97562299707,0.1704748852123385,0.66,1.43675982024,0.07316148233911131,1.0,nan,0.0
31,29764,0.6000000000000001,2.17490159606,0.18055020821477308,0.8482811599769541,5.48861375564,0.5136977363304956,0.7425,5.74006508096,0.536311005246352,0.68,4.92091618265,0.42816488527526153,0.7225,4.65096385987,0.4576166347011,0.829629629629629,4.29305512915,0.4991745714514586,0.5875,2.5018584705,0.25463684538061265,0.774999999999999,3.99333004434,0.39660576171041767,1.0,nan,0.0
31,30094,0.625,2.75965978217,0.24213090440284496,0.91937776070674,3.28183814801,0.8441727854315052,0.675,3.84276463767,0.19121186675151072,0.62,3.22496046275,0.17571701331078993,0.5625,0.662816064837,0.025897548710047492,0.8212345679012341,4.25388793384,0.46327343390988085,0.5825,2.43631432955,0.2422905740026152,0.63,0.872082907934,0.03895895210834585,0.0,nan,0.0
31,31557,1.0,0.0388378321723,0.9984672954138532,0.7937776070674091,4.25239242742,0.2368921647914935,0.725,5.66083693745,0.4360177594159158,0.5575,1.14621808935,0.04378479533782906,0.7925000000000001,3.5698426037,0.7606501052263525,0.8627160493827161,4.09233165803,0.6394461691025273,0.5825,2.43631432955,0.2422905740026152,0.9275,1.73433059077,0.9064044449330526,1.0,nan,0.0
31,32060,0.75,3.68015509575,0.7077584194297932,0.8214326867678121,5.1944273227,0.36867372334509974,0.65,2.62977229996,0.11046001121336378,0.65,4.2755600003,0.2888038767398038,0.55,0.498514806753,0.018678117666106837,0.9476543209876541,1.9146808852,0.9024869121435499,0.5625,2.15781426075,0.1963125536407583,1.0,0.484705611097,0.980832714664339,1.0,nan,0.0
31,38608,0.75,3.68015509575,0.7077584194297932,0.9289802189360471,2.84581588664,0.8735857339854262,0.7275,5.69445014756,0.4502133707230891,0.74,4.25136310513,0.716286532406121,0.67,3.58734031956,0.23538194017720843,0.802469135802469,4.04365208038,0.3851685100223857,0.764999999999999,2.39342106229,0.7656935382783996,0.7875000000000001,4.0973139097,0.44724023365663734,0.0,nan,0.0
31,38649,0.8225,1.75744773631,0.9074129742566197,0.8565776838870751,5.430303298,0.5590411975825917,0.7925000000000001,4.1682322877,0.7932067188476328,0.7525000000000001,3.8379286333,0.7669048054235644,0.78,3.93468211331,0.7137011360102213,0.811851851851851,4.16888013486,0.4237262572624063,0.867499999999999,0.973337336536,0.9362458378347791,0.7575000000000001,3.74517075184,0.32873147221655197,0.0,nan,0.0
31,39144,0.6675,3.70589806963,0.38042050596346616,0.9097753024774341,3.71963706732,0.8105523909054687,0.6425000000000001,2.29335340112,0.09201096415935237,0.5575,1.14621808935,0.04378479533782906,0.63,2.2721619327,0.1180855996353932,0.6666666666666661,0.962746865518,0.04980495912960307,0.5,1.26268730848,0.08983246671514786,0.655,1.33089513097,0.06624418209362555,0.0,nan,0.0
31,39247,0.5175000000000001,0.861991550284,0.06239569149361289,0.8508162089494911,5.47832207522,0.5276000059307306,0.5750000000000001,0.4259963245,0.012201383008726368,0.65,4.2755600003,0.2888038767398038,0.5525,0.528427799235,0.019961501445244452,0.9037037037037031,3.18481658551,0.7904868317377227,0.595,2.59608231067,0.27375739845569025,0.847499999999999,3.6695798432,0.6876617784495811,0.0,nan,0.0
31,39495,0.66,3.56203205809,0.3531559415978798,0.8521605531015941,5.47016261899,0.5349594807251029,0.764999999999999,5.31198353634,0.661709101451728,0.7225,4.70616300482,0.6376579680634187,0.6900000000000001,4.14828462267,0.3129671087576557,0.87358024691358,3.91000063858,0.6829622742983452,0.5525,2.01231409138,0.1754598235580631,0.75,3.60713861473,0.3011496903865056,1.0,nan,0.0
31,39581,-0.25,1.06223398453e-11,1.8467194899531412e-13,0.8943729594776261,4.38506442951,0.7480445878669553,0.735,5.75115497442,0.4931762713190383,0.6175,3.13014917139,0.16777307259819718,0.6675,3.50886363685,0.226511401616941,0.8029629629629621,4.05117646068,0.3871672372091734,0.47000000000000003,0.897636500811,0.05759282671434411,0.9575,1.09618302754,0.9484705497753138,1.0,nan,0.0
31,40799,0.75,3.68015509575,0.7077584194297932,0.8536969464182831,5.45855823432,0.5433551979745713,0.735,5.75115497442,0.4931762713190383,0.68,4.92091618265,0.42816488527526153,0.6225,2.03671795497,0.10193359923078868,0.96395061728395,1.48864175055,0.9301500661579097,0.5725,2.29981918114,0.2186044657184958,0.9550000000000001,1.14313190705,0.9456716591401134,1.0,nan,0.0
31,40956,-0.25,1.06223398453e-11,1.8467194899531412e-13,0.988937968119838,0.791544370465,0.9752462646637621,0.7825000000000001,4.63940105094,0.749131029238548,0.625,3.41331442462,0.19231362780133865,0.72,4.63512036647,0.44600817150771,0.6474074074074071,0.695315316959,0.033944933483863536,0.6575000000000001,3.09222615909,0.45462146424020644,0.595,0.431432429178,0.01680658650732151,1.0,nan,0.0
31,41042,-0.25,1.06223398453e-11,1.8467194899531412e-13,0.9097753024774341,3.71963706732,0.8105523909054687,0.5425,0.144130543025,0.0036289352289007497,0.34750000000000003,0.000578459352849,1.1007778993529542e-05,0.444999999999999,0.0252954703695,0.0007094839335440417,0.8207407407407401,4.25047692645,0.46117358575849976,0.515,1.46732900898,0.11029238936432899,0.8325,3.91148831429,0.6307083271672693,1.0,nan,0.0
31,41069,0.7725000000000001,3.14984622133,0.7848752229828951,0.6005377376608411,0.0185423325769,0.0003736506392807476,0.827499999999999,2.41436711058,0.9081424558306646,0.8525,0.700173517215,0.9760880674490167,0.845,1.90106074577,0.903757236146411,0.810864197530864,4.15752203684,0.41961441714808306,0.8025,1.85460443823,0.8454821265526329,0.81,4.11369727378,0.5400336966884955,0.0,nan,0.0
31,41615,0.9675,0.0849666505178,0.9965507841475513,0.820741309775302,5.17768141886,0.3650881806152326,0.919999999999999,0.159012472214,0.9963489227128917,0.7425,4.17351144929,0.7268181948238615,0.847499999999999,1.82939601847,0.9084200153264367,0.544691358024691,0.0806674340498,0.002950690619321567,0.81,1.74436222348,0.8589778774329875,0.8775000000000001,3.00350175552,0.7882332101679816,1.0,nan,0.0
31,41703,0.6975,4.07754353188,0.49810285702466384,0.7849433454964471,3.86858856252,0.20100307242415094,0.6925,4.66101348132,0.2657660936607814,0.735,4.39836255096,0.6946571597403393,0.7875000000000001,3.72095612693,0.7424206143985701,0.7925925925925921,3.87339349534,0.3460419427388407,0.685,3.09698279088,0.5400508090614259,0.77,3.93396322339,0.37678346792952067,1.0,nan,0.0
31,41708,0.6775,3.87012667065,0.41832957112902414,0.784904935663529,3.86687249495,0.20085451353973285,0.6725,3.71985482704,0.18175846318420913,0.645,4.11938198813,0.2678120753710695,0.735,4.66771635749,0.5159672977790735,0.6498765432098761,0.725945369988,0.035699363576779386,0.51,1.39778706879,0.10313010230633632,0.665,1.54690950145,0.08061892493421371,1.0,nan,0.0
31,41851,-0.25,1.06223398453e-11,1.8467194899531412e-13,0.9193393508738231,3.28359583697,0.844046696820409,0.6425000000000001,2.29335340112,0.09201096415935237,0.6000000000000001,2.4721212375,0.1187865194114893,0.635,2.43412659689,0.12984989160669314,0.8898765432098761,3.55020499031,0.7438740104982113,0.3275,0.0847541639322,0.003658276699767189,0.65,1.22954426428,0.05984500509709722,1.0,nan,0.0
31,43759,0.75,3.68015509575,0.7077584194297932,0.934741693873631,2.59092090599,0.8892441796148576,0.8625,1.07113425754,0.9672756547083852,0.8174999999999991,1.51601836084,0.9385448451388642,0.75,4.55154938031,0.5852933242207884,0.7056790123456791,1.71707454656,0.10114680876350365,0.7675000000000001,2.35934646837,0.7716345844104355,0.6975,2.34264059332,0.14352028085129606,1.0,nan,0.0
31,44059,-0.25,1.06223398453e-11,1.8467194899531412e-13,0.9020933358939881,4.06048608234,0.7806605055572199,0.6575000000000001,2.98389761511,0.1315019318099207,0.5125000000000001,0.378214817728,0.011843149724241513,0.605,1.53460822351,0.07079207809733437,0.9565432098765431,1.67608652374,0.9184357675208856,0.5325,1.71849828415,0.13815358176440265,0.8225,4.02706457452,0.5909827914409418,0.0,nan,0.0
31,44938,0.8125,2.02568712081,0.8885098698731348,0.7176877280583821,1.1579180972,0.038847252026352516,0.75,5.66116579674,0.5791075187452341,0.6075,2.75115859445,0.13836933263259643,0.6425000000000001,2.68229960784,0.14903339088150744,0.834567901234567,4.29913471343,0.5203950896457115,0.464999999999999,0.843540223502,0.05324073872451998,0.9275,1.73433059077,0.9064044449330526,1.0,nan,0.0
31,50703,0.675,3.83238351439,0.40870094539267937,0.735394661033224,1.72877656781,0.06419254963998824,0.7325,5.73971459324,0.4788111160920674,0.7125,4.87997881688,0.5896691053061407,0.7000000000000001,4.3667684883,0.35558376124249225,0.8562962962962961,4.17471199534,0.6128994019613272,0.645,3.04332991387,0.4162446033546515,0.74,3.39893986635,0.2660983129218301,0.0,nan,0.0
31,50830,0.6375000000000001,3.05996954479,0.27850805102118753,0.8275398502016511,5.3236562517,0.4008089293973372,0.655,2.86423207031,0.12419206807924435,0.5650000000000001,1.3391245404,0.053092641682266545,0.66,3.2664957081,0.2010981204016196,0.8967901234567901,3.37290392606,0.7678127600335085,0.5725,2.29981918114,0.2186044657184958,0.81,4.11369727378,0.5400336966884955,0.0,nan,0.0
31,50921,0.8325,1.50660878175,0.9237169915594212,0.8290762435183401,5.35069041185,0.40900921608639595,0.64,2.18598904386,0.08641232042060495,0.5925,2.20221988698,0.10126461691194,0.68,3.88498712821,0.27276760462610156,0.9397530864197531,2.13691337649,0.8864860066042768,0.5975,2.62627411291,0.2802854781560719,0.7025,2.47218417274,0.15555712052079715,0.0,nan,0.0
31,51734,0.56,1.40766116077,0.10974553109968635,0.9270213174572691,2.93391070359,0.8679248753124131,0.6825,4.20534526375,0.22139969049011984,0.6000000000000001,2.4721212375,0.1187865194114893,0.7225,4.65096385987,0.4576166347011,0.8503703703703701,4.23278264236,0.5879795969458504,0.56,2.1216893952,0.19096313186710934,0.7275,3.10830692063,0.22539833259155598,0.0,nan,0.0
31,52992,0.6725,3.79235404492,0.3991695589275908,0.748454004225081,2.23658876252,0.09001234687346733,0.71,5.31636231514,0.35339565165685427,0.75,3.92502610756,0.7572007195126207,0.705,4.45630099854,0.3776472692824184,0.928395061728395,2.46739020547,0.860346940320498,0.6725,3.11255982524,0.5012104228716634,0.8225,4.02706457452,0.5909827914409418,0.0,nan,0.0
31,54491,0.705,4.10655862328,0.5288110065209009,0.8689456500864221,5.21647437769,0.6250312355409644,0.7775000000000001,4.8550042804,0.7253884010912739,0.77,3.19054471261,0.8284772894594264,0.7975000000000001,3.41343126609,0.7781102115336574,0.952098765432098,1.79367705633,0.9107265162330939,0.9450000000000001,0.322905599758,0.983311963824417,0.9025000000000001,2.36046510951,0.8553354798560744,0.0,nan,0.0
31,54885,0.625,2.75965978217,0.24213090440284496,0.945265988092951,2.14804595638,0.914151508833125,0.68,4.08586189799,0.21103533242147837,0.585,1.94492837115,0.08572163617096246,0.55,0.498514806753,0.018678117666106837,0.9525925925925921,1.78043584303,0.9116090114980704,0.5625,2.15781426075,0.1963125536407583,0.8500000000000001,3.62220986255,0.6967768980304687,1.0,nan,0.0
31,56634,0.764999999999999,3.34257527896,0.7605205707533663,0.429652391012099,5.00536147375e-07,6.3461166064863295e-09,0.8300000000000001,2.29842106399,0.9140329206361613,0.8525,0.700173517215,0.9760880674490167,0.845,1.90106074577,0.903757236146411,0.8646913580246911,4.06306956669,0.6475011822214465,0.7575000000000001,2.49292381192,0.7473670445364071,0.9400000000000001,1.44954386419,0.9262783349533474,0.0,nan,0.0
31,56758,0.8125,2.02568712081,0.8885098698731348,0.73808334933743,1.82773917055,0.06897304225135265,0.77,5.14498611405,0.6878610200105262,0.7725000000000001,3.09520584832,0.8363345200692204,0.8225,2.59808716868,0.8532933154233324,0.7827160493827161,3.66997085269,0.3087662920347727,0.745,2.64779303487,0.7152217875248208,0.68,1.89997005377,0.106431502124551,0.0,nan,0.0
31,56917,0.7325,3.96381586608,0.6406767205004021,0.869444977914346,5.20484890703,0.6276330730680075,0.73,5.72078266694,0.4644839421316447,0.72,4.75609601681,0.6258292768045255,0.77,4.18837373508,0.6730523954077516,0.829629629629629,4.29305512915,0.4991745714514586,0.6575000000000001,3.09222615909,0.45462146424020644,0.8300000000000001,3.94404076465,0.6208884221383064,1.0,nan,0.0
31,56975,0.6000000000000001,2.17490159606,0.18055020821477308,0.9289802189360471,2.84581588664,0.8735857339854262,0.6975,4.87031252703,0.28960058166253244,0.68,4.92091618265,0.42816488527526153,0.7325,4.67273428481,0.5042908641589706,0.776296296296296,3.52328465462,0.28567146105421415,0.7175,2.92353971345,0.6383838437795806,0.8,4.13406706649,0.49875802008310866,1.0,nan,0.0
31,67160,0.68,3.90547283278,0.42804958112689406,0.830036489341271,5.36643288944,0.4141548240208629,0.774999999999999,4.95648132059,0.7131231019171482,0.8150000000000001,1.59047773366,0.9346621549115246,0.8500000000000001,1.7591611483,0.9129054079684367,0.88,3.77937858266,0.7076526607196845,0.76,2.46024161978,0.7535586079686283,0.8625,3.36031259217,0.74045834555142,0.0,nan,0.0
31,67299,0.5,0.700522841993,0.048767432638149685,0.9328212022277701,2.67509125252,0.8841876529071777,0.6775,3.96488299986,0.2009716270979753,0.6775,4.89007386654,0.4159001777032517,0.6825,3.95445787808,0.28256737668553217,0.7091358024691351,1.79725329566,0.1072203931834991,0.6625,3.10371596907,0.47011326915960977,0.545,0.125908008813,0.004130998300505168,1.0,nan,0.0
31,67423,0.59,1.95969775029,0.15988884090567246,0.9385442673324371,2.42704523479,0.8987835311659325,0.705,5.15289865349,0.32721346294188175,0.6375000000000001,3.8671985201,0.2378503463828361,0.6875,4.08627137661,0.3026733450545325,0.652839506172839,0.764079865699,0.03790643364136568,0.6775,3.10987292309,0.5167684799044494,0.6825,1.96160545504,0.11125833033204954,0.0,nan,0.0
31,67905,0.6675,3.70589806963,0.38042050596346616,0.786863837142308,3.9539548567,0.20851477808474228,0.7975000000000001,3.91888456459,0.8134272527030618,0.764999999999999,3.38011421651,0.8120498031279315,0.8,3.33366593426,0.7865442703079304,0.8,4.00455975033,0.37523194627074197,0.75,2.58767838349,0.7283115528410415,0.845,3.71507086605,0.6784305646878634,1.0,nan,0.0
31,68565,0.5775,1.71183860614,0.13696755609452504,0.8021893604762821,4.58939448662,0.2741033454888296,0.7175,5.51792630653,0.394058826225712,0.6950000000000001,5.00502055368,0.5028290762170878,0.7575000000000001,4.44098427204,0.6190359850224361,0.8958024691358021,3.39895805093,0.7644686121999145,0.665,3.10770027608,0.47787778493419936,0.857499999999999,3.46971162715,0.7233809174836651,1.0,nan,0.0
31,68688,0.79,2.6638430785,0.8357974206592996,0.8899942385250621,4.55770194648,0.7284621708890511,0.78,4.74918718094,0.7373945063095231,0.685,4.96842321774,0.45289619714983453,0.8025,3.25308508227,0.7947778616790813,0.883456790123456,3.70278663461,0.7205859922188529,0.62,2.8648328787,0.34218033614595467,0.8075000000000001,4.12293074444,0.5297373398092649,0.0,nan,0.0
31,69217,0.7675000000000001,3.27979047636,0.7687988558545396,0.777222969080084,3.51861582614,0.17248148820955284,0.7675000000000001,5.23133331276,0.6748894660776579,0.7000000000000001,4.99365632201,0.5278340149742101,0.74,4.64521069874,0.5392565099164441,0.9125925925925921,2.93166463863,0.8176787406049846,0.6425000000000001,3.03017908216,0.4086524879997999,0.72,2.92242028385,0.20277891604110126,0.0,nan,0.0
31,69292,0.75,3.68015509575,0.7077584194297932,0.751603610524294,2.36841710317,0.09726348066833795,0.76,5.45502590747,0.6347811282024542,0.74,4.25136310513,0.716286532406121,0.8150000000000001,2.84360044127,0.8328888003422017,0.75358024691358,2.94545235563,0.21206956803689136,0.7875000000000001,2.07501238755,0.8160073169109874,0.74,3.39893986635,0.2660983129218301,0.0,nan,0.0
31,70225,-0.25,1.06223398453e-11,1.8467194899531412e-13,0.9116573842903781,3.63442065128,0.8174729349352508,0.5925,0.710669585278,0.021977017001576067,0.58,1.78179603091,0.07640781999847443,0.64,2.59904598596,0.14243179608323775,0.795555555555555,3.92825946763,0.35760070785781606,0.5375,1.79173609411,0.14692900310854679,0.804999999999999,4.12941114696,0.5194213373430605,1.0,nan,0.0
31,70358,0.5325,1.02674897648,0.076527716263546,0.9552525446514301,1.76393216871,0.9336523715983623,0.5425,0.144130543025,0.0036289352289007497,0.47500000000000003,0.119999386586,0.00326936717981013,0.48,0.0763804983192,0.0023420376473965686,0.8291358024691351,4.29174938832,0.4970548614379695,0.545,1.90206913468,0.1607805916967125,0.75,3.60713861473,0.3011496903865056,1.0,nan,0.0
31,70659,0.5275000000000001,0.968820749998,0.07154010591354443,0.90497407336278,3.9342780578,0.7921764587202667,0.6950000000000001,4.76751494054,0.2775524877336584,0.6025,2.56431031711,0.12508186108412817,0.685,4.02160823137,0.29253796025818685,0.7832098765432091,3.68082264991,0.3105813054840618,0.55,1.97562299707,0.1704748852123385,0.5650000000000001,0.212739647421,0.00745360913942778,1.0,nan,0.0
31,70707,0.7225,4.06098900251,0.6005107030362355,0.853082389091607,5.46349086075,0.539999065501195,0.67,3.59649202984,0.17261296980099328,0.6675,4.72174330565,0.36778268110131296,0.7525000000000001,4.51838472075,0.5966315281848786,0.8493827160493821,4.24073339559,0.58379510349217,0.6425000000000001,3.03017908216,0.4086524879997999,0.8825000000000001,2.87766292637,0.8029371752198318,1.0,nan,0.0
31,70749,0.65,3.34899769501,0.31858341069389357,0.8905703860188201,4.53554242889,0.7310817043759121,0.39,8.85222013912e-05,1.3786089874284705e-06,0.36,0.00107243780225,2.1026946331033618e-05,0.39,0.00354336826864,8.690744760133471e-05,0.8661728395061721,4.03995415205,0.6535035444401438,0.365,0.177444022473,0.00839507178899854,0.6575000000000001,1.38327630823,0.06963666380830141,0.0,nan,0.0
31,70793,0.392499999999999,0.157063450938,0.00811911832365021,0.8893028615325521,4.5840567072,0.7253019550503468,0.66,3.10487215438,0.13911264744048826,0.545,0.868050491978,0.031251742720074395,0.59,1.16854217271,0.05059777086417743,0.808395061728395,4.1272040523,0.40938579983486295,0.5275000000000001,1.64575679578,0.12974319245956686,0.6125,0.623478303563,0.025958961162484466,0.0,nan,0.0
31,70852,0.5925,2.01217220645,0.164853485916965,0.90013443441521,4.14490529136,0.7726235276998522,0.6975,4.87031252703,0.28960058166253244,0.6900000000000001,4.99657287761,0.47781684248512446,0.705,4.45630099854,0.3776472692824184,0.799012345679012,3.98825073821,0.3712848482596165,0.595,2.59608231067,0.27375739845569025,0.6975,2.34264059332,0.14352028085129606,0.0,nan,0.0
31,72086,0.40750000000000003,0.200036486701,0.010787235814746145,0.8713654695602071,5.15810447436,0.6375845679153733,0.585,0.574287262735,0.017172799977439396,0.5650000000000001,1.3391245404,0.053092641682266545,0.545,0.442825019877,0.016327019331691867,0.515061728395061,0.0375947067073,0.0012694478725902957,0.41750000000000004,0.433536464053,0.023651526344778132,0.847499999999999,3.6695798432,0.6876617784495811,0.0,nan,0.0
31,74604,0.794999999999999,2.52064210745,0.8487588414119601,0.8229690800845011,5.23013155679,0.3766821030055446,0.9125000000000001,0.212193368797,0.9949651253495806,0.8300000000000001,1.17566270346,0.9553115098171919,0.827499999999999,2.43677168704,0.8658793999813093,0.789629629629629,3.81553800681,0.33465021771679626,0.9075000000000001,0.576281781448,0.9667924024428616,0.804999999999999,4.12941114696,0.5194213373430605,0.0,nan,0.0
31,74635,0.382499999999999,0.13271334744,0.00667294470667954,0.8252736700595351,5.27970149667,0.38879346079123256,0.5375,0.120164675303,0.002969791976433595,0.5575,1.14621808935,0.04378479533782906,0.675,3.7397679717,0.25370242144758487,0.769382716049382,3.35528396271,0.26188839530478986,0.655,3.08473383472,0.44690002289692443,0.605,0.534593576809,0.021622568448069354,0.0,nan,0.0
31,74688,0.75,3.68015509575,0.7077584194297932,0.8560015363933161,5.43662765554,0.555910703982519,0.774999999999999,4.95648132059,0.7131231019171482,0.7000000000000001,4.99365632201,0.5278340149742101,0.75,4.55154938031,0.5852933242207884,0.580246913580246,0.184596760834,0.007448616301512416,0.625,2.90852049278,0.3566152756717178,0.5,0.033120895537,0.0009493024356464811,1.0,nan,0.0
31,74696,0.6675,3.70589806963,0.38042050596346616,0.8636450931438441,5.32595248409,0.5970794667038726,0.6975,4.87031252703,0.28960058166253244,0.7125,4.87997881688,0.5896691053061407,0.7175,4.61518174034,0.43444444579904784,0.892839506172839,3.47571782736,0.7542833727514044,0.6950000000000001,3.06349051974,0.5708685286062436,0.7825000000000001,4.06356993815,0.4268335765324893,1.0,nan,0.0
31,76409,0.25,0.00800298214966,0.0002917642752516434,0.9366621855194931,2.50766580252,0.8941399228246936,0.5775,0.459738710065,0.013308111098228397,0.51,0.352544291194,0.010930008046053579,0.5325,0.325741078648,0.011554749855904973,0.885432098765432,3.65720863361,0.7278553329341385,0.52,1.53799973712,0.11780527442218397,0.7175,2.85913196457,0.19555186133914873,0.0,nan,0.0
31,76496,0.889999999999999,0.50804315555,0.9779182391825887,0.660072978682542,0.208765042608,0.005292791994796974,0.835,2.07447584762,0.9249605555265672,0.9175000000000001,0.102061567505,0.9973061085833006,0.8975000000000001,0.734475269329,0.9697430192014693,0.8044444444444441,4.07314814498,0.3931853674875564,0.804999999999999,1.81779495952,0.8500726175371016,0.9325000000000001,1.61751844897,0.9147825546292723,0.0,nan,0.0
31,78211,0.8025,2.30615892454,0.866858300909835,0.525676973305166,0.00035139847074,5.624617872459316e-06,0.8300000000000001,2.29842106399,0.9140329206361613,0.81,1.74545560291,0.9263256255035712,0.8600000000000001,1.49351572054,0.9291478263752468,0.8740740740740741,3.90052117759,0.6848908022406586,0.827499999999999,1.49196237755,0.8872820882466128,0.794999999999999,4.12762938909,0.478099160973086,1.0,nan,0.0
31,79262,0.66,3.56203205809,0.3531559415978798,0.786863837142308,3.9539548567,0.20851477808474228,0.7575000000000001,5.51688817907,0.6210648516008277,0.7275,4.59417980061,0.6609153856966241,0.8150000000000001,2.84360044127,0.8328888003422017,0.897283950617283,3.35979376226,0.7694751567694122,0.827499999999999,1.49196237755,0.8872820882466128,0.8400000000000001,3.80008043102,0.659639277740768,1.0,nan,0.0
31,79313,0.7000000000000001,4.09036620633,0.5083133921513413,0.9217591703476091,3.1729605379,0.8518584988880822,0.6175,1.34905923014,0.047100502749374176,0.515,0.405388183328,0.012822334508599011,0.56,0.626930472567,0.024285692499443574,0.7886419753086421,3.79562055772,0.3308915955442061,0.41250000000000003,0.401021557514,0.021565926529049997,0.764999999999999,3.86509690963,0.357281965753727,1.0,nan,0.0
31,79388,0.7925000000000001,2.59230490152,0.8423676450716422,0.9097753024774341,3.71963706732,0.8105523909054687,0.77,5.14498611405,0.6878610200105262,0.7325,4.46711428807,0.6835746207840088,0.75,4.55154938031,0.5852933242207884,0.8069135802469131,4.10771996131,0.40328573792791406,0.715,2.94325187261,0.6310501489993277,0.725,3.04710592061,0.21770389082275443,0.0,nan,0.0
31,80513,0.76,3.46308181143,0.7435034646409759,0.8483195698098711,5.48850765944,0.5139085510351438,0.7825000000000001,4.63940105094,0.749131029238548,0.7075,4.93980508175,0.5651118346370725,0.76,4.39696633505,0.6300841415900046,0.8207407407407401,4.25047692645,0.46117358575849976,0.5975,2.62627411291,0.2802854781560719,0.8250000000000001,4.0018854351,0.6010195079536883,1.0,nan,0.0
31,80619,0.7625000000000001,3.40371758426,0.7520873482690533,0.869406568081428,5.2057509875,0.6274331383625864,0.77,5.14498611405,0.6878610200105262,0.7775000000000001,2.90439819529,0.8513333913498708,0.8250000000000001,2.51711060029,0.8596871921715628,0.9777777777777771,1.17106885712,0.9484872034568543,0.6975,3.05226471727,0.5785134568599677,0.8150000000000001,4.08704989533,0.5605400827219742,1.0,nan,0.0
31,80759,0.5575,1.3682961432,0.10627579333854417,0.854042634914538,5.45561367429,0.5452416533328426,0.6675,3.47300377436,0.16377610724463876,0.6675,4.72174330565,0.36778268110131296,0.7825000000000001,3.86539484414,0.7234516690060233,0.6167901234567901,0.394123238231,0.017618489132318577,0.845,1.25255075685,0.911272694666053,0.605,0.534593576809,0.021622568448069354,0.0,nan,0.0
31,80766,0.6000000000000001,2.17490159606,0.18055020821477308,0.8905703860188201,4.53554242889,0.7310817043759121,0.6975,4.87031252703,0.28960058166253244,0.645,4.11938198813,0.2678120753710695,0.7225,4.65096385987,0.4576166347011,0.8197530864197531,4.24329319187,0.45697909177560414,0.645,3.04332991387,0.4162446033546515,0.6375000000000001,0.996953161264,0.0459608959893652,1.0,nan,0.0
31,80873,0.5,0.700522841993,0.048767432638149685,0.9597080852698291,1.60584266512,0.9411562566017218,0.7775000000000001,4.8550042804,0.7253884010912739,0.735,4.39836255096,0.6946571597403393,0.7075,4.49570125601,0.3888380367244185,0.8182716049382711,4.23161969146,0.4507012460754977,0.705,3.01193836952,0.6012603842581083,0.6325000000000001,0.912472174698,0.04118938892023177,0.0,nan,0.0
31,84558,0.6275000000000001,2.81995962117,0.24910542155602264,0.8444785865181481,5.49150391464,0.49281660528399607,0.7775000000000001,4.8550042804,0.7253884010912739,0.7925000000000001,2.34376689482,0.8906600132148026,0.837499999999999,2.12398975343,0.8886704048211476,0.8256790123456791,4.27909157114,0.4822392942595979,0.75,2.58767838349,0.7283115528410415,0.7775000000000001,4.019302751,0.406622077506572,0.0,nan,0.0
31,104560,0.515,0.837040137817,0.06027204166074434,0.850240061455732,5.48124681443,0.5244428253458749,0.485,0.0139669964877,0.00028802363251297677,0.4,0.00674924551698,0.00014651767521665026,0.48,0.0763804983192,0.0023420376473965686,0.9170370370370371,2.80200812173,0.8304207693643829,0.40750000000000003,0.370388972769,0.01963817332359056,0.8500000000000001,3.62220986255,0.6967768980304687,0.0,nan,0.0
31,104598,0.5,0.700522841993,0.048767432638149685,0.8269637027078931,5.31293870784,0.39774479054893885,0.685,4.32297059099,0.23206051050617862,0.5825,1.86246367684,0.08096276209011971,0.645,2.76590229107,0.15584358517090977,0.8543209876543211,4.19602471017,0.60463168911728,0.515,1.46732900898,0.11029238936432899,0.67,1.66106168856,0.0886372512376217,0.0,nan,0.0
31,104599,-0.25,1.06223398453e-11,1.8467194899531412e-13,0.8580756673708471,5.41229832056,0.567162497409874,0.61,1.12578119143,0.03783748252449361,0.5725,1.55128212326,0.06391984141982901,0.595,1.28348685758,0.05672485434908206,0.8804938271604931,3.76869290029,0.7095163856647505,0.47000000000000003,0.897636500811,0.05759282671434411,0.6875,2.08675193859,0.12137825314572182,1.0,nan,0.0
31,104688,0.75,3.68015509575,0.7077584194297932,0.657384290378336,0.189816434811,0.004757305019471327,0.6625,3.22689894907,0.14702716990227999,0.7275,4.59417980061,0.6609153856966241,0.73,4.67356796219,0.492607113559971,0.743209876543209,2.66778044986,0.18296237017302514,0.7225,2.88121476604,0.6528973162749439,0.8125,4.1017290626,0.5503035470760913,1.0,nan,0.0
31,104824,0.5,0.700522841993,0.048767432638149685,0.882081812944113,4.84236693262,0.6912481708059257,0.6175,1.34905923014,0.047100502749374176,0.6325000000000001,3.68961154213,0.2189556429123385,0.6000000000000001,1.40555898784,0.06344452343850404,0.8222222222222221,4.26034620049,0.4674780339803496,0.5675,2.22937842639,0.20728095093725196,0.875,3.06537473288,0.7806469520857813,0.0,nan,0.0
31,107778,0.78,2.94609812968,0.8077407128033105,0.833877472632994,5.42035463162,0.43487543044460053,0.7375,5.75504251775,0.5075605960938818,0.68,4.92091618265,0.42816488527526153,0.7175,4.61518174034,0.43444444579904784,0.589135802469135,0.223852708958,0.009259168479939194,0.6000000000000001,2.65580671153,0.2868882196726033,0.685,2.0238874689,0.11624006833483759,1.0,nan,0.0
31,107870,0.72,4.07730397421,0.5903371608051737,0.765815248703668,2.99579704867,0.13532759679979736,0.8150000000000001,3.02551939889,0.87419054780839,0.8125,1.66697541515,0.93059075764179,0.8225,2.59808716868,0.8532933154233324,0.90716049382716,3.0876056276,0.8013285788133271,0.735,2.75959996413,0.6881749400418004,0.909999999999999,2.16724626741,0.8723126548800246,0.0,nan,0.0
31,107898,0.605,2.28740779109,0.19170474439043222,0.9443057422700211,2.18697844845,0.9120701903697488,0.6975,4.87031252703,0.28960058166253244,0.7025,4.98057524278,0.5403028270426687,0.794999999999999,3.49221341215,0.769477933240423,0.7614814814814811,3.15371079466,0.23616825141113423,0.6075,2.74015062528,0.30712718564666297,0.6175,0.688504856123,0.029236959102582227,1.0,nan,0.0
31,108143,0.5625,1.44803436694,0.11331493935427021,0.8767428461686191,5.01077891878,0.6649360949178602,0.625,1.6006509888,0.058144233046235325,0.485,0.166182898171,0.004689424762064175,0.6950000000000001,4.26373551205,0.33400209239827344,0.8824691358024691,3.72509078366,0.716917877496972,0.73,2.81082870845,0.674247492181486,0.7225,2.98511087783,0.2101634646793269,0.0,nan,0.0
31,108336,0.41750000000000004,0.233395355501,0.012951095988142857,0.8269637027078931,5.31293870784,0.39774479054893885,0.595,0.761376314931,0.023816508497128477,0.535,0.683444379531,0.023521496863232363,0.56,0.626930472567,0.024285692499443574,0.8469135802469131,4.258416764,0.5733016787689906,0.387499999999999,0.265527062479,0.013324495809163697,0.5575,0.175625723694,0.006000960251502957,0.0,nan,0.0
31,108341,0.595,2.06555464046,0.16995045871149222,0.8097560975609751,4.85908024135,0.3098731617641918,0.595,0.761376314931,0.023816508497128477,0.5825,1.86246367684,0.08096276209011971,0.52,0.236010515817,0.008069551581434877,0.9516049382716051,1.8069604623,0.9098374716575941,0.52,1.53799973712,0.11780527442218397,0.8075000000000001,4.12293074444,0.5297373398092649,1.0,nan,0.0
31,108351,0.665,3.65971051691,0.3712131053370544,0.839408488573074,5.47192392779,0.4650124913796668,0.615,1.2714952778,0.04382546610182618,0.65,4.2755600003,0.2888038767398038,0.685,4.02160823137,0.29253796025818685,0.598518518518518,0.272773995343,0.011582621226043487,0.64,3.01593616207,0.40109461805027624,0.6825,1.96160545504,0.11125833033204954,1.0,nan,0.0
31,108388,0.58,1.75941105038,0.14130640555859056,0.8406376032264261,5.47912154976,0.47174269668081825,0.5875,0.617207037647,0.018661653149230684,0.5475,0.91938873604,0.033485600263918586,0.64,2.59904598596,0.14243179608323775,0.819259259259259,4.2395213077,0.4548845647529818,0.6000000000000001,2.65580671153,0.2868882196726033,0.6900000000000001,2.15013149368,0.1266742573526372,1.0,nan,0.0
31,108411,0.515,0.837040137817,0.06027204166074434,0.8743230266948331,5.07998954211,0.6527262390437094,0.67,3.59649202984,0.17261296980099328,0.6175,3.13014917139,0.16777307259819718,0.6575000000000001,3.18397386274,0.1930348947072234,0.9303703703703701,2.40932256056,0.8651634209123678,0.7075,2.99633028019,0.6087709416989984,0.875,3.06537473288,0.7806469520857813,1.0,nan,0.0
31,108416,0.7125,4.10665590381,0.5596288833390284,0.8364893412713651,5.44859323937,0.44907106476801883,0.804999999999999,3.53632611483,0.8413882324359946,0.71,4.9122353389,0.5774278705095124,0.8174999999999991,2.76146241005,0.8398950898698994,0.807407407407407,4.11432092231,0.40531587582969497,0.74,2.70517894583,0.7018381707907478,0.804999999999999,4.12941114696,0.5194213373430605,1.0,nan,0.0
31,108417,0.52,0.887624236693,0.06458256712947472,0.860149798348377,5.38368075794,0.5783593701780126,0.5325,0.0997829649246,0.0024213173633244227,0.5825,1.86246367684,0.08096276209011971,0.6325000000000001,2.3527154018,0.12386650583362599,0.973333333333333,1.26828665966,0.9430681663103223,0.605,2.71277435618,0.3003108705707862,0.8,4.13406706649,0.49875802008310866,1.0,nan,0.0
31,108652,0.5625,1.44803436694,0.11331493935427021,0.945265988092951,2.14804595638,0.914151508833125,0.5650000000000001,0.310832347588,0.008542453599858588,0.5075000000000001,0.32832005941,0.010079223021095634,0.6425000000000001,2.68229960784,0.14903339088150744,0.5560493827160491,0.106155600889,0.004005901012680885,0.43999999999999906,0.604382163309,0.03525122281932164,0.525,0.0714188019111,0.002202170262060782,0.0,nan,0.0
31,109008,0.595,2.06555464046,0.16995045871149222,0.8137507201843671,4.98582926958,0.32954040030575604,0.63,1.78394608083,0.06660061433059772,0.5275000000000001,0.56574191037,0.018847727969076647,0.5325,0.325741078648,0.011554749855904973,0.6819753086419751,1.22442294088,0.06648913148228663,0.5,1.26268730848,0.08983246671514786,0.6950000000000001,2.27815081993,0.13774434480471384,1.0,nan,0.0
31,109067,0.75,3.68015509575,0.7077584194297932,0.7877856731323211,3.99460151699,0.21217842817525318,0.7525000000000001,5.62014864123,0.5932106647470894,0.7625000000000001,3.47393864918,0.803482067761693,0.794999999999999,3.49221341215,0.769477933240423,0.8479012345679011,4.25172072503,0.5775042573103698,0.71,2.97966729426,0.6162411565476826,0.8,4.13406706649,0.49875802008310866,1.0,nan,0.0
31,129429,0.76,3.46308181143,0.7435034646409759,0.7937776070674091,4.25239242742,0.2368921647914935,0.68,4.08586189799,0.21103533242147837,0.5775,1.70300049635,0.07205222159797452,0.5875,1.11376516691,0.04774526157890005,0.8172839506172841,4.22324397938,0.4465259658896117,0.54,1.8284770224,0.1514542571357837,0.7925000000000001,4.12026373175,0.4677887206398177,1.0,nan,0.0
31,129459,0.605,2.28740779109,0.19170474439043222,0.896331860956404,4.30491371617,0.7565562659509072,0.6875,4.43837065552,0.24301268914040822,0.6725,4.81467179311,0.3916308099904261,0.6925,4.20749011032,0.32341242821549787,0.838024691358024,4.29579430714,0.5352523301884596,0.6375000000000001,3.0006171729,0.39357370394563773,0.705,2.53707159527,0.16181868899115254,1.0,nan,0.0
31,129490,0.7000000000000001,4.09036620633,0.5083133921513413,0.8252736700595351,5.27970149667,0.38879346079123256,0.6975,4.87031252703,0.28960058166253244,0.6575000000000001,4.48780424095,0.3216843087077705,0.754999999999999,4.48149487822,0.6078821432407007,0.9654320987654321,1.45253332519,0.932328655355814,0.625,2.90852049278,0.3566152756717178,0.889999999999999,2.685135526,0.8237998641081434,1.0,nan,0.0
31,129672,-0.25,1.06223398453e-11,1.8467194899531412e-13,0.839408488573074,5.47192392779,0.4650124913796668,0.405,0.0002183767615,3.5428139673918202e-06,0.485,0.166182898171,0.004689424762064175,0.38,0.00240159612386,5.752732157608876e-05,0.901234567901234,3.25305283731,0.7825386222314241,0.43500000000000005,0.562847594206,0.03233401476463234,0.725,3.04710592061,0.21770389082275443,1.0,nan,0.0
31,129907,0.6075,2.34472107125,0.1974947678381456,0.9058959093527941,3.89343921402,0.7957844098923763,0.65,2.62977229996,0.11046001121336378,0.65,4.2755600003,0.2888038767398038,0.63,2.2721619327,0.1180855996353932,0.725432098765432,2.1989132025,0.1397328882341905,0.54,1.8284770224,0.1514542571357837,0.65,1.22954426428,0.05984500509709722,0.0,nan,0.0
31,129987,0.5,0.700522841993,0.048767432638149685,0.9306702515844051,2.77033821279,0.8783314019680503,0.6575000000000001,2.98389761511,0.1315019318099207,0.6575000000000001,4.48780424095,0.3216843087077705,0.6875,4.08627137661,0.3026733450545325,0.6869135802469131,1.31841663157,0.07276582575839512,0.6575000000000001,3.09222615909,0.45462146424020644,0.5625,0.199702484185,0.0069381996997697,0.0,nan,0.0
31,130043,0.804999999999999,2.23523062982,0.872534951078273,0.8598041098521221,5.38874529087,0.576497414916159,0.764999999999999,5.31198353634,0.661709101451728,0.8300000000000001,1.17566270346,0.9553115098171919,0.899999999999999,0.696975208061,0.9715320139411983,0.942716049382716,2.05262948565,0.8926924823188551,0.6950000000000001,3.06349051974,0.5708685286062436,0.865,3.30357907373,0.7487884757534886,0.0,nan,0.0
31,130166,0.875,0.694419963744,0.9689596773979426,0.918225465719224,3.33457807064,0.8403607552559083,0.9325000000000001,0.0957909399718,0.997912394639999,0.7875000000000001,2.52735434292,0.8784840020709253,0.9325000000000001,0.334110666406,0.9877026163825633,0.8681481481481481,4.00760758224,0.6614520377694331,0.875,0.888769424689,0.9432259177672693,0.8600000000000001,3.41572237661,0.7319880159335947,0.0,nan,0.0
31,130586,-0.25,1.06223398453e-11,1.8467194899531412e-13,0.892452467831764,4.46195193144,0.7395489980527719,0.35750000000000004,1.09043934992e-05,1.5608247717945496e-07,0.20750000000000002,1.43440767816e-07,2.036165689298265e-09,0.28500000000000003,3.55470746724e-05,6.908154620250908e-07,0.741728395061728,2.62808980333,0.1790395087714648,0.25,0.0141301221513,0.0005155295310830231,0.42750000000000005,0.00245402676835,5.8280895579268654e-05,0.0,nan,0.0
31,134922,0.4375,0.312737520526,0.01838300731648242,0.857922028039178,5.41424834959,0.5663308054110496,0.6775,3.96488299986,0.2009716270979753,0.6925,5.00327188531,0.49031767811890037,0.725,4.66267080239,0.46925954335632736,0.679012345679012,1.17027316619,0.0629418502502986,0.635,2.98423928365,0.38609241463357025,0.79,4.11015172978,0.45750013108742804,0.0,nan,0.0
31,134923,0.6725,3.79235404492,0.3991695589275908,0.879969272133666,4.91148445561,0.6809449135721553,0.7025,5.06335473294,0.3144421178430682,0.6825,4.94705882845,0.4405008418483344,0.725,4.66267080239,0.46925954335632736,0.77037037037037,3.37982858459,0.2652143904345179,0.68,3.10675397858,0.5245395096589349,0.735,3.28615611962,0.249383427280242,0.0,nan,0.0
31,135551,0.7825000000000001,2.87639059284,0.8150189761992395,0.823314768580756,5.23787461785,0.37849144075978614,0.7725000000000001,5.05325783739,0.7006099119454132,0.7575000000000001,3.65862234427,0.7856487822961264,0.8250000000000001,2.51711060029,0.8596871921715628,0.7629629629629631,3.19212396267,0.24086890016867052,0.6425000000000001,3.03017908216,0.4086524879997999,0.774999999999999,3.99333004434,0.39660576171041767,1.0,nan,0.0
31,135973,0.6675,3.70589806963,0.38042050596346616,0.849241405799884,5.48550079964,0.5189667369192311,0.7825000000000001,4.63940105094,0.749131029238548,0.8,2.07777546099,0.9072329236528329,0.7925000000000001,3.5698426037,0.7606501052263525,0.9017283950617281,3.23949315004,0.7841417218713551,0.745,2.64779303487,0.7152217875248208,0.8975000000000001,2.4903592212,0.843208597489095,1.0,nan,0.0
31,136122,0.5225000000000001,0.913959121617,0.06683439783336641,0.8521605531015941,5.47016261899,0.5349594807251029,0.745,5.72122939316,0.5506391920951103,0.78,2.80930324834,0.858475443788635,0.745,4.60633356502,0.5623921088490555,0.653827160493827,0.777130495906,0.038667511115081536,0.61,2.7667502376,0.3140109764663285,0.8325,3.91148831429,0.6307083271672693,1.0,nan,0.0
31,136139,0.8225,1.75744773631,0.9074129742566197,0.7495678893796811,2.28284172346,0.09252937164164658,0.784999999999999,4.52602526863,0.7605885200172811,0.8025,1.99210076218,0.912319931120108,0.837499999999999,2.12398975343,0.8886704048211476,0.9422222222222221,2.0666040722,0.8916753888626094,0.76,2.46024161978,0.7535586079686283,0.845,3.71507086605,0.6784305646878634,1.0,nan,0.0
31,136288,0.7425,3.81817741711,0.6796252360291808,0.852506241597849,5.46776314123,0.536850041823706,0.7925000000000001,4.1682322877,0.7932067188476328,0.7375,4.32638043332,0.705563741371678,0.8125,2.9258553564,0.8256769901115222,0.93679012345679,2.22215040806,0.8800283502569624,0.6225,2.88714352225,0.3493704986730801,0.827499999999999,3.97419274338,0.6109901238581668,1.0,nan,0.0
31,136820,0.6025,2.23078346475,0.18605715461577665,0.9385442673324371,2.42704523479,0.8987835311659325,0.6175,1.34905923014,0.047100502749374176,0.6275000000000001,3.50645253458,0.20096351653179642,0.655,3.10087027952,0.18517873577889515,0.852345679012345,4.21538943315,0.5963237969103854,0.5650000000000001,2.19372101524,0.2017520214192658,0.655,1.33089513097,0.06624418209362555,1.0,nan,0.0
31,136846,0.7625000000000001,3.40371758426,0.7520873482690533,0.7226810063376221,1.30427942425,0.04498963552524272,0.804999999999999,3.53632611483,0.8413882324359946,0.8075000000000001,1.8258537278,0.9218618810982306,0.7925000000000001,3.5698426037,0.7606501052263525,0.6074074074074071,0.327156576445,0.014242826014146859,0.875,0.888769424689,0.9432259177672693,0.6525000000000001,1.27964322353,0.06298124700477799,0.0,nan,0.0
31,137085,0.847499999999999,1.1706555148,0.9437319383315863,0.660418667178797,0.211314029308,0.0053653994900399425,0.8775000000000001,0.697097022936,0.9803899335372586,0.8400000000000001,0.94277723191,0.9658744206169827,0.875,1.14441412137,0.948856149876832,0.8148148148148141,4.20025575454,0.43612598506320593,0.8500000000000001,1.18743001205,0.9173719693723893,0.9400000000000001,1.44954386419,0.9262783349533474,0.0,nan,0.0
31,137869,0.8150000000000001,1.95725375068,0.8934883757288719,0.0,2.05653415043e-28,1.3342023581450743e-30,0.8700000000000001,0.869364149594,0.9745335610906163,0.875,0.386070089568,0.9880352928602699,0.905,0.62647911336,0.974838183919823,0.9772839506172831,1.18163638303,0.9479062910120624,0.8625,1.03218286087,0.9312328432026025,0.972499999999999,0.840345544766,0.9629388106351368,0.0,nan,0.0
31,138039,0.655,3.45812216343,0.33560317115641997,0.8560015363933161,5.43662765554,0.555910703982519,0.6375000000000001,2.08125464577,0.08107882683517226,0.6975,5.00181253175,0.5153386498992076,0.63,2.2721619327,0.1180855996353932,0.716049382716049,1.96321317361,0.12021539882929178,0.6075,2.74015062528,0.30712718564666297,0.7325,3.2279310217,0.24124058078546418,0.0,nan,0.0
31,140859,0.4375,0.312737520526,0.01838300731648242,0.9577491837910501,1.67428516742,0.9379438080296768,0.6000000000000001,0.871123565545,0.027893048134855103,0.5975,2.38095291664,0.11272040402864164,0.65,2.9335788153,0.1700921909641676,0.6948148148148141,1.47843443174,0.08380738719090208,0.59,2.53384347567,0.2609315876053994,0.59,0.386032034633,0.014764575576433988,1.0,nan,0.0
31,140984,0.645,3.23567156693,0.30212019590218553,0.8857307470712501,4.71587696649,0.7086895143447258,0.7425,5.74006508096,0.536311005246352,0.754999999999999,3.74905531274,0.7763888827986327,0.7625000000000001,4.3495629645,0.6410179952840425,0.9160493827160491,2.83093941969,0.8276390621597998,0.6925,3.07358601469,0.5631969462190252,0.8925000000000001,2.62033673495,0.8304317465946229,1.0,nan,0.0
31,141053,0.625,2.75965978217,0.24213090440284496,1.0,0.581180001787,0.9827931585850478,0.7025,5.06335473294,0.3144421178430682,0.65,4.2755600003,0.2888038767398038,0.645,2.76590229107,0.15584358517090977,0.611358024691358,0.354091305903,0.015587914729626296,0.5,1.26268730848,0.08983246671514786,0.7025,2.47218417274,0.15555712052079715,1.0,nan,0.0
31,141356,0.7025,4.10005317399,0.5185520747394616,0.811791818705588,4.9251339189,0.319832630760407,0.8400000000000001,1.86218651045,0.9347971228855172,0.794999999999999,2.25372306581,0.8964066094329826,0.8250000000000001,2.51711060029,0.8596871921715628,0.8508641975308641,4.22862034377,0.5900688373691008,0.8425,1.28570629484,0.9080999534666852,0.9475,1.29116128883,0.9365497155385458,1.0,nan,0.0
31,142811,0.635,3.00035658064,0.2709325625635374,0.8137507201843671,4.98582926958,0.32954040030575604,0.675,3.84276463767,0.19121186675151072,0.58,1.78179603091,0.07640781999847443,0.595,1.28348685758,0.05672485434908206,0.714567901234567,1.92705316892,0.11733375865179746,0.535,1.75506780321,0.14249551611657912,0.7825000000000001,4.06356993815,0.4268335765324893,1.0,nan,0.0
31,142951,0.6475000000000001,3.29279710825,0.3102809615081997,0.8876896485500281,4.64451311581,0.717857932045022,0.7375,5.75504251775,0.5075605960938818,0.764999999999999,3.38011421651,0.8120498031279315,0.804999999999999,3.17185370648,0.8028091537052313,0.929382716049382,2.43833675716,0.8627695185901987,0.68,3.10675397858,0.5245395096589349,0.784999999999999,4.08177621887,0.4370158115794346,0.0,nan,0.0
31,143324,0.5750000000000001,1.6652908873,0.13274635849443306,0.8636835029767621,5.32525300591,0.5972840222199713,0.625,1.6006509888,0.058144233046235325,0.66,4.55190208168,0.3329846794511949,0.5725,0.822560372191,0.03330239687544782,0.6972839506172831,1.53082188747,0.08752228895348586,0.59,2.53384347567,0.2609315876053994,0.6775,1.83904213839,0.10175789039880015,1.0,nan,0.0
31,145305,0.605,2.28740779109,0.19170474439043222,0.9097753024774341,3.71963706732,0.8105523909054687,0.6875,4.43837065552,0.24301268914040822,0.745,4.0930311625,0.7371518990182183,0.7675000000000001,4.24512630421,0.6625099159532049,0.7970370370370371,3.9545146923,0.3634398990513127,0.6575000000000001,3.09222615909,0.45462146424020644,0.725,3.04710592061,0.21770389082275443,1.0,nan,0.0
31,145335,0.5225000000000001,0.913959121617,0.06683439783336641,0.693796811983867,0.613842259333,0.01818212027324027,0.5,0.0270326535105,0.0005857160855469221,0.5425,0.818818204458,0.02914359271361148,0.55,0.498514806753,0.018678117666106837,0.79753086419753,3.96308648034,0.3653948660453572,0.5875,2.5018584705,0.25463684538061265,0.8,4.13406706649,0.49875802008310866,0.0,nan,0.0
31,145444,0.725,4.04144365499,0.6106394135875512,0.8017284424812751,4.57184937249,0.27199204988153586,0.6925,4.66101348132,0.2657660936607814,0.754999999999999,3.74905531274,0.7763888827986327,0.8525,1.69041067866,0.9172170582468258,0.861728395061728,4.10628399754,0.6353974324551486,0.7975000000000001,1.92827329837,0.8360249289762995,0.794999999999999,4.12762938909,0.478099160973086,1.0,nan,0.0
31,146557,-0.25,1.06223398453e-11,1.8467194899531412e-13,0.8974841559439211,4.2570113878,0.7614892492070158,0.6825,4.20534526375,0.22139969049011984,0.72,4.75609601681,0.6258292768045255,0.73,4.67356796219,0.492607113559971,0.9002469135802461,3.28003366083,0.7793123912464985,0.5700000000000001,2.26475503132,0.21289867955121017,0.74,3.39893986635,0.2660983129218301,0.0,nan,0.0
31,146877,0.8075000000000001,2.16477314566,0.8780348465382193,0.5736892644516991,0.00502621781988,9.267129690553684e-05,0.5625,0.286548242269,0.007796076111132838,0.715,4.84312977764,0.6018239371329728,0.865,1.37039297504,0.9363048246789616,0.863209876543209,4.08518493503,0.6414653136614086,0.8400000000000001,1.3192386379,0.9048438491643385,0.865,3.30357907373,0.7487884757534886,1.0,nan,0.0
31,146928,0.7000000000000001,4.09036620633,0.5083133921513413,0.837718455924716,5.45948230768,0.4557748607243315,0.8174999999999991,2.89990385201,0.8815970576588094,0.8600000000000001,0.579055710637,0.9808742124088314,0.855,1.62319273124,0.9213587386377861,0.803456790123456,4.05860108222,0.38916965553762434,0.8150000000000001,1.67135230969,0.867516945065,0.885,2.81389315138,0.8100517215378253,1.0,nan,0.0
31,146993,0.8125,2.02568712081,0.8885098698731348,0.37584021509506405,6.26175647677e-09,7.110533477874617e-11,1.0,0.00361393511142,0.9999376948264462,1.0,0.00369074262262,0.9999239245703342,1.0,0.0534199807205,0.9983785771943846,0.8528395061728391,4.21073221376,0.5984043258380707,0.9500000000000001,0.296996088571,0.9848610096034115,0.8,4.13406706649,0.49875802008310866,1.0,nan,0.0
31,147026,0.5,0.700522841993,0.048767432638149685,0.8626848473209141,5.34298340662,0.5919569958367039,0.625,1.6006509888,0.058144233046235325,0.615,3.03517687738,0.1600664014676469,0.655,3.10087027952,0.18517873577889515,0.815802469135802,4.20979980257,0.44027913696597837,0.52,1.53799973712,0.11780527442218397,0.645,1.13288401137,0.05394091898719962,1.0,nan,0.0
31,147101,0.625,2.75965978217,0.24213090440284496,0.861724601497983,5.35913138991,0.5868185943250546,0.6825,4.20534526375,0.22139969049011984,0.7225,4.70616300482,0.6376579680634187,0.865,1.37039297504,0.9363048246789616,0.9007407407407401,3.26656668382,0.7809288377259888,0.8600000000000001,1.06232234398,0.9286148096996569,0.8525,3.57304827655,0.7057713346900906,0.0,nan,0.0
31,147111,0.595,2.06555464046,0.16995045871149222,0.9010946802381411,4.10367740054,0.7765838856664008,0.6225,1.51364566477,0.05425201328205827,0.774999999999999,2.99976032084,0.8439532299740339,0.735,4.66771635749,0.5159672977790735,0.852345679012345,4.21538943315,0.5963237969103854,0.605,2.71277435618,0.3003108705707862,0.837499999999999,3.83943884986,0.6500894282495364,1.0,nan,0.0
31,147193,0.75,3.68015509575,0.7077584194297932,0.752294987516804,2.39777515815,0.09891109012447145,0.7975000000000001,3.91888456459,0.8134272527030618,0.7825000000000001,2.71465244756,0.8653802779157491,0.7825000000000001,3.86539484414,0.7234516690060233,0.6439506172839501,0.654149919231,0.03161309521632601,0.8500000000000001,1.18743001205,0.9173719693723893,0.75,3.60713861473,0.3011496903865056,1.0,nan,0.0
31,819,0.725,4.04144365499,0.6106394135875512,0.8252736700595351,5.27970149667,0.38879346079123256,0.7225,5.62009099019,0.4219151307332312,0.7075,4.93980508175,0.5651118346370725,0.7025,4.41328511282,0.36655954501205334,0.7214814814814811,2.09834981417,0.13124505276567963,0.7775000000000001,2.21936480683,0.794532626386766,0.8300000000000001,3.94404076465,0.6208884221383064,0.0,nan,0.0
31,1942,0.715,4.10014938736,0.5698880734378627,0.8467447666602651,5.49159718507,0.5052624599953296,0.6075,1.05758149908,0.035108920238355,0.5925,2.20221988698,0.10126461691194,0.6725,3.66436731281,0.24444689514428908,0.755061728395061,2.98484609506,0.21646239684894608,0.585,2.46933821465,0.24842274130076508,0.784999999999999,4.08177621887,0.4370158115794346,0.0,nan,0.0
31,1993,0.6625,3.61171348867,0.3621234613254727,0.8857307470712501,4.71587696649,0.7086895143447258,0.835,2.07447584762,0.9249605555265672,0.7525000000000001,3.8379286333,0.7669048054235644,0.7375,4.65853197396,0.5276259735724262,0.905679012345679,3.12948896163,0.7967232846397947,0.63,2.94838103481,0.37125916179419316,0.905,2.29576195061,0.8611557155288491,0.0,nan,0.0
