left,boolean,ranking,id,score,mealScore,distanceScore,roomScore,serviceScore,locationScore,equipmentScore,bathScore,chargeScore,kinnennScore
left,0,0,130166,0.118546208561,0.875,0.868148148148,0.9325,0.9325,0.86,0.7875,0.875,0.918225465719,0
left,0,1,145444,0.0717760556794,0.725,0.861728395062,0.8525,0.6925,0.795,0.755,0.7975,0.801728442481,1
left,0,2,9518,0.0711811016977,0.75,0.919012345679,0.725,0.7,0.85,0.625,0.675,0.870674092568,1
left,3,3,14112,0.0487717235209,0.715,0.869135802469,0.77,0.755,0.8175,0.75,0.705,0.77722296908,0
left,0,4,79262,0.0471241868019,0.66,0.897283950617,0.815,0.7575,0.84,0.7275,0.8275,0.786863837142,1
left,0,5,70707,0.0433567976858,0.7225,0.849382716049,0.7525,0.67,0.8825,0.6675,0.6425,0.853082389092,1
left,0,6,146928,0.0361337087824,0.7,0.803456790123,0.855,0.8175,0.885,0.86,0.815,0.837718455925,1
left,0,7,74604,0.0271355857347,0.795,0.78962962963,0.8275,0.9125,0.805,0.83,0.9075,0.822969080085,0
left,0,8,11230,0.0264904728012,0.6825,0.83012345679,0.695,0.74,0.8975,0.6725,0.6125,0.775686575763,1
left,0,9,462,0.0263294487561,0.7075,0.810864197531,0.68,0.83,0.79,0.7975,0.64,0.965469560207,1
left,0,10,5024,0.0112213881674,0.67,0.903209876543,0.7625,0.7,0.7425,0.6525,0.495,0.928980218936,1
left,0,11,78211,0.0091949271955,0.8025,0.874074074074,0.86,0.83,0.795,0.81,0.8275,0.525676973305,1
left,0,12,129429,0.00702203056086,0.76,0.817283950617,0.5875,0.68,0.7925,0.5775,0.54,0.793777607067,1
left,0,13,134923,0.00591412274426,0.6725,0.77037037037,0.725,0.7025,0.735,0.6825,0.68,0.879969272134,0
left,0,14,192,0.00208262193027,0.6675,0.755061728395,0.6775,0.66,0.745,0.63,0.5325,0.821394276935,1
left,0,15,104688,0.000341399276689,0.75,0.743209876543,0.73,0.6625,0.8125,0.7275,0.7225,0.657384290378,1
left,1,16,80619,0.25207684219,0.7625,0.977777777778,0.825,0.77,0.815,0.7775,0.6975,0.869406568081,1
left,1,17,570,0.157766958339,0.8575,0.946172839506,0.8625,0.7825,0.8775,0.755,0.735,0.765700019205,1
left,1,18,28512,0.105341625636,0.8275,0.990617283951,0.725,0.765,0.7525,0.6775,0.635,0.814518916843,0
left,1,19,4805,0.101202351611,0.7675,0.94024691358,0.84,0.7725,0.9125,0.74,0.6975,0.775302477434,0
left,1,20,129490,0.0918969246625,0.7,0.965432098765,0.755,0.6975,0.89,0.6575,0.625,0.82527367006,1
left,1,21,54491,0.0638644250523,0.705,0.952098765432,0.7975,0.7775,0.9025,0.77,0.945,0.868945650086,0
left,1,22,568,0.00569397942853,0.5675,0.943209876543,0.6625,0.7975,0.945,0.685,0.865,0.786863837142,1
left,2,23,145305,0.00512158336692,0.605,0.797037037037,0.7675,0.6875,0.725,0.745,0.6575,0.909775302477,1
left,1,24,7588,0.00438777477029,0.6025,0.958024691358,0.6175,0.695,0.815,0.6725,0.845,0.85596312656,1
left,2,25,147111,0.00430723060132,0.595,0.852345679012,0.735,0.6225,0.8375,0.775,0.605,0.901094680238,1
left,2,26,29183,0.00375762112144,0.5825,0.84,0.6475,0.69,0.8225,0.635,0.5825,0.859804109852,1
left,1,27,108388,0.00108643020766,0.58,0.819259259259,0.64,0.5875,0.69,0.5475,0.6,0.840637603226,1
left,1,28,8961,0.000626115445377,0.535,0.835555555556,0.6025,0.6625,0.9075,0.6325,0.5325,0.733090071058,0
left,1,29,108143,0.000561801295183,0.5625,0.882469135802,0.695,0.625,0.7225,0.485,0.73,0.876742846169,0
left,2,30,15812,0.000347740352705,0.5475,0.822222222222,0.5675,0.62,0.7125,0.575,0.5,0.765738429038,1
left,2,31,2876,0.000280004053173,0.6075,0.886913580247,0.8175,0.84,0.955,0.795,0.89,0.602458229307,0
left,1,32,104598,0.000170368267009,0.5,0.854320987654,0.645,0.685,0.67,0.5825,0.515,0.826963702708,0
left,1,33,819,0.000154046621428,0.725,0.721481481481,0.7025,0.7225,0.83,0.7075,0.7775,0.82527367006,0
left,2,34,107898,0.000137928473481,0.605,0.761481481481,0.795,0.6975,0.6175,0.7025,0.6075,0.94430574227,1
left,1,35,104824,0.000118762956256,0.5,0.822222222222,0.6,0.6175,0.875,0.6325,0.5675,0.882081812944,0
left,1,36,39247,7.82118440554e-05,0.5175,0.903703703704,0.5525,0.575,0.8475,0.65,0.595,0.850816208949,0
left,1,37,25302,2.61953521351e-05,0.5,0.925925925926,0.5625,0.5125,0.725,0.4875,0.39,0.719108891876,0
left,1,38,1501,2.61784212994e-05,0.55,0.775308641975,0.6025,0.6425,0.945,0.505,0.4,0.852160553102,0
left,1,39,1186,7.37391909655e-06,0.575,0.712592592593,0.6625,0.7225,0.67,0.6175,0.65,0.798770885347,0
left,1,40,1511,1.45466008575e-06,0.6075,0.724444444444,0.54,0.6125,0.87,0.52,0.5925,0.863645093144,1
left,1,41,143324,8.07878227413e-07,0.575,0.697283950617,0.5725,0.625,0.6775,0.66,0.59,0.863683502977,1
left,1,42,16373,9.35539774749e-09,0.6675,0.664197530864,0.65,0.6925,0.7,0.6925,0.5975,0.880929517957,1
left,1,43,134922,1.0744312976e-09,0.4375,0.679012345679,0.725,0.6775,0.79,0.6925,0.635,0.857922028039,0
left,1,44,67423,3.54622316815e-10,0.59,0.652839506173,0.6875,0.705,0.6825,0.6375,0.6775,0.938544267332,0
left,1,45,1996,3.49795365452e-11,0.62,0.786666666667,0.495,0.67,0.7325,0.525,0.6,0.856001536393,0
left,1,46,1630,3.4252266513e-11,0.8525,0.633580246914,0.6825,0.6525,0.64,0.6325,0.6075,0.88861148454,0
left,1,47,76409,1.18083455541e-15,0.25,0.885432098765,0.5325,0.5775,0.7175,0.51,0.52,0.936662185519,0
left,1,48,74688,6.17755976584e-24,0.75,0.58024691358,0.75,0.775,0.5,0.7,0.625,0.856001536393,1
left,1,49,29229,9.34263840054e-29,0.4375,0.849382716049,0.3475,0.3675,0.7725,0.3475,0.3075,0.846360668331,0
left,1,50,72086,9.25947879075e-29,0.4075,0.515061728395,0.545,0.585,0.8475,0.565,0.4175,0.87136546956,0
left,1,51,17938,1.24038889815e-31,0.5,0.908148148148,0.2625,0.4375,0.7125,0.3125,0.4575,0.955867101978,1
left,1,52,11140,1.77940483887e-64,0.5275,0.245432098765,0.6325,0.6975,0.7825,0.5775,0.55,0.86556558479,1
left,1,53,146557,2.05093655033e-74,-0.25,0.90024691358,0.73,0.6825,0.74,0.72,0.57,0.897484155944,0
left,1,54,2465,9.44774397992e-75,-0.25,0.815308641975,0.6675,0.7225,0.7225,0.7775,0.555,0.937007874016,1
left,1,55,70225,6.72733092993e-75,-0.25,0.795555555556,0.64,0.5925,0.805,0.58,0.5375,0.91165738429,1
left,1,56,41851,8.68984301021e-76,-0.25,0.88987654321,0.635,0.6425,0.65,0.6,0.3275,0.919339350874,1
left,1,57,19745,1.66924802e-83,-0.25,0.616790123457,0.8575,0.8925,0.8575,0.8575,0.625,0.671403879393,1
left,1,58,29338,3.31106930979e-85,-0.25,0.602962962963,0.69,0.7,0.615,0.6525,0.62,0.951987708853,1
left,1,59,2605,4.901548801e-125,-0.25,0.803456790123,0.34,0.34,0.59,0.3025,0.355,0.876742846169,1
left,1,60,130586,9.18025802517e-167,-0.25,0.741728395062,0.285,0.3575,0.4275,0.2075,0.25,0.892452467832,0
