user,id,mealScore,mealScore_pdf,mealScore_cdf,chargeScore,chargeScore_pdf,chargeScore_cdf,serviceScore,serviceScore_pdf,serviceScore_cdf,equipmentScore,equipmentScore_pdf,equipmentScore_cdf,distanceScore,distanceScore_pdf,distanceScore_cdf,roomScore,roomScore_pdf,roomScore_cdf,locationScore,locationScore_pdf,locationScore_cdf,bathScore,bathScore_pdf,bathScore_cdf,kinnennScore,kinnennScore_pdf,kinnennScore_cdf
31,101,0.6975,4.53606393783,0.47984958026611074,0.9297100057614741,3.00797971446,0.8628497019155369,0.73,5.84765719489,0.49740003084540485,0.655,4.90062485153,0.35342208745802006,0.9797530864197531,1.39403107386,0.9364361575962057,0.6000000000000001,1.76253348804,0.09153572531331533,0.9400000000000001,1.57931178975,0.9214625239635924,0.625,2.81511108095,0.4191149932688907,1.0,nan,0.0
31,192,0.6675,4.12581173901,0.34879601017452355,0.8213942769348951,5.08298251158,0.3465236523981104,0.66,3.43783650071,0.15039416042173887,0.63,4.09331555283,0.24028285809961603,0.755061728395061,2.74276220489,0.16350933090750785,0.6775,3.81318488784,0.30992786531482863,0.745,3.29169499894,0.2652881272024999,0.5325,1.97174499359,0.1916915518897675,1.0,nan,0.0
31,223,0.5825,1.79681011584,0.09453458973368868,0.8713654695602071,5.25114451774,0.6151107627475075,0.6775,4.33665785896,0.2184932697264926,0.6375000000000001,4.36986398179,0.2720342203984941,0.8103703703703701,4.15535540356,0.35759232106895267,0.605,1.89217742032,0.1006708529679789,0.605,0.524374219191,0.023609140437516676,0.5575,2.2689868926,0.24475858889662228,0.0,nan,0.0
31,388,0.7825000000000001,3.06299269104,0.8274156399988138,0.713885154599577,0.944377661096,0.030065972819755274,0.7675000000000001,5.03587145554,0.7062744347142296,0.7575000000000001,3.27250372476,0.8362448736155854,0.851358024691358,4.42824908696,0.5365301298053335,0.7675000000000001,3.81669855355,0.6821540167370409,0.915,2.21801543266,0.8741524870307783,0.675,2.83392207415,0.5618783862890856,1.0,nan,0.0
31,398,0.847499999999999,1.09085737942,0.9585510474270846,0.8828884194353751,4.94841541171,0.6739805227440845,0.66,3.43783650071,0.15039416042173887,0.635,4.28029123898,0.26122093791417217,0.720493827160493,1.74688358402,0.08626201973129749,0.6325000000000001,2.65478161064,0.16305614260418974,0.61,0.575912289011,0.026358300062002658,0.545,2.12383900624,0.21729467343963416,0.0,nan,0.0
31,462,0.7075,4.5637075852,0.5253981735920242,0.965469560207413,1.56009953407,0.9432907098587231,0.8300000000000001,2.01729650681,0.9271435684996299,0.7975000000000001,1.69300586156,0.9343792571439591,0.810864197530864,4.16369946873,0.3596464131719733,0.68,3.86327962795,0.31952390665220054,0.79,4.04108791186,0.432574991618743,0.64,2.85947795964,0.4617151005943241,1.0,nan,0.0
31,509,0.8225,1.75557683097,0.9233367860755305,0.6792778951411561,0.342090638022,0.009144573168300843,0.6950000000000001,5.11880325532,0.30149718421574123,0.6375000000000001,4.36986398179,0.2720342203984941,0.9125925925925921,3.29951554467,0.7807934730942101,0.6950000000000001,4.11296351327,0.37946036506458314,0.919999999999999,2.08482819856,0.8849088416262016,0.5125000000000001,1.72109269782,0.1547553259178598,0.0,nan,0.0
31,568,0.5675,1.43293480672,0.0703675517597667,0.786863837142308,3.76802689345,0.19194065454262269,0.7975000000000001,3.59982614527,0.8366706412955529,0.685,5.26897410094,0.5079104941291752,0.9432098765432091,2.38952477269,0.8679845266807914,0.6625,3.47117429005,0.2552131266240903,0.9450000000000001,1.46235506095,0.9290648492744489,0.865,0.900707532067,0.9351430535445617,1.0,nan,0.0
31,570,0.857499999999999,0.876889753094,0.9683640107294221,0.765700019204916,2.8026627317,0.12241887793866046,0.7825000000000001,4.36086835594,0.7769102299946264,0.754999999999999,3.37832303909,0.8279312784566755,0.946172839506172,2.30168004537,0.8749342843815062,0.8625,1.3904349279,0.929984303429021,0.8775000000000001,3.20977783061,0.7721172324346647,0.735,2.40826423784,0.721245976421516,1.0,nan,0.0
31,610,0.8225,1.75557683097,0.9233367860755305,0.880929517956596,5.00744019508,0.6642287802581073,0.725,5.83096237902,0.468190420342534,0.6875,5.26340339306,0.5210771651001187,0.899753086419753,3.64812114615,0.7361522841626202,0.7825000000000001,3.47952373214,0.7369550842715843,0.9175000000000001,2.15119544228,0.8796139151266782,0.615,2.7678382701,0.3911887865381318,0.0,nan,0.0
31,630,0.7725000000000001,3.38731072669,0.7951506283985653,0.9405031688112151,2.5301629567,0.8927165756731847,0.68,4.45869208938,0.22948799371805437,0.6375000000000001,4.36986398179,0.2720342203984941,0.7629629629629631,2.97853011676,0.18611365362031523,0.74,4.22467585798,0.5708607131492937,0.6875,1.90059841358,0.11589288178154211,0.5575,2.2689868926,0.24475858889662228,0.0,nan,0.0
31,658,0.63,3.15126325841,0.21134059441392825,0.656270405223737,0.153122255761,0.0036897294116909197,0.5775,0.467355692227,0.012170695835832064,0.54,0.880922468023,0.029741392617331223,0.65679012345679,0.518085524026,0.019189193966836028,0.59,1.51622964723,0.07515725491970797,0.665,1.41444158008,0.07873398983483892,0.47750000000000004,1.28970536848,0.10214730646723356,0.0,nan,0.0
31,659,0.62,2.85595110053,0.1813016389640746,0.531745726906087,0.00032715745692,5.067355790567943e-06,0.6125,1.30731037446,0.04138897367143042,0.5925,2.55254542899,0.11545369053105843,0.622222222222222,0.217659822057,0.007069106870300048,0.645,3.00724535946,0.19845233414862948,0.65,1.13439119884,0.05966533003874207,0.47750000000000004,1.28970536848,0.10214730646723356,0.0,nan,0.0
31,716,0.8025,2.39221131944,0.8819710005650505,0.7945073938928361,4.10579028884,0.22204213897199887,0.7225,5.81090444148,0.4536364703542766,0.715,4.83958112944,0.6614567806403384,0.819259259259259,4.28827572057,0.3951470916784136,0.8325,2.1274360859,0.8775880508140813,0.735,3.05925992095,0.23352178625020348,0.645,2.86695474098,0.4760327248322259,0.0,nan,0.0
31,767,0.7325,4.36852699451,0.6378330128358306,0.7599385442673321,2.54755571534,0.10700981638858782,0.6950000000000001,5.11880325532,0.30149718421574123,0.6625,5.06420389925,0.3908173436187707,0.9007407407407401,3.62269162939,0.7397428307862257,0.7000000000000001,4.17470523873,0.4001843126991308,0.8725,3.32986840163,0.755765964246063,0.5975,2.65349834904,0.34369589818127155,0.0,nan,0.0
31,839,0.735,4.32882279063,0.6487054230282626,0.782024198194737,3.54814893776,0.17423555755079587,0.8150000000000001,2.70962689883,0.89180708982961,0.7875000000000001,2.0497404669,0.9156949227403116,1.0,0.9621599621,0.96012071546639,0.845,1.8025240418,0.9021281968086249,0.925,1.95377844851,0.8950043346645884,0.7275,2.48280074693,0.7029014888493843,1.0,nan,0.0
31,858,0.5675,1.43293480672,0.0703675517597667,0.7714614941425001,3.06375265927,0.1393162717424476,0.61,1.22558211268,0.038223595827650426,0.635,4.28029123898,0.26122093791417217,0.631604938271604,0.279424427099,0.009391129850728017,0.65,3.14471249307,0.21383346167177086,0.6475000000000001,1.09146257091,0.056883239175094476,0.5525,2.21194783332,0.23355563352065928,0.0,nan,0.0
31,864,0.75,4.02213023313,0.7114779703607595,0.8713654695602071,5.25114451774,0.6151107627475075,0.6900000000000001,4.91510366767,0.2764045533296579,0.6375000000000001,4.36986398179,0.2720342203984941,0.899753086419753,3.64812114615,0.7361522841626202,0.71,4.26262087822,0.4424114205046633,0.919999999999999,2.08482819856,0.8849088416262016,0.5625,2.32444857026,0.2562428733816136,0.0,nan,0.0
31,922,0.4525,0.113125808017,0.003523148893583565,0.9174188592279621,3.56699780663,0.8224451790139314,0.605,1.0727150975,0.032483714625903964,0.595,2.6540335088,0.12196166898562892,0.5837037037037031,0.0697609412187,0.0019880233089719186,0.5750000000000001,1.18439342624,0.05496245998512213,0.6825,1.78651991597,0.10667636074995636,0.454999999999999,1.03547617608,0.076035650199546,1.0,nan,0.0
31,930,0.7125,4.55489838785,0.5482010403125834,0.56024582293067,0.00174869122276,2.9548588290753184e-05,0.78,4.48162223866,0.7658565788025987,0.75,3.5884576773,0.8105132149200254,0.750123456790123,2.59482624048,0.15033017744398425,0.7925000000000001,3.22488768446,0.7704928503711301,0.885,3.02104039756,0.7954885364873312,0.685,2.79389112229,0.5900291123018995,1.0,nan,0.0
31,995,0.7875000000000001,2.89610810778,0.8423142397182152,0.8674860764355671,5.32711732572,0.594587647204665,0.5775,0.467355692227,0.012170695835832064,0.51,0.389642180763,0.011449110606492882,0.7664197530864191,3.08048903301,0.19658632955995994,0.5325,0.514334773778,0.020266742086576344,0.65,1.13439119884,0.05966533003874207,0.52,1.81558442202,0.1680179761816663,1.0,nan,0.0
31,996,0.625,3.00403925111,0.19595178479413494,0.8703668139043591,5.27202658782,0.6098561751913903,0.65,2.92184022578,0.11860805744339747,0.6000000000000001,2.86009122062,0.1357454733679323,0.8390123456790121,4.44058403083,0.4816978189377493,0.6375000000000001,2.79669097127,0.17668508469116784,0.725,2.81598531881,0.20413902726927058,0.5325,1.97174499359,0.1916915518897675,0.0,nan,0.0
31,1119,0.5,0.385970899464,0.01431124072419905,0.8574227002112541,5.45669065115,0.5402430325350487,0.6000000000000001,0.933779782838,0.027473214966926403,0.545,0.994584034442,0.034426048212570906,0.8874074074074071,3.94077984006,0.6892561862391575,0.58,1.28964769948,0.06114526778645231,0.7325,2.99922213753,0.22594855268085323,0.5075000000000001,1.65812001029,0.14630734677087023,0.0,nan,0.0
31,1128,0.8700000000000001,0.652498133548,0.9778736296107686,0.858882273862108,5.44415025379,0.5481985857255041,0.7425,5.75284669666,0.570104539437605,0.6925,5.23506369417,0.5473328483586912,0.7935802469135801,3.81231072338,0.29055000283836474,0.6775,3.81318488784,0.30992786531482863,0.7725000000000001,3.8248261965,0.363580691928514,0.6025,2.69006086968,0.35705604135406344,1.0,nan,0.0
31,1186,0.5750000000000001,1.60926499538,0.08176854261916788,0.7987708853466481,4.28636306431,0.239934483425986,0.7225,5.81090444148,0.4536364703542766,0.6175,3.59233497887,0.1922077930950153,0.712592592592592,1.54356912439,0.07327096811062184,0.6625,3.47117429005,0.2552131266240903,0.67,1.51605491271,0.08605857791399922,0.65,2.87071876676,0.49037845927303214,0.0,nan,0.0
31,1356,0.79,2.81206703634,0.8494495134952023,0.704513155367774,0.733956648912,0.02223160198819466,0.7575000000000001,5.3971342078,0.6540373669398263,0.774999999999999,2.53941199014,0.8870562683764707,0.8316049382716041,4.40777596135,0.4489076609413545,0.8125,2.67788942533,0.8295714868071813,0.925,1.95377844851,0.8950043346645884,0.73,2.45849110651,0.7090782190482193,0.0,nan,0.0
31,1357,0.76,3.76109889102,0.7504270619227056,0.283887075091223,1.71877648507e-13,1.5262281040204873e-15,0.8025,3.34124129883,0.8540229432821485,0.78,2.33859581196,0.899248873132835,0.6083950617283951,0.147710547313,0.004569422462761172,0.8075000000000001,2.81704820264,0.8158339033935074,0.835,3.99886351104,0.6168710139627711,0.72,2.55225906826,0.6840166629222476,0.0,nan,0.0
31,1386,0.5825,1.79681011584,0.09453458973368868,0.694680238140964,0.553184301393,0.0159354431693413,0.6975,5.21321355386,0.31441330044797655,0.7025,5.11121068731,0.5991374065100086,0.866666666666666,4.29839604361,0.6034842249805334,0.7425,4.20124334023,0.5813937325735161,0.8600000000000001,3.60381126737,0.7123873155042165,0.6525000000000001,2.87120405861,0.49755605692367455,0.0,nan,0.0
31,1404,0.75,4.02213023313,0.7114779703607595,0.41317457269060803,5.45900980893e-08,6.25007490129832e-10,0.6725,4.08586027151,0.1974336782642787,0.6725,5.21077203228,0.4422634701301291,0.575802469135802,0.0540199164875,0.0015013525961575518,0.7875000000000001,3.35456206942,0.7540424610946972,0.75,3.40193226279,0.2820241266043046,0.77,2.0108636892,0.7987755644646048,0.0,nan,0.0
31,1500,0.6875,4.45043563896,0.4348704196192046,0.9097753024774341,3.90969815363,0.7938648679837157,0.73,5.84765719489,0.49740003084540485,0.5675,1.63010057002,0.06357321192258523,0.8859259259259251,3.97236237711,0.6833944968552257,0.5825,1.3443209299,0.0644374480455806,0.9375,1.6394007629,0.9174393485137753,0.387499999999999,0.456612557005,0.02735800256847757,0.0,nan,0.0
31,1501,0.55,1.06845964274,0.048578345527504625,0.8521605531015941,5.48379744545,0.5114453133427429,0.6425000000000001,2.54961144527,0.09810085843771935,0.505,0.335207206501,0.009639776333901545,0.775308641975308,3.33632898068,0.2251135653918224,0.6025,1.82686053154,0.09602225533269408,0.9450000000000001,1.46235506095,0.9290648492744489,0.4,0.541092462758,0.03358299974047571,0.0,nan,0.0
31,1511,0.6075,2.48763899776,0.14791101124969863,0.8636450931438441,5.38833903727,0.5740041552940263,0.6125,1.30731037446,0.04138897367143042,0.52,0.519971496189,0.015972119726546656,0.724444444444444,1.85303865803,0.09337205131903575,0.54,0.604345882456,0.024454785968162696,0.8700000000000001,3.38786939349,0.7473684896064146,0.5925,2.61401664546,0.33052592369922346,1.0,nan,0.0
31,1556,0.705,4.56241178944,0.5139897361515195,0.788745918955252,3.85251013507,0.19911200217072678,0.675,4.21224787658,0.20780668417613463,0.6625,5.06420389925,0.3908173436187707,0.675555555555555,0.780394923576,0.031247973350399538,0.705,4.2247355433,0.4211878927648911,0.7825000000000001,3.96254703742,0.4025474077108244,0.6525000000000001,2.87120405861,0.49755605692367455,1.0,nan,0.0
31,1630,0.8525,0.980006956229,0.9637249902787124,0.888611484540042,4.76020696206,0.7017728404837184,0.6525000000000001,3.04930211519,0.12607169856058603,0.6325000000000001,4.18802226262,0.25063501115196096,0.6335802469135801,0.2941098242,0.009957482074819599,0.6825,3.9111114748,0.3292423776014357,0.64,0.969209543206,0.04916184754910399,0.6075,2.72356962471,0.37059141669194373,0.0,nan,0.0
31,1667,0.75,4.02213023313,0.7114779703607595,0.660072978682542,0.176126472986,0.004314852453464108,0.68,4.45869208938,0.22948799371805437,0.6625,5.06420389925,0.3908173436187707,0.902222222222222,3.58406084505,0.7450812367249748,0.6175,2.23124008525,0.12642276979704606,0.8,4.10966374546,0.4733643007507632,0.49,1.44032144664,0.11920433595283608,0.0,nan,0.0
31,1680,0.784999999999999,2.97980469743,0.8349692599461465,0.8974841559439211,4.42826106974,0.7425684709246743,0.7925000000000001,3.85790653291,0.8180255116510073,0.6950000000000001,5.21238278757,0.5603933280593616,0.875061728395061,4.17677244636,0.6390825892237966,0.7275,4.29590377806,0.5175261193906662,0.8700000000000001,3.38786939349,0.7473684896064146,0.6975,2.72476705029,0.6245421281339845,1.0,nan,0.0
31,1725,0.615,2.70788929732,0.16739222639239582,0.84251968503937,5.45918053526,0.45861816699040053,0.685,4.69403568657,0.2523751034213862,0.6000000000000001,2.86009122062,0.1357454733679323,0.760987654320987,2.91985839651,0.1802880433710479,0.6475000000000001,3.07634878481,0.20605696837191,0.7425,3.23493568595,0.25712962788374144,0.625,2.81511108095,0.4191149932688907,1.0,nan,0.0
31,1764,0.7725000000000001,3.38731072669,0.7951506283985653,0.7307470712502401,1.42411039671,0.04984856939270367,0.7075,5.53334818719,0.368227003230466,0.67,5.18220535078,0.4292710999865997,0.880987654320987,4.07142309589,0.6635292704105535,0.7425,4.20124334023,0.5813937325735161,0.857499999999999,3.65328190101,0.7033155427656927,0.645,2.86695474098,0.4760327248322259,0.0,nan,0.0
31,1770,0.635,3.29667561632,0.2274614007494408,0.785327443825619,3.69858025757,0.18620478169334215,0.6025,1.00152608852,0.02989163529460623,0.5775,1.97539870136,0.0815708599335892,0.722962962962963,1.81290208756,0.09065658715486348,0.64,2.8672985868,0.18376513954569956,0.835,3.99886351104,0.6168710139627711,0.5525,2.21194783332,0.23355563352065928,0.0,nan,0.0
31,1799,0.8250000000000001,1.68150532951,0.9276328278649459,0.434415210293835,3.18317216627e-07,3.8247243657122165e-09,0.81,2.95823602263,0.8776402815086906,0.8400000000000001,0.61720430567,0.9808891425173545,0.7614814814814811,2.93454939322,0.1817335767452874,0.885,0.951367873765,0.9561275434324981,0.8,4.10966374546,0.4733643007507632,0.8500000000000001,1.05388298233,0.920499938979414,0.0,nan,0.0
31,1872,0.6075,2.48763899776,0.14791101124969863,0.683272517764547,0.389221547829,0.010603583629935964,0.66,3.43783650071,0.15039416042173887,0.6075,3.1739739788,0.15837096694198227,0.7866666666666661,3.64232973253,0.26477265529427274,0.6475000000000001,3.07634878481,0.20605696837191,0.9475,1.4055774375,0.93264952148895,0.52,1.81558442202,0.1680179761816663,0.0,nan,0.0
31,1927,0.5,0.385970899464,0.01431124072419905,0.814518916842711,4.87633411043,0.31226598608335626,0.66,3.43783650071,0.15039416042173887,0.5775,1.97539870136,0.0815708599335892,0.8172839506172841,4.26197895047,0.3867020820698409,0.5775,1.23633202635,0.057988078138363874,0.8400000000000001,3.93897790846,0.6367199319451224,0.52,1.81558442202,0.1680179761816663,0.0,nan,0.0
31,1996,0.62,2.85595110053,0.1813016389640746,0.8560015363933161,5.46681557473,0.5324807421628621,0.67,3.95788964629,0.1873787018483004,0.525,0.596943454916,0.018760946608993564,0.7866666666666661,3.64232973253,0.26477265529427274,0.495,0.210633036591,0.007360044463692161,0.7325,2.99922213753,0.22594855268085323,0.6000000000000001,2.67215315235,0.35035311643871453,0.0,nan,0.0
31,1997,0.7775000000000001,3.22717583345,0.8116888137506714,0.8905703860188201,4.69080583493,0.7110300318317059,0.6900000000000001,4.91510366767,0.2764045533296579,0.6625,5.06420389925,0.3908173436187707,0.493827160493827,0.00243217025531,5.3639808300670766e-05,0.685,3.95657983752,0.339077494337269,0.67,1.51605491271,0.08605857791399922,0.59,2.59322579102,0.3240167280346421,1.0,nan,0.0
31,2335,0.75,4.02213023313,0.7114779703607595,0.9059343191857111,4.07725891659,0.7785246987899915,0.675,4.21224787658,0.20780668417613463,0.5825,2.16077691294,0.09190803247527174,0.884444444444444,4.00310241126,0.6774866396995345,0.64,2.8672985868,0.18376513954569956,0.6900000000000001,1.9587404273,0.1207169101254803,0.485,1.37943286785,0.11215527297897734,0.0,nan,0.0
31,2465,-0.25,4.87548460205e-24,4.080968248806791e-26,0.937007874015748,2.68233617633,0.8836078207067202,0.7225,5.81090444148,0.4536364703542766,0.7775000000000001,2.43827938116,0.8932780977093288,0.8153086419753081,4.23379605849,0.37831088591824646,0.6675,3.59231791,0.2728745078635766,0.7225,2.75416828277,0.1971762799926057,0.555,2.24065293194,0.23912145937178209,1.0,nan,0.0
31,2605,-0.25,4.87548460205e-24,4.080968248806791e-26,0.8767428461686191,5.12354483506,0.6430163235578366,0.339999999999999,3.35933358022e-07,3.796837677411023e-09,0.3025,2.5300074583e-05,3.8690034988282025e-07,0.803456790123456,4.02749153117,0.32929428940268857,0.339999999999999,0.00136258074902,3.331212326785153e-05,0.59,0.391115104589,0.01678155460417956,0.355,0.28256382778,0.015517097109211276,1.0,nan,0.0
31,2876,0.6075,2.48763899776,0.14791101124969863,0.602458229306702,0.0156058830895,0.00030416158038716937,0.8400000000000001,1.61394151068,0.9452566053198787,0.794999999999999,1.77883698802,0.9300399396171192,0.886913580246913,3.9513995065,0.687307496218678,0.8174999999999991,2.53857337929,0.8426125381738963,0.9550000000000001,1.24250223284,0.9425728608359424,0.889999999999999,0.676159816535,0.9547708058851025,0.0,nan,0.0
31,2877,0.6875,4.45043563896,0.4348704196192046,0.748454004225081,2.06656061968,0.0805547930216554,0.635,2.19766241146,0.08031305469701669,0.75,3.5884576773,0.8105132149200254,0.845432098765432,4.44465594869,0.5102305084549356,0.6725,3.70662828771,0.2911249152258785,0.8075000000000001,4.13243208273,0.5042878558042823,0.635,2.8483152872,0.4474440891838902,1.0,nan,0.0
31,2958,0.6825,4.38727391849,0.41277073578474777,0.8905703860188201,4.69080583493,0.7110300318317059,0.65,2.92184022578,0.11860805744339747,0.59,2.45231902912,0.10919789013714623,0.9797530864197531,1.39403107386,0.9364361575962057,0.5325,0.514334773778,0.020266742086576344,0.8775000000000001,3.20977783061,0.7721172324346647,0.7475,2.27434808736,0.7505238541703051,0.0,nan,0.0
31,4771,0.6025,2.3431188207,0.13583507992784746,0.7637795275590551,2.71682959338,0.11711892336391311,0.705,5.462566291,0.354480754608443,0.635,4.28029123898,0.26122093791417217,0.79753086419753,3.90261400305,0.3057911153234398,0.705,4.2247355433,0.4211878927648911,0.8975000000000001,2.69082720022,0.8312028793499976,0.5175000000000001,1.78411041399,0.16351834913373697,1.0,nan,0.0
31,4778,0.7875000000000001,2.89610810778,0.8423142397182152,0.594814672556174,0.010775562664,0.00020437936853999009,0.6875,4.80655019543,0.26425162051515766,0.7125,4.90348164415,0.6492770120403393,0.941234567901234,2.44844610575,0.8632063254694045,0.774999999999999,3.65605251005,0.71018771567928,0.9400000000000001,1.57931178975,0.9214625239635924,0.6575000000000001,2.86938027996,0.5119090693619526,1.0,nan,0.0
31,4801,0.7075,4.5637075852,0.5253981735920242,0.8214326867678121,5.08403297381,0.34671890908500413,0.735,5.83297729031,0.5266146729870237,0.625,3.89763149924,0.22030229702201237,0.8103703703703701,4.15535540356,0.35759232106895267,0.64,2.8672985868,0.18376513954569956,0.764999999999999,3.69942236738,0.3353537642820049,0.6725,2.84172021215,0.5547836465595599,1.0,nan,0.0
31,4805,0.7675000000000001,3.54204439455,0.7778247093315437,0.7753024774342231,3.23972317997,0.1514217485890612,0.7725000000000001,4.82563392698,0.7309354171771041,0.74,3.99559039836,0.7725737645805231,0.940246913580246,2.47799515994,0.8607735193722098,0.8400000000000001,1.92990948988,0.8927986825573426,0.9125000000000001,2.28520222878,0.8685235322013833,0.6975,2.72476705029,0.6245421281339845,0.0,nan,0.0
31,4819,0.6025,2.3431188207,0.13583507992784746,0.8751680430190121,5.16349948893,0.6349160142053552,0.6725,4.08586027151,0.1974336782642787,0.6725,5.21077203228,0.4422634701301291,0.884444444444444,4.00310241126,0.6774866396995345,0.715,4.28803570332,0.46379331108498567,0.7225,2.75416828277,0.1971762799926057,0.56,2.29692648094,0.25046606518820136,0.0,nan,0.0
31,4977,0.64,3.43927883925,0.24430267099583833,0.7945073938928361,4.10579028884,0.22204213897199887,0.71,5.59749219179,0.38214196330605876,0.725,4.54201552064,0.7084178040080811,0.7970370370370371,3.89162086873,0.3038666093251984,0.685,3.95657983752,0.339077494337269,0.8500000000000001,3.78936569056,0.6753936460931776,0.705,2.67374494191,0.6447908403798066,1.0,nan,0.0
31,5024,0.67,4.17622351542,0.35917407716793615,0.9289802189360471,3.04097719087,0.8606424809567608,0.7000000000000001,5.30219560577,0.3275587279961886,0.6525000000000001,4.83674964327,0.34124944155071146,0.9032098765432091,3.55799439819,0.7486081977244214,0.7625000000000001,3.91348981917,0.6628248738253899,0.7425,3.23493568595,0.25712962788374144,0.495,1.50192004647,0.1265596712738672,1.0,nan,0.0
31,5041,0.75,4.02213023313,0.7114779703607595,0.7061647781832141,0.768243856645,0.023471975441647478,0.41000000000000003,8.00803391128e-05,1.0922064091742221e-06,0.454999999999999,0.0593994157339,0.001406412989420879,0.8246913580246911,4.3505694129,0.4186173682127333,0.47750000000000004,0.132448428006,0.004403636064315112,0.6375000000000001,0.930635470334,0.046787267482064784,0.36250000000000004,0.317221993511,0.017764343620789366,0.0,nan,0.0
31,5303,0.25,2.65612285613e-05,4.7123862976444134e-07,0.865603994622623,5.35889100539,0.5845311462019402,0.75,5.60580431102,0.6127398995837104,0.47250000000000003,0.114022353137,0.002878323836143124,0.78716049382716,3.65493168083,0.26657445096874016,0.5,0.239190418499,0.00848331866670905,0.8600000000000001,3.60381126737,0.7123873155042165,0.6950000000000001,2.74022206826,0.6177107262974999,1.0,nan,0.0
31,5309,0.6950000000000001,4.51994335614,0.46852882007436847,0.8444785865181481,5.47195486329,0.4693253186266034,0.6975,5.21321355386,0.31441330044797655,0.6900000000000001,5.25208836179,0.5342227236333099,0.9041975308641971,3.53168732258,0.752109294588158,0.6950000000000001,4.11296351327,0.37946036506458314,0.7675000000000001,3.74316404813,0.3446573863887168,0.585,2.54963829673,0.31115847501788474,0.0,nan,0.0
31,5385,0.7625000000000001,3.69003839314,0.7597414192093497,0.9020933358939881,4.24025341894,0.7625493472137727,0.6075,1.14738995243,0.03525811597829914,0.5875,2.35351661061,0.10319090842389189,0.9446913580246911,2.34551362705,0.8714919418966236,0.6000000000000001,1.76253348804,0.09153572531331533,0.8425,3.9052093113,0.6465256870277415,0.5075000000000001,1.65812001029,0.14630734677087023,0.0,nan,0.0
31,5562,0.6875,4.45043563896,0.4348704196192046,0.256769733051661,7.900332141e-15,6.697986743018332e-17,0.8025,3.34124129883,0.8540229432821485,0.774999999999999,2.53941199014,0.8870562683764707,0.9111111111111111,3.34148554725,0.7758741660877952,0.8200000000000001,2.46910934394,0.8488720976972263,0.9575,1.19066581754,0.9456140517853786,0.7575000000000001,2.16011831331,0.7727007320708013,0.0,nan,0.0
31,5627,0.6675,4.12581173901,0.34879601017452355,0.8681774534280771,5.31460133165,0.5982663928512018,0.59,0.696005502462,0.01936763091671705,0.5225000000000001,0.5574193081,0.017318432230296346,0.7688888888888881,3.15260136574,0.20428164171437851,0.66,3.40833669464,0.24661344410603836,0.59,0.391115104589,0.01678155460417956,0.5675,2.37814847376,0.2680001381566759,1.0,nan,0.0
31,5729,0.5,0.385970899464,0.01431124072419905,0.696216631457653,0.578887193632,0.016804980424154254,0.5,0.0183261692745,0.000338019673332179,0.5225000000000001,0.5574193081,0.017318432230296346,0.826172839506172,4.36494289137,0.4250734438197422,0.545,0.670727992365,0.027640292767902704,0.6375000000000001,0.930635470334,0.046787267482064784,0.41000000000000003,0.616131433837,0.0393635399903964,0.0,nan,0.0
31,7055,0.8075000000000001,2.22719574525,0.8935183571720345,0.8713654695602071,5.25114451774,0.6151107627475075,0.54,0.115090568672,0.0025045626359511846,0.47250000000000003,0.114022353137,0.002878323836143124,0.7412345679012341,2.33065843332,0.12844241135163814,0.5675,1.03697729948,0.04664024268115921,0.6375000000000001,0.930635470334,0.046787267482064784,0.464999999999999,1.14537597326,0.08693545893498543,0.0,nan,0.0
31,7341,0.5,0.385970899464,0.01431124072419905,0.8636835029767621,5.38779755089,0.574211110101578,0.7000000000000001,5.30219560577,0.3275587279961886,0.6125,3.38394583286,0.17476602891286527,0.8864197530864191,3.96192731239,0.685353584563726,0.754999999999999,4.04115701346,0.6329811724316196,0.7675000000000001,3.74316404813,0.3446573863887168,0.6025,2.69006086968,0.35705604135406344,0.0,nan,0.0
31,7342,0.59,1.99457321427,0.10874626699627571,0.8137507201843671,4.85106521362,0.3085296817205153,0.5875,0.644486209184,0.017692649865434687,0.545,0.994584034442,0.034426048212570906,0.9061728395061721,3.47838382133,0.7590329693626021,0.56,0.902297096159,0.03937593808776437,0.847499999999999,3.83033318105,0.6658685451876156,0.52,1.81558442202,0.1680179761816663,1.0,nan,0.0
31,7343,0.6325000000000001,3.22425715795,0.21931010185780064,0.8559631265603991,5.46706054393,0.5322707579805954,0.7075,5.53334818719,0.368227003230466,0.6875,5.26340339306,0.5210771651001187,0.9619753086419751,1.85019696455,0.907694849773073,0.715,4.28803570332,0.46379331108498567,0.9125000000000001,2.28520222878,0.8685235322013833,0.665,2.8596831951,0.5333982608709505,0.0,nan,0.0
31,7588,0.6025,2.3431188207,0.13583507992784746,0.8559631265603991,5.46706054393,0.5322707579805954,0.6950000000000001,5.11880325532,0.30149718421574123,0.6725,5.21077203228,0.4422634701301291,0.958024691358024,1.95974563562,0.9001698840882276,0.6175,2.23124008525,0.12642276979704606,0.8150000000000001,4.129831325,0.5352873193434748,0.845,1.10774474199,0.91509642309406,1.0,nan,0.0
31,7599,0.75,4.02213023313,0.7114779703607595,0.8646437487996921,5.37379206083,0.5793780678021153,0.6000000000000001,0.933779782838,0.027473214966926403,0.5625,1.47141798711,0.0558234566357622,0.9456790123456791,2.31627023412,0.8737940506349462,0.5675,1.03697729948,0.04664024268115921,0.9500000000000001,1.34998687488,0.936093725792373,0.5325,1.97174499359,0.1916915518897675,1.0,nan,0.0
31,7903,0.75,4.02213023313,0.7114779703607595,0.8857307470712501,4.85776832122,0.6879180837632775,0.68,4.45869208938,0.22948799371805437,0.6425000000000001,4.53990364627,0.2943139770252913,0.6716049382716051,0.718477184431,0.02828845248216369,0.645,3.00724535946,0.19845233414862948,0.64,0.969209543206,0.04916184754910399,0.5375,2.03323013303,0.20170429822546374,1.0,nan,0.0
31,8207,0.6625,4.01778068251,0.3284331695746288,0.8859612060687531,4.85016880902,0.6890367251950695,0.6975,5.21321355386,0.31441330044797655,0.7375,4.09311303788,0.7624624476738413,0.7046913580246911,1.35350850139,0.061834867129156375,0.6575000000000001,3.34414965522,0.23817256770958106,0.7775000000000001,3.89816453255,0.38289177267686936,0.54,2.063672052,0.20682547171413085,0.0,nan,0.0
31,8290,0.8925000000000001,0.359645781821,0.989010483240613,0.783022853850585,3.59376171883,0.17780172046542164,0.77,4.93291846906,0.7187363635429868,0.7825000000000001,2.24051722366,0.9049724145764788,0.8898765432098761,3.88633483934,0.6989197472031721,0.8325,2.1274360859,0.8775880508140813,0.8300000000000001,4.04819207259,0.5967488968680892,0.75,2.24631353873,0.756174759404086,0.0,nan,0.0
31,8961,0.535,0.809825688251,0.034552923972662596,0.73309007105819,1.5012274906,0.05327511067603453,0.6625,3.56833151817,0.15915184989192133,0.6325000000000001,4.18802226262,0.25063501115196096,0.835555555555555,4.42899524987,0.4663657954793277,0.6025,1.82686053154,0.09602225533269408,0.9075000000000001,2.42031636912,0.8567600445164265,0.5325,1.97174499359,0.1916915518897675,0.0,nan,0.0
31,9191,0.5825,1.79681011584,0.09453458973368868,0.8905319761859031,4.69218938741,0.7108498321894736,0.685,4.69403568657,0.2523751034213862,0.605,3.06898158002,0.15056731093630615,0.28098765432098705,1.72029462383e-08,2.44485113200291e-10,0.63,2.58370234465,0.1565080392523047,0.6825,1.78651991597,0.10667636074995636,0.5925,2.61401664546,0.33052592369922346,0.0,nan,0.0
31,9518,0.75,4.02213023313,0.7114779703607595,0.8706740925676971,5.26569789456,0.6114751863438754,0.7000000000000001,5.30219560577,0.3275587279961886,0.625,3.89763149924,0.22030229702201237,0.919012345679012,3.11376668751,0.8013823968824683,0.725,4.30071879537,0.5067796773489057,0.8500000000000001,3.78936569056,0.6753936460931776,0.675,2.83392207415,0.5618783862890856,1.0,nan,0.0
31,10630,0.58,1.73310389349,0.09012243872853146,0.6800845016324181,0.351211424353,0.009424170955093212,0.7275,5.84322852053,0.4827847882166684,0.6675,5.14817721006,0.4163569950716327,0.7698765432098761,3.18124689919,0.20740947805514345,0.7225,4.30234203505,0.4960251854313132,0.867499999999999,3.44436651694,0.7388278705546558,0.7075,2.65523886302,0.6514522221693784,1.0,nan,0.0
31,10672,-0.25,4.87548460205e-24,4.080968248806791e-26,0.8137507201843671,4.85106521362,0.3085296817205153,0.6075,1.14738995243,0.03525811597829914,0.535,0.776990905483,0.025600601864265424,0.72395061728395,1.83961713376,0.09246028619575837,0.6425000000000001,2.93752237971,0.1910212578304021,0.9275,1.88925012977,0.8998079691637555,0.5,1.5640940316,0.13422449583230453,0.0,nan,0.0
31,11039,0.715,4.54477031639,0.5595764216122282,0.7560975609756091,2.38207378662,0.09754382726921482,0.735,5.83297729031,0.5266146729870237,0.7625000000000001,3.06057140271,0.852077463528499,0.0,5.67335635345e-19,5.436068257643634e-21,0.8425,1.86574585671,0.8975430615504587,0.8125,4.13353975823,0.524957512574669,0.72,2.55225906826,0.6840166629222476,1.0,nan,0.0
31,11140,0.5275000000000001,0.698725388844,0.02890325911978798,0.865565584789706,5.35950414614,0.584325300313938,0.6975,5.21321355386,0.31441330044797655,0.5775,1.97539870136,0.0815708599335892,0.245432098765432,1.38594132328e-09,1.8574046041923785e-11,0.6325000000000001,2.65478161064,0.16305614260418974,0.7825000000000001,3.96254703742,0.4025474077108244,0.55,2.18289490711,0.22806201006276167,1.0,nan,0.0
31,11230,0.6825,4.38727391849,0.41277073578474777,0.7756865757633951,3.25736067884,0.15266950798782558,0.74,5.78718810854,0.5556779272912367,0.6725,5.21077203228,0.4422634701301291,0.8301234567901231,4.39764877745,0.44238497896855483,0.6950000000000001,4.11296351327,0.37946036506458314,0.8975000000000001,2.69082720022,0.8312028793499976,0.6125,2.75390040633,0.38428644035914317,1.0,nan,0.0
31,11275,0.8250000000000001,1.68150532951,0.9276328278649459,0.45938160169003206,2.25519196976e-06,2.87636043585407e-08,0.8225,2.35190404301,0.9107749647070111,0.7875000000000001,2.0497404669,0.9156949227403116,0.8740740740740741,4.19281007211,0.6349494252640075,0.8775000000000001,1.08570920825,0.9484960781259051,0.8775000000000001,3.20977783061,0.7721172324346647,0.8200000000000001,1.39470838992,0.8838715997511768,1.0,nan,0.0
31,12534,0.6900000000000001,4.47705495279,0.44603048756276475,0.8021893604762821,4.42577271029,0.2548270861432574,0.665,3.69874822527,0.16823575309992295,0.6475000000000001,4.69615756601,0.3174102746367592,0.895308641975308,3.75911278526,0.7196896144464651,0.6525000000000001,3.21221524311,0.22177981339218994,0.735,3.05925992095,0.23352178625020348,0.5625,2.32444857026,0.2562428733816136,0.0,nan,0.0
31,14112,0.715,4.54477031639,0.5595764216122282,0.777222969080084,3.32793622417,0.15772830783281871,0.754999999999999,5.47312564523,0.6404482501602302,0.75,3.5884576773,0.8105132149200254,0.869135802469135,4.26614563589,0.6140583519892395,0.77,3.76510304956,0.6916316947255561,0.8174999999999991,4.12327721092,0.5456042976295252,0.705,2.67374494191,0.6447908403798066,0.0,nan,0.0
31,15812,0.5475,1.02191257661,0.04596566918787952,0.7657384290378331,2.80438654095,0.12252656085066638,0.62,1.57368991349,0.05217292900833413,0.5750000000000001,1.88575509319,0.07674485821483758,0.8222222222222221,4.32410301833,0.4079072547222116,0.5675,1.03697729948,0.04664024268115921,0.7125,2.50551795293,0.17087711434788574,0.5,1.5640940316,0.13422449583230453,1.0,nan,0.0
31,15877,0.375,0.0085179752767,0.0002072232476233113,0.9789130017284421,1.14591819728,0.9613875622053218,0.545,0.141245720128,0.003143467071408261,0.47000000000000003,0.104197184012,0.002605710704280691,0.741728395061728,2.34520037419,0.12959694355493884,0.43999999999999906,0.0445655185,0.0013464901001165057,0.764999999999999,3.69942236738,0.3353537642820049,0.4325,0.809474253231,0.05533825176796979,1.0,nan,0.0
31,15878,0.6925,4.50025024118,0.4572528408238906,0.769541002496639,2.97622930802,0.13351646874132087,0.75,5.60580431102,0.6127398995837104,0.6975,5.18411746999,0.5733901081189822,0.8696296296296291,4.25933670448,0.6161634142357125,0.7025,4.20121387903,0.41065482813736387,0.8,4.10966374546,0.4733643007507632,0.65,2.87071876676,0.49037845927303214,0.0,nan,0.0
31,16373,0.6675,4.12581173901,0.34879601017452355,0.880929517956596,5.00744019508,0.6642287802581073,0.6925,5.01931263396,0.28882351816431234,0.6925,5.23506369417,0.5473328483586912,0.6641975308641971,0.612158079792,0.023367930221268585,0.65,3.14471249307,0.21383346167177086,0.7000000000000001,2.19750894166,0.14149060278820108,0.5975,2.65349834904,0.34369589818127155,1.0,nan,0.0
31,17703,0.0,6.30690579657e-13,7.189414128803271e-15,0.9251008258114071,3.21717252427,0.8485039296783576,0.605,1.0727150975,0.032483714625903964,0.635,4.28029123898,0.26122093791417217,0.9827160493827161,1.3246637506,0.940463349608851,0.76,3.95847907988,0.6529844222202392,0.595,0.432131536293,0.0188383090540137,0.42750000000000005,0.763598555542,0.051406252993960865,1.0,nan,0.0
31,17743,0.5,0.385970899464,0.01431124072419905,0.8367966199347031,5.39951548556,0.42752990444445615,0.665,3.69874822527,0.16823575309992295,0.6725,5.21077203228,0.4422634701301291,0.8755555555555551,4.16858670816,0.6411431762865332,0.6825,3.9111114748,0.3292423776014357,0.784999999999999,3.99119763673,0.4124900922093129,0.6625,2.86384006112,0.5262436648518485,0.0,nan,0.0
31,17938,0.5,0.385970899464,0.01431124072419905,0.9558671019781061,1.90502616011,0.9266851615719676,0.4375,0.000509983131627,7.563648387772776e-06,0.3125,4.71424688535e-05,7.383200386742359e-07,0.908148148148148,3.42421563827,0.765850488489248,0.262499999999999,5.17985715715e-05,1.0943784073185934e-06,0.7125,2.50551795293,0.17087711434788574,0.4575,1.06244546422,0.0786579797611631,1.0,nan,0.0
31,17979,0.7125,4.55489838785,0.5482010403125834,0.87866333781448,5.07203210643,0.6528070668369924,0.7325,5.84423428372,0.512016530324103,0.6525000000000001,4.83674964327,0.34124944155071146,0.752592592592592,2.66877072653,0.15682842433805222,0.6825,3.9111114748,0.3292423776014357,0.6775,1.67566404185,0.09802230883014819,0.49,1.44032144664,0.11920433595283608,1.0,nan,0.0
31,18166,0.6125,2.63412957409,0.16071475810113478,0.8275398502016511,5.23516289359,0.37824575978519276,0.64,2.42975367098,0.09187714695220543,0.5875,2.35351661061,0.10319090842389189,0.997037037037037,1.0190846778,0.9571860760164868,0.6625,3.47117429005,0.2552131266240903,0.8825000000000001,3.08495430425,0.7878558535162488,0.5625,2.32444857026,0.2562428733816136,0.0,nan,0.0
31,18246,0.774999999999999,3.3078339677,0.8035198230290708,0.9107355483003641,3.86722363219,0.7975987629635548,0.7525000000000001,5.54277287804,0.626677026149062,0.784999999999999,2.14418792779,0.910452917321968,0.9624691358024691,1.83668828553,0.9086051900575526,0.78,3.53993969841,0.7281804476236373,0.8725,3.32986840163,0.755765964246063,0.77,2.0108636892,0.7987755644646048,1.0,nan,0.0
31,18248,0.9175000000000001,0.168523121952,0.995366544843291,0.9520261186863831,2.05356107237,0.9190845528907572,0.8625,0.904649556889,0.9730696404471636,0.7475,3.69227082502,0.8014120857472484,0.8562962962962961,4.39992820259,0.5583335318507411,0.7725000000000001,3.71151741584,0.7009778734672945,0.9075000000000001,2.42031636912,0.8567600445164265,0.8174999999999991,1.42473822349,0.8803473320443846,0.0,nan,0.0
31,18270,0.645,3.57803403805,0.26184777751692323,0.779181870558863,3.41790221618,0.16433553678628945,0.7425,5.75284669666,0.570104539437605,0.6775,5.25115705847,0.4684276832662615,0.9501234567901231,2.18581267676,0.8837979420231084,0.764999999999999,3.86619580945,0.6725499505845827,0.7925000000000001,4.06220889011,0.442704653348162,0.6275000000000001,2.82475418261,0.4261650092242223,1.0,nan,0.0
31,18297,0.75,4.02213023313,0.7114779703607595,0.7647397733819851,2.75965643698,0.11974829493071196,0.745,5.71105143212,0.5844359484288062,0.745,3.79490523925,0.7920528429816676,0.853333333333333,4.41850617043,0.5452680155051999,0.7525000000000001,4.07866341271,0.6228308494889103,0.8525,3.74614640769,0.6848134970264596,0.7275,2.48280074693,0.7029014888493843,0.0,nan,0.0
31,18311,0.75,4.02213023313,0.7114779703607595,0.814518916842711,4.87633411043,0.31226598608335626,0.58,0.507498668824,0.013388714323922843,0.382499999999999,0.00235584340527,4.431183665864112e-05,0.838024691358024,4.43794156744,0.47731331773315644,0.42000000000000004,0.0237019628432,0.0006837555115389195,0.8300000000000001,4.04819207259,0.5967488968680892,0.41750000000000004,0.676817500087,0.044209733730735404,1.0,nan,0.0
31,18312,1.0,0.00678118166246,0.9998598250058323,0.9389667754945261,2.5966891512,0.888778221295472,0.6525000000000001,3.04930211519,0.12607169856058603,0.48250000000000004,0.161844207584,0.004245583574423477,0.7891358024691351,3.70466051644,0.27384336542804744,0.5275000000000001,0.460399629926,0.01783186846988287,0.9025000000000001,2.55578859176,0.844319769342853,0.48250000000000004,1.34929465665,0.10874440874582034,1.0,nan,0.0
31,18319,0.47750000000000004,0.222985524597,0.007595166725088571,0.9348185135394661,2.77904658665,0.8776295314736151,0.48250000000000004,0.00733714813666,0.0001267567155093211,0.485,0.176203544551,0.004667925003540926,0.8538271604938271,4.41573911069,0.5474493160760734,0.53,0.486778476407,0.019015598811905732,0.7525000000000001,3.45521540432,0.2905958330031605,0.615,2.7678382701,0.3911887865381318,0.0,nan,0.0
31,18392,0.5775,1.67057657795,0.08586808773235398,0.812944113693105,4.82409109013,0.3046276296560972,0.5975,0.869422347589,0.02521991205249773,0.5775,1.97539870136,0.0815708599335892,0.655308641975308,0.500679312581,0.018434609925133193,0.595,1.63707917501,0.08303853135488255,0.725,2.81598531881,0.20413902726927058,0.52,1.81558442202,0.1680179761816663,1.0,nan,0.0
31,18476,0.75,4.02213023313,0.7114779703607595,0.8598041098521221,5.43511860747,0.5532131023884862,0.784999999999999,4.23772934281,0.7876589330221087,0.7075,5.01726971495,0.624467143488785,0.8730864197530861,4.2083979407,0.6308006433239717,0.73,4.28791048571,0.5282565474755541,0.8925000000000001,2.82460570031,0.8174135960563034,0.6875,2.78172324812,0.5969988068386781,1.0,nan,0.0
31,18739,0.6875,4.45043563896,0.4348704196192046,0.869829076243518,5.28289393466,0.6070182741719085,0.745,5.71105143212,0.5844359484288062,0.6925,5.23506369417,0.5473328483586912,0.7308641975308641,2.03114887805,0.10583632884277484,0.754999999999999,4.04115701346,0.6329811724316196,0.847499999999999,3.83033318105,0.6658685451876156,0.5875,2.57175988712,0.31756035729957843,0.0,nan,0.0
31,18763,-0.25,4.87548460205e-24,4.080968248806791e-26,0.928596120606875,3.05836703947,0.8594711074727543,0.5825,0.550332203819,0.014710431378339234,0.29250000000000004,1.33633771617e-05,1.9964282115189066e-07,0.955555555555555,2.02946493312,0.8952451204632224,0.29250000000000004,0.000195090356253,4.356545738335198e-06,0.9575,1.19066581754,0.9456140517853786,0.5,1.5640940316,0.13422449583230453,1.0,nan,0.0
31,19718,0.875,0.575657986844,0.9809410422322188,0.640868062223929,0.0843904671554,0.0019060232929693642,0.9225000000000001,0.11500851974,0.997440415742694,0.6925,5.23506369417,0.5473328483586912,0.8444444444444441,4.44551014097,0.5058402586593607,0.77,3.76510304956,0.6916316947255561,0.905,2.4880562916,0.8506245873881193,0.635,2.8483152872,0.4474440891838902,0.0,nan,0.0
31,19745,-0.25,4.87548460205e-24,4.080968248806791e-26,0.6714038793931241,0.262846219902,0.006774239922981543,0.8925000000000001,0.354399106365,0.9909601688975974,0.857499999999999,0.371473744786,0.9893967354261821,0.6167901234567901,0.187430636253,0.005970577514008949,0.857499999999999,1.50232130601,0.9227544775603362,0.857499999999999,3.65328190101,0.7033155427656927,0.625,2.81511108095,0.4191149932688907,1.0,nan,0.0
31,20639,0.5825,1.79681011584,0.09453458973368868,0.864298060303437,5.37893759975,0.5775195169798828,0.5275000000000001,0.0673285844451,0.0013877929128535784,0.4425,0.0361651577608,0.000819865568794443,0.972345679012345,1.57613738578,0.9254430215934759,0.41500000000000004,0.0201341202247,0.0005743886536492656,0.81,4.1344041209,0.5146219907795302,0.3375,0.213238369202,0.011201453751301934,1.0,nan,0.0
31,25302,0.5,0.385970899464,0.01431124072419905,0.7191088918763201,1.07885338049,0.0353449149624643,0.5125000000000001,0.0338040465754,0.0006549315376197309,0.48750000000000004,0.191640611844,0.00512749935724776,0.925925925925925,2.90859588258,0.8222027531563626,0.5625,0.945773087741,0.04168573105175366,0.725,2.81598531881,0.20413902726927058,0.39,0.472692722411,0.028519550132819205,0.0,nan,0.0
31,27972,0.6675,4.12581173901,0.34879601017452355,0.850240061455732,5.48657003549,0.5009104520925944,0.7525000000000001,5.54277287804,0.626677026149062,0.7025,5.11121068731,0.5991374065100086,0.779753086419753,3.45943780358,0.24021668589629191,0.7775000000000001,3.59882154436,0.7192566642463127,0.827499999999999,4.06878529555,0.5866021030696449,0.6675,2.85460730489,0.5405413149492067,0.0,nan,0.0
31,28024,0.9175000000000001,0.168523121952,0.995366544843291,0.658382946034184,0.16556159948,0.004026199100360459,1.0,0.00263426398793,0.9999561799625512,0.899999999999999,0.0866293028568,0.9979263144629291,0.8562962962962961,4.39992820259,0.5583335318507411,0.8500000000000001,1.6791219645,0.9108305657319097,1.0,0.514123476414,0.9804728453696925,1.0,0.132652406202,0.993274533982892,1.0,nan,0.0
31,28466,0.61,2.56068179018,0.15422131845384926,0.7730362972921061,3.13578535776,0.14419777128333916,0.665,3.69874822527,0.16823575309992295,0.68,5.26283830829,0.4815713686951365,0.9456790123456791,2.31627023412,0.8737940506349462,0.68,3.86327962795,0.31952390665220054,0.9575,1.19066581754,0.9456140517853786,0.5875,2.57175988712,0.31756035729957843,1.0,nan,0.0
31,28484,0.605,2.41508990496,0.141782711926428,0.8394468984059921,5.43124991415,0.4418837266928659,0.6375000000000001,2.31237349049,0.08595002487184554,0.625,3.89763149924,0.22030229702201237,0.9358024691358021,2.61149047782,0.8494638144000546,0.5675,1.03697729948,0.04664024268115921,0.8600000000000001,3.60381126737,0.7123873155042165,0.61,2.7391395984,0.37741997031386965,1.0,nan,0.0
31,28512,0.827499999999999,1.60896455295,0.9317455885321018,0.814518916842711,4.87633411043,0.31226598608335626,0.764999999999999,5.13412207821,0.6935609252158312,0.6775,5.25115705847,0.4684276832662615,0.9906172839506171,1.1498776349,0.9502294184446822,0.725,4.30071879537,0.5067796773489057,0.7525000000000001,3.45521540432,0.2905958330031605,0.635,2.8483152872,0.4474440891838902,0.0,nan,0.0
31,28570,0.7225,4.49156300174,0.593483985324307,0.957787593623967,1.83294351967,0.9302742922715646,0.4625,0.00237148318043,3.818409454761364e-05,0.5,0.287189354014,0.008086343543737332,0.7214814814814811,1.77315679047,0.08800029634669773,0.47500000000000003,0.123662598551,0.004083607364321331,0.6375000000000001,0.930635470334,0.046787267482064784,0.4325,0.809474253231,0.05533825176796979,0.0,nan,0.0
31,28894,0.5,0.385970899464,0.01431124072419905,0.9097753024774341,3.90969815363,0.7938648679837157,0.6475000000000001,2.7958951383,0.11146123292908588,0.62,3.69532512392,0.2013175789903573,0.7851851851851851,3.60413240327,0.25940483399035685,0.67,3.65038567908,0.2819282555546867,0.705,2.31982391765,0.1527832905356093,0.459999999999999,1.08975819696,0.08134816374026449,1.0,nan,0.0
31,29183,0.5825,1.79681011584,0.09453458973368868,0.8598041098521221,5.43511860747,0.5532131023884862,0.6900000000000001,4.91510366767,0.2764045533296579,0.635,4.28029123898,0.26122093791417217,0.84,4.44268997964,0.48608466511223136,0.6475000000000001,3.07634878481,0.20605696837191,0.8225,4.10165599925,0.5661713481439826,0.5825,2.52688086685,0.3048126956947851,1.0,nan,0.0
31,29184,0.5375,0.849517151065,0.036626822034853665,0.8626848473209141,5.40140535047,0.5688236792483531,0.62,1.57368991349,0.05217292900833413,0.5700000000000001,1.71302885414,0.06775163492485871,0.8222222222222221,4.32410301833,0.4079072547222116,0.5725,1.13384750099,0.052064950339643,0.774999999999999,3.86257656953,0.3731903876005037,0.449999999999999,0.982602548099,0.07099105415543036,1.0,nan,0.0
31,29229,0.4375,0.0726436629867,0.002149123469940439,0.846360668331092,5.4805072866,0.47963260697385124,0.36750000000000005,3.28740031745e-06,3.984714315869761e-08,0.34750000000000003,0.00036732555451,6.280354233569533e-06,0.8493827160493821,4.43586161296,0.527775100918448,0.34750000000000003,0.00182075666354,4.517127092378498e-05,0.7725000000000001,3.8248261965,0.363580691928514,0.3075,0.126760689356,0.006193741405113017,0.0,nan,0.0
31,29338,-0.25,4.87548460205e-24,4.080968248806791e-26,0.9519877088534661,2.05507487247,0.9190056468824375,0.7000000000000001,5.30219560577,0.3275587279961886,0.6525000000000001,4.83674964327,0.34124944155071146,0.602962962962962,0.126037727278,0.003827242597223123,0.6900000000000001,4.04004547515,0.35907330996334313,0.615,0.631256645677,0.02937460774351937,0.62,2.79319377838,0.40509278039882457,1.0,nan,0.0
31,29381,0.5325,0.771473578392,0.03257657741608552,0.7350105627040521,1.56630576732,0.05622042919090653,0.625,1.76864707389,0.06052309204026819,0.595,2.6540335088,0.12196166898562892,0.5051851851851851,0.00392378493917,8.910874263532239e-05,0.67,3.65038567908,0.2819282555546867,0.66,1.31687667073,0.07190741234546962,0.55,2.18289490711,0.22806201006276167,1.0,nan,0.0
31,29764,0.6000000000000001,2.27180561811,0.1300665694644118,0.8482811599769541,5.48545841144,0.490163241074165,0.7425,5.75284669666,0.570104539437605,0.68,5.26283830829,0.4815713686951365,0.829629629629629,4.39401234557,0.4402141930956077,0.7225,4.30234203505,0.4960251854313132,0.774999999999999,3.86257656953,0.3731903876005037,0.5875,2.57175988712,0.31756035729957843,1.0,nan,0.0
31,30094,0.625,3.00403925111,0.19595178479413494,0.91937776070674,3.47798216873,0.8293454358246863,0.675,4.21224787658,0.20780668417613463,0.62,3.69532512392,0.2013175789903573,0.8212345679012341,4.31264884695,0.40364215159677574,0.5625,0.945773087741,0.04168573105175366,0.63,0.821390592574,0.04022321320872577,0.5825,2.52688086685,0.3048126956947851,0.0,nan,0.0
31,31557,1.0,0.00678118166246,0.9998598250058323,0.7937776070674091,4.07423664454,0.21905729055478854,0.725,5.83096237902,0.468190420342534,0.5575,1.32258502603,0.04884260725175841,0.8627160493827161,4.34364341267,0.5864109224556078,0.7925000000000001,3.22488768446,0.7704928503711301,0.9275,1.88925012977,0.8998079691637555,0.5825,2.52688086685,0.3048126956947851,1.0,nan,0.0
31,32060,0.75,4.02213023313,0.7114779703607595,0.8214326867678121,5.08403297381,0.34671890908500413,0.65,2.92184022578,0.11860805744339747,0.65,4.76852335692,0.32924196545393186,0.9476543209876541,2.25804451669,0.878311832436534,0.55,0.742420988977,0.03117091901916249,1.0,0.514123476414,0.9804728453696925,0.5625,2.32444857026,0.2562428733816136,1.0,nan,0.0
31,38608,0.75,4.02213023313,0.7114779703607595,0.9289802189360471,3.04097719087,0.8606424809567608,0.7275,5.84322852053,0.4827847882166684,0.74,3.99559039836,0.7725737645805231,0.802469135802469,4.00761345911,0.3253263045035957,0.67,3.65038567908,0.2819282555546867,0.7875000000000001,4.01739847383,0.42250135430546587,0.764999999999999,2.07126778165,0.7885698960946086,0.0,nan,0.0
31,38649,0.8225,1.75557683097,0.9233367860755305,0.8565776838870751,5.46295971396,0.535629339799273,0.7925000000000001,3.85790653291,0.8180255116510073,0.7525000000000001,3.48372383777,0.8193536070104266,0.811851851851851,4.1800591829,0.3637668240128493,0.78,3.53993969841,0.7281804476236373,0.7575000000000001,3.55762593278,0.30813035215504464,0.867499999999999,0.876476096267,0.9373644532644619,0.0,nan,0.0
31,39144,0.6675,4.12581173901,0.34879601017452355,0.9097753024774341,3.90969815363,0.7938648679837157,0.6425000000000001,2.54961144527,0.09810085843771935,0.5575,1.32258502603,0.04884260725175841,0.6666666666666661,0.646205181592,0.024921182401936123,0.63,2.58370234465,0.1565080392523047,0.655,1.22349506529,0.06555824870586471,0.5,1.5640940316,0.13422449583230453,0.0,nan,0.0
31,39247,0.5175000000000001,0.568531597765,0.022583613358142383,0.8508162089494911,5.48613963368,0.5040714182055384,0.5750000000000001,0.429796266383,0.011049782858201438,0.65,4.76852335692,0.32924196545393186,0.9037037037037031,3.54487043162,0.7503619939643087,0.5525,0.780306666552,0.03307404246422482,0.847499999999999,3.83033318105,0.6658685451876156,0.595,2.63411360074,0.3370862329976014,0.0,nan,0.0
31,39495,0.66,3.96042400799,0.3184599728027332,0.8521605531015941,5.48379744545,0.5114453133427429,0.764999999999999,5.13412207821,0.6935609252158312,0.7225,4.62226099226,0.6969617015110011,0.87358024691358,4.2006605683,0.6328769587361548,0.6900000000000001,4.04004547515,0.35907330996334313,0.75,3.40193226279,0.2820241266043046,0.5525,2.21194783332,0.23355563352065928,1.0,nan,0.0
31,39581,-0.25,4.87548460205e-24,4.080968248806791e-26,0.8943729594776261,4.54958823807,0.7286012794049774,0.735,5.83297729031,0.5266146729870237,0.6175,3.59233497887,0.1922077930950153,0.8029629629629621,4.01760081799,0.32730784285279235,0.6675,3.59231791,0.2728745078635766,0.9575,1.19066581754,0.9456140517853786,0.47000000000000003,1.20224775179,0.0928040139857505,1.0,nan,0.0
31,40799,0.75,4.02213023313,0.7114779703607595,0.8536969464182831,5.47883038402,0.5198670798262028,0.735,5.83297729031,0.5266146729870237,0.68,5.26283830829,0.4815713686951365,0.96395061728395,1.79642131507,0.9112963339145188,0.6225,2.3712401342,0.13792821223031174,0.9550000000000001,1.24250223284,0.9425728608359424,0.5725,2.42990495195,0.28002111886792824,1.0,nan,0.0
31,40956,-0.25,4.87548460205e-24,4.080968248806791e-26,0.988937968119838,0.890640694089,0.9715579427159048,0.7825000000000001,4.36086835594,0.7769102299946264,0.625,3.89763149924,0.22030229702201237,0.6474074074074071,0.415372011001,0.014823835582115787,0.72,4.30076729279,0.4852706323623235,0.595,0.432131536293,0.0188383090540137,0.6575000000000001,2.86938027996,0.5119090693619526,1.0,nan,0.0
31,41042,-0.25,4.87548460205e-24,4.080968248806791e-26,0.9097753024774341,3.90969815363,0.7938648679837157,0.5425,0.127587289156,0.0028076765164724415,0.34750000000000003,0.00036732555451,6.280354233569533e-06,0.8207407407407401,4.30673786314,0.40151390293742567,0.444999999999999,0.0519059967818,0.001587246414618261,0.8325,4.02487128025,0.6068407902955905,0.515,1.75260618382,0.15909744928748076,1.0,nan,0.0
31,41069,0.7725000000000001,3.38731072669,0.7951506283985653,0.6005377376608411,0.0142345125108,0.00027552592263110486,0.827499999999999,2.12598052959,0.921965091269147,0.8525,0.43182401654,0.9873915439263622,0.810864197530864,4.16369946873,0.3596464131719733,0.845,1.8025240418,0.9021281968086249,0.81,4.1344041209,0.5146219907795302,0.8025,1.60828394693,0.8576058988685815,0.0,nan,0.0
31,41615,0.9675,0.0273502398602,0.9993740280134088,0.820741309775302,5.06494067989,0.34321050323946917,0.919999999999999,0.127226700663,0.9971378457885232,0.7425,3.89609960194,0.7824387595327866,0.544691358024691,0.0183328769362,0.0004640202065628978,0.847499999999999,1.74029913991,0.9065565126392914,0.8775000000000001,3.20977783061,0.7721172324346647,0.81,1.51588744816,0.8693209053682336,1.0,nan,0.0
31,41703,0.6975,4.53606393783,0.47984958026611074,0.7849433454964471,3.68116006075,0.1847875080328064,0.6925,5.01931263396,0.28882351816431234,0.735,4.18840300923,0.7521100599829247,0.7925925925925921,3.78892068914,0.28679628243915306,0.7875000000000001,3.35456206942,0.7540424610946972,0.77,3.78499412327,0.3540679914512047,0.685,2.79389112229,0.5900291123018995,1.0,nan,0.0
31,41708,0.6775,4.31152947491,0.3910186569528189,0.784904935663529,3.67941685434,0.1846461487673833,0.6725,4.08586027151,0.1974336782642787,0.645,4.61987404634,0.30576444264996017,0.6498765432098761,0.440700591511,0.015880472409531436,0.735,4.26247918344,0.5496377375316988,0.665,1.41444158008,0.07873398983483892,0.51,1.68959056375,0.1504919763278945,1.0,nan,0.0
31,41851,-0.25,4.87548460205e-24,4.080968248806791e-26,0.9193393508738231,3.47973007156,0.8292118135421043,0.6425000000000001,2.54961144527,0.09810085843771935,0.6000000000000001,2.86009122062,0.1357454733679323,0.8898765432098761,3.88633483934,0.6989197472031721,0.635,2.72581445856,0.16978190870462234,0.65,1.13439119884,0.05966533003874207,0.3275,0.180243622057,0.009237801854301845,1.0,nan,0.0
31,43759,0.75,4.02213023313,0.7114779703607595,0.934741693873631,2.78245725267,0.8774159150475158,0.8625,0.904649556889,0.9730696404471636,0.8174999999999991,1.09553024171,0.9619937573322164,0.7056790123456791,1.37649932869,0.06318300071175569,0.75,4.11350119475,0.6125900793607302,0.6975,2.13699485993,0.13607257319823723,0.7675000000000001,2.04116764203,0.7937104851886088,1.0,nan,0.0
31,44059,-0.25,4.87548460205e-24,4.080968248806791e-26,0.9020933358939881,4.24025341894,0.7625493472137727,0.6575000000000001,3.30761227653,0.1419624413421723,0.5125000000000001,0.419439182712,0.012460092042751105,0.9565432098765431,2.00146804662,0.8972356929338554,0.605,1.89217742032,0.1006708529679789,0.8225,4.10165599925,0.5661713481439826,0.5325,1.97174499359,0.1916915518897675,0.0,nan,0.0
31,44938,0.8125,2.06547238298,0.9042484506497253,0.7176877280583821,1.04102149587,0.033838681170373294,0.75,5.60580431102,0.6127398995837104,0.6075,3.1739739788,0.15837096694198227,0.834567901234567,4.4244841937,0.4619936631340209,0.6425000000000001,2.93752237971,0.1910212578304021,0.9275,1.88925012977,0.8998079691637555,0.464999999999999,1.14537597326,0.08693545893498543,1.0,nan,0.0
31,50703,0.675,4.26920416047,0.38029214092104335,0.735394661033224,1.5795213683,0.056824580541597655,0.7325,5.84423428372,0.512016530324103,0.7125,4.90348164415,0.6492770120403393,0.8562962962962961,4.39992820259,0.5583335318507411,0.7000000000000001,4.17470523873,0.4001843126991308,0.74,3.17721231908,0.249114252138404,0.645,2.86695474098,0.4760327248322259,0.0,nan,0.0
31,50830,0.6375000000000001,3.36839244087,0.23579289531683711,0.8275398502016511,5.23516289359,0.37824575978519276,0.655,3.17799410111,0.1338555935781249,0.5650000000000001,1.54954686154,0.059599152968597,0.8967901234567901,3.72276496814,0.7252318290123227,0.66,3.40833669464,0.24661344410603836,0.81,4.1344041209,0.5146219907795302,0.5725,2.42990495195,0.28002111886792824,0.0,nan,0.0
31,50921,0.8325,1.4687559221,0.939437110900273,0.8290762435183401,5.26801164939,0.3863145381514811,0.64,2.42975367098,0.09187714695220543,0.5925,2.55254542899,0.11545369053105843,0.9397530864197531,2.49278893221,0.8595461657750894,0.68,3.86327962795,0.31952390665220054,0.7025,2.25847308422,0.14706049304252727,0.5975,2.65349834904,0.34369589818127155,0.0,nan,0.0
31,51734,0.56,1.26850842575,0.06024473760742353,0.9270213174572691,3.1298080067,0.8545985567888192,0.6825,4.57795099112,0.24078441738024892,0.6000000000000001,2.86009122062,0.1357454733679323,0.8503703703703701,4.4323223876,0.5321544950527985,0.7225,4.30234203505,0.4960251854313132,0.7275,2.87749305843,0.21125594889469285,0.56,2.29692648094,0.25046606518820136,0.0,nan,0.0
31,52992,0.6725,4.22406223987,0.3696749834463363,0.748454004225081,2.06656061968,0.0805547930216554,0.71,5.59749219179,0.38214196330605876,0.75,3.5884576773,0.8105132149200254,0.928395061728395,2.83453416286,0.8292930948102759,0.705,4.2247355433,0.4211878927648911,0.8225,4.10165599925,0.5661713481439826,0.6725,2.84172021215,0.5547836465595599,0.0,nan,0.0
31,54491,0.705,4.56241178944,0.5139897361515195,0.8689456500864221,5.30016904747,0.6023435436969372,0.7775000000000001,4.5995966843,0.7545044350083856,0.77,2.74534375456,0.8738462173588418,0.952098765432098,2.12852292457,0.888058937437417,0.7975000000000001,3.09145280497,0.7862850710261302,0.9025000000000001,2.55578859176,0.844319769342853,0.9450000000000001,0.322592250114,0.981375036501063,0.0,nan,0.0
31,54885,0.625,3.00403925111,0.19595178479413494,0.945265988092951,2.32803542603,0.9042833417384373,0.68,4.45869208938,0.22948799371805437,0.585,2.25628930819,0.09742899417201861,0.9525925925925921,2.11427505858,0.8891065406088345,0.55,0.742420988977,0.03117091901916249,0.8500000000000001,3.78936569056,0.6753936460931776,0.5625,2.32444857026,0.2562428733816136,1.0,nan,0.0
31,56634,0.764999999999999,3.6169663637,0.7688755775142365,0.429652391012099,2.16043422653e-07,2.567415192911511e-09,0.8300000000000001,2.01729650681,0.9271435684996299,0.8525,0.43182401654,0.9873915439263622,0.8646913580246911,4.32200971106,0.5949699207287631,0.845,1.8025240418,0.9021281968086249,0.9400000000000001,1.57931178975,0.9214625239635924,0.7575000000000001,2.16011831331,0.7727007320708013,0.0,nan,0.0
31,56758,0.8125,2.06547238298,0.9042484506497253,0.73808334933743,1.67387304694,0.06119754337888004,0.77,4.93291846906,0.7187363635429868,0.7725000000000001,2.64182627924,0.8805799693823226,0.7827160493827161,3.53922528106,0.250585563163779,0.8225,2.3999030219,0.8549582997535794,0.68,1.73066956097,0.10228004602831502,0.745,2.30199583157,0.7448033413065718,0.0,nan,0.0
31,56917,0.7325,4.36852699451,0.6378330128358306,0.869444977914346,5.29049353424,0.6049876595866571,0.73,5.84765719489,0.49740003084540485,0.72,4.69875563203,0.6853096249765404,0.829629629629629,4.39401234557,0.4402141930956077,0.77,3.76510304956,0.6916316947255561,0.8300000000000001,4.04819207259,0.5967488968680892,0.6575000000000001,2.86938027996,0.5119090693619526,1.0,nan,0.0
31,56975,0.6000000000000001,2.27180561811,0.1300665694644118,0.9289802189360471,3.04097719087,0.8606424809567608,0.6975,5.21321355386,0.31441330044797655,0.68,5.26283830829,0.4815713686951365,0.776296296296296,3.36401108166,0.22842238967061437,0.7325,4.27675965818,0.5389630403412532,0.8,4.10966374546,0.4733643007507632,0.7175,2.57418606392,0.6776084739039031,1.0,nan,0.0
31,67160,0.68,4.35092284693,0.4018473448719483,0.830036489341271,5.28744436201,0.39138252255514105,0.774999999999999,4.71439773551,0.7428612399455267,0.8150000000000001,1.16125155374,0.9591733192465123,0.88,4.09003759257,0.659498885612302,0.8500000000000001,1.6791219645,0.9108305657319097,0.8625,3.55243744614,0.7213330130244906,0.76,2.13076593021,0.7780643964450222,0.0,nan,0.0
31,67299,0.5,0.385970899464,0.01431124072419905,0.9328212022277701,2.86806907087,0.8719901241474686,0.6775,4.33665785896,0.2184932697264926,0.6775,5.25115705847,0.4684276832662615,0.7091358024691351,1.45871138495,0.0680825895653083,0.6825,3.9111114748,0.3292423776014357,0.545,0.145598440402,0.005449184067397951,0.6625,2.86384006112,0.5262436648518485,1.0,nan,0.0
31,67423,0.59,1.99457321427,0.10874626699627571,0.9385442673324371,2.61508632246,0.8876772139689962,0.705,5.462566291,0.354480754608443,0.6375000000000001,4.36986398179,0.2720342203984941,0.652839506172839,0.472677103568,0.017233192382143825,0.6875,3.999588401,0.34902322682781417,0.6825,1.78651991597,0.10667636074995636,0.6775,2.82523101895,0.5689525128092435,0.0,nan,0.0
31,67905,0.6675,4.12581173901,0.34879601017452355,0.786863837142308,3.76802689345,0.19194065454262269,0.7975000000000001,3.59982614527,0.8366706412955529,0.764999999999999,2.95492084433,0.8595967460973821,0.8,3.95625687861,0.3154938840931919,0.8,3.02362022908,0.7939290469103633,0.845,3.86897186506,0.6562439209873429,0.75,2.24631353873,0.756174759404086,1.0,nan,0.0
31,68565,0.5775,1.67057657795,0.08586808773235398,0.8021893604762821,4.42577271029,0.2548270861432574,0.7175,5.74775173199,0.42472715220976065,0.6950000000000001,5.21238278757,0.5603933280593616,0.8958024691358021,3.74707161566,0.7215429964211828,0.7575000000000001,4.00106595132,0.6430344805343386,0.857499999999999,3.65328190101,0.7033155427656927,0.665,2.8596831951,0.5333982608709505,1.0,nan,0.0
31,68688,0.79,2.81206703634,0.8494495134952023,0.8899942385250621,4.71146488602,0.7083214747564082,0.78,4.48162223866,0.7658565788025987,0.685,5.26897410094,0.5079104941291752,0.883456790123456,4.02311620028,0.6735230430027783,0.8025,2.95519934512,0.8014026819602766,0.8075000000000001,4.13243208273,0.5042878558042823,0.62,2.79319377838,0.40509278039882457,0.0,nan,0.0
31,69217,0.7675000000000001,3.54204439455,0.7778247093315437,0.777222969080084,3.32793622417,0.15772830783281871,0.7675000000000001,5.03587145554,0.7062744347142296,0.7000000000000001,5.15035761974,0.5863093361436429,0.9125925925925921,3.29951554467,0.7807934730942101,0.74,4.22467585798,0.5708607131492937,0.72,2.69212914778,0.19036837087812744,0.6425000000000001,2.86367910373,0.46886923937491265,0.0,nan,0.0
31,69292,0.75,4.02213023313,0.7114779703607595,0.751603610524294,2.19414782686,0.0872636301674254,0.76,5.31509168262,0.6674288780800997,0.74,3.99559039836,0.7725737645805231,0.75358024691358,2.69836787005,0.15947886282021567,0.8150000000000001,2.60819968229,0.8361790954837373,0.74,3.17721231908,0.249114252138404,0.7875000000000001,1.7948930625,0.8320834007821043,0.0,nan,0.0
31,70225,-0.25,4.87548460205e-24,4.080968248806791e-26,0.9116573842903781,3.82626012305,0.8011448416227172,0.5925,0.750611288726,0.02117524961652551,0.58,2.06710776323,0.0866235732498074,0.795555555555555,3.85812872524,0.2981259599701903,0.64,2.8672985868,0.18376513954569956,0.804999999999999,4.12763731309,0.49396218280657306,0.5375,2.03323013303,0.20170429822546374,1.0,nan,0.0
31,70358,0.5325,0.771473578392,0.03257657741608552,0.9552525446514301,1.92840563517,0.9255072374583599,0.5425,0.127587289156,0.0028076765164724415,0.47500000000000003,0.124646916199,0.003176488574136374,0.8291358024691351,4.39024610818,0.4380452350561999,0.48,0.141775612427,0.004746300612858315,0.75,3.40193226279,0.2820241266043046,0.545,2.12383900624,0.21729467343963416,1.0,nan,0.0
31,70659,0.5275000000000001,0.698725388844,0.02890325911978798,0.90497407336278,4.11847882653,0.7745897137974805,0.6950000000000001,5.11880325532,0.30149718421574123,0.6025,2.96428299348,0.14302581395894023,0.7832098765432091,3.55232650751,0.25233656600823,0.685,3.95657983752,0.339077494337269,0.5650000000000001,0.230511777846,0.009155562346979233,0.55,2.18289490711,0.22806201006276167,1.0,nan,0.0
31,70707,0.7225,4.49156300174,0.593483985324307,0.853082389091607,5.48110999804,0.5164993040190341,0.67,3.95788964629,0.1873787018483004,0.6675,5.14817721006,0.4163569950716327,0.8493827160493821,4.43586161296,0.527775100918448,0.7525000000000001,4.07866341271,0.6228308494889103,0.8825000000000001,3.08495430425,0.7878558535162488,0.6425000000000001,2.86367910373,0.46886923937491265,1.0,nan,0.0
31,70749,0.65,3.71187102635,0.2800748154631966,0.8905703860188201,4.69080583493,0.7110300318317059,0.39,1.87405168519e-05,2.414068411599254e-07,0.36,0.00072947106149,1.2892092439397306e-05,0.8661728395061721,4.30448330627,0.601360052221352,0.39,0.00863338974066,0.00023340184556914703,0.6575000000000001,1.26965613753,0.06867446579669581,0.365,0.329477628442,0.018572643565109306,0.0,nan,0.0
31,70793,0.392499999999999,0.0163039901119,0.0004177654252197534,0.8893028615325521,4.73598592545,0.7050555825792939,0.66,3.43783650071,0.15039416042173887,0.545,0.994584034442,0.034426048212570906,0.808395061728395,4.12090150823,0.3494179583041587,0.59,1.51622964723,0.07515725491970797,0.6125,0.603100064464,0.02783186541936828,0.5275000000000001,1.90961052945,0.1819879303286952,0.0,nan,0.0
31,70852,0.5925,2.06254520684,0.11381746449519617,0.90013443441521,4.32126576001,0.7541635080479353,0.6975,5.21321355386,0.31441330044797655,0.6900000000000001,5.25208836179,0.5342227236333099,0.799012345679012,3.93506788971,0.3115969037702425,0.705,4.2247355433,0.4211878927648911,0.6975,2.13699485993,0.13607257319823723,0.595,2.63411360074,0.3370862329976014,0.0,nan,0.0
31,72086,0.40750000000000003,0.0275867430566,0.0007403134151505177,0.8713654695602071,5.25114451774,0.6151107627475075,0.585,0.59596090938,0.01614270474024875,0.5650000000000001,1.54954686154,0.059599152968597,0.515061728395061,0.00587216742933,0.00013688601623884235,0.545,0.670727992365,0.027640292767902704,0.847499999999999,3.83033318105,0.6658685451876156,0.41750000000000004,0.676817500087,0.044209733730735404,0.0,nan,0.0
31,74604,0.794999999999999,2.64359327626,0.8630887064696606,0.8229690800845011,5.12505239885,0.3545617451079287,0.9125000000000001,0.170892560579,0.996026854232642,0.8300000000000001,0.805290883441,0.973807965207087,0.789629629629629,3.71691805048,0.27567585689908164,0.827499999999999,2.26262735276,0.8666138961751342,0.804999999999999,4.12763731309,0.49396218280657306,0.9075000000000001,0.54304669291,0.9654098005015641,0.0,nan,0.0
31,74635,0.382499999999999,0.0113038102046,0.00028110651851002207,0.8252736700595351,5.18284581612,0.36644035809252284,0.5375,0.103674542576,0.002231323198563057,0.5575,1.32258502603,0.04884260725175841,0.769382716049382,3.16693937629,0.20584202337849156,0.675,3.76093175914,0.3004597809685736,0.605,0.524374219191,0.023609140437516676,0.655,2.87075765441,0.5047337031274165,0.0,nan,0.0
31,74688,0.75,4.02213023313,0.7114779703607595,0.8560015363933161,5.46681557473,0.5324807421628621,0.774999999999999,4.71439773551,0.7428612399455267,0.7000000000000001,5.15035761974,0.5863093361436429,0.580246913580246,0.0624352603573,0.0017597424856880806,0.75,4.11350119475,0.6125900793607302,0.5,0.0458290328423,0.0015103746751940245,0.625,2.81511108095,0.4191149932688907,1.0,nan,0.0
31,74696,0.6675,4.12581173901,0.34879601017452355,0.8636450931438441,5.38833903727,0.5740041552940263,0.6975,5.21321355386,0.31441330044797655,0.7125,4.90348164415,0.6492770120403393,0.892839506172839,3.81815839367,0.710334555011817,0.7175,4.29599569512,0.4745240132173846,0.7825000000000001,3.96254703742,0.4025474077108244,0.6950000000000001,2.74022206826,0.6177107262974999,1.0,nan,0.0
31,76409,0.25,2.65612285613e-05,4.7123862976444134e-07,0.9366621855194931,2.69754012696,0.8826779407766304,0.5775,0.467355692227,0.012170695835832064,0.51,0.389642180763,0.011449110606492882,0.885432098765432,3.98270382618,0.6814302791074667,0.5325,0.514334773778,0.020266742086576344,0.7175,2.62995296139,0.18371574839911314,0.52,1.81558442202,0.1680179761816663,0.0,nan,0.0
31,76496,0.889999999999999,0.385814106862,0.98807896265506,0.660072978682542,0.176126472986,0.004314852453464108,0.835,1.8091436498,0.936704424072516,0.9175000000000001,0.0434208157222,0.9990258822910668,0.8044444444444441,4.04697966229,0.3332817149537921,0.8975000000000001,0.754162315645,0.9667527308251925,0.9325000000000001,1.76254363933,0.9089360730444263,0.804999999999999,1.57737491674,0.8615879525609873,0.0,nan,0.0
31,78211,0.8025,2.39221131944,0.8819710005650505,0.525676973305166,0.000224263310327,3.412740727324471e-06,0.8300000000000001,2.01729650681,0.9271435684996299,0.81,1.3004597565,0.9530233520466491,0.8740740740740741,4.19281007211,0.6349494252640075,0.8600000000000001,1.44575866933,0.926439322403682,0.794999999999999,4.08070915004,0.452883851998031,0.827499999999999,1.30588910158,0.8939975825139597,1.0,nan,0.0
31,79262,0.66,3.96042400799,0.3184599728027332,0.786863837142308,3.76802689345,0.19194065454262269,0.7575000000000001,5.3971342078,0.6540373669398263,0.7275,4.45825796946,0.7196688521776702,0.897283950617283,3.71050144232,0.7270672064244488,0.8150000000000001,2.60819968229,0.8361790954837373,0.8400000000000001,3.93897790846,0.6367199319451224,0.827499999999999,1.30588910158,0.8939975825139597,1.0,nan,0.0
31,79313,0.7000000000000001,4.54854980932,0.4912061106007709,0.9217591703476091,3.36949131533,0.837498794590532,0.6175,1.48138135963,0.0483548169235624,0.515,0.451047806767,0.013547816224693634,0.7886419753086421,3.69233212823,0.2720169445954834,0.56,0.902297096159,0.03937593808776437,0.764999999999999,3.69942236738,0.3353537642820049,0.41250000000000003,0.63593968589,0.04092854129786051,1.0,nan,0.0
31,79388,0.7925000000000001,2.72784278175,0.8563744223409006,0.9097753024774341,3.90969815363,0.7938648679837157,0.77,4.93291846906,0.7187363635429868,0.7325,4.2811970635,0.741522512627034,0.8069135802469131,4.09395064488,0.3433327666880506,0.75,4.11350119475,0.6125900793607302,0.725,2.81598531881,0.20413902726927058,0.715,2.59546671143,0.6711462712386753,0.0,nan,0.0
31,80513,0.76,3.76109889102,0.7504270619227056,0.8483195698098711,5.48551845599,0.49037393777326804,0.7825000000000001,4.36086835594,0.7769102299946264,0.7075,5.01726971495,0.624467143488785,0.8207407407407401,4.30673786314,0.40151390293742567,0.76,3.95847907988,0.6529844222202392,0.8250000000000001,4.0866162042,0.5764072724841776,0.5975,2.65349834904,0.34369589818127155,1.0,nan,0.0
31,80619,0.7625000000000001,3.69003839314,0.7597414192093497,0.869406568081428,5.29124600407,0.6047844381584669,0.77,4.93291846906,0.7187363635429868,0.7775000000000001,2.43827938116,0.8932780977093288,0.9777777777777771,1.44139896662,0.9336358790218294,0.8250000000000001,2.33104630068,0.8608719042439897,0.8150000000000001,4.129831325,0.5352873193434748,0.6975,2.72476705029,0.6245421281339845,1.0,nan,0.0
31,80759,0.5575,1.21642302892,0.057138859746019115,0.854042634914538,5.47737677187,0.5217608007658199,0.6675,3.82872507968,0.17764522477736694,0.6675,5.14817721006,0.4163569950716327,0.6167901234567901,0.187430636253,0.005970577514008949,0.7825000000000001,3.47952373214,0.7369550842715843,0.605,0.524374219191,0.023609140437516676,0.845,1.10774474199,0.91509642309406,0.0,nan,0.0
31,80766,0.6000000000000001,2.27180561811,0.1300665694644118,0.8905703860188201,4.69080583493,0.7110300318317059,0.6975,5.21321355386,0.31441330044797655,0.645,4.61987404634,0.30576444264996017,0.8197530864197531,4.29455075367,0.39726631305159704,0.7225,4.30234203505,0.4960251854313132,0.6375000000000001,0.930635470334,0.046787267482064784,0.645,2.86695474098,0.4760327248322259,1.0,nan,0.0
31,80873,0.5,0.385970899464,0.01431124072419905,0.9597080852698291,1.76237472296,0.9337264362137294,0.7775000000000001,4.5995966843,0.7545044350083856,0.735,4.18840300923,0.7521100599829247,0.8182716049382711,4.27536550507,0.39091809365140784,0.7075,4.24521927431,0.4317759740548509,0.6325000000000001,0.856732317813,0.04232064458940593,0.705,2.67374494191,0.6447908403798066,0.0,nan,0.0
31,84558,0.6275000000000001,3.07781723047,0.20355416225223244,0.8444785865181481,5.47195486329,0.4693253186266034,0.7775000000000001,4.5995966843,0.7545044350083856,0.7925000000000001,1.86696202431,0.9254831602933435,0.8256790123456791,4.36027831468,0.4229190629893722,0.837499999999999,1.99495555758,0.8878927786200019,0.7775000000000001,3.89816453255,0.38289177267686936,0.75,2.24631353873,0.756174759404086,0.0,nan,0.0
31,104560,0.515,0.539046804116,0.021199388397788663,0.850240061455732,5.48657003549,0.5009104520925944,0.485,0.00839705369177,0.00014639695309044944,0.4,0.00554549763398,0.00010977698625893212,0.9170370370370371,3.17151800569,0.7951746306392042,0.48,0.141775612427,0.004746300612858315,0.8500000000000001,3.78936569056,0.6753936460931776,0.40750000000000003,0.596743425781,0.03784753391422478,0.0,nan,0.0
31,104598,0.5,0.385970899464,0.01431124072419905,0.8269637027078931,5.22229451631,0.3752332265557619,0.685,4.69403568657,0.2523751034213862,0.5825,2.16077691294,0.09190803247527174,0.8543209876543211,4.41283998995,0.549629217579729,0.645,3.00724535946,0.19845233414862948,0.67,1.51605491271,0.08605857791399922,0.515,1.75260618382,0.15909744928748076,0.0,nan,0.0
31,104599,-0.25,4.87548460205e-24,4.080968248806791e-26,0.8580756673708471,5.45134791173,0.5438043516178386,0.61,1.22558211268,0.038223595827650426,0.5725,1.79827090786,0.07214028463565732,0.8804938271604931,4.0807817403,0.6615163761137894,0.595,1.63707917501,0.08303853135488255,0.6875,1.90059841358,0.11589288178154211,0.47000000000000003,1.20224775179,0.0928040139857505,1.0,nan,0.0
31,104688,0.75,4.02213023313,0.7114779703607595,0.657384290378336,0.159577325222,0.0038638638914911087,0.6625,3.56833151817,0.15915184989192133,0.7275,4.45825796946,0.7196688521776702,0.743209876543209,2.38894273955,0.1331036953523056,0.73,4.28791048571,0.5282565474755541,0.8125,4.13353975823,0.524957512574669,0.7225,2.52970559147,0.6903692471658571,1.0,nan,0.0
31,104824,0.5,0.385970899464,0.01431124072419905,0.882081812944113,4.97306973873,0.6699791230095646,0.6175,1.48138135963,0.0483548169235624,0.6325000000000001,4.18802226262,0.25063501115196096,0.8222222222222221,4.32410301833,0.4079072547222116,0.6000000000000001,1.76253348804,0.09153572531331533,0.875,3.27046890862,0.7640166661538981,0.5675,2.37814847376,0.2680001381566759,0.0,nan,0.0
31,107778,0.78,3.14550573477,0.8196548589035416,0.833877472632994,5.35652124919,0.41182864773999855,0.7375,5.81393519645,0.5411749283266736,0.68,5.26283830829,0.4815713686951365,0.589135802469135,0.0828041978364,0.002401509817109122,0.7175,4.29599569512,0.4745240132173846,0.685,1.84317670105,0.11121331771928779,0.6000000000000001,2.67215315235,0.35035311643871453,1.0,nan,0.0
31,107870,0.72,4.51308413151,0.5822273925477879,0.765815248703668,2.80783495795,0.12274212533393333,0.8150000000000001,2.70962689883,0.89180708982961,0.8125,1.22956225771,0.9561853415014498,0.90716049382716,3.451403722,0.7624551041232777,0.8225,2.3999030219,0.8549582997535794,0.909999999999999,2.35266663204,0.8627262444621299,0.735,2.40826423784,0.721245976421516,0.0,nan,0.0
31,107898,0.605,2.41508990496,0.141782711926428,0.9443057422700211,2.36825151736,0.9020285695294836,0.6975,5.21321355386,0.31441330044797655,0.7025,5.11121068731,0.5991374065100086,0.7614814814814811,2.93454939322,0.1817335767452874,0.794999999999999,3.15858106587,0.7784723697779476,0.6175,0.660398338101,0.03098896959708498,0.6075,2.72356962471,0.37059141669194373,1.0,nan,0.0
31,108143,0.5625,1.32196391402,0.06348254370349027,0.8767428461686191,5.12354483506,0.6430163235578366,0.625,1.76864707389,0.06052309204026819,0.485,0.176203544551,0.004667925003540926,0.8824691358024691,4.04273843255,0.6695398724102348,0.6950000000000001,4.11296351327,0.37946036506458314,0.7225,2.75416828277,0.1971762799926057,0.73,2.45849110651,0.7090782190482193,0.0,nan,0.0
31,108336,0.41750000000000004,0.0385670440828,0.0010683601664588382,0.8269637027078931,5.22229451631,0.3752332265557619,0.595,0.808390257437,0.023123331866487396,0.535,0.776990905483,0.025600601864265424,0.8469135802469131,4.44236546127,0.5168136367194242,0.56,0.902297096159,0.03937593808776437,0.5575,0.194774867309,0.0075638912102147715,0.387499999999999,0.456612557005,0.02735800256847757,0.0,nan,0.0
31,108341,0.595,2.13145007311,0.1190597705468838,0.8097560975609751,4.71322671809,0.28942330319563625,0.595,0.808390257437,0.023123331866487396,0.5825,2.16077691294,0.09190803247527174,0.9516049382716051,2.14280129181,0.8870042907242458,0.52,0.388031810035,0.014656454337232968,0.8075000000000001,4.13243208273,0.5042878558042823,0.52,1.81558442202,0.1680179761816663,1.0,nan,0.0
31,108351,0.665,4.07295409462,0.33854705677718755,0.839408488573074,5.43084025443,0.4416751211538507,0.615,1.39257991349,0.04476309916851546,0.65,4.76852335692,0.32924196545393186,0.598518518518518,0.110397309107,0.0033024935918300607,0.685,3.95657983752,0.339077494337269,0.6825,1.78651991597,0.10667636074995636,0.64,2.85947795964,0.4617151005943241,1.0,nan,0.0
31,108388,0.58,1.73310389349,0.09012243872853146,0.8406376032264261,5.44321050305,0.4483580051235082,0.5875,0.644486209184,0.017692649865434687,0.5475,1.05514102931,0.03698768284675027,0.819259259259259,4.28827572057,0.3951470916784136,0.64,2.8672985868,0.18376513954569956,0.6900000000000001,1.9587404273,0.1207169101254803,0.6000000000000001,2.67215315235,0.35035311643871453,1.0,nan,0.0
31,108411,0.515,0.539046804116,0.021199388397788663,0.8743230266948331,5.18406879595,0.6305440389169822,0.67,3.95788964629,0.1873787018483004,0.6175,3.59233497887,0.1922077930950153,0.9303703703703701,2.77512019309,0.8348335124374937,0.6575000000000001,3.34414965522,0.23817256770958106,0.875,3.27046890862,0.7640166661538981,0.7075,2.65523886302,0.6514522221693784,1.0,nan,0.0
31,108416,0.7125,4.55489838785,0.5482010403125834,0.8364893412713651,5.39538376778,0.42587138094661203,0.804999999999999,3.21260876107,0.862215107945937,0.71,4.96277284129,0.6369432138760377,0.807407407407407,4.10303848915,0.3453567188846703,0.8174999999999991,2.53857337929,0.8426125381738963,0.804999999999999,4.12763731309,0.49396218280657306,0.74,2.35603973873,0.7331575318313974,1.0,nan,0.0
31,108417,0.52,0.599219015766,0.024043048601104518,0.860149798348377,5.43151100826,0.5550913402750993,0.5325,0.0837792622498,0.0017642386694364355,0.5825,2.16077691294,0.09190803247527174,0.973333333333333,1.55116299285,0.9269873503917627,0.6325000000000001,2.65478161064,0.16305614260418974,0.8,4.10966374546,0.4733643007507632,0.605,2.70720498338,0.36380278443273556,1.0,nan,0.0
31,108652,0.5625,1.32196391402,0.06348254370349027,0.945265988092951,2.32803542603,0.9042833417384373,0.5650000000000001,0.303210556739,0.0074148217912289385,0.5075000000000001,0.361587934499,0.010510428832301261,0.5560493827160491,0.0275733540736,0.0007214974374758645,0.6425000000000001,2.93752237971,0.1910212578304021,0.525,0.088969970236,0.0031434050467159264,0.43999999999999906,0.881325954268,0.06167650009229009,0.0,nan,0.0
31,109008,0.595,2.13145007311,0.1190597705468838,0.8137507201843671,4.85106521362,0.3085296817205153,0.63,1.97691445664,0.06988159975208863,0.5275000000000001,0.638605477847,0.0203049311433613,0.6819753086419751,0.888966854692,0.0366011034928413,0.5325,0.514334773778,0.020266742086576344,0.6950000000000001,2.07699113961,0.13080520310104754,0.5,1.5640940316,0.13422449583230453,1.0,nan,0.0
31,109067,0.75,4.02213023313,0.7114779703607595,0.7877856731323211,3.80949445927,0.19543328287537237,0.7525000000000001,5.54277287804,0.626677026149062,0.7625000000000001,3.06057140271,0.852077463528499,0.8479012345679011,4.44016640844,0.5212001164257074,0.794999999999999,3.15858106587,0.7784723697779476,0.8,4.10966374546,0.4733643007507632,0.71,2.63601178741,0.6580664338485415,1.0,nan,0.0
31,129429,0.76,3.76109889102,0.7504270619227056,0.7937776070674091,4.07423664454,0.21905729055478854,0.68,4.45869208938,0.22948799371805437,0.5775,1.97539870136,0.0815708599335892,0.8172839506172841,4.26197895047,0.3867020820698409,0.5875,1.45764171893,0.07144017759646851,0.7925000000000001,4.06220889011,0.442704653348162,0.54,2.063672052,0.20682547171413085,1.0,nan,0.0
31,129459,0.605,2.41508990496,0.141782711926428,0.896331860956404,4.47376305776,0.7374395301588017,0.6875,4.80655019543,0.26425162051515766,0.6725,5.21077203228,0.4422634701301291,0.838024691358024,4.43794156744,0.47731331773315644,0.6925,4.07786432978,0.369221255540628,0.705,2.31982391765,0.1527832905356093,0.6375000000000001,2.85435511883,0.4545726176821992,1.0,nan,0.0
31,129490,0.7000000000000001,4.54854980932,0.4912061106007709,0.8252736700595351,5.18284581612,0.36644035809252284,0.6975,5.21321355386,0.31441330044797655,0.6575000000000001,4.95994870192,0.3657487726672053,0.9654320987654321,1.75655330576,0.9139281169080042,0.754999999999999,4.04115701346,0.6329811724316196,0.889999999999999,2.89075669568,0.8102692718125316,0.625,2.81511108095,0.4191149932688907,1.0,nan,0.0
31,129672,-0.25,4.87548460205e-24,4.080968248806791e-26,0.839408488573074,5.43084025443,0.4416751211538507,0.405,5.6165901633e-05,7.549616434156218e-07,0.485,0.176203544551,0.004667925003540926,0.901234567901234,3.60987856441,0.7415286532497849,0.38,0.00606541534923,0.00016061254591841304,0.725,2.81598531881,0.20413902726927058,0.43500000000000005,0.833023638898,0.05739128982066865,1.0,nan,0.0
31,129907,0.6075,2.48763899776,0.14791101124969863,0.9058959093527941,4.07891330679,0.7783680601823573,0.65,2.92184022578,0.11860805744339747,0.65,4.76852335692,0.32924196545393186,0.725432098765432,1.88000721193,0.09521551709940793,0.63,2.58370234465,0.1565080392523047,0.65,1.13439119884,0.05966533003874207,0.54,2.063672052,0.20682547171413085,0.0,nan,0.0
31,129987,0.5,0.385970899464,0.01431124072419905,0.9306702515844051,2.9646568687,0.8657172925016553,0.6575000000000001,3.30761227653,0.1419624413421723,0.6575000000000001,4.95994870192,0.3657487726672053,0.6869135802469131,0.979289453581,0.04121163256377253,0.6875,3.999588401,0.34902322682781417,0.5625,0.218035539081,0.008594999108787506,0.6575000000000001,2.86938027996,0.5119090693619526,0.0,nan,0.0
31,130043,0.804999999999999,2.30935516585,0.8878478272442,0.8598041098521221,5.43511860747,0.5532131023884862,0.764999999999999,5.13412207821,0.6935609252158312,0.8300000000000001,0.805290883441,0.973807965207087,0.942716049382716,2.40423099523,0.8668008839810393,0.899999999999999,0.718636178834,0.9685934626607982,0.865,3.4992562895,0.730147996542396,0.6950000000000001,2.74022206826,0.6177107262974999,0.0,nan,0.0
31,130166,0.875,0.575657986844,0.9809410422322188,0.918225465719224,3.53037889123,0.825307577735859,0.9325000000000001,0.0758006205841,0.9983825115004739,0.7875000000000001,2.0497404669,0.9156949227403116,0.8681481481481481,4.27940638022,0.6098382869835004,0.9325000000000001,0.364100652307,0.9856760505270096,0.8600000000000001,3.60381126737,0.7123873155042165,0.875,0.806111389633,0.9436719529040949,0.0,nan,0.0
31,130586,-0.25,4.87548460205e-24,4.080968248806791e-26,0.892452467831764,4.62193953648,0.7197940324424228,0.35750000000000004,1.4625968563e-06,1.727393055712296e-08,0.20750000000000002,3.08408724207e-08,3.843824670853346e-10,0.741728395061728,2.34520037419,0.12959694355493884,0.28500000000000003,0.000141065172901,3.1063912758141975e-06,0.42750000000000005,0.00489638482887,0.000133880636259701,0.25,0.0409775373566,0.0017633588643018912,0.0,nan,0.0
31,134922,0.4375,0.0726436629867,0.002149123469940439,0.857922028039178,5.45264404241,0.5429667102925388,0.6775,4.33665785896,0.2184932697264926,0.6925,5.23506369417,0.5473328483586912,0.679012345679012,0.837621817048,0.03404371958584715,0.725,4.30071879537,0.5067796773489057,0.79,4.04108791186,0.432574991618743,0.635,2.8483152872,0.4474440891838902,0.0,nan,0.0
31,134923,0.6725,4.22406223987,0.3696749834463363,0.879969272133666,5.03530266424,0.659406971976763,0.7025,5.38541767811,0.34091947798652344,0.6825,5.26878468575,0.4947370952250131,0.77037037037037,3.19552292959,0.20898399044066734,0.725,4.30071879537,0.5067796773489057,0.735,3.05925992095,0.23352178625020348,0.68,2.81565571116,0.576003804483672,0.0,nan,0.0
31,135551,0.7825000000000001,3.06299269104,0.8274156399988138,0.823314768580756,5.13401014399,0.3563349679617307,0.7725000000000001,4.82563392698,0.7309354171771041,0.7575000000000001,3.27250372476,0.8362448736155854,0.7629629629629631,2.97853011676,0.18611365362031523,0.8250000000000001,2.33104630068,0.8608719042439897,0.774999999999999,3.86257656953,0.3731903876005037,0.6425000000000001,2.86367910373,0.46886923937491265,1.0,nan,0.0
31,135973,0.6675,4.12581173901,0.34879601017452355,0.849241405799884,5.4865005929,0.49543120648952405,0.7825000000000001,4.36086835594,0.7769102299946264,0.8,1.60954259299,0.9385069424523317,0.9017283950617281,3.59700130059,0.7433081323808861,0.7925000000000001,3.22488768446,0.7704928503711301,0.8975000000000001,2.69082720022,0.8312028793499976,0.745,2.30199583157,0.7448033413065718,1.0,nan,0.0
31,136122,0.5225000000000001,0.631132456221,0.025580730152881273,0.8521605531015941,5.48379744545,0.5114453133427429,0.745,5.71105143212,0.5844359484288062,0.78,2.33859581196,0.899248873132835,0.653827160493827,0.483728198713,0.01770547496534965,0.745,4.17486147695,0.5918644718872835,0.8325,4.02487128025,0.6068407902955905,0.61,2.7391395984,0.37741997031386965,1.0,nan,0.0
31,136139,0.8225,1.75557683097,0.9233367860755305,0.7495678893796811,2.11127211203,0.08288156337386568,0.784999999999999,4.23772934281,0.7876589330221087,0.8025,1.52850988614,0.9424289958816603,0.9422222222222221,2.41895382445,0.8656099748160537,0.837499999999999,1.99495555758,0.8878927786200019,0.845,3.86897186506,0.6562439209873429,0.76,2.13076593021,0.7780643964450222,1.0,nan,0.0
31,136288,0.7425,4.1895218528,0.6806676953182789,0.852506241597849,5.48289266379,0.5133408462116065,0.7925000000000001,3.85790653291,0.8180255116510073,0.7375,4.09311303788,0.7624624476738413,0.93679012345679,2.58176843493,0.8520283848045804,0.8125,2.67788942533,0.8295714868071813,0.827499999999999,4.06878529555,0.5866021030696449,0.6225,2.80458765299,0.41209018744782316,1.0,nan,0.0
31,136820,0.6025,2.3431188207,0.13583507992784746,0.9385442673324371,2.61508632246,0.8876772139689962,0.6175,1.48138135963,0.0483548169235624,0.6275000000000001,3.99643155714,0.23017024781419526,0.852345679012345,4.42364314058,0.5409014783843624,0.655,3.27873507079,0.2298937187953017,0.655,1.22349506529,0.06555824870586471,0.5650000000000001,2.35153017321,0.26208794096275856,1.0,nan,0.0
31,136846,0.7625000000000001,3.69003839314,0.7597414192093497,0.7226810063376221,1.17809538577,0.03937418269794497,0.804999999999999,3.21260876107,0.862215107945937,0.8075000000000001,1.37393249234,0.9496808964262087,0.6074074074074071,0.143548382561,0.004425599260058361,0.7925000000000001,3.22488768446,0.7704928503711301,0.6525000000000001,1.1784040153,0.06255609871975777,0.875,0.806111389633,0.9436719529040949,0.0,nan,0.0
31,137085,0.847499999999999,1.09085737942,0.9585510474270846,0.660418667178797,0.178356924904,0.0043761221801559115,0.8775000000000001,0.579727777676,0.984065361079703,0.8400000000000001,0.61720430567,0.9808891425173545,0.8148148148148141,4.2264602635,0.3762219290045239,0.875,1.13318154577,0.94572274454726,0.9400000000000001,1.57931178975,0.9214625239635924,0.8500000000000001,1.05388298233,0.920499938979414,0.0,nan,0.0
31,137869,0.8150000000000001,1.98614502282,0.9093127397877765,0.0,1.17509589362e-30,6.96493805625603e-33,0.8700000000000001,0.728473796883,0.9791760212288771,0.875,0.211908428082,0.994393521252385,0.9772839506172831,1.45337901135,0.9329211212833579,0.905,0.651372466995,0.9720164006653991,0.972499999999999,0.907544455254,0.961290048304524,0.8625,0.925319564582,0.9328605984261051,0.0,nan,0.0
31,138039,0.655,3.83969990312,0.2989564746447994,0.8560015363933161,5.46681557473,0.5324807421628621,0.6375000000000001,2.31237349049,0.08595002487184554,0.6975,5.18411746999,0.5733901081189822,0.716049382716049,1.6309698927,0.07875710948539527,0.63,2.58370234465,0.1565080392523047,0.7325,2.99922213753,0.22594855268085323,0.6075,2.72356962471,0.37059141669194373,0.0,nan,0.0
31,140859,0.4375,0.0726436629867,0.002149123469940439,0.9577491837910501,1.83437046828,0.9302038618147372,0.6000000000000001,0.933779782838,0.027473214966926403,0.5975,2.75661004716,0.12872476541859126,0.6948148148148141,1.136198405,0.049559083071532256,0.65,3.14471249307,0.21383346167177086,0.59,0.391115104589,0.01678155460417956,0.59,2.59322579102,0.3240167280346421,1.0,nan,0.0
31,140984,0.645,3.57803403805,0.26184777751692323,0.8857307470712501,4.85776832122,0.6879180837632775,0.7425,5.75284669666,0.570104539437605,0.754999999999999,3.37832303909,0.8279312784566755,0.9160493827160491,3.20020864228,0.7920280882521057,0.7625000000000001,3.91348981917,0.6628248738253899,0.8925000000000001,2.82460570031,0.8174135960563034,0.6925,2.75487571518,0.6108416856211452,1.0,nan,0.0
31,141053,0.625,3.00403925111,0.19595178479413494,1.0,0.659913121478,0.9800865775387162,0.7025,5.38541767811,0.34091947798652344,0.65,4.76852335692,0.32924196545393186,0.611358024691358,0.160820563647,0.005026271060063593,0.645,3.00724535946,0.19845233414862948,0.7025,2.25847308422,0.14706049304252727,0.5,1.5640940316,0.13422449583230453,1.0,nan,0.0
31,141356,0.7025,4.55734734208,0.5025892554502545,0.811791818705588,4.7847893798,0.2990914116077885,0.8400000000000001,1.61394151068,0.9452566053198787,0.794999999999999,1.77883698802,0.9300399396171192,0.8508641975308641,4.43035241187,0.5343428153093654,0.8250000000000001,2.33104630068,0.8608719042439897,0.9475,1.4055774375,0.93264952148895,0.8425,1.13516463818,0.9122928526753076,1.0,nan,0.0
31,142811,0.635,3.29667561632,0.2274614007494408,0.8137507201843671,4.85106521362,0.3085296817205153,0.675,4.21224787658,0.20780668417613463,0.58,2.06710776323,0.0866235732498074,0.714567901234567,1.59320833161,0.07636888490887517,0.595,1.63707917501,0.08303853135488255,0.7825000000000001,3.96254703742,0.4025474077108244,0.535,2.0025801177,0.19665949445885844,1.0,nan,0.0
31,142951,0.6475000000000001,3.6456351107,0.2708776341626463,0.8876896485500281,4.79202475286,0.6973700026753049,0.7375,5.81393519645,0.5411749283266736,0.764999999999999,2.95492084433,0.8595967460973821,0.929382716049382,2.80484104611,0.8320779740493034,0.804999999999999,2.88630452451,0.8087046487425835,0.784999999999999,3.99119763673,0.4124900922093129,0.68,2.81565571116,0.576003804483672,0.0,nan,0.0
31,143324,0.5750000000000001,1.60926499538,0.08176854261916788,0.8636835029767621,5.38779755089,0.574211110101578,0.625,1.76864707389,0.06052309204026819,0.66,5.0145332541,0.3782178811819279,0.6972839506172831,1.18834540806,0.05242858741544684,0.5725,1.13384750099,0.052064950339643,0.6775,1.67566404185,0.09802230883014819,0.59,2.59322579102,0.3240167280346421,1.0,nan,0.0
31,145305,0.605,2.41508990496,0.141782711926428,0.9097753024774341,3.90969815363,0.7938648679837157,0.6875,4.80655019543,0.26425162051515766,0.745,3.79490523925,0.7920528429816676,0.7970370370370371,3.89162086873,0.3038666093251984,0.7675000000000001,3.81669855355,0.6821540167370409,0.725,2.81598531881,0.20413902726927058,0.6575000000000001,2.86938027996,0.5119090693619526,1.0,nan,0.0
31,145335,0.5225000000000001,0.631132456221,0.025580730152881273,0.693796811983867,0.538813499365,0.015453115222064821,0.5,0.0183261692745,0.000338019673332179,0.5425,0.936520001877,0.03201268502154325,0.79753086419753,3.90261400305,0.3057911153234398,0.55,0.742420988977,0.03117091901916249,0.8,4.10966374546,0.4733643007507632,0.5875,2.57175988712,0.31756035729957843,0.0,nan,0.0
31,145444,0.725,4.4662980276,0.6046820874064864,0.8017284424812751,4.40728713806,0.2527914241301614,0.6925,5.01931263396,0.28882351816431234,0.754999999999999,3.37832303909,0.8279312784566755,0.861728395061728,4.35370810841,0.5821158925277757,0.8525,1.61903907107,0.9149530344806895,0.794999999999999,4.08070915004,0.452883851998031,0.7975000000000001,1.67034276336,0.8494094453726153,1.0,nan,0.0
31,146557,-0.25,4.87548460205e-24,4.080968248806791e-26,0.8974841559439211,4.42826106974,0.7425684709246743,0.6825,4.57795099112,0.24078441738024892,0.72,4.69875563203,0.6853096249765404,0.9002469135802461,3.63543949074,0.737950696941533,0.73,4.28791048571,0.5282565474755541,0.74,3.17721231908,0.249114252138404,0.5700000000000001,2.40428085917,0.27397827839575556,0.0,nan,0.0
31,146877,0.8075000000000001,2.22719574525,0.8935183571720345,0.5736892644516991,0.0036472003895,6.437092530564654e-05,0.5625,0.276929492254,0.006690059858414157,0.715,4.83958112944,0.6614567806403384,0.863209876543209,4.33842232921,0.5885546475541938,0.865,1.33637618942,0.9333925513188503,0.865,3.4992562895,0.730147996542396,0.8400000000000001,1.16289789103,0.9094203387573794,1.0,nan,0.0
31,146928,0.7000000000000001,4.54854980932,0.4912061106007709,0.837718455924716,5.41134889103,0.43251289122665415,0.8174999999999991,2.58813306187,0.8984288578864409,0.8600000000000001,0.343974326559,0.9902906863992411,0.803456790123456,4.02749153117,0.32929428940268857,0.855,1.56009279543,0.9189267083845389,0.885,3.02104039756,0.7954885364873312,0.8150000000000001,1.45495513055,0.8767477527248444,1.0,nan,0.0
31,146993,0.8125,2.06547238298,0.9042484506497253,0.37584021509506405,1.98049090495e-09,2.093379375197486e-11,1.0,0.00263426398793,0.9999561799625512,1.0,0.000825054171492,0.9999857233578919,0.8528395061728391,4.42114092461,0.5430853811432916,1.0,0.066154023595,0.9978346831450239,0.8,4.10966374546,0.4733643007507632,0.9500000000000001,0.299380586871,0.9829294054320108,1.0,nan,0.0
31,147026,0.5,0.385970899464,0.01431124072419905,0.8626848473209141,5.40140535047,0.5688236792483531,0.625,1.76864707389,0.06052309204026819,0.615,3.48845900574,0.1833566421586724,0.815802469135802,4.24101645932,0.38040343698089796,0.655,3.27873507079,0.2298937187953017,0.645,1.0496219259,0.05420711047444943,0.52,1.81558442202,0.1680179761816663,1.0,nan,0.0
31,147101,0.625,3.00403925111,0.19595178479413494,0.861724601497983,5.41356158655,0.5636310927466782,0.6825,4.57795099112,0.24078441738024892,0.7225,4.62226099226,0.6969617015110011,0.9007407407407401,3.62269162939,0.7397428307862257,0.865,1.33637618942,0.9333925513188503,0.8525,3.74614640769,0.6848134970264596,0.8600000000000001,0.950306835532,0.9305161430086543,0.0,nan,0.0
31,147111,0.595,2.13145007311,0.1190597705468838,0.9010946802381411,4.28174744971,0.7582940423029063,0.6225,1.66946451493,0.05622615533729744,0.774999999999999,2.53941199014,0.8870562683764707,0.852345679012345,4.42364314058,0.5409014783843624,0.735,4.26247918344,0.5496377375316988,0.837499999999999,3.97021508505,0.6268329071482337,0.605,2.70720498338,0.36380278443273556,1.0,nan,0.0
31,147193,0.75,4.02213023313,0.7114779703607595,0.752294987516804,2.22262525213,0.0887904483427473,0.7975000000000001,3.59982614527,0.8366706412955529,0.7825000000000001,2.24051722366,0.9049724145764788,0.6439506172839501,0.381860940596,0.013446546631349482,0.7825000000000001,3.47952373214,0.7369550842715843,0.75,3.40193226279,0.2820241266043046,0.8500000000000001,1.05388298233,0.920499938979414,1.0,nan,0.0
31,819,0.725,4.4662980276,0.6046820874064864,0.8252736700595351,5.18284581612,0.36644035809252284,0.7225,5.81090444148,0.4536364703542766,0.7075,5.01726971495,0.624467143488785,0.7214814814814811,1.77315679047,0.08800029634669773,0.7025,4.20121387903,0.41065482813736387,0.8300000000000001,4.04819207259,0.5967488968680892,0.7775000000000001,1.91895295673,0.8135132091316362,0.0,nan,0.0
31,1942,0.715,4.54477031639,0.5595764216122282,0.8467447666602651,5.48180302999,0.48173791439757674,0.6075,1.14738995243,0.03525811597829914,0.5925,2.55254542899,0.11545369053105843,0.755061728395061,2.74276220489,0.16350933090750785,0.6725,3.70662828771,0.2911249152258785,0.784999999999999,3.99119763673,0.4124900922093129,0.585,2.54963829673,0.31115847501788474,0.0,nan,0.0
31,1993,0.6625,4.01778068251,0.3284331695746288,0.8857307470712501,4.85776832122,0.6879180837632775,0.835,1.8091436498,0.936704424072516,0.7525000000000001,3.48372383777,0.8193536070104266,0.905679012345679,3.4917933168,0.7573119357253999,0.7375,4.24510398093,0.5602728571272308,0.905,2.4880562916,0.8506245873881193,0.63,2.83350790966,0.43323802301294917,0.0,nan,0.0
