user,id,mealScore,mealScore_pdf,mealScore_cdf,roomScore,roomScore_pdf,roomScore_cdf,equipmentScore,equipmentScore_pdf,equipmentScore_cdf,serviceScore,serviceScore_pdf,serviceScore_cdf,bathScore,bathScore_pdf,bathScore_cdf,locationScore,locationScore_pdf,locationScore_cdf,distanceScore,distanceScore_pdf,distanceScore_cdf,chargeScore,chargeScore_pdf,chargeScore_cdf,kinnennScore,kinnennScore_pdf,kinnennScore_cdf
34,101,0.6975,3.21302237601,0.20087522155410797,0.6000000000000001,0.43506227201,0.01415179252767611,0.655,2.8911479434,0.16736578615920283,0.73,4.55241541228,0.3135443864268087,0.625,2.68310834126,0.20868228300293074,0.9400000000000001,1.8680705518,0.9056436933315821,0.9797530864197531,1.39505153721,0.9261520926020935,0.9297100057614741,1.8647051038,0.8302610177138924,1.0,nan,0.0
34,192,0.6675,2.2448957084,0.11908954259641712,0.6775,2.18681701336,0.10437900627688614,0.63,2.09229955675,0.10518765095631304,0.66,1.95095764935,0.08392472366892603,0.5325,0.916717541838,0.04680411392245457,0.745,3.08324892979,0.19675284548111072,0.755061728395061,2.80503652751,0.19886500289181935,0.8213942769348951,2.9429001344,0.56012935788882,1.0,nan,0.0
34,223,0.5825,0.456438411284,0.017291214258924794,0.605,0.495767752742,0.0164762708931044,0.6375000000000001,2.3253429656,0.12174854128323775,0.6775,2.59758452232,0.1236153807248064,0.5575,1.3200253876,0.07458492937215391,0.605,0.24282614413,0.007961673080437767,0.8103703703703701,3.92829431416,0.3883724329251759,0.8713654695602071,2.58363165249,0.6996253557922898,0.0,nan,0.0
34,388,0.7825000000000001,4.59050362069,0.5577820233402486,0.7675000000000001,4.74903744202,0.4325092561614941,0.7575000000000001,4.54565700019,0.5896837254196614,0.7675000000000001,5.1357984131,0.4985878572369218,0.675,3.50620045463,0.365330448311974,0.915,2.58990282991,0.850053951174625,0.851358024691358,4.07264988684,0.5548803955711387,0.713885154599577,2.41896806225,0.2566324578653554,1.0,nan,0.0
34,398,0.847499999999999,3.05822225858,0.8152259681915535,0.6325000000000001,0.952712002589,0.03589027046757365,0.635,2.24674104885,0.11603361098054232,0.66,1.95095764935,0.08392472366892603,0.545,1.10765336479,0.05943332899996243,0.61,0.277242727503,0.009260279805117053,0.720493827160493,1.93930165922,0.1169927085888752,0.8828884194353751,2.45847610875,0.7286870642755539,0.0,nan,0.0
34,462,0.7075,3.52769524366,0.2345917064922614,0.68,2.27037518404,0.10995026709194258,0.7975000000000001,3.6734012566,0.7564969855151884,0.8300000000000001,3.71433936423,0.7881961760426739,0.64,2.97494345363,0.2511497758146073,0.79,4.16863446012,0.3621136723149719,0.810864197530864,3.93432565084,0.39031382449209673,0.965469560207413,1.39423005827,0.8884528771717828,1.0,nan,0.0
34,509,0.8225,3.8297968963,0.7288821547292432,0.6950000000000001,2.78928365144,0.14786782414864102,0.6375000000000001,2.3253429656,0.12174854128323775,0.6950000000000001,3.29278815597,0.17512804464588066,0.5125000000000001,0.658110073104,0.031152465594361158,0.919999999999999,2.44108907986,0.8626309937852809,0.9125925925925921,3.04172610348,0.7787476405578588,0.6792778951411561,1.97471225927,0.18043309503798474,0.0,nan,0.0
34,568,0.5675,0.318723115749,0.011528970464945856,0.6625,1.71310971531,0.07519430496650638,0.685,3.82200002268,0.26841739268738196,0.7975000000000001,4.77045268234,0.649002706969857,0.865,1.34536689542,0.921972911340935,0.9450000000000001,1.73379996259,0.9146465084824453,0.9432098765432091,2.25768919505,0.8599443956952499,0.786863837142308,2.96755431094,0.4575120875303951,1.0,nan,0.0
34,570,0.857499999999999,2.73048934747,0.8441702425271114,0.8625,2.98834368976,0.8357871758242028,0.754999999999999,4.57291871406,0.5782847223137209,0.7825000000000001,5.04434950132,0.5751783952811353,0.735,3.62489101658,0.5849075902197886,0.8775000000000001,3.65866364645,0.7323554829606411,0.946172839506172,2.18212799067,0.8665217614154299,0.765700019204916,2.88519376154,0.395451926718737,1.0,nan,0.0
34,610,0.8225,3.8297968963,0.7288821547292432,0.7825000000000001,4.81777379696,0.504455662789206,0.6875,3.89079067065,0.27805879907780606,0.725,4.40084646935,0.291155603354145,0.615,2.4773172007,0.18287496554467247,0.9175000000000001,2.51536477419,0.8564354922325148,0.899753086419753,3.34569992746,0.7377119773840497,0.880929517956596,2.48059486462,0.7238494348876898,0.0,nan,0.0
34,630,0.7725000000000001,4.63802495031,0.5115856609602194,0.74,4.24759719976,0.30779162906896906,0.6375000000000001,2.3253429656,0.12174854128323775,0.68,2.69524172333,0.13023121603387616,0.5575,1.3200253876,0.07458492937215391,0.6875,1.45623126917,0.06773509371703414,0.7629629629629631,3.0015614107,0.22180804090368622,0.9405031688112151,1.72038102313,0.8496078566417092,0.0,nan,0.0
34,658,0.63,1.22692755996,0.05502514647862411,0.59,0.331394833254,0.010338363164597228,0.54,0.336465979947,0.011354054652034457,0.5775,0.269385158928,0.007993317806050407,0.47750000000000004,0.338419977085,0.014177225601244785,0.665,0.971316167195,0.04065158539835237,0.65679012345679,0.739136856293,0.03543379351460003,0.656270405223737,1.66148138767,0.13860183556817574,0.0,nan,0.0
34,659,0.62,1.01623460965,0.04383213221215918,0.645,1.23614179345,0.04951964464765303,0.5925,1.10658028392,0.04628210979146204,0.6125,0.705818654533,0.02408288112342831,0.47750000000000004,0.338419977085,0.014177225601244785,0.65,0.716128512241,0.028063673816859876,0.622222222222222,0.382328027699,0.016585815408438603,0.531745726906087,0.387282907126,0.021608268796252265,0.0,nan,0.0
34,716,0.8025,4.31142397844,0.6471889356986615,0.8325,3.98762203259,0.7307249063536149,0.715,4.47832368192,0.3939275943405752,0.7225,4.32022010003,0.2802536369112385,0.645,3.06564818407,0.26625287569354766,0.735,2.78689192983,0.1673968316024912,0.819259259259259,4.02185440736,0.42373025511539997,0.7945073938928361,2.97927147904,0.4802457554544052,0.0,nan,0.0
34,767,0.7325,4.20023014195,0.3316334257957674,0.7000000000000001,2.96567139209,0.16225507748302104,0.6625,3.1350475963,0.18996567812221019,0.6950000000000001,3.29278815597,0.17512804464588066,0.5975,2.10936492672,0.1427378174557682,0.8725,3.78120823509,0.7137526994297845,0.9007407407407401,3.32338278996,0.7410053683935185,0.7599385442673321,2.8506169247,0.37892616906241366,0.0,nan,0.0
34,839,0.735,4.25406563194,0.34220191410944545,0.845,3.59285222071,0.7781499766269713,0.7875000000000001,3.95562682001,0.718325176138283,0.8150000000000001,4.26139363655,0.7282856705714131,0.7275,3.67204999838,0.5575333397820456,0.925,2.29374154846,0.8744672892200154,1.0,1.01082160937,0.9503759376259164,0.782024198194737,2.95511316224,0.4431787414181103,1.0,nan,0.0
34,858,0.5675,0.318723115749,0.011528970464945856,0.65,1.36313503468,0.05601463657635788,0.635,2.24674104885,0.11603361098054232,0.61,0.66277288726,0.022372574957016115,0.5525,1.23262071002,0.06820463639518103,0.6475000000000001,0.67881765177,0.026320294595677203,0.631604938271604,0.461218349256,0.020533700436804858,0.7714614941425001,2.91469877324,0.41216237001537315,0.0,nan,0.0
34,864,0.75,4.50891927692,0.4080775723546323,0.71,3.31613172171,0.19366964476435994,0.6375000000000001,2.3253429656,0.12174854128323775,0.6900000000000001,3.09267806101,0.15916419738593335,0.5625,1.41051388474,0.08141003177968,0.919999999999999,2.44108907986,0.8626309937852809,0.899753086419753,3.34569992746,0.7377119773840497,0.8713654695602071,2.58363165249,0.6996253557922898,0.0,nan,0.0
34,922,0.4525,0.0103188958271,0.00027486049165124417,0.5750000000000001,0.214366730365,0.0062976697028039996,0.595,1.16106660311,0.049116310219466185,0.605,0.582792476288,0.019261998570806804,0.454999999999999,0.208411457408,0.008120598147929536,0.6825,1.33813731404,0.06075153230445579,0.5837037037037031,0.16596556897,0.006514564187837411,0.9174188592279621,2.02830247273,0.8063340835799018,1.0,nan,0.0
34,930,0.7125,3.67790012664,0.25260813939061244,0.7925000000000001,4.77626573783,0.5524839111581721,0.75,4.61600776035,0.555305990251632,0.78,5.07280427797,0.562530877658133,0.685,3.60321055453,0.4009011370901435,0.885,3.4621528783,0.7590672223652268,0.750123456790123,2.68017797042,0.18532083412796552,0.56024582293067,0.58387131382,0.03530781315703546,1.0,nan,0.0
34,995,0.7875000000000001,4.54290944912,0.580622033940593,0.5325,0.0522047492852,0.001313415028225391,0.51,0.146288479166,0.004442052609199775,0.5775,0.269385158928,0.007993317806050407,0.52,0.748296566722,0.03642143535625465,0.65,0.716128512241,0.028063673816859876,0.7664197530864191,3.08561184507,0.23232949042182927,0.8674860764355671,2.62286247168,0.689525828900352,1.0,nan,0.0
34,996,0.625,1.11816102486,0.0491652765370005,0.6375000000000001,1.06021105387,0.04091931845378252,0.6000000000000001,1.27517652255,0.055204075242765355,0.65,1.62101121804,0.06609258033089037,0.5325,0.916717541838,0.04680411392245457,0.725,2.48803117395,0.1410232721024188,0.8390123456790121,4.10806327609,0.5043113169171055,0.8703668139043591,2.59388019629,0.6970400715671852,0.0,nan,0.0
34,1119,0.5,0.0491520261044,0.0014763924840001047,0.58,0.248773505866,0.0074537382710643954,0.545,0.382460699579,0.013149376031782744,0.6000000000000001,0.510600395478,0.016531667790356686,0.5075000000000001,0.602442327531,0.028002554317671385,0.7325,2.71211469556,0.16052305388280902,0.8874074074074071,3.6051073042,0.6947660782850607,0.8574227002112541,2.71687052774,0.6626481828898699,0.0,nan,0.0
34,1128,0.8700000000000001,2.32685221212,0.8757642365509997,0.6775,2.18681701336,0.10437900627688614,0.6925,4.02196845525,0.29784442387797355,0.7425,4.86494193408,0.37250948586545857,0.6025,2.21460477165,0.15354758728033585,0.7725000000000001,3.81932355066,0.29204267026184905,0.7935802469135801,3.67040063597,0.3244431068107415,0.858882273862108,2.70396952934,0.6666042720040462,1.0,nan,0.0
34,1186,0.5750000000000001,0.382434023618,0.014152212240423605,0.6625,1.71310971531,0.07519430496650638,0.6175,1.72638102751,0.08135399950120528,0.7225,4.32022010003,0.2802536369112385,0.65,3.15220998013,0.28179935204060375,0.67,1.06855105804,0.04574870312171242,0.712592592592592,1.75407988276,0.10240680048177883,0.7987708853466481,2.98155461099,0.49295380560418844,0.0,nan,0.0
34,1356,0.79,4.51335162844,0.5919431476253109,0.8125,4.49334025198,0.6456029927293947,0.774999999999999,4.25538659175,0.666936612382788,0.7575000000000001,5.08945155133,0.44739020316299116,0.73,3.65824079437,0.5666966056072407,0.925,2.29374154846,0.8744672892200154,0.8316049382716041,4.09613554159,0.47391004679498633,0.704513155367774,2.30512287765,0.23449041565682696,0.0,nan,0.0
34,1357,0.76,4.60609981186,0.45370421578417125,0.8075000000000001,4.58748273523,0.6228948496229623,0.78,4.14358756549,0.6879388589503557,0.8025,4.64333707343,0.6725439764863668,0.72,3.70174801508,0.5298705134074067,0.835,4.38717776591,0.5586445848387807,0.6083950617283951,0.286713422896,0.011986889761679866,0.283887075091223,0.00170779937487,5.718487409846275e-05,0.0,nan,0.0
34,1386,0.5825,0.456438411284,0.017291214258924794,0.7425,4.31051121268,0.3184898846860963,0.7025,4.2545537736,0.33926266600931754,0.6975,3.39246268748,0.18348469916479365,0.6525000000000001,3.1937813341,0.28973208925735167,0.8600000000000001,4.05073182419,0.664743629680414,0.866666666666666,3.93566953479,0.6163055936451511,0.694680238140964,2.17966430878,0.2124367641474345,0.0,nan,0.0
34,1404,0.75,4.50891927692,0.4080775723546323,0.7875000000000001,4.80572895149,0.5285217193577475,0.6725,3.45227058389,0.22291325319121658,0.6725,2.40551826861,0.1111096034652139,0.77,3.20041876344,0.7052516427383337,0.75,3.22802590647,0.21253233286873038,0.575802469135802,0.138115464549,0.00531620170304069,0.41317457269060803,0.043394169882,0.0018301453495377404,0.0,nan,0.0
34,1500,0.6875,2.88802696962,0.17036558517168254,0.5825,0.267629212002,0.008099003719435394,0.5675,0.655233666746,0.02460892006348965,0.73,4.55241541228,0.3135443864268087,0.387499999999999,0.0372061644546,0.0011944961914632998,0.9375,1.93681663335,0.9008877965748052,0.8859259259259251,3.63347902544,0.6894040821997502,0.9097753024774341,2.1284069983,0.7904469376917445,0.0,nan,0.0
34,1501,0.55,0.204151349432,0.007017502241290948,0.6025,0.46463599318,0.015276095618728676,0.505,0.125982538355,0.003762468107214643,0.6425000000000001,1.39638982664,0.05479007205191892,0.4,0.0527707714164,0.0017518372527787953,0.9450000000000001,1.73379996259,0.9146465084824453,0.775308641975308,3.29394676221,0.26069241000993604,0.8521605531015941,2.76118540961,0.6482334836419983,0.0,nan,0.0
34,1511,0.6075,0.790875560423,0.03258093675905714,0.54,0.0682779820479,0.0017628389355758447,0.52,0.19546542318,0.006140674048359211,0.6125,0.705818654533,0.02408288112342831,0.5925,2.00471260739,0.1324529574169116,0.8700000000000001,3.83956277135,0.7042263090226422,0.724444444444444,2.0346841381,0.1248420078703579,0.8636450931438441,2.66011181871,0.6793793994274846,1.0,nan,0.0
34,1556,0.705,3.45056030967,0.22586863381301586,0.705,3.1417338273,0.17752400000947394,0.6625,3.1350475963,0.18996567812221019,0.675,2.50095739642,0.11724243475459645,0.6525000000000001,3.1937813341,0.28973208925735167,0.7825000000000001,4.03385156574,0.33133927614438763,0.675555555555555,1.01752324662,0.05181530888055416,0.788745918955252,2.97134451794,0.4631009266877702,1.0,nan,0.0
34,1630,0.8525,2.89446263388,0.8301080158884395,0.6825,2.35497777761,0.11573175274681244,0.6325000000000001,2.16902780582,0.11051409531349701,0.6525000000000001,1.70034654368,0.07024382427864913,0.6075,2.31998965314,0.16488410813357993,0.64,0.575470758137,0.021624653219444928,0.6335802469135801,0.479410763687,0.021462622897296425,0.888611484540042,2.39208908345,0.7425683266598444,0.0,nan,0.0
34,1667,0.75,4.50891927692,0.4080775723546323,0.6175,0.676340434425,0.023757419071900786,0.6625,3.1350475963,0.18996567812221019,0.68,2.69524172333,0.13023121603387616,0.49,0.43452534312,0.018988669057578806,0.8,4.30848592848,0.40453914364820875,0.902222222222222,3.28953174065,0.7459038781669702,0.660072978682542,1.7131559141,0.1450179279308704,0.0,nan,0.0
34,1680,0.784999999999999,4.56864999931,0.5692317817181938,0.7275,3.89292908577,0.2568488679402662,0.6950000000000001,4.08405337251,0.3079774635760191,0.7925000000000001,4.88052487322,0.6248678654640377,0.6975,3.68285343926,0.44648888136727116,0.8700000000000001,3.83956277135,0.7042263090226422,0.875061728395061,3.82016487128,0.6488797045179726,0.8974841559439211,2.28457405407,0.7633193658773949,1.0,nan,0.0
34,1725,0.615,0.921099251901,0.038991608655865796,0.6475000000000001,1.29867831888,0.0526877675544864,0.6000000000000001,1.27517652255,0.055204075242765355,0.685,2.89296611162,0.1442005938184786,0.625,2.68310834126,0.20868228300293074,0.7425,3.00981939891,0.18913638781673997,0.760987654320987,2.95293750801,0.21592698921967904,0.84251968503937,2.83292898247,0.6212572830162304,1.0,nan,0.0
34,1764,0.7725000000000001,4.63802495031,0.5115856609602194,0.7425,4.31051121268,0.3184898846860963,0.67,3.37427825804,0.21437984670064045,0.7075,3.78336033759,0.21937730916337322,0.645,3.06564818407,0.26625287569354766,0.857499999999999,4.09739730207,0.6545579241910724,0.880987654320987,3.72317731899,0.6712363355258582,0.7307470712502401,2.60508894432,0.2990278893810765,0.0,nan,0.0
34,1770,0.635,1.34251458432,0.061445923884619696,0.64,1.11689837423,0.04364029686424141,0.5775,0.815693044803,0.03194192881990025,0.6025,0.545751001921,0.017851719136272023,0.5525,1.23262071002,0.06820463639518103,0.835,4.38717776591,0.5586445848387807,0.722962962962963,1.99872132603,0.12185432782737414,0.785327443825619,2.9640241128,0.4529554187017439,0.0,nan,0.0
34,1799,0.8250000000000001,3.7589032273,0.73836843035313,0.885,2.20833912923,0.8941658213872372,0.8400000000000001,2.29708984471,0.8837184887960237,0.81,4.42409888198,0.7065669238435833,0.8500000000000001,1.62328586348,0.8997380825088654,0.8,4.30848592848,0.40453914364820875,0.7614814814814811,2.96513017195,0.21738824146812263,0.434415210293835,0.06793262147,0.0029953988328971135,0.0,nan,0.0
34,1872,0.6075,0.790875560423,0.03258093675905714,0.6475000000000001,1.29867831888,0.0526877675544864,0.6075,1.45896018456,0.06544776041128673,0.66,1.95095764935,0.08392472366892603,0.52,0.748296566722,0.03642143535625465,0.9475,1.66839926982,0.9188990066068832,0.7866666666666661,3.53786035812,0.2995178672846196,0.683272517764547,2.02857415378,0.18842902838086634,0.0,nan,0.0
34,1927,0.5,0.0491520261044,0.0014763924840001047,0.5775,0.231035516948,0.006854204773826367,0.5775,0.815693044803,0.03194192881990025,0.66,1.95095764935,0.08392472366892603,0.52,0.748296566722,0.03642143535625465,0.8400000000000001,4.34448812439,0.5804791978926893,0.8172839506172841,4.00386381464,0.4158033504843601,0.814518916842711,2.96359428246,0.5398203158341655,0.0,nan,0.0
34,1996,0.62,1.01623460965,0.04383213221215918,0.495,0.0120616137005,0.00026882487235630533,0.525,0.22491780181,0.007190176023694374,0.67,2.3114150222,0.1052137298924104,0.6000000000000001,2.16193851046,0.14807692169950237,0.7325,2.71211469556,0.16052305388280902,0.7866666666666661,3.53786035812,0.2995178672846196,0.8560015363933161,2.72918143185,0.6587782873654652,0.0,nan,0.0
34,1997,0.7775000000000001,4.62232369154,0.534743297387942,0.685,2.44050662759,0.1217259280528131,0.6625,3.1350475963,0.18996567812221019,0.6900000000000001,3.09267806101,0.15916419738593335,0.59,1.95273830182,0.1275062014606137,0.67,1.06855105804,0.04574870312171242,0.493827160493827,0.0159420528265,0.0005056202732481586,0.8905703860188201,2.36880268748,0.7472314301386336,1.0,nan,0.0
34,2335,0.75,4.50891927692,0.4080775723546323,0.64,1.11689837423,0.04364029686424141,0.5825,0.905833893166,0.03624293709683159,0.675,2.50095739642,0.11724243475459645,0.485,0.393832675805,0.01691905964900245,0.6900000000000001,1.51736858123,0.07145180938660492,0.884444444444444,3.66119071612,0.6840005404526754,0.9059343191857111,2.17795074377,0.7821764256129797,0.0,nan,0.0
34,2465,-0.25,8.69244274891e-25,7.811361449890447e-27,0.6675,1.86514083863,0.08413726343425945,0.7775000000000001,4.20093047973,0.6775076239599309,0.7225,4.32022010003,0.2802536369112385,0.555,1.27592635188,0.07134015278120306,0.7225,2.41379130344,0.1348960674908451,0.8153086419753081,3.98424978347,0.40791359050239046,0.937007874015748,1.76706251522,0.8435130663270551,1.0,nan,0.0
34,2605,-0.25,8.69244274891e-25,7.811361449890447e-27,0.339999999999999,3.21002451507e-06,4.824911028348816e-08,0.3025,2.40913371704e-05,4.26105430794628e-07,0.339999999999999,5.01604370262e-06,7.832409457694192e-08,0.355,0.014058214396,0.00041558017855984326,0.59,0.160154040172,0.00497530487714362,0.803456790123456,3.83412131188,0.3615290876321089,0.8767428461686191,2.52674957389,0.7133668355029114,1.0,nan,0.0
34,2876,0.6075,0.790875560423,0.03258093675905714,0.8174999999999991,4.38511168938,0.667804768108384,0.794999999999999,3.74687871089,0.7472212686612538,0.8400000000000001,3.3197683048,0.8233781352117409,0.889999999999999,0.943284530591,0.9504081527046566,0.9550000000000001,1.4797757627,0.930697334708697,0.886913580246913,3.61463668096,0.6929834225055411,0.602458229306702,0.986130975138,0.06797806179200841,0.0,nan,0.0
34,2877,0.6875,2.88802696962,0.17036558517168254,0.6725,2.02327097739,0.09385588496922448,0.75,4.61600776035,0.555305990251632,0.635,1.19252864903,0.045094774945828045,0.635,2.88060579468,0.23650949649709246,0.8075000000000001,4.38074030969,0.4371418886002192,0.845432098765432,4.09824324119,0.530662561584998,0.748454004225081,2.7673244456,0.346648652425742,1.0,nan,0.0
34,2958,0.6825,2.72474710762,0.15633383707553983,0.5325,0.0522047492852,0.001313415028225391,0.59,1.05381506417,0.043581974426575264,0.65,1.62101121804,0.06609258033089037,0.7475,3.50949972102,0.6295438327497611,0.8775000000000001,3.65866364645,0.7323554829606411,0.9797530864197531,1.39505153721,0.9261520926020935,0.8905703860188201,2.36880268748,0.7472314301386336,0.0,nan,0.0
34,4771,0.6025,0.712127414505,0.028826061368501,0.705,3.1417338273,0.17752400000947394,0.635,2.24674104885,0.11603361098054232,0.705,3.6872716379,0.21003873440734883,0.5175000000000001,0.71733480665,0.03458958439176304,0.8975000000000001,3.10944623229,0.8001662595173651,0.79753086419753,3.73974837644,0.3390820572607015,0.7637795275590551,2.87422307068,0.38992138105243285,1.0,nan,0.0
34,4778,0.7875000000000001,4.54290944912,0.580622033940593,0.774999999999999,4.80294582016,0.4683533149267202,0.7125,4.44016678004,0.38277876075762884,0.6875,2.99266995982,0.1515575549131092,0.6575000000000001,3.27320227625,0.30590168178707305,0.9400000000000001,1.8680705518,0.9056436933315821,0.941234567901234,2.30835320872,0.8554347581165679,0.594814672556174,0.903567980855,0.06075865869617446,1.0,nan,0.0
34,4801,0.7075,3.52769524366,0.2345917064922614,0.64,1.11689837423,0.04364029686424141,0.625,1.94215323731,0.09510345139339721,0.735,4.68961580917,0.3366558028796349,0.6725,3.47761579605,0.3566003299413252,0.764999999999999,3.6363006681,0.26407347741458315,0.8103703703703701,3.92829431416,0.3883724329251759,0.8214326867678121,2.94276302045,0.5602423915587703,1.0,nan,0.0
34,4805,0.7675000000000001,4.63743955727,0.4883902023275508,0.8400000000000001,3.75609615936,0.7597750463142128,0.74,4.65518939658,0.5088972183638723,0.7725000000000001,5.12666698244,0.5242530153505679,0.6975,3.68285343926,0.44648888136727116,0.9125000000000001,2.66459427002,0.8434858501637803,0.940246913580246,2.33375756711,0.8531423613618044,0.7753024774342231,2.9314717774,0.423390642652144,0.0,nan,0.0
34,4819,0.6025,0.712127414505,0.028826061368501,0.715,3.48746770279,0.21068021629730538,0.6725,3.45227058389,0.22291325319121658,0.6725,2.40551826861,0.1111096034652139,0.56,1.36489588708,0.07794092266224528,0.7225,2.41379130344,0.1348960674908451,0.884444444444444,3.66119071612,0.6840005404526754,0.8751680430190121,2.54369666224,0.709374327573066,0.0,nan,0.0
34,4977,0.64,1.46482573977,0.06846150389336694,0.685,2.44050662759,0.1217259280528131,0.725,4.59503498272,0.43934338110892185,0.71,3.87796194756,0.22895429690210345,0.705,3.70721015614,0.4742128164047013,0.8500000000000001,4.22104032765,0.6233480074375383,0.7970370370370371,3.7313512545,0.33723733804210637,0.7945073938928361,2.97927147904,0.4802457554544052,1.0,nan,0.0
34,5024,0.67,2.32312145905,0.12479937618644363,0.7625000000000001,4.69199820397,0.4088997802599793,0.6525000000000001,2.80949789793,0.16023997682005184,0.7000000000000001,3.4915879152,0.1920899004784494,0.495,0.47836368763,0.02126955638920649,0.7425,3.00981939891,0.18913638781673997,0.9032098765432091,3.26672352431,0.7491415505927721,0.9289802189360471,1.87446591149,0.8288966186790161,1.0,nan,0.0
34,5041,0.75,4.50891927692,0.4080775723546323,0.47750000000000004,0.00567516292058,0.0001200363714386206,0.454999999999999,0.0239702365678,0.0006141676130447873,0.41000000000000003,0.000271954646271,4.976660382674377e-06,0.36250000000000004,0.0177446919626,0.0005343540901443155,0.6375000000000001,0.543802495987,0.02022584487763935,0.8246913580246911,4.06276145389,0.4456942189694731,0.7061647781832141,2.32563487318,0.2383145728027619,0.0,nan,0.0
34,5303,0.25,1.04232389891e-06,1.7967215246513882e-08,0.5,0.0148386015176,0.0003358561820878212,0.47250000000000003,0.0443255857787,0.001195374760046374,0.75,4.99948346265,0.4095278845073117,0.6950000000000001,3.67077742269,0.4372964345008351,0.8600000000000001,4.05073182419,0.664743629680414,0.78716049382716,3.54776661835,0.3012674074524271,0.865603994622623,2.64131818768,0.684571959042289,1.0,nan,0.0
34,5309,0.6950000000000001,3.13234402468,0.19294339652780218,0.6950000000000001,2.78928365144,0.14786782414864102,0.6900000000000001,3.95749768352,0.28786960961093266,0.6975,3.39246268748,0.18348469916479365,0.585,1.84974177714,0.1180005833898044,0.7675000000000001,3.69917227882,0.2732431850505992,0.9041975308641971,3.24373015298,0.7523566044189678,0.8444785865181481,2.81938227889,0.6267935314480246,0.0,nan,0.0
34,5385,0.7625000000000001,4.62057967488,0.4652383995414776,0.6000000000000001,0.43506227201,0.01415179252767611,0.5875,1.00277182613,0.041011599368277654,0.6075,0.621781554396,0.020767304578685156,0.5075000000000001,0.602442327531,0.028002554317671385,0.8425,4.31829239178,0.5913083376400982,0.9446913580246911,2.21983709596,0.8632610651677584,0.9020933358939881,2.22685902044,0.773716806431925,0.0,nan,0.0
34,5562,0.6875,2.88802696962,0.17036558517168254,0.8200000000000001,4.32605991229,0.6786943929620604,0.774999999999999,4.25538659175,0.666936612382788,0.8025,4.64333707343,0.6725439764863668,0.7575000000000001,3.38679049415,0.6640464283011007,0.9575,1.41957698038,0.9343212373269174,0.9111111111111111,3.07813618008,0.7742143735493761,0.256769733051661,0.000778491856878,2.5011141476616787e-05,0.0,nan,0.0
34,5627,0.6675,2.2448957084,0.11908954259641712,0.66,1.63956235392,0.07100381881494996,0.5225000000000001,0.209754792016,0.006647021333647294,0.59,0.387719179624,0.012062890389308918,0.5675,1.50388625183,0.08869487650017388,0.59,0.160154040172,0.00497530487714362,0.7688888888888881,3.14471119438,0.24002142068440133,0.8681774534280771,2.61598666181,0.6913368417245382,1.0,nan,0.0
34,5729,0.5,0.0491520261044,0.0014763924840001047,0.545,0.0812857991223,0.0021359170298652134,0.5225000000000001,0.209754792016,0.006647021333647294,0.5,0.0175185635837,0.00040513775367343515,0.41000000000000003,0.0691029454618,0.0023579864367303917,0.6375000000000001,0.543802495987,0.02022584487763935,0.826172839506172,4.07169569846,0.4517198617247016,0.696216631457653,2.19960694831,0.21580092019079394,0.0,nan,0.0
34,7055,0.8075000000000001,4.2074254226,0.6684911784064348,0.5675,0.170301072495,0.004860515962320044,0.47250000000000003,0.0443255857787,0.001195374760046374,0.54,0.0793649526213,0.0020705721900552633,0.464999999999999,0.259952453256,0.010454652973338752,0.6375000000000001,0.543802495987,0.02022584487763935,0.7412345679012341,2.45416908436,0.1625013638386027,0.8713654695602071,2.58363165249,0.6996253557922898,0.0,nan,0.0
34,7341,0.5,0.0491520261044,0.0014763924840001047,0.754999999999999,4.576322316,0.37412160914978887,0.6125,1.58959978095,0.07306652910345199,0.7000000000000001,3.4915879152,0.1920899004784494,0.6025,2.21460477165,0.15354758728033585,0.7675000000000001,3.69917227882,0.2732431850505992,0.8864197530864191,3.62409416285,0.6911960785828775,0.8636835029767621,2.6597474597,0.6794815668810353,0.0,nan,0.0
34,7342,0.59,0.541807007805,0.02102720160793616,0.56,0.134187963475,0.003723279455895989,0.545,0.382460699579,0.013149376031782744,0.5875,0.361123790894,0.011127161086873862,0.52,0.748296566722,0.03642143535625465,0.847499999999999,4.2564983667,0.6127504637717118,0.9061728395061721,3.19721381648,0.7587181439537463,0.8137507201843671,2.96542692768,0.5375429824781134,1.0,nan,0.0
34,7343,0.6325000000000001,1.28387264371,0.05816329204742217,0.715,3.48746770279,0.21068021629730538,0.6875,3.89079067065,0.27805879907780606,0.7075,3.78336033759,0.21937730916337322,0.665,3.38216161974,0.3308672933572486,0.9125000000000001,2.66459427002,0.8434858501637803,0.9619753086419751,1.79264104681,0.8978923130208087,0.8559631265603991,2.72951068898,0.6586734536387244,0.0,nan,0.0
34,7588,0.6025,0.712127414505,0.028826061368501,0.6175,0.676340434425,0.023757419071900786,0.6725,3.45227058389,0.22291325319121658,0.6950000000000001,3.29278815597,0.17512804464588066,0.845,1.72086161516,0.8913786143779503,0.8150000000000001,4.42332687972,0.4701760284344949,0.958024691358024,1.88739497067,0.8906237707058817,0.8559631265603991,2.72951068898,0.6586734536387244,1.0,nan,0.0
34,7599,0.75,4.50891927692,0.4080775723546323,0.5675,0.170301072495,0.004860515962320044,0.5625,0.584515767129,0.021512107338564134,0.6000000000000001,0.510600395478,0.016531667790356686,0.5325,0.916717541838,0.04680411392245457,0.9500000000000001,1.60422935737,0.922989530617349,0.9456790123456791,2.19468082733,0.8654410685940169,0.8646437487996921,2.65058438579,0.6820311871732899,1.0,nan,0.0
34,7903,0.75,4.50891927692,0.4080775723546323,0.645,1.23614179345,0.04951964464765303,0.6425000000000001,2.48479815817,0.13377276348778627,0.68,2.69524172333,0.13023121603387616,0.5375,0.990425702035,0.05157047395823376,0.64,0.575470758137,0.021624653219444928,0.6716049382716051,0.953535226042,0.047922815940451696,0.8857307470712501,2.42582311545,0.7356286067736277,1.0,nan,0.0
34,8207,0.6625,2.09139310714,0.10825056414634754,0.6575000000000001,1.56774234288,0.06699505353813529,0.7375,4.65504925263,0.49725858955521446,0.6975,3.39246268748,0.18348469916479365,0.54,1.02862136236,0.054094097741340275,0.7775000000000001,3.93119760874,0.311422622565732,0.7046913580246911,1.57751757152,0.08925107748040315,0.8859612060687531,2.42314756428,0.7361873513135029,0.0,nan,0.0
34,8290,0.8925000000000001,1.66032040241,0.9204309696955826,0.8325,3.98762203259,0.7307249063536149,0.7825000000000001,4.08349413413,0.6982232695423749,0.77,5.13393123006,0.5114261448927848,0.75,3.4812251214,0.6382825838520678,0.8300000000000001,4.41661670482,0.5366295114110808,0.8898765432098761,3.55640763298,0.7036078113649894,0.783022853850585,2.95799675374,0.4461313353886179,0.0,nan,0.0
34,8961,0.535,0.136318004731,0.0044939159845762515,0.6025,0.46463599318,0.015276095618728676,0.6325000000000001,2.16902780582,0.11051409531349701,0.6625,2.03844503971,0.08891108665585148,0.5325,0.916717541838,0.04680411392245457,0.9075000000000001,2.81398386182,0.8297892797664331,0.835555555555555,4.1055919017,0.4901133117905,0.73309007105819,2.62868870967,0.3051593775506172,0.0,nan,0.0
34,9191,0.5825,0.456438411284,0.017291214258924794,0.63,0.901887311169,0.033572425677145176,0.605,1.39604485799,0.06187934398091388,0.685,2.89296611162,0.1442005938184786,0.5925,2.00471260739,0.1324529574169116,0.6825,1.33813731404,0.06075153230445579,0.28098765432098705,5.22272226252e-06,1.084351540059835e-07,0.8905319761859031,2.36926188466,0.7471404360040226,0.0,nan,0.0
34,9518,0.75,4.50891927692,0.4080775723546323,0.725,3.8151814508,0.24721332443313307,0.625,1.94215323731,0.09510345139339721,0.7000000000000001,3.4915879152,0.1920899004784494,0.675,3.50620045463,0.365330448311974,0.8500000000000001,4.22104032765,0.6233480074375383,0.919012345679012,2.88101258367,0.7977612241802028,0.8706740925676971,2.59073766143,0.6978366330381476,1.0,nan,0.0
34,10630,0.58,0.430560159081,0.0161827250520905,0.7225,3.73557897654,0.23777450642251835,0.6675,3.29530645985,0.20604267808828194,0.7275,4.47831950831,0.302255241323179,0.7075,3.71133042029,0.48348641078978394,0.867499999999999,3.89580912135,0.6945566424805644,0.7698765432098761,3.16810664631,0.2431388736029898,0.6800845016324181,1.9856173932,0.18203030974435097,1.0,nan,0.0
34,10672,-0.25,8.69244274891e-25,7.811361449890447e-27,0.6425000000000001,1.1755442445,0.04650544260444914,0.535,0.295095762929,0.009777008662433462,0.6075,0.621781554396,0.020767304578685156,0.5,0.525461780932,0.02377773947232501,0.9275,2.22086792867,0.8801104233751804,0.72395061728395,2.02267167343,0.12384019262778548,0.8137507201843671,2.96542692768,0.5375429824781134,0.0,nan,0.0
34,11039,0.715,3.75063496418,0.26189416615541294,0.8425,3.6752419999,0.7690645579897109,0.7625000000000001,4.48003343961,0.612254033353689,0.735,4.68961580917,0.3366558028796349,0.72,3.70174801508,0.5298705134074067,0.8125,4.41249476854,0.4591305455055725,0.0,4.0379314826e-13,5.66775602746319e-15,0.7560975609756091,2.82483854289,0.3680258184840089,1.0,nan,0.0
34,11140,0.5275000000000001,0.110557993858,0.003571117439279629,0.6325000000000001,0.952712002589,0.03589027046757365,0.5775,0.815693044803,0.03194192881990025,0.6975,3.39246268748,0.18348469916479365,0.55,1.19012837642,0.06517637141887432,0.7825000000000001,4.03385156574,0.33133927614438763,0.245432098765432,9.48798549181e-07,1.858237114468922e-08,0.865565584789706,2.6416907987,0.6844704992955348,1.0,nan,0.0
34,11230,0.6825,2.72474710762,0.15633383707553983,0.6950000000000001,2.78928365144,0.14786782414864102,0.6725,3.45227058389,0.22291325319121658,0.74,4.81081287992,0.3604138634565407,0.6125,2.42505492092,0.17674695218160505,0.8975000000000001,3.10944623229,0.8001662595173651,0.8301234567901231,4.09077616505,0.46784554615982216,0.7756865757633951,2.93301961346,0.4245169140822026,1.0,nan,0.0
34,11275,0.8250000000000001,3.7589032273,0.73836843035313,0.8775000000000001,2.46272465537,0.8766547012159597,0.7875000000000001,3.95562682001,0.718325176138283,0.8225,3.99711780932,0.7592686927262227,0.8200000000000001,2.23203069265,0.8420266526172742,0.8775000000000001,3.65866364645,0.7323554829606411,0.8740740740740741,3.83512726136,0.6450992841929426,0.45938160169003206,0.11153660143,0.005197090941818407,1.0,nan,0.0
34,12534,0.6900000000000001,2.96969318648,0.17768775672456452,0.6525000000000001,1.42948683333,0.059505022145359854,0.6475000000000001,2.64650732583,0.14660028430924427,0.665,2.12775636938,0.0941184691069804,0.5625,1.41051388474,0.08141003177968,0.735,2.78689192983,0.1673968316024912,0.895308641975308,3.44346539087,0.7226232786068205,0.8021893604762821,2.98117973977,0.5031460942264192,0.0,nan,0.0
34,14112,0.715,3.75063496418,0.26189416615541294,0.77,4.77128721926,0.4444105444759268,0.75,4.61600776035,0.555305990251632,0.754999999999999,5.06460067999,0.4346965517099955,0.705,3.70721015614,0.4742128164047013,0.8174999999999991,4.43075980298,0.4812443470297594,0.869135802469135,3.9044998359,0.6259853087279144,0.777222969080084,2.93897368906,0.42902780839309984,0.0,nan,0.0
34,15812,0.5475,0.191129225677,0.00652355715100119,0.5675,0.170301072495,0.004860515962320044,0.5750000000000001,0.773132907086,0.029956241706939068,0.62,0.847758753727,0.029896585413470622,0.5,0.525461780932,0.02377773947232501,0.7125,2.12185194494,0.11222583243132014,0.8222222222222221,4.04574231882,0.43568317570949777,0.7657384290378331,2.88540744625,0.39556275063356994,1.0,nan,0.0
34,15877,0.375,0.000506324266358,1.1232129196323485e-05,0.43999999999999906,0.000970581191948,1.8493884674579044e-05,0.47000000000000003,0.0406896921449,0.001089163887783599,0.545,0.0944455488592,0.0025041266850552063,0.4325,0.122725411932,0.004466437702978105,0.764999999999999,3.6363006681,0.26407347741458315,0.741728395061728,2.46671526621,0.16371639680562883,0.9789130017284421,1.22809890781,0.9060698165217331,1.0,nan,0.0
34,15878,0.6925,3.05118260595,0.18521390389225326,0.7025,3.05382541842,0.16977948226411496,0.6975,4.14360638876,0.3182625807080932,0.75,4.99948346265,0.4095278845073117,0.65,3.15220998013,0.28179935204060375,0.8,4.30848592848,0.40453914364820875,0.8696296296296291,3.89797978622,0.627911850792086,0.769541002496639,2.90543765191,0.40657351571452327,0.0,nan,0.0
34,16373,0.6675,2.2448957084,0.11908954259641712,0.65,1.36313503468,0.05601463657635788,0.6925,4.02196845525,0.29784442387797355,0.6925,3.19278756685,0.16702102992982848,0.5975,2.10936492672,0.1427378174557682,0.7000000000000001,1.77489800172,0.08789646573858395,0.6641975308641971,0.841344401501,0.04128135052390817,0.880929517956596,2.48059486462,0.7238494348876898,1.0,nan,0.0
34,17703,0.0,2.8022350405e-14,3.3155412625275306e-16,0.76,4.65736250189,0.397212244907014,0.635,2.24674104885,0.11603361098054232,0.605,0.582792476288,0.019261998570806804,0.42750000000000005,0.10843877794,0.003889157413369369,0.595,0.184558586256,0.005835866508898995,0.9827160493827161,1.33399231427,0.9301947264986089,0.9251008258114071,1.92628807508,0.8215242676069852,1.0,nan,0.0
34,17743,0.5,0.0491520261044,0.0014763924840001047,0.6825,2.35497777761,0.11573175274681244,0.6725,3.45227058389,0.22291325319121658,0.665,2.12775636938,0.0941184691069804,0.6625,3.34727266033,0.32245519304695436,0.784999999999999,4.08144257053,0.34148393120550574,0.8755555555555551,3.81255146727,0.6507643294426526,0.8367966199347031,2.86936352731,0.6049377261232631,0.0,nan,0.0
34,17938,0.5,0.0491520261044,0.0014763924840001047,0.262499999999999,1.40854994758e-08,1.8167483599681663e-10,0.3125,4.12725863338e-05,7.455767921177665e-07,0.4375,0.00108760535711,2.1291861678429865e-05,0.4575,0.220432137196,0.008656536913715858,0.7125,2.12185194494,0.11222583243132014,0.908148148148148,3.15003455581,0.7649871360881735,0.9558671019781061,1.5175785856,0.8744752874761988,1.0,nan,0.0
34,17979,0.7125,3.67790012664,0.25260813939061244,0.6825,2.35497777761,0.11573175274681244,0.6525000000000001,2.80949789793,0.16023997682005184,0.7325,4.62291720506,0.32501432307243383,0.49,0.43452534312,0.018988669057578806,0.6775,1.2258200861,0.0543440886875241,0.752592592592592,2.74273762106,0.19201583598737998,0.87866333781448,2.50577202056,0.7181993471072542,1.0,nan,0.0
34,18166,0.6125,0.876046144962,0.036745523244812124,0.6625,1.71310971531,0.07519430496650638,0.5875,1.00277182613,0.041011599368277654,0.64,1.32610057171,0.05138744313633581,0.5625,1.41051388474,0.08141003177968,0.8825000000000001,3.52917752599,0.7503277650619962,0.997037037037037,1.06212451101,0.9473053298254226,0.8275398502016511,2.91797421703,0.5781416399312416,0.0,nan,0.0
34,18246,0.774999999999999,4.63220386129,0.5231742946506555,0.78,4.81721568229,0.4924110109432187,0.784999999999999,4.02079177498,0.7083541553827394,0.7525000000000001,5.03457925517,0.42207150900554613,0.77,3.20041876344,0.7052516427383337,0.8725,3.78120823509,0.7137526994297845,0.9624691358024691,1.78094184791,0.8987746777940241,0.9107355483003641,2.11593302085,0.7924847452178965,1.0,nan,0.0
34,18248,0.9175000000000001,1.06279671528,0.9541187918235169,0.7725000000000001,4.78927297251,0.45636213858687347,0.7475,4.63173020464,0.5437455015748508,0.8625,2.42851435281,0.8879670093622362,0.8174999999999991,2.28416511392,0.8363814084116229,0.9075000000000001,2.81398386182,0.8297892797664331,0.8562962962962961,4.03940592252,0.5749145674381999,0.9520261186863831,1.56776958272,0.8685500370961727,0.0,nan,0.0
34,18270,0.645,1.59368040088,0.07610509219096846,0.764999999999999,4.72258394928,0.42066886067208165,0.6775,3.60468513411,0.2405578021177326,0.7425,4.86494193408,0.37250948586545857,0.6275000000000001,2.73342238838,0.2154530610794508,0.7925000000000001,4.2080431581,0.3725851167538189,0.9501234567901231,2.08238740981,0.8749450767242426,0.779181870558863,2.94601184728,0.43479196337604287,1.0,nan,0.0
34,18297,0.75,4.50891927692,0.4080775723546323,0.7525000000000001,4.53013304527,0.36273777268697904,0.745,4.64351786005,0.5321506185010224,0.745,4.91453087943,0.3847347893488272,0.7275,3.67204999838,0.5575333397820456,0.8525,4.18264591279,0.6338532182613381,0.853333333333333,4.06063774059,0.5629135561808523,0.7647397733819851,2.87977848479,0.39268402021282145,0.0,nan,0.0
34,18311,0.75,4.50891927692,0.4080775723546323,0.42000000000000004,0.000347999604208,6.296004393745456e-06,0.382499999999999,0.00127398277794,2.6980722232552175e-05,0.58,0.290246580477,0.008692584356011106,0.41750000000000004,0.0841014363779,0.0029309000710895806,0.8300000000000001,4.41661670482,0.5366295114110808,0.838024691358024,4.10791132267,0.5002540089992853,0.814518916842711,2.96359428246,0.5398203158341655,1.0,nan,0.0
34,18312,1.0,0.15268651989,0.9949440871761117,0.5275000000000001,0.0434526730465,0.0010748678255907437,0.48250000000000004,0.0619575379133,0.0017224024604019902,0.6525000000000001,1.70034654368,0.07024382427864913,0.48250000000000004,0.374627740221,0.015958639901167592,0.9025000000000001,2.96259523175,0.815347306139204,0.7891358024691351,3.58673824795,0.3083140060686959,0.9389667754945261,1.74088696975,0.8469489252113864,1.0,nan,0.0
34,18319,0.47750000000000004,0.0240800172967,0.0006827961120683077,0.53,0.0476498160497,0.0011886739675326323,0.485,0.0672423418395,0.0018838222591664067,0.48250000000000004,0.00846955250964,0.00018653017276274033,0.615,2.4773172007,0.18287496554467247,0.7525000000000001,3.29911379943,0.22069146082971558,0.8538271604938271,4.05736579893,0.564918005910062,0.9348185135394661,1.79634571157,0.8396122779079291,0.0,nan,0.0
34,18392,0.5775,0.405905297058,0.01513739396512109,0.595,0.380400056852,0.012115575184949295,0.5775,0.815693044803,0.03194192881990025,0.5975,0.477282206287,0.01529719010671594,0.52,0.748296566722,0.03642143535625465,0.725,2.48803117395,0.1410232721024188,0.655308641975308,0.719867239387,0.03435309731570334,0.812944113693105,2.96724659824,0.5351503087796451,1.0,nan,0.0
34,18476,0.75,4.50891927692,0.4080775723546323,0.73,3.96864094355,0.2666762733249021,0.7075,4.35373498058,0.36078850300709836,0.784999999999999,5.01078075765,0.5877483630850044,0.6875,3.62294164708,0.4099342147937533,0.8925000000000001,3.25352099184,0.7842574696250362,0.8730864197530861,3.84973313478,0.6413042618684013,0.8598041098521221,2.69568913927,0.6690930796649794,1.0,nan,0.0
34,18739,0.6875,2.88802696962,0.17036558517168254,0.754999999999999,4.576322316,0.37412160914978887,0.6925,4.02196845525,0.29784442387797355,0.745,4.91453087943,0.3847347893488272,0.5875,1.90106538625,0.12268901470024898,0.847499999999999,4.2564983667,0.6127504637717118,0.7308641975308641,2.19287500436,0.13841004701902576,0.869829076243518,2.59935621252,0.6956437708282177,0.0,nan,0.0
34,18763,-0.25,8.69244274891e-25,7.811361449890447e-27,0.29250000000000004,1.27797758505e-07,1.744337943742194e-09,0.29250000000000004,1.3891898815e-05,2.4065738823807347e-07,0.5825,0.312449329243,0.009445668460078601,0.5,0.525461780932,0.02377773947232501,0.9575,1.41957698038,0.9343212373269174,0.955555555555555,1.94759934012,0.8858893575048257,0.928596120606875,1.87960202472,0.8281756530403794,1.0,nan,0.0
34,19718,0.875,2.17048292341,0.8870059970389901,0.77,4.77128721926,0.4444105444759268,0.6925,4.02196845525,0.29784442387797355,0.9225000000000001,0.71159984364,0.9758358021853836,0.635,2.88060579468,0.23650949649709246,0.905,2.88844729442,0.8226611878616876,0.8444444444444441,4.10097144417,0.5266135303386579,0.640868062223929,1.45531602209,0.11460688423608156,0.0,nan,0.0
34,19745,-0.25,8.69244274891e-25,7.811361449890447e-27,0.857499999999999,3.16423849293,0.8204052398813969,0.857499999999999,1.76012634,0.9191361007823453,0.8925000000000001,1.41021119783,0.9448423856479378,0.625,2.68310834126,0.20868228300293074,0.857499999999999,4.09739730207,0.6545579241910724,0.6167901234567901,0.342000742689,0.014620196484760341,0.6714038793931241,1.86770839391,0.16530490775348353,1.0,nan,0.0
34,20639,0.5825,0.456438411284,0.017291214258924794,0.41500000000000004,0.000266844179174,4.76739973210171e-06,0.4425,0.015110638838,0.0003737849182799374,0.5275000000000001,0.050631315781,0.0012701257624985775,0.3375,0.00800862222529,0.0002270116481923075,0.81,4.39828836556,0.44811636671680327,0.972345679012345,1.55448934803,0.9152337180206931,0.864298060303437,2.65389504243,0.6811143380288975,1.0,nan,0.0
34,25302,0.5,0.0491520261044,0.0014763924840001047,0.5625,0.145415537303,0.0040726224376919935,0.48750000000000004,0.0729233382613,0.002058944300629232,0.5125000000000001,0.0287303336189,0.0006889195169693588,0.39,0.0399439016661,0.0012908977182329797,0.725,2.48803117395,0.1410232721024188,0.925925925925925,2.70409709159,0.8170694823120914,0.7191088918763201,2.4794506097,0.2694274921649872,0.0,nan,0.0
34,27972,0.6675,2.2448957084,0.11908954259641712,0.7775000000000001,4.81226852883,0.4803732422434181,0.7025,4.2545537736,0.33926266600931754,0.7525000000000001,5.03457925517,0.42207150900554613,0.6675,3.4155486987,0.3393647495241573,0.827499999999999,4.4262771857,0.5255751866659515,0.779753086419753,3.39281578613,0.2755533685220923,0.850240061455732,2.77647484138,0.6429158912336177,0.0,nan,0.0
34,28024,0.9175000000000001,1.06279671528,0.9541187918235169,0.8500000000000001,3.42419685728,0.7956945499494807,0.899999999999999,0.772580339786,0.9711716770910057,1.0,0.0660641583698,0.9983149983932186,1.0,0.106661806511,0.9960632618168399,1.0,0.622857985619,0.9761859419420074,0.8562962962962961,4.03940592252,0.5749145674381999,0.658382946034184,1.69016596811,0.14214207010112184,1.0,nan,0.0
34,28466,0.61,0.832645496591,0.03461000079916267,0.68,2.27037518404,0.10995026709194258,0.68,3.67878975421,0.2496624653674889,0.665,2.12775636938,0.0941184691069804,0.5875,1.90106538625,0.12268901470024898,0.9575,1.41957698038,0.9343212373269174,0.9456790123456791,2.19468082733,0.8654410685940169,0.7730362972921061,2.92185931954,0.4167581365416946,1.0,nan,0.0
34,28484,0.605,0.750711854797,0.030654284402627262,0.5675,0.170301072495,0.004860515962320044,0.625,1.94215323731,0.09510345139339721,0.6375000000000001,1.2581430876,0.048157625825113966,0.61,2.37259206184,0.17074985806241877,0.8600000000000001,4.05073182419,0.664743629680414,0.9358024691358021,2.44851708576,0.8425153088826789,0.8394468984059921,2.8530809142,0.6125209888975571,1.0,nan,0.0
34,28512,0.827499999999999,3.68617067936,0.7476751384266358,0.725,3.8151814508,0.24721332443313307,0.6775,3.60468513411,0.2405578021177326,0.764999999999999,5.13226326326,0.48575165525488506,0.635,2.88060579468,0.23650949649709246,0.7525000000000001,3.29911379943,0.22069146082971558,0.9906172839506171,1.17914282784,0.9401154132358884,0.814518916842711,2.96359428246,0.5398203158341655,0.0,nan,0.0
34,28570,0.7225,3.95737076808,0.29081071283279747,0.47500000000000003,0.00507714439841,0.00010660883752505783,0.5,0.10816859138,0.003178074811555155,0.4625,0.00351489814324,7.337114371563583e-05,0.4325,0.122725411932,0.004466437702978105,0.6375000000000001,0.543802495987,0.02022584487763935,0.7214814814814811,1.96298909534,0.1189197567335104,0.957787593623967,1.49264957811,0.8773658276339891,0.0,nan,0.0
34,28894,0.5,0.0491520261044,0.0014763924840001047,0.67,1.94348344459,0.08889773396981622,0.62,1.79695151064,0.08575787214369547,0.6475000000000001,1.5438775126,0.06213693324035101,0.459999999999999,0.23301724949,0.009223229192597207,0.705,1.91072512698,0.0971087263134097,0.7851851851851851,3.50776154132,0.2942988184221956,0.9097753024774341,2.1284069983,0.7904469376917445,1.0,nan,0.0
34,29183,0.5825,0.456438411284,0.017291214258924794,0.6475000000000001,1.29867831888,0.0526877675544864,0.635,2.24674104885,0.11603361098054232,0.6900000000000001,3.09267806101,0.15916419738593335,0.5825,1.79881356112,0.1134399762680483,0.8225,4.43536775713,0.5034153747103047,0.84,4.10777156181,0.5083685558252233,0.8598041098521221,2.69568913927,0.6690930796649794,1.0,nan,0.0
34,29184,0.5375,0.14601326761,0.004846707647033395,0.5725,0.198719293031,0.005781520019392744,0.5700000000000001,0.692928353585,0.02629379294981578,0.62,0.847758753727,0.029896585413470622,0.449999999999999,0.185992084705,0.007135470672476841,0.774999999999999,3.8763554295,0.30166271283165447,0.8222222222222221,4.04574231882,0.43568317570949777,0.8626848473209141,2.6691662241,0.6768206825209334,1.0,nan,0.0
34,29229,0.4375,0.00603214938279,0.00015487526068673938,0.34750000000000003,5.18210843062e-06,7.915256771416142e-08,0.34750000000000003,0.000246863210944,4.816149455650515e-06,0.36750000000000005,2.61035340927e-05,4.328802768931775e-07,0.3075,0.00286655058043,7.588621079931744e-05,0.7725000000000001,3.81932355066,0.29204267026184905,0.8493827160493821,4.0829298253,0.5468252157460596,0.846360668331092,2.80586316535,0.632087194295677,0.0,nan,0.0
34,29338,-0.25,8.69244274891e-25,7.811361449890447e-27,0.6900000000000001,2.61383602212,0.13436066925111312,0.6525000000000001,2.80949789793,0.16023997682005184,0.7000000000000001,3.4915879152,0.1920899004784494,0.62,2.58099115205,0.19552127885175735,0.615,0.315559235747,0.010740600161560896,0.602962962962962,0.255133068336,0.010516626730812988,0.9519877088534661,1.56827356446,0.868489809649645,1.0,nan,0.0
34,29381,0.5325,0.127195848664,0.004164640061962278,0.67,1.94348344459,0.08889773396981622,0.595,1.16106660311,0.049116310219466185,0.625,0.953465560405,0.034395873424810215,0.55,1.19012837642,0.06517637141887432,0.66,0.88020062538,0.03602533943445574,0.5051851851851851,0.0221198710908,0.0007200311708731006,0.7350105627040521,2.64757496681,0.31022595471550685,1.0,nan,0.0
34,29764,0.6000000000000001,0.675093036995,0.027092355555652706,0.7225,3.73557897654,0.23777450642251835,0.68,3.67878975421,0.2496624653674889,0.7425,4.86494193408,0.37250948586545857,0.5875,1.90106538625,0.12268901470024898,0.774999999999999,3.8763554295,0.30166271283165447,0.829629629629629,4.08877112574,0.4658259003644307,0.8482811599769541,2.79156778126,0.6374621841847937,1.0,nan,0.0
34,30094,0.625,1.11816102486,0.0491652765370005,0.5625,0.145415537303,0.0040726224376919935,0.62,1.79695151064,0.08575787214369547,0.675,2.50095739642,0.11724243475459645,0.5825,1.79881356112,0.1134399762680483,0.63,0.456750179078,0.01648108735575237,0.8212345679012341,4.03819659881,0.431691072606183,0.91937776070674,2.00239352945,0.8102819657201833,0.0,nan,0.0
34,31557,1.0,0.15268651989,0.9949440871761117,0.7925000000000001,4.77626573783,0.5524839111581721,0.5575,0.519811084631,0.01875373886301137,0.725,4.40084646935,0.291155603354145,0.5825,1.79881356112,0.1134399762680483,0.9275,2.22086792867,0.8801104233751804,0.8627160493827161,3.98046304395,0.6006667012880336,0.7937776070674091,2.97857480824,0.4780717711575434,1.0,nan,0.0
34,32060,0.75,4.50891927692,0.4080775723546323,0.55,0.0964194923441,0.002579238813020172,0.65,2.72790640836,0.15331824775179773,0.65,1.62101121804,0.06609258033089037,0.5625,1.41051388474,0.08141003177968,1.0,0.622857985619,0.9761859419420074,0.9476543209876541,2.14457756545,0.8697267079520363,0.8214326867678121,2.94276302045,0.5602423915587703,1.0,nan,0.0
34,38608,0.75,4.50891927692,0.4080775723546323,0.67,1.94348344459,0.08889773396981622,0.74,4.65518939658,0.5088972183638723,0.7275,4.47831950831,0.302255241323179,0.764999999999999,3.27898976186,0.6890510134302135,0.7875000000000001,4.12640311951,0.3517442968127709,0.802469135802469,3.81923555528,0.3577496236326593,0.9289802189360471,1.87446591149,0.8288966186790161,0.0,nan,0.0
34,38649,0.8225,3.8297968963,0.7288821547292432,0.78,4.81721568229,0.4924110109432187,0.7525000000000001,4.59638808172,0.5668222924036329,0.7925000000000001,4.88052487322,0.6248678654640377,0.867499999999999,1.30150983497,0.9252813495266785,0.7575000000000001,3.4380331,0.23753628337522253,0.811851851851851,3.94610120543,0.3942054249282506,0.8565776838870751,2.7242205892,0.6603492712957039,0.0,nan,0.0
34,39144,0.6675,2.2448957084,0.11908954259641712,0.63,0.901887311169,0.033572425677145176,0.5575,0.519811084631,0.01875373886301137,0.6425000000000001,1.39638982664,0.05479007205191892,0.5,0.525461780932,0.02377773947232501,0.655,0.795167189457,0.03183943951654038,0.6666666666666661,0.877619846543,0.043403299173904564,0.9097753024774341,2.1284069983,0.7904469376917445,0.0,nan,0.0
34,39247,0.5175000000000001,0.0829737631049,0.002609339127378584,0.5525,0.104868721744,0.002830720339343478,0.65,2.72790640836,0.15331824775179773,0.5750000000000001,0.249804713945,0.007344591106824274,0.595,2.05693861448,0.13752997429628558,0.847499999999999,4.2564983667,0.6127504637717118,0.9037037037037031,3.25524957922,0.7507519162103187,0.8508162089494911,2.77193878121,0.6445142456357741,0.0,nan,0.0
34,39495,0.66,2.0162995556,0.10311619346335046,0.6900000000000001,2.61383602212,0.13436066925111312,0.7225,4.57140716886,0.4278845402576036,0.764999999999999,5.13226326326,0.48575165525488506,0.5525,1.23262071002,0.06820463639518103,0.75,3.22802590647,0.21253233286873038,0.87358024691358,3.84247505641,0.6432035762369104,0.8521605531015941,2.76118540961,0.6482334836419983,1.0,nan,0.0
34,39581,-0.25,8.69244274891e-25,7.811361449890447e-27,0.6675,1.86514083863,0.08413726343425945,0.6175,1.72638102751,0.08135399950120528,0.735,4.68961580917,0.3366558028796349,0.47000000000000003,0.289360445852,0.011826875089226526,0.9575,1.41957698038,0.9343212373269174,0.8029629629629621,3.82672173243,0.3596375178721185,0.8943729594776261,2.32285114684,0.7561519123118551,1.0,nan,0.0
34,40799,0.75,4.50891927692,0.4080775723546323,0.6225,0.760936024389,0.02734754790998211,0.68,3.67878975421,0.2496624653674889,0.735,4.68961580917,0.3366558028796349,0.5725,1.599909628,0.09645331447932487,0.9550000000000001,1.4797757627,0.930697334708697,0.96395061728395,1.74604724164,0.9013872243576775,0.8536969464182831,2.74860909771,0.6524661282473485,1.0,nan,0.0
34,40956,-0.25,8.69244274891e-25,7.811361449890447e-27,0.72,3.65430392784,0.22853682338027842,0.625,1.94215323731,0.09510345139339721,0.7825000000000001,5.04434950132,0.5751783952811353,0.6575000000000001,3.27320227625,0.30590168178707305,0.595,0.184558586256,0.005835866508898995,0.6474074074074071,0.62349487999,0.029053004515055388,0.988937968119838,1.11034380854,0.9177864481523338,1.0,nan,0.0
34,41042,-0.25,8.69244274891e-25,7.811361449890447e-27,0.444999999999999,0.00124290291826,2.4001233102150205e-05,0.34750000000000003,0.000246863210944,4.816149455650515e-06,0.5425,0.0866137379521,0.002277928014183574,0.515,0.687274409081,0.032834010151775506,0.8325,4.40357347444,0.5476554510161877,0.8207407407407401,4.03426687489,0.429697867456578,0.9097753024774341,2.1284069983,0.7904469376917445,1.0,nan,0.0
34,41069,0.7725000000000001,4.63802495031,0.5115856609602194,0.845,3.59285222071,0.7781499766269713,0.8525,1.9075112338,0.9099692936705523,0.827499999999999,3.81025066047,0.7787901364231778,0.8025,2.59438736991,0.7997831786487146,0.81,4.39828836556,0.44811636671680327,0.810864197530864,3.93432565084,0.39031382449209673,0.6005377376608411,0.965002947598,0.06610453419689875,0.0,nan,0.0
34,41615,0.9675,0.355062333448,0.9870872768099279,0.847499999999999,3.50910971746,0.7870276918379744,0.7425,4.65134331294,0.5205312143948297,0.919999999999999,0.757289343489,0.9740001394802986,0.81,2.44018418498,0.8186644672649961,0.8775000000000001,3.65866364645,0.7323554829606411,0.544691358024691,0.0643079232567,0.002295896306571561,0.820741309775302,2.94519478983,0.5582069878488927,1.0,nan,0.0
34,41703,0.6975,3.21302237601,0.20087522155410797,0.7875000000000001,4.80572895149,0.5285217193577475,0.735,4.65092634765,0.4856252913544141,0.6925,3.19278756685,0.16702102992982848,0.685,3.60321055453,0.4009011370901435,0.77,3.7602216272,0.2825678201978975,0.7925925925925921,3.65230913775,0.32082692968492255,0.7849433454964471,2.96308046719,0.4518171224375216,1.0,nan,0.0
34,41708,0.6775,2.56245999112,0.14311645475245582,0.735,4.11324437395,0.2868849713489007,0.645,2.56542983206,0.1400854429944044,0.6725,2.40551826861,0.1111096034652139,0.51,0.629835273743,0.02954271847355913,0.665,0.971316167195,0.04065158539835237,0.6498765432098761,0.652470102331,0.030628059618861125,0.784904935663529,2.96298476048,0.4517033128491128,1.0,nan,0.0
34,41851,-0.25,8.69244274891e-25,7.811361449890447e-27,0.635,1.00548359008,0.038337608234212034,0.6000000000000001,1.27517652255,0.055204075242765355,0.6425000000000001,1.39638982664,0.05479007205191892,0.3275,0.0057365491566,0.00015886642855683772,0.65,0.716128512241,0.028063673816859876,0.8898765432098761,3.55640763298,0.7036078113649894,0.9193393508738231,2.00290235115,0.810205044347307,1.0,nan,0.0
34,43759,0.75,4.50891927692,0.4080775723546323,0.75,4.48032329187,0.351473961230373,0.8174999999999991,3.03875227183,0.8237284228891583,0.8625,2.42851435281,0.8879670093622362,0.7675000000000001,3.24033667201,0.6972004410397217,0.6975,1.70866495362,0.083542256039556,0.7056790123456791,1.59906945713,0.09081974978332594,0.934741693873631,1.79737355567,0.8394742437514391,1.0,nan,0.0
34,44059,-0.25,8.69244274891e-25,7.811361449890447e-27,0.605,0.495767752742,0.0164762708931044,0.5125000000000001,0.157459222824,0.004821589901918982,0.6575000000000001,1.86539010012,0.07915469825393516,0.5325,0.916717541838,0.04680411392245457,0.8225,4.43536775713,0.5034153747103047,0.9565432098765431,1.92343169381,0.8878009685432955,0.9020933358939881,2.22685902044,0.773716806431925,0.0,nan,0.0
34,44938,0.8125,4.091696344,0.689243633691017,0.6425000000000001,1.1755442445,0.04650544260444914,0.6075,1.45896018456,0.06544776041128673,0.75,4.99948346265,0.4095278845073117,0.464999999999999,0.259952453256,0.010454652973338752,0.9275,2.22086792867,0.8801104233751804,0.834567901234567,4.10388946814,0.4860592105316379,0.7176877280583821,2.46322697223,0.2659152938146318,1.0,nan,0.0
34,50703,0.675,2.48201462787,0.13681097997046335,0.7000000000000001,2.96567139209,0.16225507748302104,0.7125,4.44016678004,0.38277876075762884,0.7325,4.62291720506,0.32501432307243383,0.645,3.06564818407,0.26625287569354766,0.74,2.93586657072,0.18170418451527198,0.8562962962962961,4.03940592252,0.5749145674381999,0.735394661033224,2.6513016721,0.31124360009160545,0.0,nan,0.0
34,50830,0.6375000000000001,1.40283887582,0.06487726707458921,0.66,1.63956235392,0.07100381881494996,0.5650000000000001,0.619106443134,0.023016318337609094,0.655,1.7818279481,0.07459610172033614,0.5725,1.599909628,0.09645331447932487,0.81,4.39828836556,0.44811636671680327,0.8967901234567901,3.41137988775,0.7277010060648645,0.8275398502016511,2.91797421703,0.5781416399312416,0.0,nan,0.0
34,50921,0.8325,3.5358598914,0.765732719871884,0.68,2.27037518404,0.10995026709194258,0.5925,1.10658028392,0.04628210979146204,0.64,1.32610057171,0.05138744313633581,0.5975,2.10936492672,0.1427378174557682,0.7025,1.84227234936,0.09241769726780218,0.9397530864197531,2.34647564733,0.8519867486369829,0.8290762435183401,2.91081416183,0.5826193427035725,0.0,nan,0.0
34,51734,0.56,0.264237183312,0.009348305637459975,0.7225,3.73557897654,0.23777450642251835,0.6000000000000001,1.27517652255,0.055204075242765355,0.6825,2.79376130115,0.13709230825141405,0.56,1.36489588708,0.07794092266224528,0.7275,2.56257097384,0.1473364734091174,0.8503703703703701,4.07800725286,0.5508553439821591,0.9270213174572691,1.9006496511,0.825199074519932,0.0,nan,0.0
34,52992,0.6725,2.40219706109,0.1307058582795992,0.705,3.1417338273,0.17752400000947394,0.75,4.61600776035,0.555305990251632,0.71,3.87796194756,0.22895429690210345,0.6725,3.47761579605,0.3566003299413252,0.8225,4.43536775713,0.5034153747103047,0.928395061728395,2.64034002294,0.8236675935362876,0.748454004225081,2.7673244456,0.346648652425742,0.0,nan,0.0
34,54491,0.705,3.45056030967,0.22586863381301586,0.7975000000000001,4.72970507339,0.5762558707767517,0.77,4.35512304313,0.6454051029913204,0.7775000000000001,5.096055099,0.5498187109749448,0.9450000000000001,0.359421633788,0.9843857548188486,0.9025000000000001,2.96259523175,0.815347306139204,0.952098765432098,2.03302885863,0.8790096245457484,0.8689456500864221,2.60828724503,0.6933434806002245,0.0,nan,0.0
34,54885,0.625,1.11816102486,0.0491652765370005,0.55,0.0964194923441,0.002579238813020172,0.585,0.953447220182,0.0385666829912763,0.68,2.69524172333,0.13023121603387616,0.5625,1.41051388474,0.08141003177968,0.8500000000000001,4.22104032765,0.6233480074375383,0.9525925925925921,2.02074825994,0.8800105561641687,0.945265988092951,1.65700335233,0.8576506617957351,1.0,nan,0.0
34,56634,0.764999999999999,4.63103612088,0.47680376100473176,0.845,3.59285222071,0.7781499766269713,0.8525,1.9075112338,0.9099692936705523,0.8300000000000001,3.71433936423,0.7881961760426739,0.7575000000000001,3.38679049415,0.6640464283011007,0.9400000000000001,1.8680705518,0.9056436933315821,0.8646913580246911,3.95885881385,0.6085082701050324,0.429652391012099,0.0615663086414,0.0026872262122411873,0.0,nan,0.0
34,56758,0.8125,4.091696344,0.689243633691017,0.8225,4.26391496331,0.6894324898515651,0.7725000000000001,4.30682546608,0.6562332055431092,0.77,5.13393123006,0.5114261448927848,0.745,3.53609615248,0.6207364837860396,0.68,1.28124369841,0.057477609887552975,0.7827160493827161,3.45637562323,0.28570081131920333,0.73808334933743,2.67690646793,0.3184067359887522,0.0,nan,0.0
34,56917,0.7325,4.20023014195,0.3316334257957674,0.77,4.77128721926,0.4444105444759268,0.72,4.54402953491,0.4164894703708083,0.73,4.55241541228,0.3135443864268087,0.6575000000000001,3.27320227625,0.30590168178707305,0.8300000000000001,4.41661670482,0.5366295114110808,0.829629629629629,4.08877112574,0.4658259003644307,0.869444977914346,2.60324928883,0.6946446142963723,1.0,nan,0.0
34,56975,0.6000000000000001,0.675093036995,0.027092355555652706,0.7325,4.0421381063,0.276690227003326,0.68,3.67878975421,0.2496624653674889,0.6975,3.39246268748,0.18348469916479365,0.7175,3.70768148994,0.5206083102026984,0.8,4.30848592848,0.40453914364820875,0.776296296296296,3.31625983677,0.26395672496546807,0.9289802189360471,1.87446591149,0.8288966186790161,1.0,nan,0.0
34,67160,0.68,2.64341287513,0.14962370302394593,0.8500000000000001,3.42419685728,0.7956945499494807,0.8150000000000001,3.12112578788,0.8160284771708244,0.774999999999999,5.11402830901,0.5370550006373168,0.76,3.35227212901,0.6724705607942121,0.8625,4.00150671097,0.6748094501523603,0.88,3.74017535664,0.6675507026128542,0.830036489341271,2.90615321368,0.585412213418202,0.0,nan,0.0
34,67299,0.5,0.0491520261044,0.0014763924840001047,0.6825,2.35497777761,0.11573175274681244,0.6775,3.60468513411,0.2405578021177326,0.6775,2.59758452232,0.1236153807248064,0.6625,3.34727266033,0.32245519304695436,0.545,0.0388785873074,0.0010414782247140535,0.7091358024691351,1.67568873647,0.0964793006154391,0.9328212022277701,1.82307376224,0.8359977253005162,1.0,nan,0.0
34,67423,0.59,0.541807007805,0.02102720160793616,0.6875,2.52683664319,0.12793495370935143,0.6375000000000001,2.3253429656,0.12174854128323775,0.705,3.6872716379,0.21003873440734883,0.6775,3.53309275829,0.3741299218506532,0.6825,1.33813731404,0.06075153230445579,0.652839506172839,0.688602446179,0.03261446365564145,0.9385442673324371,1.74653008622,0.8462121941813331,0.0,nan,0.0
34,67905,0.6675,2.2448957084,0.11908954259641712,0.8,4.70016384653,0.5880440638386512,0.764999999999999,4.44183294564,0.6234070994069647,0.7975000000000001,4.77045268234,0.649002706969857,0.75,3.4812251214,0.6382825838520678,0.845,4.28894020531,0.6020680292815183,0.8,3.78052733032,0.3483667660217269,0.786863837142308,2.96755431094,0.4575120875303951,1.0,nan,0.0
34,68565,0.5775,0.405905297058,0.01513739396512109,0.7575000000000001,4.61876960268,0.3856162656941088,0.6950000000000001,4.08405337251,0.3079774635760191,0.7175,4.15043019885,0.2590725286063437,0.665,3.38216161974,0.3308672933572486,0.857499999999999,4.09739730207,0.6545579241910724,0.8958024691358021,3.43282821388,0.7243211312929435,0.8021893604762821,2.98117973977,0.5031460942264192,1.0,nan,0.0
34,68688,0.79,4.51335162844,0.5919431476253109,0.8025,4.66655122856,0.599753296890047,0.685,3.82200002268,0.26841739268738196,0.78,5.07280427797,0.562530877658133,0.62,2.58099115205,0.19552127885175735,0.8075000000000001,4.38074030969,0.4371418886002192,0.883456790123456,3.67928899079,0.6803755871235238,0.8899942385250621,2.37567984236,0.7458646681655543,0.0,nan,0.0
34,69217,0.7675000000000001,4.63743955727,0.4883902023275508,0.74,4.24759719976,0.30779162906896906,0.7000000000000001,4.20048559352,0.3286932672130651,0.7675000000000001,5.1357984131,0.4985878572369218,0.6425000000000001,3.0207820598,0.2586446286501182,0.72,2.33995550589,0.12895397874477216,0.9125925925925921,3.04172610348,0.7787476405578588,0.777222969080084,2.93897368906,0.42902780839309984,0.0,nan,0.0
34,69292,0.75,4.50891927692,0.4080775723546323,0.8150000000000001,4.44091969132,0.6567715378538883,0.74,4.65518939658,0.5088972183638723,0.76,5.10905179934,0.4601394334870983,0.7875000000000001,2.89066345766,0.7586193793477746,0.74,2.93586657072,0.18170418451527198,0.75358024691358,2.76769356759,0.19473704024560387,0.751603610524294,2.79200284154,0.3554038523255212,0.0,nan,0.0
34,70225,-0.25,8.69244274891e-25,7.811361449890447e-27,0.64,1.11689837423,0.04364029686424141,0.58,0.859920721104,0.03403609663144709,0.5925,0.415902797685,0.013067080513387817,0.5375,0.990425702035,0.05157047395823376,0.804999999999999,4.35989085759,0.42621541653929884,0.795555555555555,3.70568925548,0.33172833261889345,0.9116573842903781,2.10392765719,0.7944297571725074,1.0,nan,0.0
34,70358,0.5325,0.127195848664,0.004164640061962278,0.48,0.00633784012388,0.00013503852073028425,0.47500000000000003,0.048250375909,0.0013110325370044224,0.5425,0.0866137379521,0.002277928014183574,0.545,1.10765336479,0.05943332899996243,0.75,3.22802590647,0.21253233286873038,0.8291358024691351,4.08665709761,0.46380727163055,0.9552525446514301,1.52558028979,0.8735401902744511,1.0,nan,0.0
34,70659,0.5275000000000001,0.110557993858,0.003571117439279629,0.685,2.44050662759,0.1217259280528131,0.6025,1.33477523248,0.058466164552927385,0.6950000000000001,3.29278815597,0.17512804464588066,0.55,1.19012837642,0.06517637141887432,0.5650000000000001,0.075231747509,0.0021473931670623007,0.7832098765432091,3.46677136249,0.2874102327199924,0.90497407336278,2.19024115104,0.7800791533645424,1.0,nan,0.0
34,70707,0.7225,3.95737076808,0.29081071283279747,0.7525000000000001,4.53013304527,0.36273777268697904,0.6675,3.29530645985,0.20604267808828194,0.67,2.3114150222,0.1052137298924104,0.6425000000000001,3.0207820598,0.2586446286501182,0.8825000000000001,3.52917752599,0.7503277650619962,0.8493827160493821,4.0829298253,0.5468252157460596,0.853082389091607,2.75367604059,0.6507753909486148,1.0,nan,0.0
34,70749,0.65,1.72880687446,0.08440876631315491,0.39,6.69743402573e-05,1.126007825150391e-06,0.36,0.000451149361863,9.057786123412512e-06,0.39,9.30899358767e-05,1.6249812077099348e-06,0.365,0.0191558740754,0.000580459422422288,0.6575000000000001,0.836927997076,0.033879244723670154,0.8661728395061721,3.94161384635,0.6143605813929336,0.8905703860188201,2.36880268748,0.7472314301386336,0.0,nan,0.0
34,70793,0.392499999999999,0.00105469184249,2.4343691526036314e-05,0.59,0.331394833254,0.010338363164597228,0.545,0.382460699579,0.013149376031782744,0.66,1.95095764935,0.08392472366892603,0.5275000000000001,0.846623311301,0.04239727385490793,0.6125,0.295895615864,0.009976495892195094,0.808395061728395,3.90322385293,0.38063735262152587,0.8893028615325521,2.38390156443,0.7442193336719032,0.0,nan,0.0
34,70852,0.5925,0.572969676806,0.02242038136588355,0.705,3.1417338273,0.17752400000947394,0.6900000000000001,3.95749768352,0.28786960961093266,0.6975,3.39246268748,0.18348469916479365,0.595,2.05693861448,0.13752997429628558,0.6975,1.70866495362,0.083542256039556,0.799012345679012,3.76445971854,0.34464081943159136,0.90013443441521,2.25152645034,0.7693304163387527,0.0,nan,0.0
34,72086,0.40750000000000003,0.00192932639577,4.610889989295781e-05,0.545,0.0812857991223,0.0021359170298652134,0.5650000000000001,0.619106443134,0.023016318337609094,0.585,0.336054510898,0.010255999680686457,0.41750000000000004,0.0841014363779,0.0029309000710895806,0.847499999999999,4.2564983667,0.6127504637717118,0.515061728395061,0.0291849288782,0.0009719258887495971,0.8713654695602071,2.58363165249,0.6996253557922898,0.0,nan,0.0
34,74604,0.794999999999999,4.44311276352,0.6143403885651251,0.827499999999999,4.13097879705,0.7104243469945501,0.8300000000000001,2.6239640928,0.8591209837341612,0.9125000000000001,0.907579009992,0.967769465665075,0.9075000000000001,0.713139016982,0.9648388125119753,0.804999999999999,4.35989085759,0.42621541653929884,0.789629629629629,3.59631408244,0.3100876020325263,0.8229690800845011,2.93708459053,0.5647593192249868,0.0,nan,0.0
34,74635,0.382499999999999,0.000696146718925,1.5705863395327034e-05,0.675,2.10441433346,0.09901521891505234,0.5575,0.519811084631,0.01875373886301137,0.5375,0.0726621654545,0.0018806483014233866,0.655,3.23413186804,0.2977672413261048,0.605,0.24282614413,0.007961673080437767,0.769382716049382,3.15642715993,0.2415772588000123,0.8252736700595351,2.92786151619,0.571517629165295,0.0,nan,0.0
34,74688,0.75,4.50891927692,0.4080775723546323,0.75,4.48032329187,0.351473961230373,0.7000000000000001,4.20048559352,0.3286932672130651,0.774999999999999,5.11402830901,0.5370550006373168,0.625,2.68310834126,0.20868228300293074,0.5,0.00734685553572,0.00017265920685884773,0.580246913580246,0.153229259283,0.005963125198620965,0.8560015363933161,2.72918143185,0.6587782873654652,1.0,nan,0.0
34,74696,0.6675,2.2448957084,0.11908954259641712,0.7175,3.57153921147,0.21950422817213047,0.7125,4.44016678004,0.38277876075762884,0.6975,3.39246268748,0.18348469916479365,0.6950000000000001,3.67077742269,0.4372964345008351,0.7825000000000001,4.03385156574,0.33133927614438763,0.892839506172839,3.49575017637,0.7140560321237014,0.8636450931438441,2.66011181871,0.6793793994274846,1.0,nan,0.0
34,76409,0.25,1.04232389891e-06,1.7967215246513882e-08,0.5325,0.0522047492852,0.001313415028225391,0.51,0.146288479166,0.004442052609199775,0.5775,0.269385158928,0.007993317806050407,0.52,0.748296566722,0.03642143535625465,0.7175,2.26662385958,0.1231958697173514,0.885432098765432,3.64279054846,0.6876074693955658,0.9366621855194931,1.77168455167,0.8429014142718649,0.0,nan,0.0
34,76496,0.889999999999999,1.72906138922,0.9161945575739265,0.8975000000000001,1.80814931621,0.9192331006091685,0.9175000000000001,0.511936677416,0.9822940941267031,0.835,3.51876640126,0.80628075864949,0.804999999999999,2.54328904109,0.8062053479633601,0.9325000000000001,2.07718421173,0.8908543094665934,0.8044444444444441,3.84865825836,0.36532308175873995,0.660072978682542,1.7131559141,0.1450179279308704,0.0,nan,0.0
34,78211,0.8025,4.31142397844,0.6471889356986615,0.8600000000000001,3.07643520354,0.8282061596659521,0.81,3.28406717934,0.8000143161320623,0.8300000000000001,3.71433936423,0.7881961760426739,0.827499999999999,2.07602713287,0.8581812414362647,0.794999999999999,4.24454144194,0.3831514625939446,0.8740740740740741,3.83512726136,0.6450992841929426,0.525676973305166,0.352791926506,0.019363846088572247,1.0,nan,0.0
34,79262,0.66,2.0162995556,0.10311619346335046,0.8150000000000001,4.44091969132,0.6567715378538883,0.7275,4.61484969679,0.4508565373240415,0.7575000000000001,5.08945155133,0.44739020316299116,0.827499999999999,2.07602713287,0.8581812414362647,0.8400000000000001,4.34448812439,0.5804791978926893,0.897283950617283,3.4005703111,0.7293829713932043,0.786863837142308,2.96755431094,0.4575120875303951,1.0,nan,0.0
34,79313,0.7000000000000001,3.29305919096,0.20900797387512055,0.56,0.134187963475,0.003723279455895989,0.515,0.16935485634,0.0052299527726469685,0.6175,0.798267428842,0.027839513504796732,0.41250000000000003,0.0738196948522,0.002536583084731267,0.764999999999999,3.6363006681,0.26407347741458315,0.7886419753086421,3.57709484338,0.3065451556263538,0.9217591703476091,1.97079058315,0.8150128763267385,1.0,nan,0.0
34,79388,0.7925000000000001,4.48005626128,0.6031856771913621,0.75,4.48032329187,0.351473961230373,0.7325,4.64283444467,0.47400726559943995,0.77,5.13393123006,0.5114261448927848,0.715,3.71161199778,0.5113337751871637,0.725,2.48803117395,0.1410232721024188,0.8069135802469131,3.88344346169,0.374869348564464,0.9097753024774341,2.1284069983,0.7904469376917445,0.0,nan,0.0
34,80513,0.76,4.60609981186,0.45370421578417125,0.76,4.65736250189,0.397212244907014,0.7075,4.35373498058,0.36078850300709836,0.7825000000000001,5.04434950132,0.5751783952811353,0.5975,2.10936492672,0.1427378174557682,0.8250000000000001,4.43253241698,0.5145009634089538,0.8207407407407401,4.03426687489,0.429697867456578,0.8483195698098711,2.79127677748,0.6375694022487812,1.0,nan,0.0
34,80619,0.7625000000000001,4.62057967488,0.4652383995414776,0.8250000000000001,4.19883374421,0.7000115207300981,0.7775000000000001,4.20093047973,0.6775076239599309,0.77,5.13393123006,0.5114261448927848,0.6975,3.68285343926,0.44648888136727116,0.8150000000000001,4.42332687972,0.4701760284344949,0.9777777777777771,1.43663546757,0.923355478916561,0.869406568081428,2.60363775069,0.6945446164652737,1.0,nan,0.0
34,80759,0.5575,0.247944410482,0.008708264143022927,0.7825000000000001,4.81777379696,0.504455662789206,0.6675,3.29530645985,0.20604267808828194,0.6675,2.21878530055,0.09955130012845065,0.845,1.72086161516,0.8913786143779503,0.605,0.24282614413,0.007961673080437767,0.6167901234567901,0.342000742689,0.014620196484760341,0.854042634914538,2.74573774381,0.6534157949345838,0.0,nan,0.0
34,80766,0.6000000000000001,0.675093036995,0.027092355555652706,0.7225,3.73557897654,0.23777450642251835,0.645,2.56542983206,0.1400854429944044,0.6975,3.39246268748,0.18348469916479365,0.645,3.06564818407,0.26625287569354766,0.6375000000000001,0.543802495987,0.02022584487763935,0.8197530864197531,4.02609542201,0.4257174074692273,0.8905703860188201,2.36880268748,0.7472314301386336,1.0,nan,0.0
34,80873,0.5,0.0491520261044,0.0014763924840001047,0.7075,3.22922701327,0.18548780548297583,0.735,4.65092634765,0.4856252913544141,0.7775000000000001,5.096055099,0.5498187109749448,0.705,3.70721015614,0.4742128164047013,0.6325000000000001,0.484472272011,0.017657350968881044,0.8182716049382711,4.01306364978,0.41976236054977584,0.9597080852698291,1.46784244414,0.8802086075897916,0.0,nan,0.0
34,84558,0.6275000000000001,1.17168879836,0.05202723217914811,0.837499999999999,3.83523193688,0.750285509200316,0.7925000000000001,3.81851470725,0.7377641265591302,0.7775000000000001,5.096055099,0.5498187109749448,0.75,3.4812251214,0.6382825838520678,0.7775000000000001,3.93119760874,0.311422622565732,0.8256790123456791,4.06882470633,0.4497098522704836,0.8444785865181481,2.81938227889,0.6267935314480246,0.0,nan,0.0
34,104560,0.515,0.0771219265772,0.002409299446309307,0.48,0.00633784012388,0.00013503852073028425,0.4,0.00273942863288,6.057877499806002e-05,0.485,0.00941915132052,0.00020887154799573935,0.40750000000000003,0.0646518298906,0.0021908470067647187,0.8500000000000001,4.22104032765,0.6233480074375383,0.9170370370370371,2.9309135404,0.7920209919682273,0.850240061455732,2.77647484138,0.6429158912336177,0.0,nan,0.0
34,104598,0.5,0.0491520261044,0.0014763924840001047,0.645,1.23614179345,0.04951964464765303,0.5825,0.905833893166,0.03624293709683159,0.685,2.89296611162,0.1442005938184786,0.515,0.687274409081,0.032834010151775506,0.67,1.06855105804,0.04574870312171242,0.8543209876543211,4.05398680781,0.5669208134226362,0.8269637027078931,2.92056434095,0.5764597077595787,0.0,nan,0.0
34,104599,-0.25,8.69244274891e-25,7.811361449890447e-27,0.595,0.380400056852,0.012115575184949295,0.5725,0.732219290399,0.028074892105184164,0.61,0.66277288726,0.022372574957016115,0.47000000000000003,0.289360445852,0.011826875089226526,0.6875,1.45623126917,0.06773509371703414,0.8804938271604931,3.73171681776,0.6693956176062138,0.8580756673708471,2.71113100896,0.6644203390926369,1.0,nan,0.0
34,104688,0.75,4.50891927692,0.4080775723546323,0.73,3.96864094355,0.2666762733249021,0.7275,4.61484969679,0.4508565373240415,0.6625,2.03844503971,0.08891108665585148,0.7225,3.69382198875,0.5391153897291153,0.8125,4.41249476854,0.4591305455055725,0.743209876543209,2.50437933032,0.1673986849724368,0.657384290378336,1.67659794517,0.14046095232465616,1.0,nan,0.0
34,104824,0.5,0.0491520261044,0.0014763924840001047,0.6000000000000001,0.43506227201,0.01415179252767611,0.6325000000000001,2.16902780582,0.11051409531349701,0.6175,0.798267428842,0.027839513504796732,0.5675,1.50388625183,0.08869487650017388,0.875,3.72086710753,0.7231306946313756,0.8222222222222221,4.04574231882,0.43568317570949777,0.882081812944113,2.46762286298,0.7267003489370176,0.0,nan,0.0
34,107778,0.78,4.60841104854,0.5462825524060125,0.7175,3.57153921147,0.21950422817213047,0.68,3.67878975421,0.2496624653674889,0.7375,4.75231109197,0.3484590657404253,0.6000000000000001,2.16193851046,0.14807692169950237,0.685,1.39647623949,0.06416950100796917,0.589135802469135,0.187844967807,0.007474464736717922,0.833877472632994,2.88609607711,0.5965368995786586,1.0,nan,0.0
34,107870,0.72,3.89053510411,0.28100036964114367,0.8225,4.26391496331,0.6894324898515651,0.8125,3.2029500522,0.8081232515871137,0.8150000000000001,4.26139363655,0.7282856705714131,0.735,3.62489101658,0.5849075902197886,0.909999999999999,2.73932656091,0.8367309456902625,0.90716049382716,3.17370380901,0.76186428948809,0.765815248703668,2.88583413893,0.3957844230643603,0.0,nan,0.0
34,107898,0.605,0.750711854797,0.030654284402627262,0.794999999999999,4.75509527636,0.5643989979616237,0.7025,4.2545537736,0.33926266600931754,0.6975,3.39246268748,0.18348469916479365,0.6075,2.31998965314,0.16488410813357993,0.6175,0.336269325122,0.01155516413292869,0.7614814814814811,2.96513017195,0.21738824146812263,0.9443057422700211,1.66975346535,0.8560534108852371,1.0,nan,0.0
34,108143,0.5625,0.281439141789,0.01003020769650093,0.6950000000000001,2.78928365144,0.14786782414864102,0.485,0.0672423418395,0.0018838222591664067,0.625,0.953465560405,0.034395873424810215,0.73,3.65824079437,0.5666966056072407,0.7225,2.41379130344,0.1348960674908451,0.8824691358024691,3.69707977032,0.6767329103466432,0.8767428461686191,2.52674957389,0.7133668355029114,0.0,nan,0.0
34,108336,0.41750000000000004,0.00284940340458,6.972407572475969e-05,0.56,0.134187963475,0.003723279455895989,0.535,0.295095762929,0.009777008662433462,0.595,0.445736621072,0.0141437795604257,0.387499999999999,0.0372061644546,0.0011944961914632998,0.5575,0.0590759455677,0.0016458874776063932,0.8469135802469131,4.09332417386,0.5367305116315149,0.8269637027078931,2.92056434095,0.5764597077595787,0.0,nan,0.0
34,108341,0.595,0.605547904192,0.023893229655009708,0.52,0.0327722807703,0.0007907107860815239,0.5825,0.905833893166,0.03624293709683159,0.595,0.445736621072,0.0141437795604257,0.52,0.748296566722,0.03642143535625465,0.8075000000000001,4.38074030969,0.4371418886002192,0.9516049382716051,2.04533358718,0.8780026224552261,0.8097560975609751,2.97338580874,0.525680445538869,1.0,nan,0.0
34,108351,0.665,2.16762127618,0.1135741046977912,0.685,2.44050662759,0.1217259280528131,0.65,2.72790640836,0.15331824775179773,0.615,0.750968162603,0.02590342143833424,0.64,2.97494345363,0.2511497758146073,0.6825,1.33813731404,0.06075153230445579,0.598518518518518,0.231550269561,0.009435833349123056,0.839408488573074,2.85332421536,0.6124113978630776,1.0,nan,0.0
34,108388,0.58,0.430560159081,0.0161827250520905,0.64,1.11689837423,0.04364029686424141,0.5475,0.407294685106,0.014136308108124013,0.5875,0.361123790894,0.011127161086873862,0.6000000000000001,2.16193851046,0.14807692169950237,0.6900000000000001,1.51736858123,0.07145180938660492,0.819259259259259,4.02185440736,0.42373025511539997,0.8406376032264261,2.84543277462,0.6159136330651845,1.0,nan,0.0
34,108411,0.515,0.0771219265772,0.002409299446309307,0.6575000000000001,1.56774234288,0.06699505353813529,0.6175,1.72638102751,0.08135399950120528,0.67,2.3114150222,0.1052137298924104,0.7075,3.71133042029,0.48348641078978394,0.875,3.72086710753,0.7231306946313756,0.9303703703703701,2.58922062061,0.8288326038470795,0.8743230266948331,2.55269325459,0.7072210564125148,1.0,nan,0.0
34,108416,0.7125,3.67790012664,0.25260813939061244,0.8174999999999991,4.38511168938,0.667804768108384,0.71,4.39860194567,0.37172960059883575,0.804999999999999,4.57386025199,0.684066260411749,0.74,3.58408760009,0.6029330904988266,0.804999999999999,4.35989085759,0.42621541653929884,0.807407407407407,3.89012894219,0.37678875292577063,0.8364893412713651,2.87118458225,0.6040557517906204,1.0,nan,0.0
34,108417,0.52,0.0892202470494,0.0028244971083993035,0.6325000000000001,0.952712002589,0.03589027046757365,0.5825,0.905833893166,0.03624293709683159,0.5325,0.0607552315857,0.001547900165452107,0.605,2.267307639,0.15914997610147175,0.8,4.30848592848,0.40453914364820875,0.973333333333333,1.53268905133,0.916758237226678,0.860149798348377,2.69255785496,0.6700244075743113,1.0,nan,0.0
34,108652,0.5625,0.281439141789,0.01003020769650093,0.6425000000000001,1.1755442445,0.04650544260444914,0.5075000000000001,0.135807604512,0.004089572641952476,0.5650000000000001,0.18312145218,0.005194714271180513,0.43999999999999906,0.147149322664,0.005476117349516535,0.525,0.0191219305337,0.000482362909850307,0.5560493827160491,0.0856598524145,0.003142400793464904,0.945265988092951,1.65700335233,0.8576506617957351,0.0,nan,0.0
34,109008,0.595,0.605547904192,0.023893229655009708,0.5325,0.0522047492852,0.001313415028225391,0.5275000000000001,0.240993506815,0.0077723709053965934,0.63,1.0683358205,0.03944651833551132,0.5,0.525461780932,0.02377773947232501,0.6950000000000001,1.64363115569,0.07935214145886904,0.6819753086419751,1.12770151912,0.058697111907425,0.8137507201843671,2.96542692768,0.5375429824781134,1.0,nan,0.0
34,109067,0.75,4.50891927692,0.4080775723546323,0.794999999999999,4.75509527636,0.5643989979616237,0.7625000000000001,4.48003343961,0.612254033353689,0.7525000000000001,5.03457925517,0.42207150900554613,0.71,3.71343871714,0.4927677917755423,0.8,4.30848592848,0.40453914364820875,0.8479012345679011,4.08949507814,0.5407714461618852,0.7877856731323211,2.96948436529,0.4602485863431498,1.0,nan,0.0
34,129429,0.76,4.60609981186,0.45370421578417125,0.5875,0.308890335314,0.009538275600167588,0.5775,0.815693044803,0.03194192881990025,0.68,2.69524172333,0.13023121603387616,0.54,1.02862136236,0.054094097741340275,0.7925000000000001,4.2080431581,0.3725851167538189,0.8172839506172841,4.00386381464,0.4158033504843601,0.7937776070674091,2.97857480824,0.4780717711575434,1.0,nan,0.0
34,129459,0.605,0.750711854797,0.030654284402627262,0.6925,2.70136650216,0.14100457657570675,0.6725,3.45227058389,0.22291325319121658,0.6875,2.99266995982,0.1515575549131092,0.6375000000000001,2.92819648624,0.24377066836398387,0.705,1.91072512698,0.0971087263134097,0.838024691358024,4.10791132267,0.5002540089992853,0.896331860956404,2.29881843132,0.7606786483236863,1.0,nan,0.0
34,129490,0.7000000000000001,3.29305919096,0.20900797387512055,0.754999999999999,4.576322316,0.37412160914978887,0.6575000000000001,2.9727183352,0.17469565027071404,0.6975,3.39246268748,0.18348469916479365,0.625,2.68310834126,0.20868228300293074,0.889999999999999,3.32419332687,0.77603511444318,0.9654320987654321,1.71146507228,0.9039483054000423,0.8252736700595351,2.92786151619,0.571517629165295,1.0,nan,0.0
34,129672,-0.25,8.69244274891e-25,7.811361449890447e-27,0.38,3.75568339925e-05,6.168392509989937e-07,0.485,0.0672423418395,0.0018838222591664067,0.405,0.000209077968435,3.7806228635825565e-06,0.43500000000000005,0.130451547333,0.004782825215106678,0.725,2.48803117395,0.1410232721024188,0.901234567901234,3.3121483499,0.742643773198119,0.839408488573074,2.85332421536,0.6124113978630776,1.0,nan,0.0
34,129907,0.6075,0.790875560423,0.03258093675905714,0.63,0.901887311169,0.033572425677145176,0.65,2.72790640836,0.15331824775179773,0.65,1.62101121804,0.06609258033089037,0.54,1.02862136236,0.054094097741340275,0.65,0.716128512241,0.028063673816859876,0.725432098765432,2.05878131708,0.12686346446762103,0.9058959093527941,2.17844313256,0.7820927614323208,0.0,nan,0.0
34,129987,0.5,0.0491520261044,0.0014763924840001047,0.6875,2.52683664319,0.12793495370935143,0.6575000000000001,2.9727183352,0.17469565027071404,0.6575000000000001,1.86539010012,0.07915469825393516,0.6575000000000001,3.27320227625,0.30590168178707305,0.5625,0.0694608603718,0.001966611701569302,0.6869135802469131,1.21765401765,0.06448626307486777,0.9306702515844051,1.8518584123,0.8320454252851356,0.0,nan,0.0
34,130043,0.804999999999999,4.26096051746,0.657905070137754,0.899999999999999,1.73253034459,0.9236586131855912,0.8300000000000001,2.6239640928,0.8591209837341612,0.764999999999999,5.13226326326,0.48575165525488506,0.6950000000000001,3.67077742269,0.4372964345008351,0.865,3.94982877292,0.6847491190950756,0.942716049382716,2.27033556679,0.8588263654577741,0.8598041098521221,2.69568913927,0.6690930796649794,0.0,nan,0.0
34,130166,0.875,2.17048292341,0.8870059970389901,0.9325000000000001,0.915123150267,0.965813975192966,0.7875000000000001,3.95562682001,0.718325176138283,0.9325000000000001,0.549640943025,0.9821149618338485,0.875,1.17461974307,0.9345623590811136,0.8600000000000001,4.05073182419,0.664743629680414,0.8681481481481481,3.91725535534,0.6221226822286301,0.918225465719224,2.01764448511,0.8079658281353299,0.0,nan,0.0
34,130586,-0.25,8.69244274891e-25,7.811361449890447e-27,0.28500000000000003,7.45457636347e-08,1.0029002036898134e-09,0.20750000000000002,7.84420907926e-08,1.1541615603320981e-09,0.35750000000000004,1.45049333282e-05,2.3525728544558563e-07,0.25,0.000320707444493,7.532152739252999e-06,0.42750000000000005,0.000296283818424,5.800674227046409e-06,0.741728395061728,2.46671526621,0.16371639680562883,0.892452467831764,2.3461785274,0.751668457988505,0.0,nan,0.0
34,134922,0.4375,0.00603214938279,0.00015487526068673938,0.725,3.8151814508,0.24721332443313307,0.6925,4.02196845525,0.29784442387797355,0.6775,2.59758452232,0.1236153807248064,0.635,2.88060579468,0.23650949649709246,0.79,4.16863446012,0.3621136723149719,0.679012345679012,1.07589685614,0.05543292458755538,0.857922028039178,2.71248615969,0.6640036985973699,0.0,nan,0.0
34,134923,0.6725,2.40219706109,0.1307058582795992,0.725,3.8151814508,0.24721332443313307,0.6825,3.75128076233,0.25895040619252585,0.7025,3.58993526013,0.20094199063046034,0.68,3.55825091915,0.38299446691333616,0.735,2.78689192983,0.1673968316024912,0.77037037037037,3.17974886189,0.24470624688348336,0.879969272133666,2.49131802591,0.7214622992107886,0.0,nan,0.0
34,135551,0.7825000000000001,4.59050362069,0.5577820233402486,0.8250000000000001,4.19883374421,0.7000115207300981,0.7575000000000001,4.54565700019,0.5896837254196614,0.7725000000000001,5.12666698244,0.5242530153505679,0.6425000000000001,3.0207820598,0.2586446286501182,0.774999999999999,3.8763554295,0.30166271283165447,0.7629629629629631,3.0015614107,0.22180804090368622,0.823314768580756,2.93575494888,0.5657744063084549,1.0,nan,0.0
34,135973,0.6675,2.2448957084,0.11908954259641712,0.7925000000000001,4.77626573783,0.5524839111581721,0.8,3.59824362529,0.765586874763051,0.7825000000000001,5.04434950132,0.5751783952811353,0.745,3.53609615248,0.6207364837860396,0.8975000000000001,3.10944623229,0.8001662595173651,0.9017283950617281,3.30086439881,0.7442766178730802,0.849241405799884,2.78423326485,0.6401392639092357,1.0,nan,0.0
34,136122,0.5225000000000001,0.0958839374644,0.003055788007971854,0.745,4.37037060571,0.3293416394451826,0.78,4.14358756549,0.6879388589503557,0.745,4.91453087943,0.3847347893488272,0.61,2.37259206184,0.17074985806241877,0.8325,4.40357347444,0.5476554510161877,0.653827160493827,0.700981401392,0.03330066402298945,0.8521605531015941,2.76118540961,0.6482334836419983,1.0,nan,0.0
34,136139,0.8225,3.8297968963,0.7288821547292432,0.837499999999999,3.83523193688,0.750285509200316,0.8025,3.52156831107,0.7744869388884705,0.784999999999999,5.01078075765,0.5877483630850044,0.76,3.35227212901,0.6724705607942121,0.845,4.28894020531,0.6020680292815183,0.9422222222222221,2.28299543471,0.8577020867410007,0.7495678893796811,2.77620600689,0.3497360960645023,1.0,nan,0.0
34,136288,0.7425,4.3968250819,0.3746609357947564,0.8125,4.49334025198,0.6456029927293947,0.7375,4.65504925263,0.49725858955521446,0.7925000000000001,4.88052487322,0.6248678654640377,0.6225,2.63227636803,0.2020379509686559,0.827499999999999,4.4262771857,0.5255751866659515,0.93679012345679,2.42296640291,0.8449209780374249,0.852506241597849,2.75838225244,0.6491875096101039,1.0,nan,0.0
34,136820,0.6025,0.712127414505,0.028826061368501,0.655,1.49770206609,0.06316362379209872,0.6275000000000001,2.01664661935,0.10005170126787408,0.6175,0.798267428842,0.027839513504796732,0.5650000000000001,1.4568533648,0.0849940933785078,0.655,0.795167189457,0.03183943951654038,0.852345679012345,4.06685943235,0.5588999419172029,0.9385442673324371,1.74653008622,0.8462121941813331,1.0,nan,0.0
34,136846,0.7625000000000001,4.62057967488,0.4652383995414776,0.7925000000000001,4.77626573783,0.5524839111581721,0.8075000000000001,3.36431717213,0.7917036382579072,0.804999999999999,4.57386025199,0.684066260411749,0.875,1.17461974307,0.9345623590811136,0.6525000000000001,0.754905762979,0.029902159215268596,0.6074074074074071,0.280736571452,0.011706676330611666,0.7226810063376221,2.51942149871,0.27835611457803217,0.0,nan,0.0
34,137085,0.847499999999999,3.05822225858,0.8152259681915535,0.875,2.54922237625,0.8703899137624811,0.8400000000000001,2.29708984471,0.8837184887960237,0.8775000000000001,1.88397632438,0.9202347577312513,0.8500000000000001,1.62328586348,0.8997380825088654,0.9400000000000001,1.8680705518,0.9056436933315821,0.8148148148148141,3.97909573494,0.4059473282522992,0.660418667178797,1.71786232449,0.14561095966340715,0.0,nan,0.0
34,137869,0.8150000000000001,4.02979481942,0.6993960321552459,0.905,1.58630563905,0.9319528499863408,0.875,1.29255583221,0.9457307072789298,0.8700000000000001,2.14864504414,0.9051228694737511,0.8625,1.38996995161,0.9185538933321366,0.972499999999999,1.08871800829,0.953067035683328,0.9772839506172831,1.4471393467,0.9226434375154587,0.0,7.96980151132e-08,1.854138374368009e-09,0.0,nan,0.0
34,138039,0.655,1.86983659256,0.09340300532145472,0.63,0.901887311169,0.033572425677145176,0.6975,4.14360638876,0.3182625807080932,0.6375000000000001,1.2581430876,0.048157625825113966,0.6075,2.31998965314,0.16488410813357993,0.7325,2.71211469556,0.16052305388280902,0.716049382716049,1.83413307165,0.1086081882539866,0.8560015363933161,2.72918143185,0.6587782873654652,0.0,nan,0.0
34,140859,0.4375,0.00603214938279,0.00015487526068673938,0.65,1.36313503468,0.05601463657635788,0.5975,1.21726868492,0.052088872738947,0.6000000000000001,0.510600395478,0.016531667790356686,0.59,1.95273830182,0.1275062014606137,0.59,0.160154040172,0.00497530487714362,0.6948148148148141,1.37080906604,0.07470490828300261,0.9577491837910501,1.49314699055,0.8773084856604818,1.0,nan,0.0
34,140984,0.645,1.59368040088,0.07610509219096846,0.7625000000000001,4.69199820397,0.4088997802599793,0.754999999999999,4.57291871406,0.5782847223137209,0.7425,4.86494193408,0.37250948586545857,0.6925,3.65675162315,0.42813661915972867,0.8925000000000001,3.25352099184,0.7842574696250362,0.9160493827160491,2.95572495525,0.7891140019294125,0.8857307470712501,2.42582311545,0.7356286067736277,1.0,nan,0.0
34,141053,0.625,1.11816102486,0.0491652765370005,0.645,1.23614179345,0.04951964464765303,0.65,2.72790640836,0.15331824775179773,0.7025,3.58993526013,0.20094199063046034,0.5,0.525461780932,0.02377773947232501,0.7025,1.84227234936,0.09241769726780218,0.611358024691358,0.30529459629,0.012863695072108026,1.0,0.987429199963,0.9293821335970653,1.0,nan,0.0
34,141356,0.7025,3.37229309087,0.21733984847945237,0.8250000000000001,4.19883374421,0.7000115207300981,0.794999999999999,3.74687871089,0.7472212686612538,0.8400000000000001,3.3197683048,0.8233781352117409,0.8425,1.77042277057,0.8870146096955465,0.9475,1.66839926982,0.9188990066068832,0.8508641975308641,4.07538281591,0.552868531184247,0.811791818705588,2.96965981232,0.5317297539588162,1.0,nan,0.0
34,142811,0.635,1.34251458432,0.061445923884619696,0.595,0.380400056852,0.012115575184949295,0.58,0.859920721104,0.03403609663144709,0.675,2.50095739642,0.11724243475459645,0.535,0.953122185545,0.04914122572915376,0.7825000000000001,4.03385156574,0.33133927614438763,0.714567901234567,1.79962862457,0.10591654847179363,0.8137507201843671,2.96542692768,0.5375429824781134,1.0,nan,0.0
34,142951,0.6475000000000001,1.66048036598,0.08017247041349373,0.804999999999999,4.62895740987,0.6113735020319666,0.764999999999999,4.44183294564,0.6234070994069647,0.7375,4.75231109197,0.3484590657404253,0.68,3.55825091915,0.38299446691333616,0.784999999999999,4.08144257053,0.34148393120550574,0.929382716049382,2.61478954339,0.8262627210053703,0.8876896485500281,2.40295159551,0.7403582013246753,0.0,nan,0.0
34,143324,0.5750000000000001,0.382434023618,0.014152212240423605,0.5725,0.198719293031,0.005781520019392744,0.66,3.05406684543,0.18222919303536994,0.625,0.953465560405,0.034395873424810215,0.59,1.95273830182,0.1275062014606137,0.6775,1.2258200861,0.0543440886875241,0.6972839506172831,1.42093944506,0.07815129359150369,0.8636835029767621,2.6597474597,0.6794815668810353,1.0,nan,0.0
34,145305,0.605,0.750711854797,0.030654284402627262,0.7675000000000001,4.74903744202,0.4325092561614941,0.745,4.64351786005,0.5321506185010224,0.6875,2.99266995982,0.1515575549131092,0.6575000000000001,3.27320227625,0.30590168178707305,0.725,2.48803117395,0.1410232721024188,0.7970370370370371,3.7313512545,0.33723733804210637,0.9097753024774341,2.1284069983,0.7904469376917445,1.0,nan,0.0
34,145335,0.5225000000000001,0.0958839374644,0.003055788007971854,0.55,0.0964194923441,0.002579238813020172,0.5425,0.358864742237,0.012222972909785027,0.5,0.0175185635837,0.00040513775367343515,0.5875,1.90106538625,0.12268901470024898,0.8,4.30848592848,0.40453914364820875,0.79753086419753,3.73974837644,0.3390820572607015,0.693796811983867,2.16814705422,0.21051627637166853,0.0,nan,0.0
34,145444,0.725,4.0219142109,0.3007853132079558,0.8525,3.33829483438,0.8041478518721068,0.754999999999999,4.57291871406,0.5782847223137209,0.6925,3.19278756685,0.16702102992982848,0.7975000000000001,2.69536456105,0.7865580514066586,0.794999999999999,4.24454144194,0.3831514625939446,0.861728395061728,3.99066193916,0.5967303099409201,0.8017284424812751,2.98134473505,0.5017719754438242,1.0,nan,0.0
34,146557,-0.25,8.69244274891e-25,7.811361449890447e-27,0.73,3.96864094355,0.2666762733249021,0.72,4.54402953491,0.4164894703708083,0.6825,2.79376130115,0.13709230825141405,0.5700000000000001,1.55158240666,0.09251407741812581,0.74,2.93586657072,0.18170418451527198,0.9002469135802461,3.33456691629,0.7393614281074186,0.8974841559439211,2.28457405407,0.7633193658773949,0.0,nan,0.0
34,146877,0.8075000000000001,4.2074254226,0.6684911784064348,0.865,2.90013043123,0.8431477767862934,0.715,4.47832368192,0.3939275943405752,0.5625,0.169078349752,0.004754666477341236,0.8400000000000001,1.82044780488,0.8825261139063307,0.865,3.94982877292,0.6847491190950756,0.863209876543209,3.97521215024,0.6026310696739909,0.5736892644516991,0.697501391796,0.043905498743909525,1.0,nan,0.0
34,146928,0.7000000000000001,3.29305919096,0.20900797387512055,0.855,3.25158304617,0.8123853493836314,0.8600000000000001,1.68856198877,0.9234466539367859,0.8174999999999991,4.17576030712,0.7388326667517524,0.8150000000000001,2.33627392352,0.8306058483547604,0.885,3.4621528783,0.7590672223652268,0.803456790123456,3.83412131188,0.3615290876321089,0.837718455924716,2.86381676087,0.6075802617029582,1.0,nan,0.0
34,146993,0.8125,4.091696344,0.689243633691017,1.0,0.148640996535,0.9958240761957057,1.0,0.0419547641466,0.9989239592111301,1.0,0.0660641583698,0.9983149983932186,0.9500000000000001,0.325166389752,0.9860960897113664,0.8,4.30848592848,0.40453914364820875,0.8528395061728391,4.06380236975,0.5609075171642559,0.37584021509506405,0.0186274650769,0.0007301486096506167,1.0,nan,0.0
34,147026,0.5,0.0491520261044,0.0014763924840001047,0.655,1.49770206609,0.06316362379209872,0.615,1.65724586761,0.07712477073586695,0.625,0.953465560405,0.034395873424810215,0.52,0.748296566722,0.03642143535625465,0.645,0.642953002072,0.024668380321020845,0.815802469135802,3.98930404576,0.40988237334107325,0.8626848473209141,2.6691662241,0.6768206825209334,1.0,nan,0.0
34,147101,0.625,1.11816102486,0.0491652765370005,0.865,2.90013043123,0.8431477767862934,0.7225,4.57140716886,0.4278845402576036,0.6825,2.79376130115,0.13709230825141405,0.8600000000000001,1.43529557164,0.9150224593916491,0.8525,4.18264591279,0.6338532182613381,0.9007407407407401,3.32338278996,0.7410053683935185,0.861724601497983,2.67811478734,0.6742533218709756,0.0,nan,0.0
34,147111,0.595,0.605547904192,0.023893229655009708,0.735,4.11324437395,0.2868849713489007,0.774999999999999,4.25538659175,0.666936612382788,0.6225,0.899480282766,0.03208016590467944,0.605,2.267307639,0.15914997610147175,0.837499999999999,4.36746750474,0.5695885775098772,0.852345679012345,4.06685943235,0.5588999419172029,0.9010946802381411,2.23945917375,0.7714866452799543,1.0,nan,0.0
34,147193,0.75,4.50891927692,0.4080775723546323,0.7825000000000001,4.81777379696,0.504455662789206,0.7825000000000001,4.08349413413,0.6982232695423749,0.7975000000000001,4.77045268234,0.649002706969857,0.8500000000000001,1.62328586348,0.8997380825088654,0.75,3.22802590647,0.21253233286873038,0.6439506172839501,0.584627421611,0.02696545662350442,0.752294987516804,2.79723838887,0.35733599252911463,1.0,nan,0.0
34,819,0.725,4.0219142109,0.3007853132079558,0.7025,3.05382541842,0.16977948226411496,0.7075,4.35373498058,0.36078850300709836,0.7225,4.32022010003,0.2802536369112385,0.7775000000000001,3.07367188846,0.7287857547049605,0.8300000000000001,4.41661670482,0.5366295114110808,0.7214814814814811,1.96298909534,0.1189197567335104,0.8252736700595351,2.92786151619,0.571517629165295,0.0,nan,0.0
34,1942,0.715,3.75063496418,0.26189416615541294,0.6725,2.02327097739,0.09385588496922448,0.5925,1.10658028392,0.04628210979146204,0.6075,0.621781554396,0.020767304578685156,0.585,1.84974177714,0.1180005833898044,0.784999999999999,4.08144257053,0.34148393120550574,0.755061728395061,2.80503652751,0.19886500289181935,0.8467447666602651,2.80304425013,0.6331643809251659,0.0,nan,0.0
34,1993,0.6625,2.09139310714,0.10825056414634754,0.7375,4.1817869626,0.2972543123596863,0.7525000000000001,4.59638808172,0.5668222924036329,0.835,3.51876640126,0.80628075864949,0.63,2.78315348122,0.2223489091553745,0.905,2.88844729442,0.8226611878616876,0.905679012345679,3.20890707598,0.7571363839869554,0.8857307470712501,2.42582311545,0.7356286067736277,0.0,nan,0.0
