user,id,chargeScore,chargeScore_pdf,chargeScore_cdf,mealScore,mealScore_pdf,mealScore_cdf,roomScore,roomScore_pdf,roomScore_cdf,equipmentScore,equipmentScore_pdf,equipmentScore_cdf,distanceScore,distanceScore_pdf,distanceScore_cdf,serviceScore,serviceScore_pdf,serviceScore_cdf,locationScore,locationScore_pdf,locationScore_cdf,bathScore,bathScore_pdf,bathScore_cdf,kinnennScore,kinnennScore_pdf,kinnennScore_cdf
33,101,0.9297100057614741,10.8829758718,0.875997974357235,0.6975,4.04246378221,0.7215041927290352,0.6000000000000001,1.13181019781,0.1172488130318055,0.655,4.81434023156,0.3869551340458895,0.9797530864197531,2.27246608347,0.8891281814800985,0.73,5.0662868789,0.7076519788822372,0.9400000000000001,2.65013937838,0.8851063635000456,0.625,2.09795398254,0.5839766913084141,1.0,5.0,0.5
33,192,0.8213942769348951,0.805446200029,0.5434963079849755,0.6675,3.86884451486,0.5969578243507458,0.6775,3.33004478085,0.278648711033586,0.63,4.33547168375,0.27141840426247904,0.755061728395061,2.88123104507,0.24010858486094214,0.66,5.26394373807,0.2952165382923721,0.745,3.29535392363,0.3680733042606402,0.5325,3.02175202085,0.37428335209182706,1.0,5.0,0.5
33,223,0.8713654695602071,0.718081054782,0.5819597048769927,0.5825,4.27269447846,0.20858977344942986,0.605,1.20773474868,0.12309357875450831,0.6375000000000001,4.53613011879,0.3047129333482557,0.8103703703703701,4.06316045834,0.45132662349488234,0.6775,6.02994145342,0.3946008575724499,0.605,0.201255795306,0.0024184188561752655,0.5575,2.38114322336,0.4414176071339423,0.0,0.0,0.0
33,388,0.713885154599577,0.590875321212,0.04681187789548979,0.7825000000000001,1.69842561375,0.9522734567558561,0.7675000000000001,4.45561547882,0.6646884958818258,0.7575000000000001,3.12832785653,0.8076120679619168,0.851358024691358,2.65376184459,0.5907745756547154,0.7675000000000001,2.87381281896,0.855444917246194,0.915,3.21605346141,0.8107586503534234,0.675,2.12547378783,0.6904638050115552,1.0,5.0,0.5
33,398,0.8828884194353751,0.687644502152,0.5900561194518136,0.847499999999999,0.105136858284,0.9959843844584637,0.6325000000000001,1.81715006565,0.16392116996852224,0.635,4.47392591521,0.2934493311365496,0.720493827160493,1.39773531873,0.16809626706486083,0.66,5.26394373807,0.2952165382923721,0.61,0.285218466126,0.0036249423178132097,0.545,2.67699721281,0.40988742909255604,0.0,0.0,0.0
33,462,0.965469560207413,0.406566540084,0.9688486691374101,0.7075,3.64865625773,0.7600460133771921,0.68,3.41508343835,0.2870804083500269,0.7975000000000001,2.16080682238,0.9152181572511466,0.810864197530864,4.05301255217,0.453330630844175,0.8300000000000001,0.993075700533,0.966020199818864,0.79,2.35350083735,0.49455307820395034,0.64,2.12790112295,0.6156866415067339,1.0,5.0,0.5
33,509,0.6792778951411561,0.43858938539,0.02897277730499262,0.8225,0.357574480223,0.9909893527324762,0.6950000000000001,3.88691281786,0.34193949918083855,0.6375000000000001,4.53613011879,0.3047129333482557,0.9125925925925921,2.23515681747,0.7251162490003913,0.6950000000000001,6.2869815657,0.5032615495956775,0.919999999999999,3.14480606743,0.8266710837268805,0.5125000000000001,3.46637248048,0.30894938300827235,0.0,0.0,0.0
33,568,0.786863837142308,11.2935613165,0.45998429625183845,0.5675,2.53317438482,0.15786114561317935,0.6625,2.80168671727,0.23263650781671544,0.685,4.60520969807,0.5302392489082051,0.9432098765432091,2.5331278973,0.798723740055781,0.7975000000000001,1.72112677565,0.9227148616940821,0.9450000000000001,2.48864277268,0.8979576457313199,0.865,0.579259164695,0.9675366722388556,1.0,5.0,0.5
33,570,0.765700019204916,10.2183994619,0.15009269754206628,0.857499999999999,0.0755537401018,0.9968725076146593,0.8625,1.37254517688,0.9486608328073141,0.754999999999999,3.17283937825,0.7997354005412562,0.946172839506172,2.54324510424,0.8062455043709429,0.7825000000000001,2.21436877739,0.8933837847952717,0.8775000000000001,2.93806991798,0.6911103995057183,0.735,1.8301123901,0.8109506942824617,1.0,5.0,0.5
33,610,0.880929517956596,0.692286850855,0.5887047270320522,0.8225,0.357574480223,0.9909893527324762,0.7825000000000001,4.12395040465,0.7292231968910168,0.6875,4.55672368228,0.5416923256128134,0.899753086419753,2.10286130924,0.6973198755167244,0.725,5.34583437033,0.6816130855838629,0.9175000000000001,3.18351545586,0.818759421819631,0.615,2.07373369033,0.5631180509873221,0.0,0.0,0.0
33,630,0.9405031688112151,2.5874403453,0.9514167584998804,0.7725000000000001,2.0001935499,0.9337050757623776,0.74,4.64547327294,0.5382836733522437,0.6375000000000001,4.53613011879,0.3047129333482557,0.7629629629629631,3.26225757135,0.26439308708275877,0.68,6.10293483603,0.40976924837229617,0.6875,3.72093644926,0.15360167455263646,0.5575,2.38114322336,0.4414176071339423,0.0,0.0,0.0
33,658,0.656270405223737,0.338943008588,0.02004143056555444,0.63,4.32526695964,0.4597620826681723,0.59,1.00739752121,0.10658133267780512,0.54,1.07560596577,0.030328277741855137,0.65679012345679,0.678162314869,0.1119970984069141,0.5775,1.32197337156,0.0406011405765668,0.665,2.82547318376,0.07865604956997643,0.47750000000000004,3.24821673573,0.1873592720372989,0.0,0.0,0.0
33,659,0.531745726906087,0.0352041883961,0.001281542560415635,0.62,5.18051005472,0.4122114876379859,0.645,2.19850442112,0.18896085308769245,0.5925,2.95596922917,0.13352141386865649,0.622222222222222,0.655783558752,0.08896315536654581,0.6125,2.66285397186,0.10882760930365833,0.65,1.9571761316,0.042681973515555326,0.47750000000000004,3.24821673573,0.1873592720372989,0.0,0.0,0.0
33,716,0.7945073938928361,3.41079005753,0.5135893611345961,0.8025,0.934090944352,0.9786924298706461,0.8325,2.35941728662,0.8933363387527868,0.715,3.92770782139,0.658502233651957,0.819259259259259,3.83321953032,0.4864921731071203,0.7225,5.47694711795,0.6680832449789043,0.735,3.51529509841,0.3340108084166741,0.645,2.13449441523,0.6263434697445778,0.0,0.0,0.0
33,767,0.7599385442673321,6.00241810485,0.10339131167450001,0.7325,2.73850168901,0.8388246431598214,0.7000000000000001,4.0251448708,0.36172423577898966,0.6625,4.84018693931,0.42319560803371237,0.9007407407407401,2.11099241549,0.6994007535747664,0.6950000000000001,6.2869815657,0.5032615495956775,0.8725,2.81637863576,0.6767201380877552,0.5975,2.04534824446,0.5271285852115168,0.0,0.0,0.0
33,839,0.782024198194737,15.8242411398,0.3932800627665246,0.735,2.67917325725,0.845595571731616,0.845,1.91673760415,0.9200233431160014,0.7875000000000001,2.45457170896,0.8921161308110228,1.0,1.80388265184,0.9306736013810755,0.8150000000000001,1.29339343237,0.948920311610721,0.925,3.04994809783,0.8421673296575041,0.7275,1.88626304826,0.7970112657619677,1.0,5.0,0.5
33,858,0.7714614941425001,14.4014786243,0.22114267111209734,0.5675,2.53317438482,0.15786114561317935,0.65,2.36494276738,0.20036676593760622,0.635,4.47392591521,0.2934493311365496,0.631604938271604,0.661990067263,0.09514683702139869,0.61,2.54897366679,0.10231347956524843,0.6475000000000001,1.80988452874,0.037973530054985855,0.5525,2.48969758538,0.4292466729044001,0.0,0.0,0.0
33,864,0.8713654695602071,0.718081054782,0.5819597048769927,0.75,2.41054930931,0.883624483520016,0.71,4.26597289357,0.40322157158939786,0.6375000000000001,4.53613011879,0.3047129333482557,0.899753086419753,2.10286130924,0.6973198755167244,0.6900000000000001,6.27655173487,0.4718308819727006,0.919999999999999,3.14480606743,0.8266710837268805,0.5625,2.28818805537,0.45308416890411796,0.0,0.0,0.0
33,922,0.9174188592279621,8.21377982988,0.7623072080059204,0.4525,0.570617629068,0.05694005050160614,0.5750000000000001,0.875494191552,0.09252900553694976,0.595,3.05565489087,0.14103594281248155,0.5837037037037031,0.601296970996,0.06458718054752316,0.605,2.33045536539,0.09011995295375105,0.6825,3.58409727977,0.13532323911458957,0.454999999999999,2.54238260793,0.12175034066030563,1.0,5.0,0.5
33,930,0.56024582293067,0.0674685146058,0.0027044561253954684,0.7125,3.4322471437,0.7777473861177766,0.7925000000000001,3.82692046472,0.7690214653743073,0.75,3.2595228007,0.7836534927969623,0.750123456790123,2.6375082488,0.22648216347912814,0.78,2.31196476395,0.8877268669958625,0.885,3.09586811728,0.7137600790562553,0.685,2.10205096839,0.7116102557334635,1.0,5.0,0.5
33,995,0.8674860764355671,0.72800204471,0.579154606405897,0.7875000000000001,1.5171185733,0.960319094692303,0.5325,0.669495832791,0.0601452275563707,0.51,0.412769575874,0.008980602405858622,0.7664197530864191,3.41955451919,0.275944175859119,0.5775,1.32197337156,0.0406011405765668,0.65,1.9571761316,0.042681973515555326,0.52,3.33325862949,0.33448109119329095,1.0,5.0,0.5
33,996,0.8703668139043591,0.720674981546,0.5812412916773206,0.625,4.7561095588,0.4370678618891114,0.6375000000000001,1.96291393369,0.1733672583307257,0.6000000000000001,3.25460093614,0.15681202245366388,0.8390123456790121,3.10630651061,0.5552906392708228,0.65,4.70169314457,0.24534829519190157,0.725,3.7117625799,0.297844649254408,0.5325,3.02175202085,0.37428335209182706,0.0,0.0,0.0
33,1119,0.8574227002112541,0.751649155084,0.5717068213126513,0.5,0.664154075472,0.086504062511346,0.58,0.913458976399,0.09699922133307604,0.545,1.22281995368,0.03607037814261076,0.8874074074074071,2.04902520945,0.6717918570159795,0.6000000000000001,2.12369164193,0.07898933182923983,0.7325,3.56765095778,0.3251567861036286,0.5075000000000001,3.52286137959,0.29146458764422845,0.0,0.0,0.0
33,1128,0.858882273862108,0.748418096387,0.5728015591920554,0.8700000000000001,0.0552741403746,0.9976786204396693,0.6775,3.33004478085,0.278648711033586,0.6925,4.45142011279,0.5642167909957582,0.7935802469135801,4.1802252808,0.3814747323246005,0.7425,4.30928087559,0.7663007091867706,0.7725000000000001,2.69994582001,0.4503845141692809,0.6025,2.04934495622,0.5373633044989293,1.0,5.0,0.5
33,1186,0.7987708853466481,1.51529306891,0.523439857394877,0.5750000000000001,3.37091883564,0.17992452928454128,0.6625,2.80168671727,0.23263650781671544,0.6175,3.92352354564,0.2197154950008434,0.712592592592592,1.17996863388,0.15794731962436265,0.7225,5.47694711795,0.6680832449789043,0.67,3.08168438994,0.09343483814892298,0.65,2.13897977001,0.6370280695197367,0.0,0.0,0.0
33,1356,0.704513155367774,0.550753590305,0.04146102266520436,0.79,1.42128794076,0.9639926513946635,0.8125,3.11500064814,0.838627204905449,0.774999999999999,2.77312073658,0.8593822435451778,0.8316049382716041,3.39517927,0.5312095916507615,0.7575000000000001,3.40873428028,0.8240901997411909,0.925,3.04994809783,0.8421673296575041,0.73,1.86808553455,0.8017043162701025,0.0,0.0,0.0
33,1357,0.283887075091223,4.19790756063e-06,8.293122547073982e-08,0.76,2.25732161527,0.9069768933773976,0.8075000000000001,3.30236736444,0.8225822543879211,0.78,2.65272824469,0.8729507874295224,0.6083950617283951,0.642139084314,0.07998280510278348,0.8025,1.58625777395,0.9309782022073023,0.835,2.01796620676,0.5880156584980301,0.72,1.93740052008,0.7826692865811531,0.0,0.0,0.0
33,1386,0.694680238140964,0.507389192792,0.03625793817716486,0.5825,4.27269447846,0.20858977344942986,0.7425,4.65080141623,0.5499049247016525,0.7025,4.22049254364,0.607590890342573,0.866666666666666,2.24339584036,0.6279891105092619,0.6975,6.27251637927,0.5189636523578467,0.8600000000000001,2.49188173419,0.6435395401501873,0.6525000000000001,2.14038145504,0.642377390823804,0.0,0.0,0.0
33,1404,0.41317457269060803,0.000997582978806,2.6011796788648362e-05,0.75,2.41054930931,0.883624483520016,0.7875000000000001,3.98202461606,0.749493990642037,0.6725,4.78798005573,0.47141538219916523,0.575802469135802,0.583763525453,0.05990411079522311,0.6725,5.85263030689,0.36487782678409036,0.75,3.1835019971,0.38427028040042116,0.77,1.51441481359,0.8697032993546414,0.0,0.0,0.0
33,1500,0.9097753024774341,10.9715421068,0.6860452101620713,0.6875,4.25557721483,0.679804127951624,0.5825,0.934510638555,0.09930887514159996,0.5675,1.98636235088,0.07189848058800302,0.8859259259259251,2.04980382813,0.66875590678438,0.73,5.0662868789,0.7076519788822372,0.9375,2.7265908919,0.8783847838946564,0.387499999999999,0.574357555331,0.02561076308074733,0.0,0.0,0.0
33,1501,0.8521605531015941,0.762697669545,0.5677220438103968,0.55,1.24246071668,0.12631453248521105,0.6025,1.16854340426,0.12012375278664794,0.505,0.340008735737,0.007102911536954817,0.775308641975308,3.77693892349,0.3079872052143672,0.6425000000000001,4.26242455444,0.2117311858820047,0.9450000000000001,2.48864277268,0.8979576457313199,0.4,0.794956259893,0.03409040111567626,0.0,0.0,0.0
33,1511,0.8636450931438441,0.737397239649,0.5763401790338919,0.6075,5.84610900726,0.34246111892616593,0.54,0.699159842531,0.06527738309887375,0.52,0.590053240431,0.013958582121625748,0.724444444444444,1.52647387456,0.1738681147124119,0.6125,2.66285397186,0.10882760930365833,0.8700000000000001,2.75245809603,0.6697587794963538,0.5925,2.04709239373,0.5169002660628272,1.0,5.0,0.5
33,1556,0.788745918955252,9.06043139996,0.4791455370812846,0.705,3.7555420884,0.7507901969989561,0.705,4.15182199521,0.3821716808457498,0.6625,4.84018693931,0.42319560803371237,0.675555555555555,0.721607939714,0.12504421828934653,0.675,5.94626682773,0.37962844423421044,0.7825000000000001,2.49778396031,0.47636606266279,0.6525000000000001,2.14038145504,0.642377390823804,1.0,5.0,0.5
33,1630,0.888611484540042,0.707613708962,0.5940024471712095,0.8525,0.0880511302008,0.9964650345317307,0.6825,3.49863348499,0.29572288744042796,0.6325000000000001,4.40692876429,0.28234729837963524,0.6335802469135801,0.663081439891,0.09645555851924673,0.6525000000000001,4.84633744443,0.25728369920554406,0.64,1.38666218222,0.026008874549663764,0.6075,2.05735452972,0.54762870870459,0.0,0.0,0.0
33,1667,0.660072978682542,0.354881333879,0.021360504565390664,0.75,2.41054930931,0.883624483520016,0.6175,1.4432664579,0.13959172678395085,0.6625,4.84018693931,0.42319560803371237,0.902222222222222,2.12400654537,0.7025376731082223,0.68,6.10293483603,0.40976924837229617,0.8,2.18022302335,0.5171977107324914,0.49,3.48530857484,0.22960222663945445,0.0,0.0,0.0
33,1680,0.8974841559439211,2.10740563983,0.6037876412521008,0.784999999999999,1.6098067689,0.9564096809256603,0.7275,4.5554233601,0.4806702300887776,0.6950000000000001,4.39554282372,0.57527586146438,0.875061728395061,2.11467818753,0.6462324739383747,0.7925000000000001,1.86939119047,0.913744604245169,0.8700000000000001,2.75245809603,0.6697587794963538,0.6975,2.05784117748,0.7376268486963538,1.0,5.0,0.5
33,1725,0.84251968503937,0.780325669082,0.5602811724839434,0.615,5.54031872098,0.38537069380648614,0.6475000000000001,2.28091194291,0.19455976427658545,0.6000000000000001,3.25460093614,0.15681202245366388,0.760987654320987,3.16920133703,0.2580407034801381,0.685,6.21438704148,0.44058235679250624,0.7425,3.35121646569,0.3597650425050352,0.625,2.09795398254,0.5839766913084141,1.0,5.0,0.5
33,1764,0.7307470712502401,0.658040397573,0.057352236115890395,0.7725000000000001,2.0001935499,0.9337050757623776,0.7425,4.65080141623,0.5499049247016525,0.67,4.8097994824,0.4594170016841028,0.880987654320987,2.0658415229,0.6586025862135421,0.7075,6.08680742987,0.5809268728865975,0.857499999999999,2.42885243594,0.637389001545746,0.645,2.13449441523,0.6263434697445778,0.0,0.0,0.0
33,1770,0.785327443825619,13.0064201193,0.4412953968853625,0.635,3.94203787216,0.4804005660756256,0.64,2.03933201397,0.1783695982361275,0.5775,2.36471550886,0.0936392469662797,0.722962962962963,1.47664277672,0.17164381313064234,0.6025,2.22564959477,0.08442542464292661,0.835,2.01796620676,0.5880156584980301,0.5525,2.48969758538,0.4292466729044001,0.0,0.0,0.0
33,1799,0.434415210293835,0.00209174563274,5.751635180971748e-05,0.8250000000000001,0.312517498418,0.9918257608725537,0.885,0.825337088687,0.9730589901191837,0.8400000000000001,0.853249786434,0.9784781136210254,0.7614814814814811,3.19264729266,0.2596115349623944,0.81,1.4042499374,0.9421791605617728,0.8,2.18022302335,0.5171977107324914,0.8500000000000001,0.706289323955,0.9579119697202139,0.0,0.0,0.0
33,1872,0.683272517764547,0.45641314518,0.0307603540655941,0.6075,5.84610900726,0.34246111892616593,0.6475000000000001,2.28091194291,0.19455976427658545,0.6075,3.54895515075,0.18232985384688555,0.7866666666666661,4.08975103875,0.3528404420517748,0.66,5.26394373807,0.2952165382923721,0.9475,2.40439989052,0.9040743653943899,0.52,3.33325862949,0.33448109119329095,0.0,0.0,0.0
33,1927,0.814518916842711,0.809303356499,0.5379443132890496,0.5,0.664154075472,0.086504062511346,0.5775,0.893826472283,0.09474039768987391,0.5775,2.36471550886,0.0936392469662797,0.8172839506172841,3.89227162005,0.47886139601177885,0.66,5.26394373807,0.2952165382923721,0.8400000000000001,2.07698152882,0.5982440299065479,0.52,3.33325862949,0.33448109119329095,0.0,0.0,0.0
33,1996,0.8560015363933161,0.754726884874,0.57063640969145,0.62,5.18051005472,0.4122114876379859,0.495,0.516332244465,0.03786404127971605,0.525,0.695154916168,0.017166989241815603,0.7866666666666661,4.08975103875,0.3528404420517748,0.67,5.74981489423,0.35037294320159185,0.7325,3.56765095778,0.3251567861036286,0.6000000000000001,2.04674261228,0.5322434243583782,0.0,0.0,0.0
33,1997,0.8905703860188201,0.763963120535,0.5954350688952333,0.7775000000000001,1.86063227812,0.9433668504043871,0.685,3.58047976655,0.3045721556703126,0.6625,4.84018693931,0.42319560803371237,0.493827160493827,0.326559046474,0.022019697496978394,0.6900000000000001,6.27655173487,0.4718308819727006,0.67,3.08168438994,0.09343483814892298,0.59,2.05071741596,0.5117784300321421,1.0,5.0,0.5
33,2335,0.9059343191857111,8.85369822035,0.6471148208796526,0.75,2.41054930931,0.883624483520016,0.64,2.03933201397,0.1783695982361275,0.5825,2.55958380893,0.10594872747016068,0.884444444444444,2.05239388523,0.6657174695873022,0.675,5.94626682773,0.37962844423421044,0.6900000000000001,3.77513053998,0.162973720420685,0.485,3.40893046771,0.21235551503040678,0.0,0.0,0.0
33,2465,0.937007874015748,5.26217805258,0.9380502094578532,-0.25,6.39331521074e-12,8.925776294367006e-14,0.6675,2.97962825792,0.24708985699672292,0.7775000000000001,2.71410121667,0.866241757953456,0.8153086419753081,3.9470971825,0.4711180809196822,0.7225,5.47694711795,0.6680832449789043,0.7225,3.75388409526,0.2885118532760742,0.555,2.43356943544,0.4354000129213363,1.0,5.0,0.5
33,2605,0.8767428461686191,0.703674346215,0.5857826749499371,-0.25,6.39331521074e-12,8.925776294367006e-14,0.339999999999999,0.046146402353,0.0017398955040559259,0.3025,7.6473478082e-09,5.485388467178773e-11,0.803456790123456,4.16722507028,0.42283378819586825,0.339999999999999,2.22077483416e-08,1.632184887909223e-10,0.59,0.0607599577626,0.000625661671487402,0.355,0.270590494814,0.012679018392320808,1.0,5.0,0.5
33,2876,0.602458229306702,0.152930484037,0.007176126849055199,0.6075,5.84610900726,0.34246111892616593,0.8174999999999991,2.92503817203,0.8537279408541212,0.794999999999999,2.23698870749,0.9097205782416931,0.886913580246913,2.04908769484,0.6707799853066709,0.8400000000000001,0.810486018689,0.975028116938591,0.9550000000000001,2.14238764365,0.9211317332537704,0.889999999999999,0.399589326488,0.9796855945306495,0.0,0.0,0.0
33,2877,0.748454004225081,1.02977371599,0.07029437206537223,0.6875,4.25557721483,0.679804127951624,0.6725,3.1564106221,0.2624308565115665,0.75,3.2595228007,0.7836534927969623,0.845432098765432,2.86215556278,0.5744415040254465,0.635,3.82865735306,0.1813977215384332,0.8075000000000001,2.07482205153,0.533137467666125,0.635,2.11940926154,0.6050676267806183,1.0,5.0,0.5
33,2958,0.8905703860188201,0.763963120535,0.5954350688952333,0.6825,4.25696309991,0.6584910860429934,0.5325,0.669495832791,0.0601452275563707,0.59,2.85637062777,0.1262560237407292,0.9797530864197531,2.27246608347,0.8891281814800985,0.65,4.70169314457,0.24534829519190157,0.8775000000000001,2.93806991798,0.6911103995057183,0.7475,1.72644990449,0.8331915672276482,0.0,0.0,0.0
33,4771,0.7637795275590551,8.81022431493,0.13182057153370308,0.6025,5.84326084318,0.3131633235153466,0.705,4.15182199521,0.3821716808457498,0.635,4.47392591521,0.2934493311365496,0.79753086419753,4.19506138025,0.39802740287357097,0.705,6.15179318308,0.5656261484333183,0.8975000000000001,3.25849448438,0.7536256076228731,0.5175000000000001,3.38342189133,0.3260841345580981,1.0,5.0,0.5
33,4778,0.594814672556174,0.133563171211,0.006082369606030824,0.7875000000000001,1.5171185733,0.960319094692303,0.774999999999999,4.30859245371,0.6975788158464435,0.7125,3.98483671511,0.648611780436856,0.941234567901234,2.52372822213,0.7937289757818466,0.6875,6.25182376381,0.45616773435842706,0.9400000000000001,2.65013937838,0.8851063635000456,0.6575000000000001,2.1414241833,0.6530828981467375,1.0,5.0,0.5
33,4801,0.8214326867678121,0.805419003289,0.5435272445168569,0.7075,3.64865625773,0.7600460133771921,0.64,2.03933201397,0.1783695982361275,0.625,4.18056591363,0.2501220399074968,0.8103703703703701,4.06316045834,0.45132662349488234,0.735,4.76983776667,0.7322477932670591,0.764999999999999,2.85667568755,0.4295498441670399,0.6725,2.12968087054,0.6851447252812206,1.0,5.0,0.5
33,4805,0.7753024774342231,16.4978796885,0.2808606016909279,0.7675000000000001,2.11706504687,0.9234029108417362,0.8400000000000001,2.08925306756,0.9100111653131953,0.74,3.43108208164,0.7502032094880007,0.940246913580246,2.51827089704,0.791239059060888,0.7725000000000001,2.63418553923,0.8692067221767905,0.9125000000000001,3.24219900232,0.8026844827847744,0.6975,2.05784117748,0.7376268486963538,0.0,0.0,0.0
33,4819,0.8751680430190121,0.707963993159,0.5846711422925458,0.6025,5.84326084318,0.3131633235153466,0.715,4.36675356886,0.4248091209261652,0.6725,4.78798005573,0.47141538219916523,0.884444444444444,2.05239388523,0.6657174695873022,0.6725,5.85263030689,0.36487782678409036,0.7225,3.75388409526,0.2885118532760742,0.56,2.33263513074,0.4473089961783051,0.0,0.0,0.0
33,4977,0.7945073938928361,3.41079005753,0.5135893611345961,0.64,3.6485790072,0.4993330524170208,0.685,3.58047976655,0.3045721556703126,0.725,3.71230992879,0.6966833261004057,0.7970370370370371,4.19468330673,0.3959558436666012,0.71,6.01022155363,0.596050516326641,0.8500000000000001,2.25483581837,0.6198419820765398,0.705,2.02341445474,0.7529352194866958,1.0,5.0,0.5
33,5024,0.9289802189360471,10.995411343,0.8680075167713279,0.67,3.96136224669,0.6067465680551332,0.7625000000000001,4.53133804335,0.6422135283314798,0.6525000000000001,4.79290392998,0.37494474705439296,0.9032098765432091,2.13318817945,0.7046399596922523,0.7000000000000001,6.24501073636,0.5346132612995758,0.7425,3.35121646569,0.3597650425050352,0.495,3.53375048872,0.247161992966105,1.0,5.0,0.5
33,5041,0.7061647781832141,0.557929088377,0.04237659080574999,0.75,2.41054930931,0.883624483520016,0.47750000000000004,0.440640294416,0.02948924357893517,0.454999999999999,0.0267872346698,0.00039066016013384155,0.8246913580246911,3.65245521942,0.5068346584360943,0.41000000000000003,7.14647917997e-05,6.950546362707814e-07,0.6375000000000001,1.2551067964,0.022707866796937683,0.36250000000000004,0.317032242991,0.01487656586070519,0.0,0.0,0.0
33,5303,0.865603994622623,0.732660443615,0.5777800469923005,0.25,0.046800142467,0.0019090151431766528,0.5,0.537647406909,0.040499085336314,0.47250000000000003,0.0741108381603,0.001213967187662276,0.78716049382716,4.09887906665,0.35486234250746373,0.75,3.84940357688,0.7968890382885749,0.8600000000000001,2.49188173419,0.6435395401501873,0.6950000000000001,2.06800762251,0.732469400411592,1.0,5.0,0.5
33,5309,0.8444785865181481,0.777032115594,0.5618065525080758,0.6950000000000001,4.11843137571,0.7113004230554082,0.6950000000000001,3.88691281786,0.34193949918083855,0.6900000000000001,4.50530366025,0.5530204221401855,0.9041975308641971,2.14274256575,0.7067515008715652,0.6975,6.27251637927,0.5189636523578467,0.7675000000000001,2.80395695289,0.43662553274116106,0.585,2.06475913411,0.501493804275401,0.0,0.0,0.0
33,5385,0.9020933358939881,5.26671519824,0.6199451848242724,0.7625000000000001,2.21437023616,0.9125671652647136,0.6000000000000001,1.13181019781,0.1172488130318055,0.5875,2.75701339671,0.1192393592633148,0.9446913580246911,2.53879996145,0.8024808726587733,0.6075,2.43820065396,0.09608015116313351,0.8425,2.11438887091,0.6034821848145311,0.5075000000000001,3.52286137959,0.29146458764422845,0.0,0.0,0.0
33,5562,0.256769733051661,1.07983345714e-06,2.028868658708971e-08,0.6875,4.25557721483,0.679804127951624,0.8200000000000001,2.82973719636,0.8609214108658096,0.774999999999999,2.77312073658,0.8593822435451778,0.9111111111111111,2.21777181298,0.7218178209799927,0.8025,1.58625777395,0.9309782022073023,0.9575,2.0532070485,0.9263763304739642,0.7575000000000001,1.63567156424,0.8500074135973379,0.0,0.0,0.0
33,5627,0.8681774534280771,0.726264974741,0.5796573305757885,0.6675,3.86884451486,0.5969578243507458,0.66,2.71291381487,0.22574332854586593,0.5225000000000001,0.641219989434,0.015497097033899813,0.7688888888888881,3.52648958803,0.2845205785576599,0.59,1.74261549374,0.059692420044960684,0.59,0.0607599577626,0.000625661671487402,0.5675,2.21170593582,0.46432700008907496,1.0,5.0,0.5
33,5729,0.696216631457653,0.514221152952,0.03704273778766529,0.5,0.664154075472,0.086504062511346,0.545,0.719409672766,0.06882356393856659,0.5225000000000001,0.641219989434,0.015497097033899813,0.826172839506172,3.5993439729,0.5122065306721804,0.5,0.0694122382287,0.001122223480976457,0.6375000000000001,1.2551067964,0.022707866796937683,0.41000000000000003,1.02839865703,0.043163757867640117,0.0,0.0,0.0
33,7055,0.8713654695602071,0.718081054782,0.5819597048769927,0.8075000000000001,0.756323416707,0.9829110874002207,0.5675,0.82715910011,0.0861497840167969,0.47250000000000003,0.0741108381603,0.001213967187662276,0.7412345679012341,2.21053676489,0.20495477345722618,0.54,0.43203855985,0.009520908800772297,0.6375000000000001,1.2551067964,0.022707866796937683,0.464999999999999,2.88594448099,0.14891906409704955,0.0,0.0,0.0
33,7341,0.8636835029767621,0.737305477757,0.5763685005765267,0.5,0.664154075472,0.086504062511346,0.754999999999999,4.61048027258,0.6079057486020358,0.6125,3.73972424288,0.20055396298611503,0.8864197530864191,2.04934637458,0.6697680344044641,0.7000000000000001,6.24501073636,0.5346132612995758,0.7675000000000001,2.80395695289,0.43662553274116106,0.6025,2.04934495622,0.5373633044989293,0.0,0.0,0.0
33,7342,0.8137507201843671,0.809684689542,0.5373224645461736,0.59,5.09048743802,0.24380639754735978,0.56,0.786608728097,0.08010219257286116,0.545,1.22281995368,0.03607037814261076,0.9061728395061721,2.16286061015,0.7110037389103101,0.5875,1.65367619641,0.05544756521435806,0.847499999999999,2.20367626888,0.6142696752003076,0.52,3.33325862949,0.33448109119329095,1.0,5.0,0.5
33,7343,0.8559631265603991,0.754809119166,0.570607419178441,0.6325000000000001,4.12471080634,0.4703213989889668,0.715,4.36675356886,0.4248091209261652,0.6875,4.55672368228,0.5416923256128134,0.9619753086419751,2.50652360631,0.8463546536963849,0.7075,6.08680742987,0.5809268728865975,0.9125000000000001,3.24219900232,0.8026844827847744,0.665,2.13840717265,0.6691357683850083,0.0,0.0,0.0
33,7588,0.8559631265603991,0.754809119166,0.570607419178441,0.6025,5.84326084318,0.3131633235153466,0.6175,1.4432664579,0.13959172678395085,0.6725,4.78798005573,0.47141538219916523,0.958024691358024,2.53080057152,0.8364009833792143,0.6950000000000001,6.2869815657,0.5032615495956775,0.8150000000000001,2.00088131368,0.5483987313770438,0.845,0.751521214843,0.9542680076570711,1.0,5.0,0.5
33,7599,0.8646437487996921,0.73499684761,0.5770753888939358,0.75,2.41054930931,0.883624483520016,0.5675,0.82715910011,0.0861497840167969,0.5625,1.80464292043,0.06242334370847574,0.9456790123456791,2.54190212176,0.8049899067065538,0.6000000000000001,2.12369164193,0.07898933182923983,0.9500000000000001,2.3183542078,0.9099781430728051,0.5325,3.02175202085,0.37428335209182706,1.0,5.0,0.5
33,7903,0.8857307470712501,0.685795847429,0.5920056373662717,0.75,2.41054930931,0.883624483520016,0.645,2.19850442112,0.18896085308769245,0.6425000000000001,4.64492012478,0.3276745604731134,0.6716049382716051,0.70734333685,0.1222228063234184,0.68,6.10293483603,0.40976924837229617,0.64,1.38666218222,0.026008874549663764,0.5375,2.88267262973,0.3890453319653854,1.0,5.0,0.5
33,8207,0.8859612060687531,0.686236989092,0.5921637333504588,0.6625,3.68083121366,0.5780871018993076,0.6575000000000001,2.6246088088,0.21907154871608875,0.7375,3.47511232001,0.7415706361961973,0.7046913580246911,1.01276680928,0.14931636008079155,0.6975,6.27251637927,0.5189636523578467,0.7775000000000001,2.59780395017,0.4636280886847598,0.54,2.8130349303,0.3961648560232479,0.0,0.0,0.0
33,8290,0.783022853850585,15.1294249437,0.40874859339861225,0.8925000000000001,0.0338761732335,0.9986612220927269,0.8325,2.35941728662,0.8933363387527868,0.7825000000000001,2.58899237679,0.8795034291060686,0.8898765432098761,2.0515621975,0.6768533497931284,0.77,2.75154140814,0.8624755961799835,0.8300000000000001,1.98102130715,0.5780275256867585,0.75,1.70435438999,0.8374801604356377,0.0,0.0,0.0
33,8961,0.73309007105819,0.666753430139,0.05890425165915789,0.535,0.823838957655,0.111395242245062,0.6025,1.16854340426,0.12012375278664794,0.6325000000000001,4.40692876429,0.28234729837963524,0.835555555555555,3.24137720607,0.544319567739503,0.6625,5.39481585142,0.30854107317108204,0.9075000000000001,3.27465194002,0.7863811923756023,0.5325,3.02175202085,0.37428335209182706,0.0,0.0,0.0
33,9191,0.8905319761859031,0.762279711581,0.5954057576219995,0.5825,4.27269447846,0.20858977344942986,0.63,1.74804269966,0.15946522100157887,0.605,3.45167541815,0.17357884873876128,0.28098765432098705,0.00549932155323,0.00017762822708543467,0.685,6.21438704148,0.44058235679250624,0.6825,3.58409727977,0.13532323911458957,0.5925,2.04709239373,0.5169002660628272,0.0,0.0,0.0
33,9518,0.8706740925676971,0.719879750555,0.581462617612216,0.75,2.41054930931,0.883624483520016,0.725,4.52526018659,0.4693185615889206,0.625,4.18056591363,0.2501220399074968,0.919012345679012,2.31236184245,0.7397125287990557,0.7000000000000001,6.24501073636,0.5346132612995758,0.8500000000000001,2.25483581837,0.6198419820765398,0.675,2.12547378783,0.6904638050115552,1.0,5.0,0.5
33,10630,0.6800845016324181,0.442182745273,0.02932799533405315,0.58,3.9733367605,0.1982809648505589,0.7225,4.49122966753,0.45804715197592627,0.6675,4.8259308872,0.4473711260810984,0.7698765432098761,3.56777903319,0.28802399526422473,0.7275,5.20863768694,0.6948073465423603,0.867499999999999,2.68737305191,0.6629588182518318,0.7075,2.0106453624,0.7579779276392488,1.0,5.0,0.5
33,10672,0.8137507201843671,0.809684689542,0.5373224645461736,-0.25,6.39331521074e-12,8.925776294367006e-14,0.6425000000000001,2.11791720801,0.18356572482152866,0.535,0.938238071474,0.025297900773047072,0.72395061728395,1.50965725405,0.17311846117332003,0.6075,2.43820065396,0.09608015116313351,0.9275,2.99441757913,0.8497238540758363,0.5,3.55232899599,0.2648898950469936,0.0,0.0,0.0
33,11039,0.7560975609756091,3.49447461309,0.085341699843913,0.715,3.32667922813,0.7861953810188923,0.8425,2.0021555539,0.9151250874043539,0.7625000000000001,3.03568124333,0.8230243733966492,0.0,5.79386160207e-08,1.0535973724144612e-09,0.735,4.76983776667,0.7322477932670591,0.8125,2.02144929729,0.5433717256347257,0.72,1.93740052008,0.7826692865811531,1.0,5.0,0.5
33,11140,0.865565584789706,0.732754428053,0.5777519038219681,0.5275000000000001,0.744586210289,0.10554720883025158,0.6325000000000001,1.81715006565,0.16392116996852224,0.5775,2.36471550886,0.0936392469662797,0.245432098765432,0.00190085468622,5.6089790557312306e-05,0.6975,6.27251637927,0.5189636523578467,0.7825000000000001,2.49778396031,0.47636606266279,0.55,2.54923594694,0.4229486810313267,1.0,5.0,0.5
33,11230,0.7756865757633951,16.6315101852,0.28722362619139497,0.6825,4.25696309991,0.6584910860429934,0.6950000000000001,3.88691281786,0.34193949918083855,0.6725,4.78798005573,0.47141538219916523,0.8301234567901231,3.45201358578,0.5261375153804058,0.74,4.46376544317,0.7553343428877032,0.8975000000000001,3.25849448438,0.7536256076228731,0.6125,2.06790030665,0.5579410623193451,1.0,5.0,0.5
33,11275,0.45938160169003206,0.00471740147843,0.0001385323656741077,0.8250000000000001,0.312517498418,0.9918257608725537,0.8775000000000001,0.988317184179,0.9662697977250169,0.7875000000000001,2.45457170896,0.8921161308110228,0.8740740740740741,2.1261389698,0.6441383230594045,0.8225,1.13838908119,0.9580322657160201,0.8775000000000001,2.93806991798,0.6911103995057183,0.8200000000000001,0.99517388944,0.9324882670583396,1.0,5.0,0.5
33,12534,0.8021893604762821,0.995014836045,0.5275664204841358,0.6900000000000001,4.2268070985,0.6904108851781541,0.6525000000000001,2.45038611721,0.20638565555364388,0.6475000000000001,4.73107752882,0.3511243844077919,0.895308641975308,2.072437602,0.6880453853465596,0.665,5.52002264847,0.32218589648701546,0.735,3.51529509841,0.3340108084166741,0.5625,2.28818805537,0.45308416890411796,0.0,0.0,0.0
33,14112,0.777222969080084,16.9810329518,0.31308416625262514,0.715,3.32667922813,0.7861953810188923,0.77,4.41098739079,0.675772677758456,0.75,3.2595228007,0.7836534927969623,0.869135802469135,2.19814112164,0.6334712209004392,0.754999999999999,3.5525422112,0.8153893295921611,0.8174999999999991,1.98482438795,0.5533798921999338,0.705,2.02341445474,0.7529352194866958,0.0,0.0,0.0
33,15812,0.7657384290378331,10.2465880609,0.15048572590897785,0.5475,1.13769112427,0.1233429199907194,0.5675,0.82715910011,0.0861497840167969,0.5750000000000001,2.26853700437,0.08784787538606531,0.8222222222222221,3.73762264074,0.4977101770375005,0.62,3.02368254114,0.130133975882279,0.7125,3.87923594201,0.25028186033942135,0.5,3.55232899599,0.2648898950469936,1.0,5.0,0.5
33,15877,0.9789130017284421,0.360079751244,0.9740003730126723,0.375,0.324724397658,0.02188972764066443,0.43999999999999906,0.285420718334,0.015937659288896084,0.47000000000000003,0.0646393531126,0.0010407579581809166,0.741728395061728,2.23345577601,0.20605205056146852,0.545,0.516932161785,0.011889016896183834,0.764999999999999,2.85667568755,0.4295498441670399,0.4325,1.7260881387,0.07376144123138144,1.0,5.0,0.5
33,15878,0.769541002496639,13.0445745223,0.19477158158773422,0.6925,4.18055524266,0.7009235806236311,0.7025,4.08999187874,0.37186877250665873,0.6975,4.33813398264,0.586193229219214,0.8696296296296291,2.18983094496,0.6345546606183297,0.75,3.84940357688,0.7968890382885749,0.8,2.18022302335,0.5171977107324914,0.65,2.13897977001,0.6370280695197367,0.0,0.0,0.0
33,16373,0.880929517956596,0.692286850855,0.5887047270320522,0.6675,3.86884451486,0.5969578243507458,0.65,2.36494276738,0.20036676593760622,0.6925,4.45142011279,0.5642167909957582,0.6641975308641971,0.688985003228,0.1170570347712123,0.6925,6.28831791737,0.4875396884167972,0.7000000000000001,3.9009633017,0.20147195975588128,0.5975,2.04534824446,0.5271285852115168,1.0,5.0,0.5
33,17703,0.9251008258114071,9.88899344166,0.8267160822730402,0.0,1.20017856046e-05,2.534714238335338e-07,0.76,4.56233342179,0.6308454796517348,0.635,4.47392591521,0.2934493311365496,0.9827160493827161,2.2151698619,0.8957776838324227,0.605,2.33045536539,0.09011995295375105,0.595,0.092903856573,0.0010049539972335198,0.42750000000000005,1.55417784461,0.06556381283786751,1.0,5.0,0.5
33,17743,0.8367966199347031,0.789056917364,0.555789689173857,0.5,0.664154075472,0.086504062511346,0.6825,3.49863348499,0.29572288744042796,0.6725,4.78798005573,0.47141538219916523,0.8755555555555551,2.10931048333,0.6472754241883678,0.665,5.52002264847,0.32218589648701546,0.784999999999999,2.44877796408,0.482549104371805,0.6625,2.14003706245,0.6637875815582064,0.0,0.0,0.0
33,17938,0.9558671019781061,0.44216236887,0.96477987039374,0.5,0.664154075472,0.086504062511346,0.262499999999999,0.00569806836118,0.00016953189224271764,0.3125,2.90633071101e-08,2.1589759764451184e-10,0.908148148148148,2.18414254774,0.7152969017211268,0.4375,0.000886171818098,9.846282692118326e-06,0.7125,3.87923594201,0.25028186033942135,0.4575,2.63112836743,0.1282175345446485,1.0,5.0,0.5
33,17979,0.87866333781448,0.698399545196,0.5871290131778564,0.7125,3.4322471437,0.7777473861177766,0.6825,3.49863348499,0.29572288744042796,0.6525000000000001,4.79290392998,0.37494474705439296,0.752592592592592,2.75934033822,0.23314484836293226,0.7325,4.91971299363,0.7201352619668488,0.6775,3.40955543067,0.11782363942650763,0.49,3.48530857484,0.22960222663945445,1.0,5.0,0.5
33,18166,0.8275398502016511,0.800205342953,0.5484310440402876,0.6125,5.67894288829,0.3713398220710811,0.6625,2.80168671727,0.23263650781671544,0.5875,2.75701339671,0.1192393592633148,0.997037037037037,1.88176939304,0.9252128210976284,0.64,4.1164750311,0.2012577575181165,0.8825000000000001,3.04734647091,0.7060801175869759,0.5625,2.28818805537,0.45308416890411796,0.0,0.0,0.0
33,18246,0.9107355483003641,11.0347151106,0.6966269794479596,0.774999999999999,1.93332777042,0.9386231889446104,0.78,4.18944382057,0.7188306611955239,0.784999999999999,2.52291977447,0.8858938010577186,0.9624691358024691,2.50276207995,0.8475915210112679,0.7525000000000001,3.69960040799,0.8063247783070248,0.8725,2.81637863576,0.6767201380877552,0.77,1.51441481359,0.8697032993546414,1.0,5.0,0.5
33,18248,0.9520261186863831,0.471553605867,0.9630350784229047,0.9175000000000001,0.0190230120506,0.9993077494419069,0.7725000000000001,4.36194663751,0.6867397550477335,0.7475,3.30223477811,0.7754512557351988,0.8562962962962961,2.49870286574,0.6034888186413114,0.8625,0.450970604518,0.9890617579231183,0.9075000000000001,3.27465194002,0.7863811923756023,0.8174999999999991,1.02078917141,0.929968348326768,0.0,0.0,0.0
33,18270,0.779181870558863,16.9439749256,0.34640565821648955,0.645,3.4699100082,0.5170787589874037,0.764999999999999,4.49575204299,0.6534983438523552,0.6775,4.72849395596,0.49521499723640655,0.9501234567901231,2.54882292857,0.8163069768136461,0.7425,4.30928087559,0.7663007091867706,0.7925000000000001,2.30763124656,0.5003792072636837,0.6275000000000001,2.1037537385,0.5892288719851706,1.0,5.0,0.5
33,18297,0.7647397733819851,9.51429221617,0.1406186494000644,0.75,2.41054930931,0.883624483520016,0.7525000000000001,4.62763576864,0.59635714531612,0.745,3.34488976583,0.7671423662353332,0.853333333333333,2.58945060745,0.5959525806475283,0.745,4.15490476214,0.7768808390248017,0.8525,2.30976047915,0.6255469933567284,0.7275,1.88626304826,0.7970112657619677,0.0,0.0,0.0
33,18311,0.814518916842711,0.809303356499,0.5379443132890496,0.75,2.41054930931,0.883624483520016,0.42000000000000004,0.214357079921,0.010957785630639767,0.382499999999999,8.45021245834e-05,8.328084780694733e-07,0.838024691358024,3.1447987986,0.5522036845504099,0.58,1.40132367411,0.044004765923613215,0.8300000000000001,1.98102130715,0.5780275256867585,0.41750000000000004,1.23695841573,0.0516416171029888,1.0,5.0,0.5
33,18312,0.9389667754945261,3.61227542993,0.9466871942199291,1.0,0.00184542104169,0.9999472579170945,0.5275000000000001,0.649829412421,0.056846896247314836,0.48250000000000004,0.124477803602,0.0021888930388496604,0.7891358024691351,4.13134916952,0.36299203386244716,0.6525000000000001,4.84633744443,0.25728369920554406,0.9025000000000001,3.28005923116,0.769983089094279,0.48250000000000004,3.36110930104,0.20389169441318233,1.0,5.0,0.5
33,18319,0.9348185135394661,7.36579372809,0.9242457104659255,0.47750000000000004,0.627454578887,0.07195181157607056,0.53,0.659668112976,0.058483772540992685,0.485,0.140715238003,0.0025200466580992857,0.8538271604938271,2.57383453939,0.597227458038678,0.48250000000000004,0.0247250091741,0.0003555636868345398,0.7525000000000001,3.12788915895,0.39215945029379046,0.615,2.07373369033,0.5631180509873221,0.0,0.0,0.0
33,18392,0.812944113693105,0.810135508635,0.5366691907413086,0.5775,3.67086178538,0.18872567545672383,0.595,1.06531948847,0.11175974691719788,0.5775,2.36471550886,0.0936392469662797,0.655308641975308,0.67660862899,0.11099358438728957,0.5975,2.02449083413,0.07380466894994638,0.725,3.7117625799,0.297844649254408,0.52,3.33325862949,0.33448109119329095,1.0,5.0,0.5
33,18476,0.8598041098521221,0.746341431146,0.5734905228784913,0.75,2.41054930931,0.883624483520016,0.73,4.58163923732,0.4920923889467104,0.7075,4.10179576558,0.6283964241896977,0.8730864197530861,2.13857299877,0.6420323728315243,0.784999999999999,2.12149611229,0.8988026480067148,0.8925000000000001,3.21100003067,0.7374414162351695,0.6875,2.09453648008,0.7168561285729094,1.0,5.0,0.5
33,18739,0.869829076243518,0.722060374493,0.5808533847483442,0.6875,4.25557721483,0.679804127951624,0.754999999999999,4.61048027258,0.6079057486020358,0.6925,4.45142011279,0.5642167909957582,0.7308641975308641,1.76342474726,0.1844103266129898,0.745,4.15490476214,0.7768808390248017,0.847499999999999,2.20367626888,0.6142696752003076,0.5875,2.05651859961,0.5066448656659415,0.0,0.0,0.0
33,18763,0.928596120606875,11.0074601401,0.8637808553161228,-0.25,6.39331521074e-12,8.925776294367006e-14,0.29250000000000004,0.0137449266549,0.0004457180125765679,0.29250000000000004,1.91572792119e-09,1.3283317633154875e-11,0.955555555555555,2.54075139075,0.830138987101144,0.5825,1.48305293153,0.04760974110331068,0.9575,2.0532070485,0.9263763304739642,0.5,3.55232899599,0.2648898950469936,1.0,5.0,0.5
33,19718,0.640868062223929,0.277535714897,0.01530083353374227,0.875,0.0494817373691,0.997940155671268,0.77,4.41098739079,0.675772677758456,0.6925,4.45142011279,0.5642167909957582,0.8444444444444441,2.89874927645,0.5715966492214406,0.9225000000000001,0.027785622006,0.9996060074347519,0.905,3.28075368202,0.7781855194489793,0.635,2.11940926154,0.6050676267806183,0.0,0.0,0.0
33,19745,0.6714038793931241,0.403755948076,0.025656792000168443,-0.25,6.39331521074e-12,8.925776294367006e-14,0.857499999999999,1.51784440467,0.9414383887132542,0.857499999999999,0.470677779309,0.9898571878718931,0.6167901234567901,0.651148540087,0.08541306749209275,0.8925000000000001,0.142811313241,0.9974109301636043,0.857499999999999,2.42885243594,0.637389001545746,0.625,2.09795398254,0.5839766913084141,1.0,5.0,0.5
33,20639,0.864298060303437,0.735831174749,0.5768211646263132,0.5825,4.27269447846,0.20858977344942986,0.41500000000000004,0.198347391047,0.009926333650317467,0.4425,0.0118662822403,0.00016020265404089127,0.972345679012345,2.3939822324,0.871825082672313,0.5275000000000001,0.263455054308,0.005236772856533829,0.81,2.0462094424,0.5382879908442694,0.3375,0.190998953523,0.008686974241313311,1.0,5.0,0.5
33,25302,0.7191088918763201,0.61248321839,0.04995516422515222,0.5,0.664154075472,0.086504062511346,0.5625,0.799423112709,0.08208460165082698,0.48750000000000004,0.15862873311,0.002893865936381765,0.925925925925925,2.39291518563,0.7559815320403213,0.5125000000000001,0.132859692343,0.0023511787048864515,0.725,3.7117625799,0.297844649254408,0.39,0.612548225535,0.027093814350908765,0.0,0.0,0.0
33,27972,0.850240061455732,0.766486919628,0.5662536293450686,0.6675,3.86884451486,0.5969578243507458,0.7775000000000001,4.25104470458,0.7082792221061578,0.7025,4.22049254364,0.607590890342573,0.779753086419753,3.92154994354,0.3251046661477248,0.7525000000000001,3.69960040799,0.8063247783070248,0.827499999999999,1.9709577859,0.573088716497657,0.6675,2.13614220512,0.674479088160579,0.0,0.0,0.0
33,28024,0.658382946034184,0.347764576435,0.020766764542105604,0.9175000000000001,0.0190230120506,0.9993077494419069,0.8500000000000001,1.75132217898,0.929190386784428,0.899999999999999,0.062430016974,0.9990289961303034,0.8562962962962961,2.49870286574,0.6034888186413114,1.0,3.69588474017e-05,0.999999672766785,1.0,0.711576670839,0.9832000979605773,1.0,0.0413938308436,0.9985416885659273,1.0,5.0,0.5
33,28466,0.7730362972921061,15.3992447799,0.2446266993809908,0.61,5.78235862146,0.3570053502510639,0.68,3.41508343835,0.2870804083500269,0.68,4.69153598879,0.5069909697555878,0.9456790123456791,2.54190212176,0.8049899067065538,0.665,5.52002264847,0.32218589648701546,0.9575,2.0532070485,0.9263763304739642,0.5875,2.05651859961,0.5066448656659415,1.0,5.0,0.5
33,28484,0.8394468984059921,0.785181569112,0.5578758393170329,0.605,5.86700826174,0.32781055332686965,0.5675,0.82715910011,0.0861497840167969,0.625,4.18056591363,0.2501220399074968,0.9358024691358021,2.48791575898,0.7801108119127451,0.6375000000000001,3.97172711884,0.19114780745998616,0.8600000000000001,2.49188173419,0.6435395401501873,0.61,2.06239250828,0.5527782785578486,1.0,5.0,0.5
33,28512,0.814518916842711,0.809303356499,0.5379443132890496,0.827499999999999,0.273069391525,0.9925566163221639,0.725,4.52526018659,0.4693185615889206,0.6775,4.72849395596,0.49521499723640655,0.9906172839506171,2.04139170684,0.9126124714106979,0.764999999999999,3.00087991514,0.8481025339953463,0.7525000000000001,3.12788915895,0.39215945029379046,0.635,2.11940926154,0.6050676267806183,0.0,0.0,0.0
33,28570,0.957787593623967,0.434098195464,0.9656210543681576,0.7225,3.03749931101,0.8100304881487312,0.47500000000000003,0.42981378302,0.028401180490645668,0.5,0.277156276327,0.005563993497438354,0.7214814814814811,1.42867481907,0.16949195666924316,0.4625,0.00635397155639,8.090878271555196e-05,0.6375000000000001,1.2551067964,0.022707866796937683,0.4325,1.7260881387,0.07376144123138144,0.0,0.0,0.0
33,28894,0.9097753024774341,10.9715421068,0.6860452101620713,0.5,0.664154075472,0.086504062511346,0.67,3.06829016851,0.2546498417949886,0.62,4.01202812437,0.2296354632939181,0.7851851851851851,4.05998403335,0.3468031626627245,0.6475000000000001,4.55567861079,0.23377637387320369,0.705,3.913665884,0.2210214202440307,0.459999999999999,2.71822482895,0.1349046084575939,1.0,5.0,0.5
33,29183,0.8598041098521221,0.746341431146,0.5734905228784913,0.5825,4.27269447846,0.20858977344942986,0.6475000000000001,2.28091194291,0.19455976427658545,0.635,4.47392591521,0.2934493311365496,0.84,3.06797192631,0.5583396505762233,0.6900000000000001,6.27655173487,0.4718308819727006,0.8225,1.96737175433,0.5632519544985419,0.5825,2.07570333334,0.4963188168376236,1.0,5.0,0.5
33,29184,0.8626848473209141,0.739676563485,0.5756309997876143,0.5375,0.864357679692,0.11350368240830776,0.5725,0.858346238604,0.09036193989687466,0.5700000000000001,2.07925072818,0.07698023423404793,0.8222222222222221,3.73762264074,0.4977101770375005,0.62,3.02368254114,0.130133975882279,0.774999999999999,2.64863513039,0.45707014313582217,0.449999999999999,2.36138816899,0.10948935857800941,1.0,5.0,0.5
33,29229,0.846360668331092,0.773726178369,0.5632659010194183,0.4375,0.528938368898,0.04868715872278918,0.34750000000000003,0.054739775847,0.0021174770652294954,0.34750000000000003,2.1137101562e-06,1.792319645928277e-08,0.8493827160493821,2.72083828991,0.5854667619050841,0.36750000000000005,7.06012334178e-07,5.743722756138663e-09,0.7725000000000001,2.69994582001,0.4503845141692809,0.3075,0.105017700641,0.0043602187378562205,0.0,0.0,0.0
33,29338,0.9519877088534661,0.472066057413,0.9630169563096673,-0.25,6.39331521074e-12,8.925776294367006e-14,0.6900000000000001,3.73825496084,0.3228724939923254,0.6525000000000001,4.79290392998,0.37494474705439296,0.602962962962962,0.635016585579,0.07651351500550699,0.7000000000000001,6.24501073636,0.5346132612995758,0.615,0.394259838351,0.005312430907872623,0.62,2.0858757746,0.5735169374865144,1.0,5.0,0.5
33,29381,0.7350105627040521,0.673895717738,0.0601915876386045,0.5325,0.791255966556,0.109377878605498,0.67,3.06829016851,0.2546498417949886,0.595,3.05565489087,0.14103594281248155,0.5051851851851851,0.36513496101,0.025947142442107333,0.625,3.28029796048,0.14588865416283964,0.66,2.5468757568,0.06521750553335427,0.55,2.54923594694,0.4229486810313267,1.0,5.0,0.5
33,29764,0.8482811599769541,0.770212863391,0.5647484844058308,0.6000000000000001,5.7745152089,0.2986317875682628,0.7225,4.49122966753,0.45804715197592627,0.68,4.69153598879,0.5069909697555878,0.829629629629629,3.47079963884,0.5244281751725205,0.7425,4.30928087559,0.7663007091867706,0.774999999999999,2.64863513039,0.45707014313582217,0.5875,2.05651859961,0.5066448656659415,1.0,5.0,0.5
33,30094,0.91937776070674,7.7786534532,0.7778633297187281,0.625,4.7561095588,0.4370678618891114,0.5625,0.799423112709,0.08208460165082698,0.62,4.01202812437,0.2296354632939181,0.8212345679012341,3.77035292164,0.4940024673533829,0.675,5.94626682773,0.37962844423421044,0.63,0.899651903798,0.014666975527796673,0.5825,2.07570333334,0.4963188168376236,0.0,0.0,0.0
33,31557,0.7937776070674091,3.93557997574,0.5109126155647372,1.0,0.00184542104169,0.9999472579170945,0.7925000000000001,3.82692046472,0.7690214653743073,0.5575,1.62906957987,0.053841808328854074,0.8627160493827161,2.32851427048,0.6189632763601689,0.725,5.34583437033,0.6816130855838629,0.9275,2.99441757913,0.8497238540758363,0.5825,2.07570333334,0.4963188168376236,1.0,5.0,0.5
33,32060,0.8214326867678121,0.805419003289,0.5435272445168569,0.75,2.41054930931,0.883624483520016,0.55,0.740430825171,0.0724727605592124,0.65,4.76511380761,0.36299591059109565,0.9476543209876541,2.54642543132,0.8100157890532044,0.65,4.70169314457,0.24534829519190157,1.0,0.711576670839,0.9832000979605773,0.5625,2.28818805537,0.45308416890411796,1.0,5.0,0.5
33,38608,0.9289802189360471,10.995411343,0.8680075167713279,0.75,2.41054930931,0.883624483520016,0.67,3.06829016851,0.2546498417949886,0.74,3.43108208164,0.7502032094880007,0.802469135802469,4.17594987372,0.41871357003830934,0.7275,5.20863768694,0.6948073465423603,0.7875000000000001,2.40062275504,0.48861066043269197,0.764999999999999,1.56381084227,0.8620072863688799,0.0,0.0,0.0
33,38649,0.8565776838870751,0.753487363208,0.5710708871610053,0.8225,0.357574480223,0.9909893527324762,0.78,4.18944382057,0.7188306611955239,0.7525000000000001,3.21648181905,0.7917485955802749,0.811851851851851,4.03170762839,0.4573231948887141,0.7925000000000001,1.86939119047,0.913744604245169,0.7575000000000001,3.01789304941,0.4075231357542686,0.867499999999999,0.559437135683,0.9689599592759268,0.0,0.0,0.0
33,39144,0.9097753024774341,10.9715421068,0.6860452101620713,0.6675,3.86884451486,0.5969578243507458,0.63,1.74804269966,0.15946522100157887,0.5575,1.62906957987,0.053841808328854074,0.6666666666666661,0.694083603982,0.11876434233113116,0.6425000000000001,4.26242455444,0.2117311858820047,0.655,2.25431827919,0.053210612585561,0.5,3.55232899599,0.2648898950469936,0.0,0.0,0.0
33,39247,0.8508162089494911,0.765364174865,0.5666949160107918,0.5175000000000001,0.696773013817,0.09837638804978974,0.5525,0.75136223164,0.07433743319085151,0.65,4.76511380761,0.36299591059109565,0.9037037037037031,2.13792047975,0.7056945506579804,0.5750000000000001,1.24500908845,0.03739291097794153,0.847499999999999,2.20367626888,0.6142696752003076,0.595,2.04538568214,0.5220154903457713,0.0,0.0,0.0
33,39495,0.8521605531015941,0.762697669545,0.5677220438103968,0.66,3.59474217673,0.568994573454402,0.6900000000000001,3.73825496084,0.3228724939923254,0.7225,3.7639836613,0.6873382733083835,0.87358024691358,2.13223391571,0.6430868829951416,0.764999999999999,3.00087991514,0.8481025339953463,0.75,3.1835019971,0.38427028040042116,0.5525,2.48969758538,0.4292466729044001,1.0,5.0,0.5
33,39581,0.8943729594776261,1.15713176635,0.5989157304718371,-0.25,6.39331521074e-12,8.925776294367006e-14,0.6675,2.97962825792,0.24708985699672292,0.6175,3.92352354564,0.2197154950008434,0.8029629629629621,4.17178759211,0.4207747563090077,0.735,4.76983776667,0.7322477932670591,0.9575,2.0532070485,0.9263763304739642,0.47000000000000003,3.04234609952,0.16374520242809126,1.0,5.0,0.5
33,40799,0.8536969464182831,0.759571204802,0.5688914563702665,0.75,2.41054930931,0.883624483520016,0.6225,1.55684031988,0.14708731324094637,0.68,4.69153598879,0.5069909697555878,0.96395061728395,2.49050835797,0.8512904192158905,0.735,4.76983776667,0.7322477932670591,0.9550000000000001,2.14238764365,0.9211317332537704,0.5725,2.15154653931,0.4752284787932677,1.0,5.0,0.5
33,40956,0.988937968119838,0.326440385244,0.977440680059442,-0.25,6.39331521074e-12,8.925776294367006e-14,0.72,4.4534129383,0.4468655684680671,0.625,4.18056591363,0.2501220399074968,0.6474074074074071,0.670443686348,0.10567384484933447,0.7825000000000001,2.21436877739,0.8933837847952717,0.595,0.092903856573,0.0010049539972335198,0.6575000000000001,2.1414241833,0.6530828981467375,1.0,5.0,0.5
33,41042,0.9097753024774341,10.9715421068,0.6860452101620713,-0.25,6.39331521074e-12,8.925776294367006e-14,0.444999999999999,0.304764181676,0.017412886811468152,0.34750000000000003,2.1137101562e-06,1.792319645928277e-08,0.8207407407407401,3.78640398422,0.49213659259998555,0.5425,0.473189660166,0.010651907814569126,0.8325,1.99669243282,0.5829984977362388,0.515,3.42797751689,0.31756865665253586,1.0,5.0,0.5
33,41069,0.6005377376608411,0.147893075184,0.006887280756866768,0.7725000000000001,2.0001935499,0.9337050757623776,0.845,1.91673760415,0.9200233431160014,0.8525,0.565522126212,0.9872715617598532,0.810864197530864,4.05301255217,0.453330630844175,0.827499999999999,1.04062950103,0.9634782386521153,0.81,2.0462094424,0.5382879908442694,0.8025,1.17714806893,0.9134883591428921,0.0,0.0,0.0
33,41615,0.820741309775302,0.805897769295,0.5429702295305363,0.9675,0.00501014159035,0.9998433925589456,0.847499999999999,1.83309804876,0.9247102577968205,0.7425,3.38775392256,0.7587266322838179,0.544691358024691,0.497395625157,0.04302242509214059,0.919999999999999,0.0324711436839,0.9995308161788844,0.8775000000000001,2.93806991798,0.6911103995057183,0.81,1.09851432234,0.9220216952947524,1.0,5.0,0.5
33,41703,0.7849433454964471,13.403731947,0.4362228729765632,0.6975,4.04246378221,0.7215041927290352,0.7875000000000001,3.98202461606,0.749493990642037,0.735,3.52006066146,0.7328268820476637,0.7925925925925921,4.1722952141,0.3773498921314383,0.6925,6.28831791737,0.4875396884167972,0.77,2.75171884251,0.44357002931547085,0.685,2.10205096839,0.7116102557334635,1.0,5.0,0.5
33,41708,0.784904935663529,13.4426278521,0.43570729037629985,0.6775,4.18389651006,0.6373592382822277,0.735,4.62191483547,0.5151081137841029,0.645,4.69094807979,0.3393456017484306,0.6498765432098761,0.672069384904,0.1073312256574911,0.6725,5.85263030689,0.36487782678409036,0.665,2.82547318376,0.07865604956997643,0.51,3.49813089321,0.3002423270644383,1.0,5.0,0.5
33,41851,0.9193393508738231,7.78059455098,0.7775645165525433,-0.25,6.39331521074e-12,8.925776294367006e-14,0.635,1.88881034865,0.16855309930487244,0.6000000000000001,3.25460093614,0.15681202245366388,0.8898765432098761,2.0515621975,0.6768533497931284,0.6425000000000001,4.26242455444,0.2117311858820047,0.65,1.9571761316,0.042681973515555326,0.3275,0.157113648193,0.006951746198921554,1.0,5.0,0.5
33,43759,0.934741693873631,7.44002419073,0.9236770203678072,0.75,2.41054930931,0.883624483520016,0.75,4.64020564433,0.5847713914398049,0.8174999999999991,1.51901354843,0.9520646294286972,0.7056790123456791,1.03107649098,0.1503256071238224,0.8625,0.450970604518,0.9890617579231183,0.6975,3.88260123873,0.1917407667445034,0.7675000000000001,1.5392474839,0.8658861676334307,1.0,5.0,0.5
33,44059,0.9020933358939881,5.26671519824,0.6199451848242724,-0.25,6.39331521074e-12,8.925776294367006e-14,0.605,1.20773474868,0.12309357875450831,0.5125000000000001,0.45304397892,0.010062318025557909,0.9565432098765431,2.5372496795,0.8326466942786515,0.6575000000000001,5.12831442868,0.2822253184318629,0.8225,1.96737175433,0.5632519544985419,0.5325,3.02175202085,0.37428335209182706,0.0,0.0,0.0
33,44938,0.7176877280583821,0.606667267646,0.049088852124240315,0.8125,0.59898947514,0.9862898740303296,0.6425000000000001,2.11791720801,0.18356572482152866,0.6075,3.54895515075,0.18232985384688555,0.834567901234567,3.28000732734,0.5410991264042784,0.75,3.84940357688,0.7968890382885749,0.9275,2.99441757913,0.8497238540758363,0.464999999999999,2.88594448099,0.14891906409704955,1.0,5.0,0.5
33,50703,0.735394661033224,0.675346316755,0.06045070801399564,0.675,4.12233275096,0.6269733226146662,0.7000000000000001,4.0251448708,0.36172423577898966,0.7125,3.98483671511,0.648611780436856,0.8562962962962961,2.49870286574,0.6034888186413114,0.7325,4.91971299363,0.7201352619668488,0.74,3.40670619656,0.3513175312968094,0.645,2.13449441523,0.6263434697445778,0.0,0.0,0.0
33,50830,0.8275398502016511,0.800205342953,0.5484310440402876,0.6375000000000001,3.78208174074,0.49005054966459727,0.66,2.71291381487,0.22574332854586593,0.5650000000000001,1.89478975167,0.06704732601314972,0.8967901234567901,2.08137849487,0.6911221289118805,0.655,4.98882250173,0.2695781842964875,0.81,2.0462094424,0.5382879908442694,0.5725,2.15154653931,0.4752284787932677,0.0,0.0,0.0
33,50921,0.8290762435183401,0.798620075757,0.5496592702234565,0.8325,0.209312595827,0.9937546704025746,0.68,3.41508343835,0.2870804083500269,0.5925,2.95596922917,0.13352141386865649,0.9397530864197531,2.51535899086,0.7899961825185576,0.64,4.1164750311,0.2012577575181165,0.7025,3.91118109023,0.21123879535980974,0.5975,2.04534824446,0.5271285852115168,0.0,0.0,0.0
33,51734,0.9270213174572691,10.740343061,0.8465931865448089,0.56,1.85408586619,0.14152476507782724,0.7225,4.49122966753,0.45804715197592627,0.6000000000000001,3.25460093614,0.15681202245366388,0.8503703703703701,2.68697101806,0.5881372322855798,0.6825,6.16460284819,0.425106091559483,0.7275,3.666353828,0.30706792713089326,0.56,2.33263513074,0.4473089961783051,0.0,0.0,0.0
33,52992,0.748454004225081,1.02977371599,0.07029437206537223,0.6725,4.04710770932,0.6167589781357615,0.705,4.15182199521,0.3821716808457498,0.75,3.2595228007,0.7836534927969623,0.928395061728395,2.41951839178,0.7619231221985048,0.71,6.01022155363,0.596050516326641,0.8225,1.96737175433,0.5632519544985419,0.6725,2.12968087054,0.6851447252812206,0.0,0.0,0.0
33,54491,0.8689456500864221,0.72431890544,0.5802144984932055,0.705,3.7555420884,0.7507901969989561,0.7975000000000001,3.66053652735,0.7877443853942264,0.77,2.88431420581,0.8452349427581702,0.952098765432098,2.54804883559,0.8213413242533749,0.7775000000000001,2.41441464892,0.8818199149020156,0.9025000000000001,3.28005923116,0.769983089094279,0.9450000000000001,0.146695929062,0.993863444450806,0.0,0.0,0.0
33,54885,0.945265988092951,0.904617573306,0.9589464030182572,0.625,4.7561095588,0.4370678618891114,0.55,0.740430825171,0.0724727605592124,0.585,2.65804017091,0.11247063648125473,0.9525925925925921,2.54747337744,0.8225994842264391,0.68,6.10293483603,0.40976924837229617,0.8500000000000001,2.25483581837,0.6198419820765398,0.5625,2.28818805537,0.45308416890411796,1.0,5.0,0.5
33,56634,0.429652391012099,0.00177865163376,4.831777195292637e-05,0.764999999999999,2.16786578112,0.9180457815215901,0.845,1.91673760415,0.9200233431160014,0.8525,0.565522126212,0.9872715617598532,0.8646913580246911,2.28401864308,0.6235182326967915,0.8300000000000001,0.993075700533,0.966020199818864,0.9400000000000001,2.65013937838,0.8851063635000456,0.7575000000000001,1.63567156424,0.8500074135973379,0.0,0.0,0.0
33,56758,0.73808334933743,0.686357558444,0.06228082739228135,0.8125,0.59898947514,0.9862898740303296,0.8225,2.73455248458,0.8678767240594285,0.7725000000000001,2.82983178136,0.8523780789706195,0.7827160493827161,4.0026176494,0.33684737086488925,0.77,2.75154140814,0.8624755961799835,0.68,3.50146774192,0.1264643266338988,0.745,1.74811457529,0.8288482699626711,0.0,0.0,0.0
33,56917,0.869444977914346,0.723045027259,0.5805758533301532,0.7325,2.73850168901,0.8388246431598214,0.77,4.41098739079,0.675772677758456,0.72,3.81715296527,0.6778621601621748,0.829629629629629,3.47079963884,0.5244281751725205,0.73,5.0662868789,0.7076519788822372,0.8300000000000001,1.98102130715,0.5780275256867585,0.6575000000000001,2.1414241833,0.6530828981467375,1.0,5.0,0.5
33,56975,0.9289802189360471,10.995411343,0.8680075167713279,0.6000000000000001,5.7745152089,0.2986317875682628,0.7325,4.60382894623,0.5035750711020721,0.68,4.69153598879,0.5069909697555878,0.776296296296296,3.81130925059,0.3117345886277674,0.6975,6.27251637927,0.5189636523578467,0.8,2.18022302335,0.5171977107324914,0.7175,1.95327495738,0.7778058175334366,1.0,5.0,0.5
33,67160,0.830036489341271,0.797574654371,0.5504256432283976,0.68,4.22934572337,0.6478793558252542,0.8500000000000001,1.75132217898,0.929190386784428,0.8150000000000001,1.59983356907,0.9481661843067203,0.88,2.07166528529,0.6565594472051342,0.774999999999999,2.52180734944,0.8756506734526315,0.8625,2.55641378108,0.6498496632268405,0.76,1.612043918,0.8540671294505089,0.0,0.0,0.0
33,67299,0.9328212022277701,9.17660733155,0.9076739546627098,0.5,0.664154075472,0.086504062511346,0.6825,3.49863348499,0.29572288744042796,0.6775,4.72849395596,0.49521499723640655,0.7091358024691351,1.10087726917,0.15400786181762605,0.6775,6.02994145342,0.3946008575724499,0.545,0.000428266028196,3.117292281917323e-06,0.6625,2.14003706245,0.6637875815582064,1.0,5.0,0.5
33,67423,0.9385442673324371,3.93835275513,0.945092733848522,0.59,5.09048743802,0.24380639754735978,0.6875,3.66041791305,0.31362369584288863,0.6375000000000001,4.53613011879,0.3047129333482557,0.652839506172839,0.674347363587,0.10932581509747517,0.705,6.15179318308,0.5656261484333183,0.6825,3.58409727977,0.13532323911458957,0.6775,2.12061008005,0.6957715470099678,0.0,0.0,0.0
33,67905,0.786863837142308,11.2935613165,0.45998429625183845,0.6675,3.86884451486,0.5969578243507458,0.8,3.57375999667,0.7967877073142107,0.764999999999999,2.98707894773,0.8305531776224347,0.8,4.19067132482,0.4083823059672477,0.7975000000000001,1.72112677565,0.9227148616940821,0.845,2.15673031892,0.6088200877962844,0.75,1.70435438999,0.8374801604356377,1.0,5.0,0.5
33,68565,0.8021893604762821,0.995014836045,0.5275664204841358,0.5775,3.67086178538,0.18872567545672383,0.7575000000000001,4.5887160176,0.6194057056697919,0.6950000000000001,4.39554282372,0.57527586146438,0.8958024691358021,2.07527583928,0.6890695061657512,0.7175,5.7172748211,0.6400845327897077,0.857499999999999,2.42885243594,0.637389001545746,0.665,2.13840717265,0.6691357683850083,1.0,5.0,0.5
33,68688,0.8899942385250621,0.741563438205,0.5950016508162473,0.79,1.42128794076,0.9639926513946635,0.8025,3.48495465352,0.805611494574648,0.685,4.60520969807,0.5302392489082051,0.883456790123456,2.05515948265,0.663689117605605,0.78,2.31196476395,0.8877268669958625,0.8075000000000001,2.07482205153,0.533137467666125,0.62,2.0858757746,0.5735169374865144,0.0,0.0,0.0
33,69217,0.777222969080084,16.9810329518,0.31308416625262514,0.7675000000000001,2.11706504687,0.9234029108417362,0.74,4.64547327294,0.5382836733522437,0.7000000000000001,4.27964148312,0.5969656289046662,0.9125925925925921,2.23515681747,0.7251162490003913,0.7675000000000001,2.87381281896,0.855444917246194,0.72,3.79220837219,0.27907839297733794,0.6425000000000001,2.13144961867,0.6210109321190719,0.0,0.0,0.0
33,69292,0.751603610524294,1.62218527319,0.07434497733042056,0.75,2.41054930931,0.883624483520016,0.8150000000000001,3.02021100481,0.8462963264950747,0.74,3.43108208164,0.7502032094880007,0.75358024691358,2.80813316238,0.23589421922958342,0.76,3.26861637185,0.832436077848506,0.74,3.40670619656,0.3513175312968094,0.7875000000000001,1.33489465274,0.8946468992570757,0.0,0.0,0.0
33,70225,0.9116573842903781,10.9128661361,0.7067561145851786,-0.25,6.39331521074e-12,8.925776294367006e-14,0.64,2.03933201397,0.1783695982361275,0.58,2.46176928537,0.09967218240319205,0.795555555555555,4.19102079722,0.3897437422674687,0.5925,1.83402540365,0.06416270116399,0.804999999999999,2.10693411485,0.5279109642143414,0.5375,2.88267262973,0.3890453319653854,1.0,5.0,0.5
33,70358,0.9552525446514301,0.445181134136,0.9645072245831237,0.5325,0.791255966556,0.109377878605498,0.48,0.451483355593,0.030604395753411683,0.47500000000000003,0.0847282354363,0.0014122669659571664,0.8291358024691351,3.48949440386,0.5227095801466091,0.5425,0.473189660166,0.010651907814569126,0.75,3.1835019971,0.38427028040042116,0.545,2.67699721281,0.40988742909255604,1.0,5.0,0.5
33,70659,0.90497407336278,7.99238100184,0.6390207440376534,0.5275000000000001,0.744586210289,0.10554720883025158,0.685,3.58047976655,0.3045721556703126,0.6025,3.35347864134,0.16507224043073207,0.7832098765432091,4.01485036377,0.33882700799398946,0.6950000000000001,6.2869815657,0.5032615495956775,0.5650000000000001,0.00496139991045,4.1220001734638015e-05,0.55,2.54923594694,0.4229486810313267,1.0,5.0,0.5
33,70707,0.853082389091607,0.760831810518,0.5684242682833496,0.7225,3.03749931101,0.8100304881487312,0.7525000000000001,4.62763576864,0.59635714531612,0.6675,4.8259308872,0.4473711260810984,0.8493827160493821,2.72083828991,0.5854667619050841,0.67,5.74981489423,0.35037294320159185,0.8825000000000001,3.04734647091,0.7060801175869759,0.6425000000000001,2.13144961867,0.6210109321190719,1.0,5.0,0.5
33,70749,0.8905703860188201,0.763963120535,0.5954350688952333,0.65,3.41188266608,0.5342342410540174,0.39,0.129717860135,0.005865501068731349,0.36,8.45039442397e-06,7.543520648471927e-08,0.8661728395061721,2.25318511536,0.6268788536956362,0.39,9.08300876952e-06,8.09242878096748e-08,0.6575000000000001,2.40176968168,0.05903108743356094,0.365,0.334848887483,0.015691145085170277,0.0,0.0,0.0
33,70793,0.8893028615325521,0.721636457225,0.5944962273553365,0.392499999999999,0.383421975233,0.028084153100586796,0.59,1.00739752121,0.10658133267780512,0.545,1.22281995368,0.03607037814261076,0.808395061728395,4.10027530597,0.44326304286718066,0.66,5.26394373807,0.2952165382923721,0.6125,0.336376594552,0.004400580094188316,0.5275000000000001,3.15559922613,0.35883652045302694,0.0,0.0,0.0
33,70852,0.90013443441521,3.65797813354,0.6112599063460626,0.5925,5.31568632518,0.2568204872949308,0.705,4.15182199521,0.3821716808457498,0.6900000000000001,4.50530366025,0.5530204221401855,0.799012345679012,4.19367866682,0.40424174951520164,0.6975,6.27251637927,0.5189636523578467,0.6975,3.88260123873,0.1917407667445034,0.595,2.04538568214,0.5220154903457713,0.0,0.0,0.0
33,72086,0.8713654695602071,0.718081054782,0.5819597048769927,0.40750000000000003,0.433896135761,0.03421490444373079,0.545,0.719409672766,0.06882356393856659,0.5650000000000001,1.89478975167,0.06704732601314972,0.515061728395061,0.399013879591,0.02972067547356107,0.585,1.56716506033,0.05142201596654171,0.847499999999999,2.20367626888,0.6142696752003076,0.41750000000000004,1.23695841573,0.0516416171029888,0.0,0.0,0.0
33,74604,0.8229690800845011,0.804273374303,0.5447638192444296,0.794999999999999,1.22452378816,0.9706087408316374,0.827499999999999,2.54544776788,0.8810757791443627,0.8300000000000001,1.13064618704,0.9685896453661629,0.789629629629629,4.13844475386,0.36503397523764136,0.9125000000000001,0.0507287316699,0.9992230744150457,0.804999999999999,2.10693411485,0.5279109642143414,0.9075000000000001,0.298731790346,0.9857662061386192,0.0,0.0,0.0
33,74635,0.8252736700595351,0.802344700774,0.5466151654086809,0.382499999999999,0.349717915711,0.02441866582534015,0.675,3.24374256776,0.2704312376531045,0.5575,1.62906957987,0.053841808328854074,0.769382716049382,3.5472469682,0.28626718931385475,0.5375,0.393440326123,0.008489587339321758,0.605,0.201255795306,0.0024184188561752655,0.655,2.14120080183,0.6477294914567179,0.0,0.0,0.0
33,74688,0.8560015363933161,0.754726884874,0.57063640969145,0.75,2.41054930931,0.883624483520016,0.75,4.64020564433,0.5847713914398049,0.7000000000000001,4.27964148312,0.5969656289046662,0.580246913580246,0.59387861919,0.06252132982645725,0.774999999999999,2.52180734944,0.8756506734526315,0.5,5.81815170005e-07,3.745254479060364e-09,0.625,2.09795398254,0.5839766913084141,1.0,5.0,0.5
33,74696,0.8636450931438441,0.737397239649,0.5763401790338919,0.6675,3.86884451486,0.5969578243507458,0.7175,4.41189265911,0.4357831736331931,0.7125,3.98483671511,0.648611780436856,0.892839506172839,2.06050475345,0.6829437807509062,0.6975,6.27251637927,0.5189636523578467,0.7825000000000001,2.49778396031,0.47636606266279,0.6950000000000001,2.06800762251,0.732469400411592,1.0,5.0,0.5
33,76409,0.9366621855194931,5.58412253297,0.936175687137383,0.25,0.046800142467,0.0019090151431766528,0.5325,0.669495832791,0.0601452275563707,0.51,0.412769575874,0.008980602405858622,0.885432098765432,2.05046258616,0.6677435036596189,0.5775,1.32197337156,0.0406011405765668,0.7175,3.82621935817,0.26955440579482814,0.52,3.33325862949,0.33448109119329095,0.0,0.0,0.0
33,76496,0.660072978682542,0.354881333879,0.021360504565390664,0.889999999999999,0.0357832736642,0.9985741664246087,0.8975000000000001,0.595537299072,0.9818860832957517,0.9175000000000001,0.0212293298212,0.9997054978866204,0.8044444444444441,4.15691060356,0.42694460235932064,0.835,0.900299959646,0.9707523863523346,0.9325000000000001,2.86888878023,0.8643897487703917,0.804999999999999,1.15086952434,0.9163983707149492,0.0,0.0,0.0
33,78211,0.525676973305166,0.0303375514636,0.001082970548992316,0.8025,0.934090944352,0.9786924298706461,0.8600000000000001,1.44413576613,0.9451404255805217,0.81,1.76238983843,0.9397608127411562,0.8740740740740741,2.1261389698,0.6441383230594045,0.8300000000000001,0.993075700533,0.966020199818864,0.794999999999999,2.26326748634,0.5060924884257316,0.827499999999999,0.919463726404,0.9396670111758657,1.0,5.0,0.5
33,79262,0.786863837142308,11.2935613165,0.45998429625183845,0.66,3.59474217673,0.568994573454402,0.8150000000000001,3.02021100481,0.8462963264950747,0.7275,3.66213975503,0.7059010771901643,0.897283950617283,2.08463644256,0.6921507690184034,0.7575000000000001,3.40873428028,0.8240901997411909,0.8400000000000001,2.07698152882,0.5982440299065479,0.827499999999999,0.919463726404,0.9396670111758657,1.0,5.0,0.5
33,79313,0.9217591703476091,8.18613165747,0.7966732557424587,0.7000000000000001,3.95498034261,0.7315031405223085,0.56,0.786608728097,0.08010219257286116,0.515,0.495989662705,0.011248048681415565,0.7886419753086421,4.1238426807,0.36095369801834787,0.6175,2.90017701484,0.12272982525859566,0.764999999999999,2.85667568755,0.4295498441670399,0.41250000000000003,1.09483695641,0.045817143502555197,1.0,5.0,0.5
33,79388,0.9097753024774341,10.9715421068,0.6860452101620713,0.7925000000000001,1.3233742162,0.9674237960575693,0.75,4.64020564433,0.5847713914398049,0.7325,3.56611601087,0.7239694094959717,0.8069135802469131,4.12433412114,0.43717033109889797,0.77,2.75154140814,0.8624755961799835,0.725,3.7117625799,0.297844649254408,0.715,1.96854580357,0.7729034148090324,0.0,0.0,0.0
33,80513,0.8483195698098711,0.770141176869,0.5647780667766673,0.76,2.25732161527,0.9069768933773976,0.76,4.56233342179,0.6308454796517348,0.7075,4.10179576558,0.6283964241896977,0.8207407407407401,3.78640398422,0.49213659259998555,0.7825000000000001,2.21436877739,0.8933837847952717,0.8250000000000001,1.96644577297,0.5681681089024074,0.5975,2.04534824446,0.5271285852115168,1.0,5.0,0.5
33,80619,0.869406568081428,0.723143266107,0.5805480794045412,0.7625000000000001,2.21437023616,0.9125671652647136,0.8250000000000001,2.63971634325,0.8745944641346731,0.7775000000000001,2.71410121667,0.866241757953456,0.9777777777777771,2.30800141675,0.8846039023991905,0.77,2.75154140814,0.8624755961799835,0.8150000000000001,2.00088131368,0.5483987313770438,0.6975,2.05784117748,0.7376268486963538,1.0,5.0,0.5
33,80759,0.854042634914538,0.758856289897,0.569153907949319,0.5575,1.6700585704,0.1371240706510583,0.7825000000000001,4.12395040465,0.7292231968910168,0.6675,4.8259308872,0.4473711260810984,0.6167901234567901,0.651148540087,0.08541306749209275,0.6675,5.6386548371,0.3361357072471745,0.605,0.201255795306,0.0024184188561752655,0.845,0.751521214843,0.9542680076570711,0.0,0.0,0.0
33,80766,0.8905703860188201,0.763963120535,0.5954350688952333,0.6000000000000001,5.7745152089,0.2986317875682628,0.7225,4.49122966753,0.45804715197592627,0.645,4.69094807979,0.3393456017484306,0.8197530864197531,3.81784399623,0.4883813342739125,0.6975,6.27251637927,0.5189636523578467,0.6375000000000001,1.2551067964,0.022707866796937683,0.645,2.13449441523,0.6263434697445778,1.0,5.0,0.5
33,80873,0.9597080852698291,0.42695082606,0.9664477974625825,0.5,0.664154075472,0.086504062511346,0.7075,4.21051855841,0.3926252709662411,0.735,3.52006066146,0.7328268820476637,0.8182716049382711,3.86324857893,0.4826913674437403,0.7775000000000001,2.41441464892,0.8818199149020156,0.6325000000000001,1.01103822717,0.017053782967203203,0.705,2.02341445474,0.7529352194866958,0.0,0.0,0.0
33,84558,0.8444785865181481,0.777032115594,0.5618065525080758,0.6275000000000001,4.53791763858,0.44868496403980246,0.837499999999999,2.17791704868,0.904677516263654,0.7925000000000001,2.31146307054,0.9040346373500969,0.8256790123456791,3.61719875225,0.5104246623002471,0.7775000000000001,2.41441464892,0.8818199149020156,0.7775000000000001,2.59780395017,0.4636280886847598,0.75,1.70435438999,0.8374801604356377,0.0,0.0,0.0
33,104560,0.850240061455732,0.766486919628,0.5662536293450686,0.515,0.690052594776,0.09664312810132325,0.48,0.451483355593,0.030604395753411683,0.4,0.00042744238963,4.579181312897572e-06,0.9170370370370371,2.28851674199,0.7351684334767576,0.485,0.0289097937654,0.0004224875396670459,0.8500000000000001,2.25483581837,0.6198419820765398,0.40750000000000003,0.965156968677,0.04067248554574508,0.0,0.0,0.0
33,104598,0.8269637027078931,0.800771849124,0.5479698438058347,0.5,0.664154075472,0.086504062511346,0.645,2.19850442112,0.18896085308769245,0.5825,2.55958380893,0.10594872747016068,0.8543209876543211,2.55841052327,0.5984946710659726,0.685,6.21438704148,0.44058235679250624,0.67,3.08168438994,0.09343483814892298,0.515,3.42797751689,0.31756865665253586,0.0,0.0,0.0
33,104599,0.8580756673708471,0.750212386171,0.5721971552158263,-0.25,6.39331521074e-12,8.925776294367006e-14,0.595,1.06531948847,0.11175974691719788,0.5725,2.17334540754,0.08229573947710886,0.8804938271604931,2.06864066641,0.6575817356541346,0.61,2.54897366679,0.10231347956524843,0.6875,3.72093644926,0.15360167455263646,0.47000000000000003,3.04234609952,0.16374520242809126,1.0,5.0,0.5
33,104688,0.657384290378336,0.343583821935,0.020421556600679257,0.75,2.41054930931,0.883624483520016,0.73,4.58163923732,0.4920923889467104,0.7275,3.66213975503,0.7059010771901643,0.743209876543209,2.30291212793,0.20941219764636604,0.6625,5.39481585142,0.30854107317108204,0.8125,2.02144929729,0.5433717256347257,0.7225,1.92093283666,0.7874923257401263,1.0,5.0,0.5
33,104824,0.882081812944113,0.689416429189,0.5895007641477054,0.5,0.664154075472,0.086504062511346,0.6000000000000001,1.13181019781,0.1172488130318055,0.6325000000000001,4.40692876429,0.28234729837963524,0.8222222222222221,3.73762264074,0.4977101770375005,0.6175,2.90017701484,0.12272982525859566,0.875,2.87846649146,0.6838391449808097,0.5675,2.21170593582,0.46432700008907496,0.0,0.0,0.0
33,107778,0.833877472632994,0.792980246549,0.5534805002220504,0.78,1.78221926589,0.9479215794542187,0.7175,4.41189265911,0.4357831736331931,0.68,4.69153598879,0.5069909697555878,0.589135802469135,0.612133014817,0.06788337695211946,0.7375,4.61756378037,0.743982452619704,0.685,3.65727304734,0.14437693176228084,0.6000000000000001,2.04674261228,0.5322434243583782,1.0,5.0,0.5
33,107870,0.765815248703668,10.3029737212,0.1512750310698076,0.72,3.12831758027,0.8023244985631457,0.8225,2.73455248458,0.8678767240594285,0.8125,1.68105561736,0.9440651264580291,0.90716049382716,2.17336972044,0.713145064395826,0.8150000000000001,1.29339343237,0.948920311610721,0.909999999999999,3.26177482364,0.7945531314502707,0.735,1.8301123901,0.8109506942824617,0.0,0.0,0.0
33,107898,0.9443057422700211,1.09560753005,0.9579905968435092,0.605,5.86700826174,0.32781055332686965,0.794999999999999,3.74501183562,0.7784869425561777,0.7025,4.22049254364,0.607590890342573,0.7614814814814811,3.19264729266,0.2596115349623944,0.6975,6.27251637927,0.5189636523578467,0.6175,0.459266498155,0.00637781727256749,0.6075,2.05735452972,0.54762870870459,1.0,5.0,0.5
33,108143,0.8767428461686191,0.703674346215,0.5857826749499371,0.5625,2.05965816178,0.14641247141082508,0.6950000000000001,3.88691281786,0.34193949918083855,0.485,0.140715238003,0.0025200466580992857,0.8824691358024691,2.058777709,0.661657614589493,0.625,3.28029796048,0.14588865416283964,0.7225,3.75388409526,0.2885118532760742,0.73,1.86808553455,0.8017043162701025,0.0,0.0,0.0
33,108336,0.8269637027078931,0.800771849124,0.5479698438058347,0.41750000000000004,0.466826590183,0.0387192517862032,0.56,0.786608728097,0.08010219257286116,0.535,0.938238071474,0.025297900773047072,0.8469135802469131,2.80814931649,0.5786415920134985,0.595,1.92796136344,0.06886465176848457,0.5575,0.00207046252781,1.6296858333364258e-05,0.387499999999999,0.574357555331,0.02561076308074733,0.0,0.0,0.0
33,108341,0.8097560975609751,0.814000914546,0.5340817079477893,0.595,5.50769377148,0.2703571475618621,0.52,0.620076456655,0.05208446169106352,0.5825,2.55958380893,0.10594872747016068,0.9516049382716051,2.54847064138,0.8200829180766814,0.595,1.92796136344,0.06886465176848457,0.8075000000000001,2.07482205153,0.533137467666125,0.52,3.33325862949,0.33448109119329095,1.0,5.0,0.5
33,108351,0.839408488573074,0.785239824963,0.5578456795051591,0.665,3.77379947422,0.5874044616242095,0.685,3.58047976655,0.3045721556703126,0.65,4.76511380761,0.36299591059109565,0.598518518518518,0.628406994078,0.07370564478088709,0.615,2.77990681628,0.11563039377391629,0.6825,3.58409727977,0.13532323911458957,0.64,2.12790112295,0.6156866415067339,1.0,5.0,0.5
33,108388,0.8406376032264261,0.783345523841,0.5588096714790534,0.58,3.9733367605,0.1982809648505589,0.64,2.03933201397,0.1783695982361275,0.5475,1.29990288643,0.03922331535547948,0.819259259259259,3.83321953032,0.4864921731071203,0.5875,1.65367619641,0.05544756521435806,0.6900000000000001,3.77513053998,0.162973720420685,0.6000000000000001,2.04674261228,0.5322434243583782,1.0,5.0,0.5
33,108411,0.8743230266948331,0.710243640478,0.584071936806745,0.515,0.690052594776,0.09664312810132325,0.6575000000000001,2.6246088088,0.21907154871608875,0.6175,3.92352354564,0.2197154950008434,0.9303703703703701,2.43959807706,0.7667224416971352,0.67,5.74981489423,0.35037294320159185,0.875,2.87846649146,0.6838391449808097,0.7075,2.0106453624,0.7579779276392488,1.0,5.0,0.5
33,108416,0.8364893412713651,0.789487102408,0.5555471626229165,0.7125,3.4322471437,0.7777473861177766,0.8174999999999991,2.92503817203,0.8537279408541212,0.71,4.04294838637,0.6385772298027104,0.807407407407407,4.11668284546,0.4392051654001322,0.804999999999999,1.52315440976,0.9348644138658155,0.804999999999999,2.10693411485,0.5279109642143414,0.74,1.7900796965,0.8200020069753322,1.0,5.0,0.5
33,108417,0.860149798348377,0.745555586694,0.5737483888077415,0.52,0.705019927803,0.10012826247260591,0.6325000000000001,1.81715006565,0.16392116996852224,0.5825,2.55958380893,0.10594872747016068,0.973333333333333,2.37967524498,0.8741824940189845,0.5325,0.323697202378,0.006700818767972969,0.8,2.18022302335,0.5171977107324914,0.605,2.05294652677,0.5424909813834972,1.0,5.0,0.5
33,108652,0.945265988092951,0.904617573306,0.9589464030182572,0.5625,2.05965816178,0.14641247141082508,0.6425000000000001,2.11791720801,0.18356572482152866,0.5075000000000001,0.375112603069,0.00799628866296751,0.5560493827160491,0.531703989302,0.04886923356338848,0.5650000000000001,0.961441753378,0.026393416430132422,0.525,2.61359165298e-05,1.742580770122782e-07,0.43999999999999906,1.99489432634,0.08770876143799897,0.0,0.0,0.0
33,109008,0.8137507201843671,0.809684689542,0.5373224645461736,0.595,5.50769377148,0.2703571475618621,0.5325,0.669495832791,0.0601452275563707,0.5275000000000001,0.751850614154,0.018975172613719938,0.6819753086419751,0.753820057419,0.1297734704375377,0.63,3.54911300292,0.1629573345664079,0.6950000000000001,3.85571971448,0.18206605434802176,0.5,3.55232899599,0.2648898950469936,1.0,5.0,0.5
33,109067,0.7877856731323211,10.2056998141,0.46989566482747364,0.75,2.41054930931,0.883624483520016,0.794999999999999,3.74501183562,0.7784869425561777,0.7625000000000001,3.03568124333,0.8230243733966492,0.8479012345679011,2.77279527973,0.5813975690156212,0.7525000000000001,3.69960040799,0.8063247783070248,0.8,2.18022302335,0.5171977107324914,0.71,1.99723934214,0.7629879155028337,1.0,5.0,0.5
33,129429,0.7937776070674091,3.93557997574,0.5109126155647372,0.76,2.25732161527,0.9069768933773976,0.5875,0.981357338393,0.10409577381992183,0.5775,2.36471550886,0.0936392469662797,0.8172839506172841,3.89227162005,0.47886139601177885,0.68,6.10293483603,0.40976924837229617,0.7925000000000001,2.30763124656,0.5003792072636837,0.54,2.8130349303,0.3961648560232479,1.0,5.0,0.5
33,129459,0.896331860956404,1.66053614152,0.6016288727452048,0.605,5.86700826174,0.32781055332686965,0.6925,3.81380970964,0.3323130684010078,0.6725,4.78798005573,0.47141538219916523,0.838024691358024,3.1447987986,0.5522036845504099,0.6875,6.25182376381,0.45616773435842706,0.705,3.913665884,0.2210214202440307,0.6375000000000001,2.12387686506,0.610371823096927,1.0,5.0,0.5
33,129490,0.8252736700595351,0.802344700774,0.5466151654086809,0.7000000000000001,3.95498034261,0.7315031405223085,0.754999999999999,4.61048027258,0.6079057486020358,0.6575000000000001,4.8293633602,0.399011102494228,0.9654320987654321,2.47680436877,0.8549700887967697,0.6975,6.27251637927,0.5189636523578467,0.889999999999999,3.17812801407,0.7294537926180626,0.625,2.09795398254,0.5839766913084141,1.0,5.0,0.5
33,129672,0.839408488573074,0.785239824963,0.5578456795051591,-0.25,6.39331521074e-12,8.925776294367006e-14,0.38,0.107593875435,0.004681419764706741,0.485,0.140715238003,0.0025200466580992857,0.901234567901234,2.11522483475,0.700444259544429,0.405,4.34593172956e-05,4.132391209039155e-07,0.725,3.7117625799,0.297844649254408,0.43500000000000005,1.81451028538,0.07818689375140975,1.0,5.0,0.5
33,129907,0.9058959093527941,8.82078942141,0.6467753833350784,0.6075,5.84610900726,0.34246111892616593,0.63,1.74804269966,0.15946522100157887,0.65,4.76511380761,0.36299591059109565,0.725432098765432,1.56072270022,0.17539258883707698,0.65,4.70169314457,0.24534829519190157,0.65,1.9571761316,0.042681973515555326,0.54,2.8130349303,0.3961648560232479,0.0,0.0,0.0
33,129987,0.9306702515844051,10.556839017,0.8863076612955297,0.5,0.664154075472,0.086504062511346,0.6875,3.66041791305,0.31362369584288863,0.6575000000000001,4.8293633602,0.399011102494228,0.6869135802469131,0.788221113022,0.13357708815255506,0.6575000000000001,5.12831442868,0.2822253184318629,0.5625,0.00373041581431,3.0422710557878976e-05,0.6575000000000001,2.1414241833,0.6530828981467375,0.0,0.0,0.0
33,130043,0.8598041098521221,0.746341431146,0.5734905228784913,0.804999999999999,0.842992337736,0.9809129471947677,0.899999999999999,0.555626144584,0.9833246292291307,0.8300000000000001,1.13064618704,0.9685896453661629,0.942716049382716,2.53097158257,0.7974733397322908,0.764999999999999,3.00087991514,0.8481025339953463,0.865,2.62179972276,0.6563223211259093,0.6950000000000001,2.06800762251,0.732469400411592,0.0,0.0,0.0
33,130166,0.918225465719224,7.95528104285,0.7688214376375848,0.875,0.0494817373691,0.997940155671268,0.9325000000000001,0.197804091264,0.9948119233036149,0.7875000000000001,2.45457170896,0.8921161308110228,0.8681481481481481,2.21550297719,0.6312917249076841,0.9325000000000001,0.0143735591961,0.9998104578689149,0.8600000000000001,2.49188173419,0.6435395401501873,0.875,0.502405329377,0.9729395653154194,0.0,0.0,0.0
33,130586,0.892452467831764,0.891097543753,0.5969772776539393,-0.25,6.39331521074e-12,8.925776294367006e-14,0.28500000000000003,0.0111221069246,0.00035277014793432877,0.20750000000000002,2.03272626983e-15,1.0968241430149236e-17,0.741728395061728,2.23345577601,0.20605205056146852,0.35750000000000004,2.09489123782e-07,1.6406303217486198e-09,0.42750000000000005,5.11367495713e-12,2.882663464522127e-14,0.25,0.0275206680283,0.0009520931096907916,0.0,0.0,0.0
33,134922,0.857922028039178,0.750551722897,0.5720818670084639,0.4375,0.528938368898,0.04868715872278918,0.725,4.52526018659,0.4693185615889206,0.6925,4.45142011279,0.5642167909957582,0.679012345679012,0.73739350145,0.12756497583828202,0.6775,6.02994145342,0.3946008575724499,0.79,2.35350083735,0.49455307820395034,0.635,2.11940926154,0.6050676267806183,0.0,0.0,0.0
33,134923,0.879969272133666,0.6948371986,0.5880387444055708,0.6725,4.04710770932,0.6167589781357615,0.725,4.52526018659,0.4693185615889206,0.6825,4.65029748965,0.5186691093419502,0.77037037037037,3.58807926126,0.2897908835295681,0.7025,6.20466603114,0.550178003772994,0.735,3.51529509841,0.3340108084166741,0.68,2.11508652425,0.701066305516238,0.0,0.0,0.0
33,135551,0.823314768580756,0.804000103647,0.5450418002281885,0.7825000000000001,1.69842561375,0.9522734567558561,0.8250000000000001,2.63971634325,0.8745944641346731,0.7575000000000001,3.12832785653,0.8076120679619168,0.7629629629629631,3.26225757135,0.26439308708275877,0.7725000000000001,2.63418553923,0.8692067221767905,0.774999999999999,2.64863513039,0.45707014313582217,0.6425000000000001,2.13144961867,0.6210109321190719,1.0,5.0,0.5
33,135973,0.849241405799884,0.768404180389,0.5654872124497223,0.6675,3.86884451486,0.5969578243507458,0.7925000000000001,3.82692046472,0.7690214653743073,0.8,2.08312901543,0.9205233651383926,0.9017283950617281,2.11956400492,0.7014898820948821,0.7825000000000001,2.21436877739,0.8933837847952717,0.8975000000000001,3.25849448438,0.7536256076228731,0.745,1.74811457529,0.8288482699626711,1.0,5.0,0.5
33,136122,0.8521605531015941,0.762697669545,0.5677220438103968,0.5225000000000001,0.715300713115,0.10190317936981805,0.745,4.65173891747,0.5615340214115426,0.78,2.65272824469,0.8729507874295224,0.653827160493827,0.675206958793,0.10999225705149356,0.745,4.15490476214,0.7768808390248017,0.8325,1.99669243282,0.5829984977362388,0.61,2.06239250828,0.5527782785578486,1.0,5.0,0.5
33,136139,0.7495678893796811,1.18591141206,0.07152376027832454,0.8225,0.357574480223,0.9909893527324762,0.837499999999999,2.17791704868,0.904677516263654,0.8025,2.00418894811,0.9256327499258585,0.9422222222222221,2.52868509587,0.7962240364636537,0.784999999999999,2.12149611229,0.8988026480067148,0.845,2.15673031892,0.6088200877962844,0.76,1.612043918,0.8540671294505089,1.0,5.0,0.5
33,136288,0.852506241597849,0.762001512755,0.5679855794169534,0.7425,2.53043296816,0.8651072569373076,0.8125,3.11500064814,0.838627204905449,0.7375,3.47511232001,0.7415706361961973,0.93679012345679,2.49544022905,0.7825717632906805,0.7925000000000001,1.86939119047,0.913744604245169,0.827499999999999,1.9709577859,0.573088716497657,0.6225,2.0919688007,0.5787392568739356,1.0,5.0,0.5
33,136820,0.9385442673324371,3.93835275513,0.945092733848522,0.6025,5.84326084318,0.3131633235153466,0.655,2.53701914856,0.21261968820889196,0.6275000000000001,4.25989992644,0.2606733690564721,0.852345679012345,2.62124441352,0.5933794587443977,0.6175,2.90017701484,0.12272982525859566,0.655,2.25431827919,0.053210612585561,0.5650000000000001,2.2478753695,0.45875338357497275,1.0,5.0,0.5
33,136846,0.7226810063376221,0.626875084683,0.052168828628137695,0.7625000000000001,2.21437023616,0.9125671652647136,0.7925000000000001,3.82692046472,0.7690214653743073,0.8075000000000001,1.84354633983,0.935253325468358,0.6074074074074071,0.640921462728,0.07934919215103961,0.804999999999999,1.52315440976,0.9348644138658155,0.6525000000000001,2.10571798874,0.04776045374874541,0.875,0.502405329377,0.9729395653154194,0.0,0.0,0.0
33,137085,0.660418667178797,0.356343293525,0.021483435591274136,0.847499999999999,0.105136858284,0.9959843844584637,0.875,1.04693753293,0.9637261795093139,0.8400000000000001,0.853249786434,0.9784781136210254,0.8148148148148141,3.96009679613,0.46916567534015313,0.8775000000000001,0.268892962891,0.9943924168591635,0.9400000000000001,2.65013937838,0.8851063635000456,0.8500000000000001,0.706289323955,0.9579119697202139,0.0,0.0,0.0
33,137869,0.0,7.54695757563e-14,9.653287468739303e-16,0.8150000000000001,0.529242888535,0.9876988730394878,0.905,0.481595290871,0.985914506080764,0.875,0.226636996445,0.9957682833004973,0.9772839506172831,2.31653965445,0.8834620346363387,0.8700000000000001,0.353092721689,0.9920687958726665,0.972499999999999,1.52256787499,0.9531663712808556,0.8625,0.599478344284,0.9660633324738565,0.0,0.0,0.0
33,138039,0.8560015363933161,0.754726884874,0.57063640969145,0.655,3.46231902206,0.5513791641644838,0.63,1.74804269966,0.15946522100157887,0.6975,4.33813398264,0.586193229219214,0.716049382716049,1.2687845777,0.16217687996829017,0.6375000000000001,3.97172711884,0.19114780745998616,0.7325,3.56765095778,0.3251567861036286,0.6075,2.05735452972,0.54762870870459,0.0,0.0,0.0
33,140859,0.9577491837910501,0.434247082163,0.9656043778707092,0.4375,0.528938368898,0.04868715872278918,0.65,2.36494276738,0.20036676593760622,0.5975,3.15525979649,0.14879962144904518,0.6948148148148141,0.86577180463,0.14009113065888149,0.6000000000000001,2.12369164193,0.07898933182923983,0.59,0.0607599577626,0.000625661671487402,0.59,2.05071741596,0.5117784300321421,1.0,5.0,0.5
33,140984,0.8857307470712501,0.685795847429,0.5920056373662717,0.645,3.4699100082,0.5170787589874037,0.7625000000000001,4.53133804335,0.6422135283314798,0.754999999999999,3.17283937825,0.7997354005412562,0.9160493827160491,2.27657914742,0.732914066053975,0.7425,4.30928087559,0.7663007091867706,0.8925000000000001,3.21100003067,0.7374414162351695,0.6925,2.07751370942,0.7272873609043475,1.0,5.0,0.5
33,141053,1.0,0.290670603414,0.9808524886379758,0.625,4.7561095588,0.4370678618891114,0.645,2.19850442112,0.18896085308769245,0.65,4.76511380761,0.36299591059109565,0.611358024691358,0.645589196378,0.08189062530591824,0.7025,6.20466603114,0.550178003772994,0.7025,3.91118109023,0.21123879535980974,0.5,3.55232899599,0.2648898950469936,1.0,5.0,0.5
33,141356,0.811791818705588,0.810981314651,0.5357352197866035,0.7025,3.85848586741,0.7412715836934675,0.8250000000000001,2.63971634325,0.8745944641346731,0.794999999999999,2.23698870749,0.9097205782416931,0.8508641975308641,2.6702820253,0.5894600039546475,0.8400000000000001,0.810486018689,0.975028116938591,0.9475,2.40439989052,0.9040743653943899,0.8425,0.774633773965,0.9523603808931798,1.0,5.0,0.5
33,142811,0.8137507201843671,0.809684689542,0.5373224645461736,0.635,3.94203787216,0.4804005660756256,0.595,1.06531948847,0.11175974691719788,0.58,2.46176928537,0.09967218240319205,0.714567901234567,1.22950707393,0.16032652002416975,0.675,5.94626682773,0.37962844423421044,0.7825000000000001,2.49778396031,0.47636606266279,0.535,2.95248757731,0.3817513440841329,1.0,5.0,0.5
33,142951,0.8876896485500281,0.695653705001,0.5933561561691761,0.6475000000000001,3.4261877127,0.5256926030856361,0.804999999999999,3.39439743655,0.8142110206292525,0.764999999999999,2.98707894773,0.8305531776224347,0.929382716049382,2.42970413108,0.7643178231541419,0.7375,4.61756378037,0.743982452619704,0.784999999999999,2.44877796408,0.482549104371805,0.68,2.11508652425,0.701066305516238,0.0,0.0,0.0
33,143324,0.8636835029767621,0.737305477757,0.5763685005765267,0.5750000000000001,3.37091883564,0.17992452928454128,0.5725,0.858346238604,0.09036193989687466,0.66,4.83796452597,0.4110965977638552,0.6972839506172831,0.896776485811,0.1422663881701919,0.625,3.28029796048,0.14588865416283964,0.6775,3.40955543067,0.11782363942650763,0.59,2.05071741596,0.5117784300321421,1.0,5.0,0.5
33,145305,0.9097753024774341,10.9715421068,0.6860452101620713,0.605,5.86700826174,0.32781055332686965,0.7675000000000001,4.45561547882,0.6646884958818258,0.745,3.34488976583,0.7671423662353332,0.7970370370370371,4.19468330673,0.3959558436666012,0.6875,6.25182376381,0.45616773435842706,0.725,3.7117625799,0.297844649254408,0.6575000000000001,2.1414241833,0.6530828981467375,1.0,5.0,0.5
33,145335,0.693796811983867,0.503454350545,0.03581143504546321,0.5225000000000001,0.715300713115,0.10190317936981805,0.55,0.740430825171,0.0724727605592124,0.5425,1.14802357936,0.033107309952980585,0.79753086419753,4.19506138025,0.39802740287357097,0.5,0.0694122382287,0.001122223480976457,0.8,2.18022302335,0.5171977107324914,0.5875,2.05651859961,0.5066448656659415,0.0,0.0,0.0
33,145444,0.8017284424812751,1.03499982191,0.527098848628972,0.725,2.95302348333,0.8175172885579425,0.8525,1.67148257608,0.9334684825755909,0.754999999999999,3.17283937825,0.7997354005412562,0.861728395061728,2.35219033158,0.6166518948675112,0.6925,6.28831791737,0.4875396884167972,0.794999999999999,2.26326748634,0.5060924884257316,0.7975000000000001,1.22980230713,0.9074710135286552,1.0,5.0,0.5
33,146557,0.8974841559439211,2.10740563983,0.6037876412521008,-0.25,6.39331521074e-12,8.925776294367006e-14,0.73,4.58163923732,0.4920923889467104,0.72,3.81715296527,0.6778621601621748,0.9002469135802461,2.10687011938,0.6983593106363781,0.6825,6.16460284819,0.425106091559483,0.74,3.40670619656,0.3513175312968094,0.5700000000000001,2.17963012106,0.4698153260422955,0.0,0.0,0.0
33,146877,0.5736892644516991,0.0892112128146,0.003752349610220267,0.8075000000000001,0.756323416707,0.9829110874002207,0.865,1.30309570621,0.9520049359281998,0.715,3.92770782139,0.658502233651957,0.863209876543209,2.31703120731,0.6201103148366043,0.5625,0.896773750464,0.02407117613557409,0.865,2.62179972276,0.6563223211259093,0.8400000000000001,0.798061682889,0.9503945759761565,1.0,5.0,0.5
33,146928,0.837718455924716,0.787742374716,0.5565164670992124,0.7000000000000001,3.95498034261,0.7315031405223085,0.855,1.59364001365,0.9375494641669602,0.8600000000000001,0.427616936872,0.990979456176302,0.803456790123456,4.16722507028,0.42283378819586825,0.8174999999999991,1.24041244664,0.9520872647611671,0.885,3.09586811728,0.7137600790562553,0.8150000000000001,1.0465636467,0.9273841885258446,1.0,5.0,0.5
33,146993,0.37584021509506405,0.000243635841808,5.819834412280573e-06,0.8125,0.59898947514,0.9862898740303296,1.0,0.0140889687134,0.9996064570278741,1.0,1.76670961937e-05,0.999999840190979,0.8528395061728391,2.6052551342,0.5946699449346229,1.0,3.69588474017e-05,0.999999672766785,0.8,2.18022302335,0.5171977107324914,0.9500000000000001,0.132204956331,0.9945601953379719,1.0,5.0,0.5
33,147026,0.8626848473209141,0.739676563485,0.5756309997876143,0.5,0.664154075472,0.086504062511346,0.655,2.53701914856,0.21261968820889196,0.615,3.83264753084,0.21001982140826955,0.815802469135802,3.93380882358,0.4730639953972062,0.625,3.28029796048,0.14588865416283964,0.645,1.66499351377,0.033630548539427714,0.52,3.33325862949,0.33448109119329095,1.0,5.0,0.5
33,147101,0.861724601497983,0.74192730233,0.5749196455225989,0.625,4.7561095588,0.4370678618891114,0.865,1.30309570621,0.9520049359281998,0.7225,3.7639836613,0.6873382733083835,0.9007407407407401,2.11099241549,0.6994007535747664,0.6825,6.16460284819,0.425106091559483,0.8525,2.30976047915,0.6255469933567284,0.8600000000000001,0.620088475134,0.9645389547047583,0.0,0.0,0.0
33,147111,0.9010946802381411,4.40355415205,0.6151231515098732,0.595,5.50769377148,0.2703571475618621,0.735,4.62191483547,0.5151081137841029,0.774999999999999,2.77312073658,0.8593822435451778,0.852345679012345,2.62124441352,0.5933794587443977,0.6225,3.15040797292,0.13785092232861382,0.837499999999999,2.04477393746,0.5930929422207574,0.605,2.05294652677,0.5424909813834972,1.0,5.0,0.5
33,147193,0.752294987516804,1.82382543835,0.07553451801073129,0.75,2.41054930931,0.883624483520016,0.7825000000000001,4.12395040465,0.7292231968910168,0.7825000000000001,2.58899237679,0.8795034291060686,0.6439506172839501,0.668449161448,0.10335978417351335,0.7975000000000001,1.72112677565,0.9227148616940821,0.75,3.1835019971,0.38427028040042116,0.8500000000000001,0.706289323955,0.9579119697202139,1.0,5.0,0.5
33,819,0.8252736700595351,0.802344700774,0.5466151654086809,0.725,2.95302348333,0.8175172885579425,0.7025,4.08999187874,0.37186877250665873,0.7075,4.10179576558,0.6283964241896977,0.7214814814814811,1.42867481907,0.16949195666924316,0.7225,5.47694711795,0.6680832449789043,0.8300000000000001,1.98102130715,0.5780275256867585,0.7775000000000001,1.43851952528,0.8807780097464009,0.0,0.0,0.0
33,1942,0.8467447666602651,0.773034722927,0.5635629553388963,0.715,3.32667922813,0.7861953810188923,0.6725,3.1564106221,0.2624308565115665,0.5925,2.95596922917,0.13352141386865649,0.755061728395061,2.88123104507,0.24010858486094214,0.6075,2.43820065396,0.09608015116313351,0.784999999999999,2.44877796408,0.482549104371805,0.585,2.06475913411,0.501493804275401,0.0,0.0,0.0
33,1993,0.8857307470712501,0.685795847429,0.5920056373662717,0.6625,3.68083121366,0.5780871018993076,0.7375,4.63582086933,0.5266811620045945,0.7525000000000001,3.21648181905,0.7917485955802749,0.905679012345679,2.15771346309,0.709936933560779,0.835,0.900299959646,0.9707523863523346,0.905,3.28075368202,0.7781855194489793,0.63,2.10930056658,0.5944952489785125,0.0,0.0,0.0
