left,boolean,ranking,id,score,mealScore,roomScore,equipmentScore,serviceScore,kinnennScore,locationScore,bathScore,chargeScore,distanceScore
left,true_positive,0,130166,0.0479256633506,0.875,0.9325,0.7875,0.9325,1,0.86,0.875,0.918225465719,0.868148148148
left,true_positive,1,8290,0.00865953778152,0.8925,0.8325,0.7825,0.77,1,0.83,0.75,0.783022853851,0.88987654321
left,true_positive,2,18297,0.00112204484088,0.75,0.7525,0.745,0.745,1,0.8525,0.7275,0.764739773382,0.853333333333
left,true_positive,3,1993,0.000909779584787,0.6625,0.7375,0.7525,0.835,1,0.905,0.63,0.885730747071,0.905679012346
left,true_positive,4,41069,0.000694531515111,0.7725,0.845,0.8525,0.8275,1,0.81,0.8025,0.600537737661,0.810864197531
left,true_positive,5,1764,0.000185900056929,0.7725,0.7425,0.67,0.7075,1,0.8575,0.645,0.73074707125,0.880987654321
left,false_positive,6,141356,2.54315282149e-05,0.7025,0.825,0.795,0.84,0,0.9475,0.8425,0.811791818706,0.850864197531
left,false_positive,7,146928,1.6834021803e-05,0.7,0.855,0.86,0.8175,0,0.885,0.815,0.837718455925,0.803456790123
left,false_positive,8,109067,7.67922649267e-06,0.75,0.795,0.7625,0.7525,0,0.8,0.71,0.787785673132,0.847901234568
left,false_positive,9,135551,2.27124600765e-06,0.7825,0.825,0.7575,0.7725,0,0.775,0.6425,0.823314768581,0.762962962963
left,true_positive,10,11275,1.94071206281e-06,0.825,0.8775,0.7875,0.8225,0,0.8775,0.82,0.45938160169,0.874074074074
left,false_positive,11,80513,8.87567322791e-07,0.76,0.76,0.7075,0.7825,0,0.825,0.5975,0.84831956981,0.820740740741
left,true_positive,12,630,6.23396853706e-07,0.7725,0.74,0.6375,0.68,1,0.6875,0.5575,0.940503168811,0.762962962963
left,false_positive,13,136846,4.54239530423e-07,0.7625,0.7925,0.8075,0.805,1,0.6525,0.875,0.722681006338,0.607407407407
left,false_positive,14,41703,4.15537243807e-07,0.6975,0.7875,0.735,0.6925,0,0.77,0.685,0.784943345496,0.792592592593
left,false_positive,15,70707,1.19672531914e-07,0.7225,0.7525,0.6675,0.67,0,0.8825,0.6425,0.853082389092,0.849382716049
left,false_positive,16,5024,6.41491766593e-09,0.67,0.7625,0.6525,0.7,0,0.7425,0.495,0.928980218936,0.903209876543
left,false_positive,17,41615,1.19691606069e-09,0.9675,0.8475,0.7425,0.92,0,0.8775,0.81,0.820741309775,0.544691358025
left,false_positive,18,104688,2.19837429464e-10,0.75,0.73,0.7275,0.6625,0,0.8125,0.7225,0.657384290378,0.743209876543
left,false_positive,19,11039,2.39513534416e-56,0.715,0.8425,0.7625,0.735,0,0.8125,0.72,0.756097560976,0.0
left,false_negative,20,147101,0.0003482660382,0.625,0.865,0.7225,0.6825,1,0.8525,0.86,0.861724601498,0.900740740741
left,false_negative,21,52992,0.000175079067899,0.6725,0.705,0.75,0.71,1,0.8225,0.6725,0.748454004225,0.928395061728
left,false_negative,22,7343,0.000119079211919,0.6325,0.715,0.6875,0.7075,1,0.9125,0.665,0.85596312656,0.961975308642
left,false_negative,23,864,4.28807612597e-05,0.75,0.71,0.6375,0.69,1,0.92,0.5625,0.87136546956,0.89975308642
left,false_negative,24,5309,3.12858597422e-05,0.695,0.695,0.69,0.6975,1,0.7675,0.585,0.844478586518,0.904197530864
left,false_negative,25,12534,1.66433679209e-06,0.69,0.6525,0.6475,0.665,1,0.735,0.5625,0.802189360476,0.895308641975
left,false_negative,26,70852,6.16511897274e-07,0.5925,0.705,0.69,0.6975,1,0.6975,0.595,0.900134434415,0.799012345679
left,false_negative,27,18166,5.43203104819e-07,0.6125,0.6625,0.5875,0.64,1,0.8825,0.5625,0.827539850202,0.997037037037
left,false_negative,28,1667,1.53094368856e-07,0.75,0.6175,0.6625,0.68,1,0.8,0.49,0.660072978683,0.902222222222
left,false_negative,29,1872,7.10974570993e-08,0.6075,0.6475,0.6075,0.66,1,0.9475,0.52,0.683272517765,0.786666666667
left,false_negative,30,146993,4.44219065826e-08,0.8125,1.0,1.0,1.0,0,0.8,0.95,0.375840215095,0.852839506173
left,true_negative,31,2958,4.29700323554e-08,0.6825,0.5325,0.59,0.65,1,0.8775,0.7475,0.890570386019,0.97975308642
left,true_negative,32,80873,1.23993745621e-08,0.5,0.7075,0.735,0.7775,1,0.6325,0.705,0.95970808527,0.818271604938
left,true_negative,33,145305,5.899043628e-09,0.605,0.7675,0.745,0.6875,0,0.725,0.6575,0.909775302477,0.797037037037
left,true_negative,34,1630,4.50679625166e-09,0.8525,0.6825,0.6325,0.6525,1,0.64,0.6075,0.88861148454,0.633580246914
left,true_negative,35,104824,1.23011794222e-09,0.5,0.6,0.6325,0.6175,1,0.875,0.5675,0.882081812944,0.822222222222
left,true_negative,36,147111,4.94458431076e-10,0.595,0.735,0.775,0.6225,0,0.8375,0.605,0.901094680238,0.852345679012
left,true_negative,37,1500,7.18360094054e-11,0.6875,0.5825,0.5675,0.73,1,0.9375,0.3875,0.909775302477,0.885925925926
left,true_negative,38,223,4.55741013413e-11,0.5825,0.605,0.6375,0.6775,1,0.605,0.5575,0.87136546956,0.81037037037
left,true_negative,39,107898,3.62100536438e-11,0.605,0.795,0.7025,0.6975,0,0.6175,0.6075,0.94430574227,0.761481481481
left,true_negative,40,74696,2.36899367812e-11,0.6675,0.7175,0.7125,0.6975,0,0.7825,0.695,0.863645093144,0.892839506173
left,true_negative,41,1996,5.43074100322e-12,0.62,0.495,0.525,0.67,1,0.7325,0.6,0.856001536393,0.786666666667
left,true_negative,42,1501,2.99632495069e-13,0.55,0.6025,0.505,0.6425,1,0.945,0.4,0.852160553102,0.775308641975
left,true_negative,43,11230,8.91934185274e-16,0.6825,0.695,0.6725,0.74,0,0.8975,0.6125,0.775686575763,0.83012345679
left,true_negative,44,4977,3.95216470465e-18,0.64,0.685,0.725,0.71,0,0.85,0.705,0.794507393893,0.797037037037
left,true_negative,45,5729,6.84503139322e-19,0.5,0.545,0.5225,0.5,1,0.6375,0.41,0.696216631458,0.826172839506
left,false_negative,46,28466,6.70696327274e-20,0.61,0.68,0.68,0.665,0,0.9575,0.5875,0.773036297292,0.945679012346
left,true_negative,47,108336,9.23037532078e-22,0.4175,0.56,0.535,0.595,1,0.5575,0.3875,0.826963702708,0.846913580247
left,true_negative,48,67299,1.89149044588e-27,0.5,0.6825,0.6775,0.6775,0,0.545,0.6625,0.932821202228,0.709135802469
left,true_negative,49,5627,9.97944330926e-32,0.6675,0.66,0.5225,0.59,0,0.59,0.5675,0.868177453428,0.768888888889
left,true_negative,50,141053,1.59030985736e-33,0.625,0.645,0.65,0.7025,0,0.7025,0.5,1.0,0.611358024691
left,true_negative,51,108388,3.0751255291e-36,0.58,0.64,0.5475,0.5875,0,0.69,0.6,0.840637603226,0.819259259259
left,true_negative,52,108417,8.42824119248e-40,0.52,0.6325,0.5825,0.5325,0,0.8,0.605,0.860149798348,0.973333333333
left,true_negative,53,7599,6.90316651361e-69,0.75,0.5675,0.5625,0.6,0,0.95,0.5325,0.8646437488,0.945679012346
left,true_negative,54,109008,3.7990783988e-95,0.595,0.5325,0.5275,0.63,0,0.695,0.5,0.813750720184,0.681975308642
left,true_negative,55,2465,8.83714610383e-127,-0.25,0.6675,0.7775,0.7225,0,0.7225,0.555,0.937007874016,0.815308641975
left,true_negative,56,39581,1.67149290096e-127,-0.25,0.6675,0.6175,0.735,0,0.9575,0.47,0.894372959478,0.802962962963
left,true_negative,57,70358,1.24688019856e-138,0.5325,0.48,0.475,0.5425,0,0.75,0.545,0.955252544651,0.829135802469
left,true_negative,58,41851,2.3815105552e-144,-0.25,0.635,0.6,0.6425,0,0.65,0.3275,0.919339350874,0.88987654321
left,true_negative,59,104599,4.75141291938e-159,-0.25,0.595,0.5725,0.61,0,0.6875,0.47,0.858075667371,0.88049382716
left,true_negative,60,2605,0.0,-0.25,0.34,0.3025,0.34,0,0.59,0.355,0.876742846169,0.803456790123
