left,boolean,ranking,id,score,serviceScore,equipmentScore
left,3,0,41069,inf,0.8275,0.8525
left,3,1,15812,0.226443651532,0.62,0.575
left,0,2,29184,0.219381584353,0.62,0.57
left,3,3,858,0.201999633093,0.61,0.635
left,3,4,104599,0.201999632996,0.61,0.5725
left,0,5,17703,0.188828535307,0.605,0.635
left,0,6,922,0.188828535307,0.605,0.595
left,0,7,108341,0.164274927375,0.595,0.5825
left,0,8,72086,0.142110345364,0.585,0.565
left,0,9,76409,0.100687724343,0.5775,0.51
left,3,10,74635,0.0670509254123,0.5375,0.5575
left,0,11,7055,0.0542284975037,0.54,0.4725
left,3,12,145335,0.035388523554,0.5,0.5425
left,3,13,5729,0.035388523554,0.5,0.5225
left,2,14,67905,inf,0.7975,0.765
left,2,15,8290,inf,0.77,0.7825
left,1,16,1357,inf,0.8025,0.78
left,1,17,147193,inf,0.7975,0.7825
left,2,18,141356,inf,0.84,0.795
left,1,19,570,inf,0.7825,0.755
left,2,20,80873,0.733522445024,0.7775,0.735
left,2,21,14112,0.712102425433,0.755,0.75
left,2,22,109067,0.704165701386,0.7525,0.7625
left,2,23,136122,0.679636816045,0.745,0.78
left,2,24,108416,0.659997509798,0.805,0.71
left,2,25,80513,0.652259681799,0.7825,0.7075
left,1,26,11039,0.645376906122,0.735,0.7625
left,1,27,69217,0.62869685303,0.7675,0.7
left,1,28,19718,0.604669717211,0.9225,0.6925
left,2,29,1128,0.604669717211,0.7425,0.6925
left,2,30,18739,0.604669717211,0.745,0.6925
left,2,31,716,0.600410424788,0.7225,0.715
left,2,32,107778,0.563815053822,0.7375,0.68
left,2,33,40799,0.563815053822,0.735,0.68
left,2,34,28512,0.555551499405,0.765,0.6775
left,1,35,1764,0.530635561893,0.7075,0.67
left,2,36,56975,0.505717149364,0.6975,0.68
left,2,37,7588,0.496067875184,0.695,0.6725
left,2,38,1997,0.476752238254,0.69,0.6625
left,2,39,145305,0.467098735048,0.6875,0.745
left,1,40,4778,0.467098735048,0.6875,0.7125
left,2,41,147101,0.447832583871,0.6825,0.7225
left,2,42,134922,0.428663716023,0.6775,0.6925
left,2,43,1556,0.419131678333,0.675,0.6625
left,2,44,4801,0.382022618267,0.735,0.625
left,1,45,28466,0.381497914207,0.665,0.68
left,2,46,398,0.363061665552,0.66,0.635
left,2,47,129907,0.327176083985,0.65,0.65
left,2,48,70659,0.31239243736,0.695,0.6025
left,1,49,51734,0.30499035699,0.6825,0.6
left,2,50,41851,0.297049979964,0.6425,0.6
left,2,51,138039,0.284583329579,0.6375,0.6975
left,2,52,50921,0.281142546791,0.64,0.5925
left,2,53,18166,0.269167014432,0.64,0.5875
left,2,54,1927,0.242053004338,0.66,0.5775
left,2,55,31557,0.192369476308,0.725,0.5575
left,2,56,39144,0.192369476308,0.6425,0.5575
left,2,57,18312,0.0645275385269,0.6525,0.4825
left,2,58,5303,0.0542284977061,0.75,0.4725
left,1,59,2605,0.0006337337329,0.34,0.3025
left,1,60,130586,0.000441940819213,0.3575,0.2075
