left,boolean,ranking,id,score,equipmentScore,serviceScore
left,0,0,76496,0.61512857341,0.9175,0.835
left,0,1,56634,0.589458425485,0.8525,0.83
left,3,2,136846,0.44833121818,0.8075,0.805
left,0,3,5562,0.327915713485,0.775,0.8025
left,0,4,67160,0.268366189572,0.815,0.775
left,0,5,80619,0.240342119701,0.7775,0.77
left,0,6,1356,0.176599184197,0.775,0.7575
left,0,7,570,0.174489838792,0.755,0.7825
left,0,8,41615,0.0997888472238,0.7425,0.92
left,0,9,69292,0.0874424322308,0.74,0.76
left,2,10,146993,inf,1.0,1.0
left,1,11,142951,0.099483048559,0.765,0.7375
left,1,12,39495,0.0275117110967,0.7225,0.765
left,1,13,145444,0.0243687663994,0.755,0.6925
left,1,14,716,0.0145934976882,0.715,0.7225
left,1,15,819,0.00712748967516,0.7075,0.7225
left,1,16,107898,0.00321752207039,0.7025,0.6975
left,1,17,1386,0.00321752207039,0.7025,0.6975
left,1,18,147111,0.00191649249539,0.775,0.6225
left,1,19,68565,0.00179555696848,0.695,0.7175
left,1,20,610,0.000712608231391,0.6875,0.725
left,1,21,28512,0.000189678198081,0.6775,0.765
left,1,22,28466,0.000186127282617,0.68,0.665
left,1,23,7588,9.14238245973e-05,0.6725,0.695
left,1,24,1764,6.64584545084e-05,0.67,0.7075
left,1,25,1556,1.9949793088e-05,0.6625,0.675
left,1,26,17979,4.90814587942e-06,0.6525,0.7325
left,1,27,41708,1.44472897454e-06,0.645,0.6725
left,1,28,39247,1.09781098727e-06,0.65,0.575
left,1,29,4771,2.78680910428e-07,0.635,0.705
left,1,30,104824,1.72667881868e-07,0.6325,0.6175
left,1,31,4801,4.67233591915e-08,0.625,0.735
left,1,32,1186,1.13302258315e-08,0.6175,0.7225
left,1,33,147026,6.88999985677e-09,0.615,0.625
left,1,34,44938,1.5414123427e-09,0.6075,0.75
left,1,35,1872,1.54065471169e-09,0.6075,0.66
left,1,36,70659,5.42558322166e-10,0.6025,0.695
left,1,37,996,3.1810778485e-10,0.6,0.65
left,1,38,140859,1.45250305384e-10,0.5975,0.6
left,1,39,922,9.16038157915e-11,0.595,0.605
left,1,40,50921,6.11941254126e-11,0.5925,0.64
left,1,41,659,5.72900018364e-11,0.5925,0.6125
left,1,42,2335,6.08829690552e-12,0.5825,0.675
left,1,43,108341,4.26368312872e-12,0.5825,0.595
left,1,44,70225,2.19682293839e-12,0.58,0.5925
left,1,45,11140,1.83137554519e-12,0.5775,0.6975
left,1,46,72086,4.09635395672e-14,0.565,0.585
left,1,47,1119,2.69292947449e-16,0.545,0.6
left,1,48,658,3.16507804082e-17,0.54,0.5775
left,1,49,108336,1.30683108994e-17,0.535,0.595
left,1,50,5627,2.49401401079e-19,0.5225,0.59
left,1,51,1511,1.74202345449e-19,0.52,0.6125
left,1,52,79313,3.6360707557e-20,0.515,0.6175
left,1,53,1501,1.39003715816e-21,0.505,0.6425
left,1,54,70358,2.10072356872e-27,0.475,0.5425
left,1,55,129672,1.91815784051e-30,0.485,0.405
left,1,56,20639,2.15441918919e-33,0.4425,0.5275
left,1,57,104560,6.97237722397e-43,0.4,0.485
left,1,58,41042,9.64005333152e-53,0.3475,0.5425
left,1,59,17938,1.15824516862e-64,0.3125,0.4375
left,1,60,2605,1.95103843943e-71,0.3025,0.34
left,1,61,130586,6.77836871538e-98,0.2075,0.3575
