left,boolean,ranking,id,score,kinnennScore,mealScore,serviceScore,bathScore,equipmentScore,roomScore,locationScore
left,3,0,930,0.46229166447,1,0.7125,0.78,0.685,0.75,0.7925,0.885
left,0,1,56917,0.404999442297,1,0.7325,0.73,0.6575,0.72,0.77,0.83
left,0,2,11039,0.381116973714,1,0.715,0.735,0.72,0.7625,0.8425,0.8125
left,0,3,79262,0.366301754971,1,0.66,0.7575,0.8275,0.7275,0.815,0.84
left,0,4,129490,0.310163213163,1,0.7,0.6975,0.625,0.6575,0.755,0.89
left,3,5,462,0.300883249333,1,0.7075,0.83,0.64,0.7975,0.68,0.79
left,0,6,28466,0.24311013264,1,0.61,0.665,0.5875,0.68,0.68,0.9575
left,0,7,29764,0.222827810371,1,0.6,0.7425,0.5875,0.68,0.7225,0.775
left,0,8,7588,0.182948024204,1,0.6025,0.695,0.845,0.6725,0.6175,0.815
left,0,9,192,0.173732364513,1,0.6675,0.66,0.5325,0.63,0.6775,0.745
left,0,10,29183,0.172419806579,1,0.5825,0.69,0.5825,0.635,0.6475,0.8225
left,0,11,129429,0.151425521994,1,0.76,0.68,0.54,0.5775,0.5875,0.7925
left,0,12,108351,0.12850546582,1,0.665,0.615,0.64,0.65,0.685,0.6825
left,0,13,41708,0.108022093524,1,0.6775,0.6725,0.51,0.645,0.735,0.665
left,3,14,5024,0.0999091660394,1,0.67,0.7,0.495,0.6525,0.7625,0.7425
left,0,15,7903,0.0822067374916,1,0.75,0.68,0.5375,0.6425,0.645,0.64
left,0,16,1511,0.0679818639006,1,0.6075,0.6125,0.5925,0.52,0.54,0.87
left,0,17,109008,0.0648341509352,1,0.595,0.63,0.5,0.5275,0.5325,0.695
left,0,18,108341,0.0525172727807,1,0.595,0.595,0.52,0.5825,0.52,0.8075
left,3,19,18312,0.0361839698688,1,1.0,0.6525,0.4825,0.4825,0.5275,0.9025
left,3,20,79313,0.0192535355793,1,0.7,0.6175,0.4125,0.515,0.56,0.765
left,3,21,1357,0.0,0,0.76,0.8025,0.72,0.78,0.8075,0.835
left,3,22,84558,0.0,0,0.6275,0.7775,0.75,0.7925,0.8375,0.7775
left,3,23,108652,0.0,0,0.5625,0.565,0.44,0.5075,0.6425,0.525
left,3,24,7343,0.0,0,0.6325,0.7075,0.665,0.6875,0.715,0.9125
left,3,25,147101,0.0,0,0.625,0.6825,0.86,0.7225,0.865,0.8525
left,3,26,610,0.0,0,0.8225,0.725,0.615,0.6875,0.7825,0.9175
left,3,27,767,0.0,0,0.7325,0.695,0.5975,0.6625,0.7,0.8725
left,3,28,858,0.0,0,0.5675,0.61,0.5525,0.635,0.65,0.6475
left,3,29,864,0.0,0,0.75,0.69,0.5625,0.6375,0.71,0.92
left,3,30,5041,0.0,0,0.75,0.41,0.3625,0.455,0.4775,0.6375
left,3,31,12534,0.0,0,0.69,0.665,0.5625,0.6475,0.6525,0.735
left,3,32,8207,0.0,0,0.6625,0.6975,0.54,0.7375,0.6575,0.7775
left,3,33,2876,0.0,0,0.6075,0.84,0.89,0.795,0.8175,0.955
left,3,34,67160,0.0,0,0.68,0.775,0.76,0.815,0.85,0.8625
left,3,35,74604,0.0,0,0.795,0.9125,0.9075,0.83,0.8275,0.805
left,3,36,68688,0.0,0,0.79,0.78,0.62,0.685,0.8025,0.8075
left,3,37,1799,0.0,0,0.825,0.81,0.85,0.84,0.885,0.8
left,3,38,39144,0.0,0,0.6675,0.6425,0.5,0.5575,0.63,0.655
left,3,39,56758,0.0,0,0.8125,0.77,0.745,0.7725,0.8225,0.68
left,3,40,54491,0.0,0,0.705,0.7775,0.945,0.77,0.7975,0.9025
left,2,41,11140,0.067121424496,1,0.5275,0.6975,0.55,0.5775,0.6325,0.7825
left,2,42,136122,0.060364847659,1,0.5225,0.745,0.61,0.78,0.745,0.8325
left,2,43,29381,0.0555485511811,1,0.5325,0.625,0.55,0.595,0.67,0.66
left,1,44,28894,0.0261963203293,1,0.5,0.6475,0.46,0.62,0.67,0.705
left,1,45,922,0.00383581608164,1,0.4525,0.605,0.455,0.595,0.575,0.6825
left,1,46,17938,5.7416896442e-06,1,0.5,0.4375,0.4575,0.3125,0.2625,0.7125
left,2,47,19745,3.4515980968e-31,1,-0.25,0.8925,0.625,0.8575,0.8575,0.8575
left,1,48,2605,6.72321970911e-52,1,-0.25,0.34,0.355,0.3025,0.34,0.59
left,1,49,104560,0.0,0,0.515,0.485,0.4075,0.4,0.48,0.85
left,1,50,108336,0.0,0,0.4175,0.595,0.3875,0.535,0.56,0.5575
left,1,51,146557,0.0,0,-0.25,0.6825,0.57,0.72,0.73,0.74
left,1,52,145335,0.0,0,0.5225,0.5,0.5875,0.5425,0.55,0.8
left,1,53,130586,0.0,0,-0.25,0.3575,0.25,0.2075,0.285,0.4275
left,1,54,129987,0.0,0,0.5,0.6575,0.6575,0.6575,0.6875,0.5625
left,1,55,1119,0.0,0,0.5,0.6,0.5075,0.545,0.58,0.7325
left,1,56,76496,0.0,0,0.89,0.835,0.805,0.9175,0.8975,0.9325
left,1,57,8961,0.0,0,0.535,0.6625,0.5325,0.6325,0.6025,0.9075
left,1,58,8290,0.0,0,0.8925,0.77,0.75,0.7825,0.8325,0.83
left,1,59,76409,0.0,0,0.25,0.5775,0.52,0.51,0.5325,0.7175
left,1,60,44059,0.0,0,-0.25,0.6575,0.5325,0.5125,0.605,0.8225
