left,boolean,ranking,id,score,equipmentScore,mealScore,serviceScore,roomScore,locationScore
left,0,0,930,inf,0.75,0.7125,0.78,0.7925,0.885
left,0,1,388,inf,0.7575,0.7825,0.7675,0.7675,0.915
left,0,2,80513,0.0502586201369,0.7075,0.76,0.7825,0.76,0.825
left,0,3,11039,0.048231362044,0.7625,0.715,0.735,0.8425,0.8125
left,0,4,56917,0.0340001957465,0.72,0.7325,0.73,0.77,0.83
left,3,5,2876,0.0338085275307,0.795,0.6075,0.84,0.8175,0.955
left,0,6,27972,0.0210470877404,0.7025,0.6675,0.7525,0.7775,0.8275
left,0,7,84558,0.0184100159736,0.7925,0.6275,0.7775,0.8375,0.7775
left,3,8,69292,0.0175301808565,0.74,0.75,0.76,0.815,0.74
left,3,9,716,0.0122055631361,0.715,0.8025,0.7225,0.8325,0.735
left,0,10,41703,0.00912536806399,0.735,0.6975,0.6925,0.7875,0.77
left,3,11,1404,0.00313071880124,0.6725,0.75,0.6725,0.7875,0.75
left,0,12,134923,0.00215899009873,0.6825,0.6725,0.7025,0.725,0.735
left,0,13,68565,0.00166109163209,0.695,0.5775,0.7175,0.7575,0.8575
left,3,14,28466,0.00112179419033,0.68,0.61,0.665,0.68,0.9575
left,0,15,4771,0.00108004031265,0.635,0.6025,0.705,0.705,0.8975
left,3,16,1997,0.000284987055545,0.6625,0.7775,0.69,0.685,0.67
left,3,17,12534,0.000264034060451,0.6475,0.69,0.665,0.6525,0.735
left,0,18,138039,9.80574928712e-05,0.6975,0.655,0.6375,0.63,0.7325
left,0,19,107898,4.11667671174e-05,0.7025,0.605,0.6975,0.795,0.6175
left,3,20,7903,3.11725539704e-05,0.6425,0.75,0.68,0.645,0.64
left,3,21,74688,1.75785094183e-07,0.7,0.75,0.775,0.75,0.5
left,1,22,137085,inf,0.84,0.8475,0.8775,0.875,0.94
left,1,23,56634,inf,0.8525,0.765,0.83,0.845,0.94
left,2,24,146928,inf,0.86,0.7,0.8175,0.855,0.885
left,2,25,610,inf,0.6875,0.8225,0.725,0.7825,0.9175
left,2,26,18248,inf,0.7475,0.9175,0.8625,0.7725,0.9075
left,2,27,1799,0.162372059234,0.84,0.825,0.81,0.885,0.8
left,2,28,74604,0.159751180247,0.83,0.795,0.9125,0.8275,0.805
left,2,29,1128,0.00766357182396,0.6925,0.87,0.7425,0.6775,0.7725
left,1,30,509,0.00478056354958,0.6375,0.8225,0.695,0.695,0.92
left,1,31,44938,0.00163230083346,0.6075,0.8125,0.75,0.6425,0.9275
left,2,32,31557,0.00130243211946,0.5575,1.0,0.725,0.7925,0.9275
left,1,33,136122,0.000663074201757,0.78,0.5225,0.745,0.745,0.8325
left,1,34,1872,0.000144780876114,0.6075,0.6075,0.66,0.6475,0.9475
left,2,35,50921,7.20581981702e-05,0.5925,0.8325,0.64,0.68,0.7025
left,1,36,18166,6.02027906277e-05,0.5875,0.6125,0.64,0.6625,0.8825
left,1,37,1630,3.39162007997e-05,0.6325,0.8525,0.6525,0.6825,0.64
left,2,38,129429,3.20152815149e-05,0.5775,0.76,0.68,0.5875,0.7925
left,1,39,1186,2.39203775594e-05,0.6175,0.575,0.7225,0.6625,0.67
left,2,40,5385,1.93808969036e-05,0.5875,0.7625,0.6075,0.6,0.8425
left,2,41,108411,1.87598981177e-05,0.6175,0.515,0.67,0.6575,0.875
left,2,42,142811,1.51635284075e-05,0.58,0.635,0.675,0.595,0.7825
left,2,43,7599,4.97819125764e-06,0.5625,0.75,0.6,0.5675,0.95
left,1,44,30094,8.71064481368e-07,0.62,0.625,0.675,0.5625,0.63
left,1,45,29184,4.47082303973e-07,0.57,0.5375,0.62,0.5725,0.775
left,1,46,79313,4.01108416698e-07,0.515,0.7,0.6175,0.56,0.765
left,1,47,147026,3.10249796119e-07,0.615,0.5,0.625,0.655,0.645
left,2,48,39247,2.88176518247e-07,0.65,0.5175,0.575,0.5525,0.8475
left,2,49,129987,5.72889022681e-08,0.6575,0.5,0.6575,0.6875,0.5625
left,1,50,145335,1.77723475476e-10,0.5425,0.5225,0.5,0.55,0.8
left,1,51,108652,6.9078246675e-11,0.5075,0.5625,0.565,0.6425,0.525
left,1,52,5729,7.52486604845e-12,0.5225,0.5,0.5,0.545,0.6375
left,1,53,18319,5.04308557138e-13,0.485,0.4775,0.4825,0.53,0.7525
left,1,54,5041,4.39111630262e-20,0.455,0.75,0.41,0.4775,0.6375
left,1,55,70749,1.40461183185e-38,0.36,0.65,0.39,0.39,0.6575
left,1,56,17703,1.42227815012e-64,0.635,0.0,0.605,0.76,0.595
left,1,57,19745,2.66125486648e-112,0.8575,-0.25,0.8925,0.8575,0.8575
left,1,58,104599,2.74082349592e-119,0.5725,-0.25,0.61,0.595,0.6875
left,1,59,10672,3.80384591239e-121,0.535,-0.25,0.6075,0.6425,0.9275
left,1,60,41042,1.38972487708e-173,0.3475,-0.25,0.5425,0.445,0.8325
