left,boolean,ranking,id,score,equipmentScore,serviceScore
left,0,0,79388,inf,0.7325,0.77
left,3,1,5562,inf,0.775,0.8025
left,3,2,56758,inf,0.7725,0.77
left,0,3,14112,inf,0.75,0.755
left,3,4,1357,inf,0.78,0.8025
left,3,5,388,inf,0.7575,0.7675
left,3,6,11039,0.375587217424,0.7625,0.735
left,0,7,1680,0.341241170275,0.695,0.7925
left,0,8,69217,0.330332360721,0.7,0.7675
left,0,9,56917,0.300625512609,0.72,0.73
left,0,10,28512,0.249912308037,0.6775,0.765
left,0,11,8207,0.199847797541,0.7375,0.6975
left,0,12,145444,0.195044327757,0.755,0.6925
left,0,13,7343,0.184347560636,0.6875,0.7075
left,0,14,74696,0.179206967771,0.7125,0.6975
left,0,15,107898,0.170336209711,0.7025,0.6975
left,0,16,134923,0.164995509559,0.6825,0.7025
left,3,17,1764,0.160229902485,0.67,0.7075
left,0,18,101,0.15105139032,0.655,0.73
left,0,19,147101,0.142773512142,0.7225,0.6825
left,3,20,767,0.126902363702,0.6625,0.695
left,0,21,5024,0.116661651278,0.6525,0.7
left,0,22,29338,0.116661651278,0.6525,0.7
left,0,23,80766,0.101399712253,0.645,0.6975
left,3,24,104688,0.0958118304304,0.7275,0.6625
left,0,25,67423,0.095278530013,0.6375,0.705
left,0,26,4801,0.0943620927824,0.625,0.735
left,0,27,864,0.0837931377858,0.6375,0.69
left,0,28,70707,0.0809258621348,0.6675,0.67
left,0,29,630,0.076188174218,0.6375,0.68
left,0,30,17743,0.0750946042898,0.6725,0.665
left,3,31,44938,0.0734801854744,0.6075,0.75
left,0,32,129987,0.0567985067122,0.6575,0.6575
left,0,33,32060,0.044679428703,0.65,0.65
left,0,34,104598,0.0269319291233,0.5825,0.685
left,0,35,2335,0.0243928487586,0.5825,0.675
left,0,36,41851,0.0231897010276,0.6,0.6425
left,0,37,142811,0.0230256519661,0.58,0.675
left,0,38,129429,0.0228431569362,0.5775,0.68
left,0,39,50921,0.0194405216407,0.5925,0.64
left,0,40,108351,0.0163649712144,0.65,0.615
left,0,41,1942,0.00745147320715,0.5925,0.6075
left,0,42,140859,0.00602887815791,0.5975,0.6
left,0,43,39247,0.00368223623136,0.65,0.575
left,3,44,146877,0.00327142067443,0.715,0.5625
left,0,45,1119,0.00310789478461,0.545,0.6
left,0,46,10672,0.0028529468363,0.535,0.6075
left,0,47,72086,0.00234393860814,0.565,0.585
left,0,48,1501,0.00190036786593,0.505,0.6425
left,0,49,5627,0.00142301999437,0.5225,0.59
left,1,50,2876,inf,0.795,0.84
left,2,51,18248,inf,0.7475,0.8625
left,1,52,19745,inf,0.8575,0.8925
left,1,53,136846,inf,0.8075,0.805
left,2,54,462,inf,0.7975,0.83
left,2,55,136139,inf,0.8025,0.785
left,2,56,108417,0.000314792728856,0.5825,0.5325
left,2,57,20639,2.11375581239e-05,0.4425,0.5275
left,2,58,18319,1.19117974462e-05,0.485,0.4825
left,2,59,41042,9.00310282257e-07,0.3475,0.5425
left,1,60,17938,2.9423791619e-08,0.3125,0.4375
left,1,61,29229,2.83382674791e-08,0.3475,0.3675
