user,id,kinnennScore,kinnennScore_pdf,kinnennScore_cdf,mealScore,mealScore_pdf,mealScore_cdf,roomScore,roomScore_pdf,roomScore_cdf,equipmentScore,equipmentScore_pdf,equipmentScore_cdf,bathScore,bathScore_pdf,bathScore_cdf,distanceScore,distanceScore_pdf,distanceScore_cdf,serviceScore,serviceScore_pdf,serviceScore_cdf,chargeScore,chargeScore_pdf,chargeScore_cdf,locationScore,locationScore_pdf,locationScore_cdf
1,101,0.0,nan,0.0,0.6975,3.51282667715,0.4704614193821999,0.6000000000000001,1.99409525242,0.10497150138225414,0.655,3.53090317886,0.33889434627682663,0.625,2.7455902491,0.3804347753856613,0.9797530864197531,1.185653762,0.9451618700461185,0.73,3.77527289125,0.5331213054940703,0.9297100057614741,1.96039003682,0.9281891209474937,0.9400000000000001,1.82984100156,0.9248353989326648
1,192,0.0,nan,0.0,0.6675,3.16480597272,0.3697726248209946,0.6775,3.20000515369,0.31901962468841294,0.63,3.19815852226,0.2540666043848991,0.5325,2.04859866032,0.14942718432644939,0.755061728395061,2.60685723427,0.2543141959054468,0.66,3.70171204052,0.26095161181547455,0.8213942769348951,4.45714824832,0.5306220679217478,0.745,2.31982321907,0.2842647163138528
1,223,1.0,nan,0.0,0.5825,1.78541131683,0.159919635403398,0.605,2.11543843997,0.11524546981693591,0.6375000000000001,3.33435106722,0.2785823348735612,0.5575,2.36065098925,0.20473042525627055,0.8103703703703701,3.61981941732,0.424753354569251,0.6775,3.9581712569,0.32838067949698896,0.8713654695602071,4.032077154,0.7490025251654724,0.605,1.02117132226,0.038445178816558984
1,388,0.0,nan,0.0,0.7825000000000001,2.90944569277,0.760992865138534,0.7675000000000001,3.60592690774,0.6164019562577637,0.7575000000000001,3.96514008414,0.7381016778817101,0.675,2.78693742108,0.5191371258087065,0.851358024691358,4.07894157311,0.5854867341942134,0.7675000000000001,3.67829516601,0.6735066454018648,0.713885154599577,1.87650148552,0.16738825666014773,0.915,2.63405112684,0.8690894095191988
1,398,1.0,nan,0.0,0.847499999999999,1.50525212648,0.9042118393571725,0.6325000000000001,2.73501898637,0.18223388103455346,0.635,3.29232760263,0.27029825842908867,0.545,2.21589784795,0.1761020035713229,0.720493827160493,2.16899959451,0.17192545729580574,0.66,3.70171204052,0.26095161181547455,0.8828884194353751,3.71816835398,0.7937282312034893,0.61,1.11008522693,0.04377345741595688
1,462,0.0,nan,0.0,0.7075,3.57409855057,0.5059232435779513,0.68,3.20219202068,0.32702272421640805,0.7975000000000001,2.41435225372,0.8680328583734672,0.64,2.76827474253,0.4218038531111165,0.810864197530864,3.62947694642,0.42654330613499464,0.8300000000000001,2.27325248591,0.8669936059801674,0.965469560207413,0.812966275917,0.9761897703812754,0.79,3.35820616196,0.41097071351005976
1,509,1.0,nan,0.0,0.8225,2.03266787028,0.8601266404776589,0.6950000000000001,3.19206905513,0.3750124765179307,0.6375000000000001,3.33435106722,0.2785823348735612,0.5125000000000001,1.74467472254,0.11143389589612394,0.9125925925925921,2.94895553044,0.8094800220881913,0.6950000000000001,3.96463866588,0.3979980935130365,0.6792778951411561,1.0655009133,0.11746315746727277,0.919999999999999,2.47247921842,0.8818564168286899
1,568,0.0,nan,0.0,0.5675,1.57511123231,0.13473613907313348,0.6625,3.14180453946,0.2713484117636481,0.685,3.67326384498,0.4469407145142876,0.865,1.04378482908,0.9351349107460627,0.9432098765432091,2.0760972602,0.8863046358128012,0.7975000000000001,3.1891582591,0.7777765503304226,0.786863837142308,3.96841747631,0.3835964232345377,0.9450000000000001,1.67630061631,0.933598863402705
1,570,0.0,nan,0.0,0.857499999999999,1.31678682503,0.9183092795758157,0.8625,2.98587448976,0.9389120032582232,0.754999999999999,4.02366519552,0.7281141510884591,0.735,2.65008150268,0.6839269328820894,0.946172839506172,1.99552241017,0.892336378386851,0.7825000000000001,3.49704664019,0.7274843286224901,0.765700019204916,3.43674659087,0.3049891040883289,0.8775000000000001,3.67621399378,0.7494592494547723
1,610,1.0,nan,0.0,0.8225,2.03266787028,0.8601266404776589,0.7825000000000001,3.61208299043,0.6707227954964673,0.6875,3.69167698925,0.456146385601632,0.615,2.72244512212,0.3530881823745782,0.899753086419753,3.30584231668,0.7692994225985919,0.725,3.79047445675,0.514209483859781,0.880929517956596,3.77679709166,0.7863869478801391,0.9175000000000001,2.55346959128,0.8755739136629778
1,630,1.0,nan,0.0,0.7725000000000001,3.09946602141,0.7309307606981043,0.74,3.3595810698,0.5203298243603354,0.6375000000000001,3.33435106722,0.2785823348735612,0.5575,2.36065098925,0.20473042525627055,0.7629629629629631,2.72292528865,0.2753633027483105,0.68,3.97244034523,0.33829503756961476,0.9405031688112151,1.5602993112,0.9471574313676715,0.6875,1.86794799683,0.16864432930425644
1,658,1.0,nan,0.0,0.63,2.54901868079,0.26236323856848914,0.59,1.75277120886,0.08624063844548871,0.54,1.24224424296,0.06066679147312176,0.47750000000000004,1.17372027848,0.06037104431805376,0.65679012345679,1.21692717376,0.0624853063589151,0.5775,1.28654728341,0.06033359999767149,0.656270405223737,0.721256456338,0.09719880841903245,0.665,1.80051343417,0.12723246776961708
1,659,1.0,nan,0.0,0.62,2.37893136278,0.2377254993070334,0.645,2.95103888255,0.21783304665290149,0.5925,2.27362020986,0.1509667241262366,0.47750000000000004,1.17372027848,0.06037104431805376,0.622222222222222,0.688166684689,0.02987612354637532,0.6125,2.17702301803,0.11975126973485677,0.531745726906087,0.270446972018,0.04815410723186193,0.65,1.69213804029,0.10095530020138628
1,716,1.0,nan,0.0,0.8025,2.48193060289,0.8149839210883092,0.8325,3.16740367067,0.8348840630377778,0.715,4.03314431575,0.5619184997613802,0.645,2.77346352064,0.43565861155521757,0.819259259259259,3.78487102162,0.4576782540207186,0.7225,3.80042643545,0.5047211898986715,0.7945073938928361,4.12190625369,0.4145306340001741,0.735,2.15974422803,0.2618999082031354
1,767,1.0,nan,0.0,0.7325,3.5720046154,0.5957331854828672,0.7000000000000001,3.18681230366,0.3909589214540571,0.6625,3.57203572343,0.36554163877500856,0.5975,2.65956490894,0.305948065047848,0.9007407407407401,3.27938977356,0.7725514068582353,0.6950000000000001,3.96463866588,0.3979980935130365,0.7599385442673321,3.27091705196,0.2856627602234913,0.8725,3.77502236292,0.7308259394148209
1,839,0.0,nan,0.0,0.735,3.55886486664,0.6046472656971827,0.845,3.64034198011,0.8774829042044598,0.7875000000000001,2.84762118201,0.8417360637882172,0.7275,2.68845485362,0.6639024296745321,1.0,0.810326638862,0.9652124426315977,0.8150000000000001,2.71578011879,0.8295691430353413,0.782024198194737,3.85967833392,0.36465040014600636,0.925,2.30995838408,0.893812622331476
1,858,1.0,nan,0.0,0.5675,1.57511123231,0.13473613907313348,0.65,3.01970206173,0.23276447413318052,0.635,3.29232760263,0.27029825842908867,0.5525,2.30563826456,0.19306306228722955,0.631604938271604,0.819627325564,0.036940491129217115,0.61,2.09928591142,0.11440633259139232,0.7714614941425001,3.59484440022,0.3252493614022947,0.6475000000000001,1.66749796555,0.09675535470470308
1,864,1.0,nan,0.0,0.75,3.43129357455,0.6571761931708983,0.71,3.18713599226,0.4228121108045335,0.6375000000000001,3.33435106722,0.2785823348735612,0.5625,2.41168714767,0.21666294169212968,0.899753086419753,3.30584231668,0.7692994225985919,0.6900000000000001,3.98218596113,0.3781261599269746,0.8713654695602071,4.032077154,0.7490025251654724,0.919999999999999,2.47247921842,0.8818564168286899
1,922,0.0,nan,0.0,0.4525,0.448574126423,0.026217275428837644,0.5750000000000001,1.40566132446,0.06258303832461033,0.595,2.33582886748,0.15672830527792495,0.454999999999999,0.836065623926,0.03784706564006665,0.5837037037037031,0.290715133777,0.011789737497447193,0.605,1.95047963432,0.10428569641333091,0.9174188592279621,2.44610964335,0.9011276873602214,0.6825,1.85847506309,0.15932779252316442
1,930,0.0,nan,0.0,0.7125,3.59205539508,0.5238422927243692,0.7925000000000001,3.52421667855,0.7064706468111128,0.75,4.11826733949,0.7077466404487099,0.685,2.78415827856,0.5469964684086646,0.750123456790123,2.53914101043,0.24160938157455206,0.78,3.53636761579,0.7186917977522755,0.56024582293067,0.295821493774,0.05620725008109521,0.885,3.50579114186,0.7764075589149244
1,995,0.0,nan,0.0,0.7875000000000001,2.80731335231,0.7752864692833734,0.5325,0.616967990153,0.020801091410815004,0.51,0.779623173083,0.030487140177438917,0.52,1.86278723228,0.12496438484348063,0.7664197530864191,2.77714292968,0.2848689548577189,0.5775,1.28654728341,0.06033359999767149,0.8674860764355671,4.12008853798,0.7331868042163197,0.65,1.69213804029,0.10095530020138628
1,996,1.0,nan,0.0,0.625,2.46367295322,0.24983169197636318,0.6375000000000001,2.82842412079,0.19614605931045137,0.6000000000000001,2.46315105613,0.16872433846961754,0.5325,2.04859866032,0.14942718432644939,0.8390123456790121,4.03863770363,0.5352708126873772,0.65,3.43883371554,0.22518843208012795,0.8703668139043591,4.0556167601,0.7449640639493865,0.725,2.04000214906,0.24093481325951574
1,1119,1.0,nan,0.0,0.5,0.815229258317,0.05568685915384394,0.58,1.51854775103,0.06989220857808608,0.545,1.3246540378,0.06708337868784263,0.5075000000000001,1.66401186948,0.10291165750178329,0.8874074074074071,3.61350052037,0.7265384622192377,0.6000000000000001,1.81084064585,0.09488623006401299,0.8574227002112541,4.30450118735,0.6907432851176439,0.7325,2.12601093814,0.2565432455436759
1,1128,0.0,nan,0.0,0.8700000000000001,1.10380186138,0.9334108875894875,0.6775,3.20000515369,0.31901962468841294,0.6925,3.73605617595,0.4747114351831907,0.6025,2.68094005793,0.3193005736937081,0.7935802469135801,3.27834548652,0.366825487752521,0.7425,3.75784645294,0.580181517239844,0.858882273862108,4.2817247848,0.6970095639114814,0.7725000000000001,2.92608445636,0.35596063275136347
1,1186,1.0,nan,0.0,0.5750000000000001,1.67821847124,0.14693358933858897,0.6625,3.14180453946,0.2713484117636481,0.6175,2.914380337,0.21580231688171536,0.65,2.77772277619,0.4495369413418782,0.712592592592592,2.06868026883,0.15518132826752706,0.7225,3.80042643545,0.5047211898986715,0.7987708853466481,4.19711553107,0.43226741545914726,0.67,1.82301602114,0.13629376076336724
1,1356,1.0,nan,0.0,0.79,2.75481095486,0.7822393068050412,0.8125,3.15188701241,0.7735099852811104,0.774999999999999,3.37997690674,0.8027673757886644,0.73,2.6765477801,0.670608863411264,0.8316049382716041,3.96709288656,0.5055998517213247,0.7575000000000001,3.73310370536,0.6364124511435127,0.704513155367774,1.62402800383,0.15100141252652607,0.925,2.30995838408,0.893812622331476
