left,boolean,ranking,id,score,chargeScore,equipmentScore,mealScore,roomScore,serviceScore,locationScore,bathScore,distanceScore,kinnennScore
left,true_positive,0,1680,0.0297671282136,0.897484155944,0.695,0.785,0.7275,0.7925,0.87,0.6975,0.875061728395,1
left,true_positive,1,140984,0.0214108311423,0.885730747071,0.755,0.645,0.7625,0.7425,0.8925,0.6925,0.916049382716,1
left,true_positive,2,18248,0.0133607834824,0.952026118686,0.7475,0.9175,0.7725,0.8625,0.9075,0.8175,0.856296296296,0
left,true_positive,3,130043,0.00631225913479,0.859804109852,0.83,0.805,0.9,0.765,0.865,0.695,0.942716049383,0
left,true_positive,4,9518,0.00510929162459,0.870674092568,0.625,0.75,0.725,0.7,0.85,0.675,0.919012345679,1
left,true_positive,5,1993,0.00302267051727,0.885730747071,0.7525,0.6625,0.7375,0.835,0.905,0.63,0.905679012346,0
left,true_positive,6,610,0.0026523765602,0.880929517957,0.6875,0.8225,0.7825,0.725,0.9175,0.615,0.89975308642,0
left,true_positive,7,68688,0.00234538989622,0.889994238525,0.685,0.79,0.8025,0.78,0.8075,0.62,0.883456790123,0
left,true_positive,8,142951,0.00198294313091,0.88768964855,0.765,0.6475,0.805,0.7375,0.785,0.68,0.929382716049,0
left,true_positive,9,135551,0.00167604017428,0.823314768581,0.7575,0.7825,0.825,0.7725,0.775,0.6425,0.762962962963,1
left,true_positive,10,38608,0.00120446146408,0.928980218936,0.74,0.75,0.67,0.7275,0.7875,0.765,0.802469135802,0
left,true_positive,11,29764,0.000884331358709,0.848281159977,0.68,0.6,0.7225,0.7425,0.775,0.5875,0.82962962963,1
left,true_positive,12,39495,0.000772036749521,0.852160553102,0.7225,0.66,0.69,0.765,0.75,0.5525,0.873580246914,1
left,true_positive,13,129459,0.000536267400151,0.896331860956,0.6725,0.605,0.6925,0.6875,0.705,0.6375,0.838024691358,1
left,true_positive,14,41615,0.000207361845659,0.820741309775,0.7425,0.9675,0.8475,0.92,0.8775,0.81,0.544691358025,1
left,true_positive,15,54885,7.66021316127e-05,0.945265988093,0.585,0.625,0.55,0.68,0.85,0.5625,0.952592592593,1
left,true_positive,16,107898,6.63061324845e-05,0.94430574227,0.7025,0.605,0.795,0.6975,0.6175,0.6075,0.761481481481,1
left,true_positive,17,4819,4.54022328306e-05,0.875168043019,0.6725,0.6025,0.715,0.6725,0.7225,0.56,0.884444444444,0
left,true_positive,18,136820,2.79379686629e-05,0.938544267332,0.6275,0.6025,0.655,0.6175,0.655,0.565,0.852345679012,1
left,true_positive,19,192,2.5080953781e-05,0.821394276935,0.63,0.6675,0.6775,0.66,0.745,0.5325,0.755061728395,1
left,true_positive,20,7903,1.05186859918e-05,0.885730747071,0.6425,0.75,0.645,0.68,0.64,0.5375,0.671604938272,1
left,true_positive,21,5385,6.06313789306e-06,0.902093335894,0.5875,0.7625,0.6,0.6075,0.8425,0.5075,0.944691358025,0
left,true_positive,22,996,4.66818924457e-06,0.870366813904,0.6,0.625,0.6375,0.65,0.725,0.5325,0.839012345679,0
left,true_positive,23,28894,3.38091303742e-06,0.909775302477,0.62,0.5,0.67,0.6475,0.705,0.46,0.785185185185,1
left,true_positive,24,2465,2.43463245457e-06,0.937007874016,0.7775,-0.25,0.6675,0.7225,0.7225,0.555,0.815308641975,1
left,true_positive,25,108388,2.2719763277e-06,0.840637603226,0.5475,0.58,0.64,0.5875,0.69,0.6,0.819259259259,1
left,false_positive,26,1186,1.45488873614e-06,0.798770885347,0.6175,0.575,0.6625,0.7225,0.67,0.65,0.712592592593,0
left,true_positive,27,7342,1.01857688618e-06,0.813750720184,0.545,0.59,0.56,0.5875,0.8475,0.52,0.906172839506,1
left,true_positive,28,80759,5.89148509375e-07,0.854042634915,0.6675,0.5575,0.7825,0.6675,0.605,0.845,0.616790123457,0
left,true_positive,29,104598,4.62374070689e-07,0.826963702708,0.5825,0.5,0.645,0.685,0.67,0.515,0.854320987654,0
left,true_positive,30,18392,2.43062357544e-07,0.812944113693,0.5775,0.5775,0.595,0.5975,0.725,0.52,0.655308641975,1
left,true_positive,31,79313,1.9538105136e-07,0.921759170348,0.515,0.7,0.56,0.6175,0.765,0.4125,0.788641975309,1
left,true_positive,32,67299,1.41661190345e-07,0.932821202228,0.6775,0.5,0.6825,0.6775,0.545,0.6625,0.709135802469,1
left,true_positive,33,70793,2.09015292612e-08,0.889302861533,0.545,0.3925,0.59,0.66,0.6125,0.5275,0.808395061728,0
left,false_positive,34,70358,1.14287105354e-08,0.955252544651,0.475,0.5325,0.48,0.5425,0.75,0.545,0.829135802469,1
left,true_positive,35,1501,1.07178113353e-08,0.852160553102,0.505,0.55,0.6025,0.6425,0.945,0.4,0.775308641975,0
left,true_positive,36,74688,1.48120616222e-09,0.856001536393,0.7,0.75,0.75,0.775,0.5,0.625,0.58024691358,1
left,false_positive,37,108336,1.34463182772e-11,0.826963702708,0.535,0.4175,0.56,0.595,0.5575,0.3875,0.846913580247,0
left,false_positive,38,20639,3.38414377816e-12,0.864298060303,0.4425,0.5825,0.415,0.5275,0.81,0.3375,0.972345679012,1
left,false_positive,39,18311,2.65874345817e-12,0.814518916843,0.3825,0.75,0.42,0.58,0.83,0.4175,0.838024691358,1
left,true_positive,40,108652,1.87799111536e-12,0.945265988093,0.5075,0.5625,0.6425,0.565,0.525,0.44,0.556049382716,0
left,true_positive,41,146557,1.08503796916e-15,0.897484155944,0.72,-0.25,0.73,0.6825,0.74,0.57,0.90024691358,0
left,true_positive,42,44059,5.23416800231e-17,0.902093335894,0.5125,-0.25,0.605,0.6575,0.8225,0.5325,0.956543209877,0
left,true_positive,43,17938,4.79663025303e-25,0.955867101978,0.3125,0.5,0.2625,0.4375,0.7125,0.4575,0.908148148148,1
left,false_negative,44,839,0.00116222329411,0.782024198195,0.7875,0.735,0.845,0.815,0.925,0.7275,1.0,1
left,false_negative,45,15878,1.08462360225e-05,0.769541002497,0.6975,0.6925,0.7025,0.75,0.8,0.65,0.86962962963,0
left,false_negative,46,28024,5.62793248083e-06,0.658382946034,0.9,0.9175,0.85,1.0,1.0,1.0,0.856296296296,1
left,true_negative,47,2877,3.27481571188e-06,0.748454004225,0.75,0.6875,0.6725,0.635,0.8075,0.635,0.845432098765,1
left,true_negative,48,10630,3.84925174493e-07,0.680084501632,0.6675,0.58,0.7225,0.7275,0.8675,0.7075,0.76987654321,1
left,true_negative,49,44938,2.40636877427e-07,0.717687728058,0.6075,0.8125,0.6425,0.75,0.9275,0.465,0.834567901235,1
left,true_negative,50,136846,1.88393839735e-07,0.722681006338,0.8075,0.7625,0.7925,0.805,0.6525,0.875,0.607407407407,0
left,true_negative,51,509,7.80069451952e-08,0.679277895141,0.6375,0.8225,0.695,0.695,0.92,0.5125,0.912592592593,0
left,true_negative,52,29381,1.35140296787e-09,0.735010562704,0.595,0.5325,0.67,0.625,0.66,0.55,0.505185185185,1
left,true_negative,53,78211,3.52121964486e-13,0.525676973305,0.81,0.8025,0.86,0.83,0.795,0.8275,0.874074074074,1
left,true_negative,54,5041,4.39558364348e-15,0.706164778183,0.455,0.75,0.4775,0.41,0.6375,0.3625,0.824691358025,0
left,true_negative,55,659,1.77200103443e-17,0.531745726906,0.5925,0.62,0.645,0.6125,0.65,0.4775,0.622222222222,0
left,true_negative,56,11275,4.97428790387e-20,0.45938160169,0.7875,0.825,0.8775,0.8225,0.8775,0.82,0.874074074074,1
left,true_negative,57,1799,2.94366918661e-24,0.434415210294,0.84,0.825,0.885,0.81,0.8,0.85,0.761481481481,0
left,true_negative,58,56634,1.54165275565e-24,0.429652391012,0.8525,0.765,0.845,0.83,0.94,0.7575,0.864691358025,0
left,true_negative,59,1404,4.76775574744e-29,0.413174572691,0.6725,0.75,0.7875,0.6725,0.75,0.77,0.575802469136,0
left,true_negative,60,146993,1.17906862698e-32,0.375840215095,1.0,0.8125,1.0,1.0,0.8,0.95,0.852839506173,1
