left,boolean,ranking,id,score,chargeScore,mealScore,serviceScore,equipmentScore,bathScore,roomScore,locationScore,distanceScore,kinnennScore
left,0,0,141356,0.00434565210944,0.811791818706,0.7025,0.84,0.795,0.8425,0.825,0.9475,0.850864197531,1
left,0,1,108416,0.00362205225997,0.836489341271,0.7125,0.805,0.71,0.74,0.8175,0.805,0.807407407407,1
left,0,2,80513,0.00328394189978,0.84831956981,0.76,0.7825,0.7075,0.5975,0.76,0.825,0.820740740741,1
left,0,3,40799,0.00188013777694,0.853696946418,0.75,0.735,0.68,0.5725,0.6225,0.955,0.963950617284,1
left,0,4,56975,0.0017873011537,0.928980218936,0.6,0.6975,0.68,0.7175,0.7325,0.8,0.776296296296,1
left,0,5,1128,0.00175031488123,0.858882273862,0.87,0.7425,0.6925,0.6025,0.6775,0.7725,0.793580246914,1
left,0,6,145305,0.00135030277099,0.909775302477,0.605,0.6875,0.745,0.6575,0.7675,0.725,0.797037037037,1
left,0,7,147101,0.00100366733769,0.861724601498,0.625,0.6825,0.7225,0.86,0.865,0.8525,0.900740740741,0
left,0,8,7588,0.0010029480061,0.85596312656,0.6025,0.695,0.6725,0.845,0.6175,0.815,0.958024691358,1
left,0,9,4801,0.0002291197553,0.821432686768,0.7075,0.735,0.625,0.6725,0.64,0.765,0.81037037037,1
left,0,10,28512,0.000138026293109,0.814518916843,0.8275,0.765,0.6775,0.635,0.725,0.7525,0.990617283951,0
left,0,11,18739,0.000115270053791,0.869829076244,0.6875,0.745,0.6925,0.5875,0.755,0.8475,0.730864197531,0
left,0,12,136122,9.1129005359e-05,0.852160553102,0.5225,0.745,0.78,0.61,0.745,0.8325,0.653827160494,1
left,3,13,51734,2.50306294593e-05,0.927021317457,0.56,0.6825,0.6,0.56,0.7225,0.7275,0.85037037037,0
left,0,14,80873,2.39150533546e-05,0.95970808527,0.5,0.7775,0.735,0.705,0.7075,0.6325,0.818271604938,0
left,0,15,50921,1.86728600533e-05,0.829076243518,0.8325,0.64,0.5925,0.5975,0.68,0.7025,0.93975308642,0
left,0,16,107778,1.60981097099e-05,0.833877472633,0.78,0.7375,0.68,0.6,0.7175,0.685,0.589135802469,1
left,0,17,18166,1.45202980948e-05,0.827539850202,0.6125,0.64,0.5875,0.5625,0.6625,0.8825,0.997037037037,0
left,0,18,138039,6.99440847583e-06,0.856001536393,0.655,0.6375,0.6975,0.6075,0.63,0.7325,0.716049382716,0
left,0,19,18312,3.46547220978e-06,0.938966775495,1.0,0.6525,0.4825,0.4825,0.5275,0.9025,0.789135802469,1
left,0,20,1997,2.53916612503e-06,0.890570386019,0.7775,0.69,0.6625,0.59,0.685,0.67,0.493827160494,1
left,0,21,129907,1.85496477349e-06,0.905895909353,0.6075,0.65,0.65,0.54,0.63,0.65,0.725432098765,0
left,0,22,70659,1.85018365988e-06,0.904974073363,0.5275,0.695,0.6025,0.55,0.685,0.565,0.783209876543,1
left,0,23,134922,1.6913823866e-06,0.857922028039,0.4375,0.6775,0.6925,0.635,0.725,0.79,0.679012345679,0
left,0,24,398,1.43465244383e-06,0.882888419435,0.8475,0.66,0.635,0.545,0.6325,0.61,0.72049382716,0
left,0,25,108341,1.3002392931e-06,0.809756097561,0.595,0.595,0.5825,0.52,0.52,0.8075,0.951604938272,1
left,0,26,29184,8.03962173041e-07,0.862684847321,0.5375,0.62,0.57,0.45,0.5725,0.775,0.822222222222,1
left,0,27,5303,4.45181193562e-07,0.865603994623,0.25,0.75,0.4725,0.695,0.5,0.86,0.787160493827,1
left,0,28,1927,3.77367511919e-07,0.814518916843,0.5,0.66,0.5775,0.52,0.5775,0.84,0.817283950617,0
left,0,29,17703,3.02973764913e-07,0.925100825811,0.0,0.605,0.635,0.4275,0.76,0.595,0.982716049383,1
left,0,30,39144,2.95613392228e-07,0.909775302477,0.6675,0.6425,0.5575,0.5,0.63,0.655,0.666666666667,0
left,0,31,922,4.03468590023e-08,0.917418859228,0.4525,0.605,0.595,0.455,0.575,0.6825,0.583703703704,1
left,3,32,104599,3.79267679558e-08,0.858075667371,-0.25,0.61,0.5725,0.47,0.595,0.6875,0.88049382716,1
left,0,33,76409,9.71898733438e-09,0.936662185519,0.25,0.5775,0.51,0.52,0.5325,0.7175,0.885432098765,0
left,3,34,74635,7.22450136603e-09,0.82527367006,0.3825,0.5375,0.5575,0.655,0.675,0.605,0.769382716049,0
left,0,35,7055,5.01711408082e-09,0.87136546956,0.8075,0.54,0.4725,0.465,0.5675,0.6375,0.741234567901,0
left,0,36,41851,1.5451340203e-09,0.919339350874,-0.25,0.6425,0.6,0.3275,0.635,0.65,0.88987654321,1
left,0,37,72086,3.74112941648e-10,0.87136546956,0.4075,0.585,0.565,0.4175,0.545,0.8475,0.515061728395,0
left,3,38,2605,7.36187500317e-17,0.876742846169,-0.25,0.34,0.3025,0.355,0.34,0.59,0.803456790123,1
left,3,39,130586,1.13092235816e-27,0.892452467832,-0.25,0.3575,0.2075,0.25,0.285,0.4275,0.741728395062,0
left,1,40,570,0.000639155572775,0.765700019205,0.8575,0.7825,0.755,0.735,0.8625,0.8775,0.946172839506,1
left,2,41,109067,0.000548406371096,0.787785673132,0.75,0.7525,0.7625,0.71,0.795,0.8,0.847901234568,1
left,2,42,67905,0.000447057206387,0.786863837142,0.6675,0.7975,0.765,0.75,0.8,0.845,0.8,1
left,2,43,31557,0.000172012665795,0.793777607067,1.0,0.725,0.5575,0.5825,0.7925,0.9275,0.862716049383,1
left,2,44,8290,0.000140838857682,0.783022853851,0.8925,0.77,0.7825,0.75,0.8325,0.83,0.88987654321,0
left,2,45,14112,4.15859055274e-05,0.77722296908,0.715,0.755,0.75,0.705,0.77,0.8175,0.869135802469,0
left,1,46,28466,3.77452994994e-05,0.773036297292,0.61,0.665,0.68,0.5875,0.68,0.9575,0.945679012346,1
left,2,47,716,3.69206472272e-05,0.794507393893,0.8025,0.7225,0.715,0.645,0.8325,0.735,0.819259259259,0
left,2,48,1556,2.48733539962e-05,0.788745918955,0.705,0.675,0.6625,0.6525,0.705,0.7825,0.675555555556,1
left,1,49,147193,2.12679385904e-05,0.752294987517,0.75,0.7975,0.7825,0.85,0.7825,0.75,0.643950617284,1
left,1,50,69217,1.85676634534e-05,0.77722296908,0.7675,0.7675,0.7,0.6425,0.74,0.72,0.912592592593,0
left,1,51,1764,3.0087564297e-06,0.73074707125,0.7725,0.7075,0.67,0.645,0.7425,0.8575,0.880987654321,0
left,1,52,19718,2.69885590747e-07,0.640868062224,0.875,0.9225,0.6925,0.635,0.77,0.905,0.844444444444,0
left,1,53,15812,1.05735149396e-07,0.765738429038,0.5475,0.62,0.575,0.5,0.5675,0.7125,0.822222222222,1
left,1,54,4778,3.58820055147e-08,0.594814672556,0.7875,0.6875,0.7125,0.6575,0.775,0.94,0.941234567901,1
left,1,55,858,1.62190271818e-08,0.771461494143,0.5675,0.61,0.635,0.5525,0.65,0.6475,0.631604938272,0
left,1,56,41069,1.13782601182e-08,0.600537737661,0.7725,0.8275,0.8525,0.8025,0.845,0.81,0.810864197531,0
left,1,57,145335,2.77885028196e-10,0.693796811984,0.5225,0.5,0.5425,0.5875,0.55,0.8,0.797530864198,0
left,1,58,11039,5.1881278532e-12,0.756097560976,0.715,0.735,0.7625,0.72,0.8425,0.8125,0.0,1
left,1,59,5729,4.98264036711e-12,0.696216631458,0.5,0.5,0.5225,0.41,0.545,0.6375,0.826172839506,0
left,1,60,1357,1.08088383242e-52,0.283887075091,0.76,0.8025,0.78,0.72,0.8075,0.835,0.608395061728,0
