left,boolean,ranking,id,score,mealScore,equipmentScore,serviceScore,bathScore,roomScore,locationScore,distanceScore,kinnennScore
left,0,0,137869,0.0993526084562,0.815,0.875,0.87,0.8625,0.905,0.9725,0.977283950617,1
left,0,1,130166,0.0477322457884,0.875,0.7875,0.9325,0.875,0.9325,0.86,0.868148148148,1
left,0,2,18248,0.018106639069,0.9175,0.7475,0.8625,0.8175,0.7725,0.9075,0.856296296296,1
left,0,3,56634,0.0142359313585,0.765,0.8525,0.83,0.7575,0.845,0.94,0.864691358025,1
left,3,4,8290,0.0101866615659,0.8925,0.7825,0.77,0.75,0.8325,0.83,0.88987654321,1
left,3,5,130043,0.00993724594063,0.805,0.83,0.765,0.695,0.9,0.865,0.942716049383,1
left,0,6,1356,0.00460182715478,0.79,0.775,0.7575,0.73,0.8125,0.925,0.831604938272,1
left,3,7,570,0.00314380601852,0.8575,0.755,0.7825,0.735,0.8625,0.8775,0.946172839506,0
left,3,8,80619,0.00068013423866,0.7625,0.7775,0.77,0.6975,0.825,0.815,0.977777777778,0
left,3,9,14112,0.000511586313743,0.715,0.75,0.755,0.705,0.77,0.8175,0.869135802469,1
left,3,10,135551,4.08475246905e-05,0.7825,0.7575,0.7725,0.6425,0.825,0.775,0.762962962963,0
left,0,11,930,3.22460757302e-05,0.7125,0.75,0.78,0.685,0.7925,0.885,0.75012345679,0
left,3,12,11039,5.26597474719e-55,0.715,0.7625,0.735,0.72,0.8425,0.8125,0.0,0
left,2,13,19718,0.00270450809776,0.875,0.6925,0.9225,0.635,0.77,0.905,0.844444444444,1
left,1,14,5562,0.00158291021491,0.6875,0.775,0.8025,0.7575,0.82,0.9575,0.911111111111,1
left,1,15,136288,0.000213045825033,0.7425,0.7375,0.7925,0.6225,0.8125,0.8275,0.936790123457,0
left,1,16,52992,7.66498766798e-05,0.6725,0.75,0.71,0.6725,0.705,0.8225,0.928395061728,1
left,1,17,80513,5.5417216251e-05,0.76,0.7075,0.7825,0.5975,0.76,0.825,0.820740740741,0
left,1,18,84558,5.46344398449e-05,0.6275,0.7925,0.7775,0.75,0.8375,0.7775,0.825679012346,1
left,1,19,9518,2.88174045134e-05,0.75,0.625,0.7,0.675,0.725,0.85,0.919012345679,0
left,1,20,7343,2.82080336577e-05,0.6325,0.6875,0.7075,0.665,0.715,0.9125,0.961975308642,1
left,1,21,104688,6.35908557482e-06,0.75,0.7275,0.6625,0.7225,0.73,0.8125,0.743209876543,0
left,2,22,101,6.27559182184e-06,0.6975,0.655,0.73,0.625,0.6,0.94,0.97975308642,0
left,1,23,50921,6.06470513312e-06,0.8325,0.5925,0.64,0.5975,0.68,0.7025,0.93975308642,1
left,1,24,568,4.43175281954e-06,0.5675,0.685,0.7975,0.865,0.6625,0.945,0.943209876543,0
left,1,25,4977,4.22655017368e-06,0.64,0.725,0.71,0.705,0.685,0.85,0.797037037037,0
left,1,26,68565,1.75407334714e-06,0.5775,0.695,0.7175,0.665,0.7575,0.8575,0.895802469136,0
left,2,27,2335,8.31243959726e-07,0.75,0.5825,0.675,0.485,0.64,0.69,0.884444444444,1
left,1,28,10630,6.829529345e-07,0.58,0.6675,0.7275,0.7075,0.7225,0.8675,0.76987654321,0
left,1,29,145305,5.95758297183e-07,0.605,0.745,0.6875,0.6575,0.7675,0.725,0.797037037037,0
left,1,30,70852,2.95848744689e-07,0.5925,0.69,0.6975,0.595,0.705,0.6975,0.799012345679,1
left,1,31,138039,1.95869514962e-07,0.655,0.6975,0.6375,0.6075,0.63,0.7325,0.716049382716,1
left,1,32,192,1.51275498903e-07,0.6675,0.63,0.66,0.5325,0.6775,0.745,0.755061728395,0
left,1,33,1556,1.39806335523e-07,0.705,0.6625,0.675,0.6525,0.705,0.7825,0.675555555556,0
left,1,34,28484,1.18010798178e-07,0.605,0.625,0.6375,0.61,0.5675,0.86,0.935802469136,0
left,1,35,1630,1.00164414902e-07,0.8525,0.6325,0.6525,0.6075,0.6825,0.64,0.633580246914,1
left,1,36,54885,9.13151435771e-08,0.625,0.585,0.68,0.5625,0.55,0.85,0.952592592593,0
left,1,37,17743,4.4020795288e-08,0.5,0.6725,0.665,0.6625,0.6825,0.785,0.875555555556,1
left,1,38,108143,2.19296764771e-08,0.5625,0.485,0.625,0.73,0.695,0.7225,0.882469135802,1
left,1,39,16373,1.40376991901e-08,0.6675,0.6925,0.6925,0.5975,0.65,0.7,0.664197530864,0
left,1,40,30094,7.47991840773e-09,0.625,0.62,0.675,0.5825,0.5625,0.63,0.821234567901,1
left,1,41,7903,7.43208703605e-09,0.75,0.6425,0.68,0.5375,0.645,0.64,0.671604938272,0
left,1,42,129907,6.58596467991e-09,0.6075,0.65,0.65,0.54,0.63,0.65,0.725432098765,1
left,1,43,39247,6.01811116488e-09,0.5175,0.65,0.575,0.595,0.5525,0.8475,0.903703703704,1
left,1,44,7342,5.87690378513e-09,0.59,0.545,0.5875,0.52,0.56,0.8475,0.906172839506,0
left,1,45,1927,2.47040342748e-09,0.5,0.5775,0.66,0.52,0.5775,0.84,0.817283950617,1
left,1,46,104598,1.33513379759e-09,0.5,0.5825,0.685,0.515,0.645,0.67,0.854320987654,1
left,1,47,143324,1.02976024205e-09,0.575,0.66,0.625,0.59,0.5725,0.6775,0.697283950617,0
left,1,48,147026,1.61086021095e-10,0.5,0.615,0.625,0.52,0.655,0.645,0.815802469136,0
left,1,49,858,1.50692471619e-10,0.5675,0.635,0.61,0.5525,0.65,0.6475,0.631604938272,1
left,1,50,25302,3.6254754167e-12,0.5,0.4875,0.5125,0.39,0.5625,0.725,0.925925925926,1
left,1,51,1997,5.70509019704e-13,0.7775,0.6625,0.69,0.59,0.685,0.67,0.493827160494,0
left,1,52,5729,3.27060413222e-13,0.5,0.5225,0.5,0.41,0.545,0.6375,0.826172839506,1
left,1,53,29381,6.30545348473e-15,0.5325,0.595,0.625,0.55,0.67,0.66,0.505185185185,0
left,1,54,15877,7.79537577025e-16,0.375,0.47,0.545,0.4325,0.44,0.765,0.741728395062,0
left,1,55,72086,5.32711054962e-16,0.4075,0.565,0.585,0.4175,0.545,0.8475,0.515061728395,1
left,1,56,5303,8.29314676649e-17,0.25,0.4725,0.75,0.695,0.5,0.86,0.787160493827,0
left,1,57,76409,1.39139690747e-17,0.25,0.51,0.5775,0.52,0.5325,0.7175,0.885432098765,1
left,1,58,17938,4.75428372061e-20,0.5,0.3125,0.4375,0.4575,0.2625,0.7125,0.908148148148,0
left,1,59,104599,1.7693688541e-48,-0.25,0.5725,0.61,0.47,0.595,0.6875,0.88049382716,0
left,1,60,18763,2.86145668295e-52,-0.25,0.2925,0.5825,0.5,0.2925,0.9575,0.955555555556,0
left,1,61,130586,2.48729371189e-70,-0.25,0.2075,0.3575,0.25,0.285,0.4275,0.741728395062,1
