left,boolean,ranking,id,score,serviceScore,equipmentScore
left,0,0,78211,inf,0.83,0.81
left,0,1,74604,inf,0.9125,0.83
left,0,2,146993,inf,1.0,1.0
left,0,3,107870,0.69498224165,0.815,0.8125
left,3,4,1357,0.637992142037,0.8025,0.78
left,3,5,1993,0.543920362728,0.835,0.7525
left,0,6,135551,0.501889084678,0.7725,0.7575
left,0,7,56758,0.489794711673,0.77,0.7725
left,0,8,136288,0.475891940973,0.7925,0.7375
left,0,9,130043,0.465594324879,0.765,0.83
left,0,10,1356,0.429455176192,0.7575,0.775
left,0,11,18246,0.405616894517,0.7525,0.785
left,3,12,69217,0.31083188703,0.7675,0.7
left,0,13,19718,0.280857040471,0.9225,0.6925
left,3,14,819,0.272291261431,0.7225,0.7075
left,3,15,40799,0.234455886331,0.735,0.68
left,1,16,68565,0.252391133714,0.7175,0.695
left,1,17,1764,0.200578679711,0.7075,0.67
left,2,18,74696,0.181224004158,0.6975,0.7125
left,2,19,56975,0.181224004158,0.6975,0.68
left,2,20,5309,0.181224004158,0.6975,0.69
left,1,21,146557,0.137193361314,0.6825,0.72
left,1,22,80766,0.132406602182,0.6975,0.645
left,1,23,67299,0.12429641492,0.6775,0.6775
left,2,24,864,0.116052194084,0.69,0.6375
left,2,25,630,0.116050656265,0.68,0.6375
left,1,26,29183,0.111009213596,0.69,0.635
left,1,27,4771,0.111009213596,0.705,0.635
left,1,28,80759,0.101080369635,0.6675,0.6675
left,1,29,17743,0.0957968985428,0.665,0.6725
left,1,30,40956,0.092770253114,0.7825,0.625
left,1,31,104688,0.0907151132062,0.6625,0.7275
left,2,32,1630,0.0723310156607,0.6525,0.6325
left,1,33,1872,0.0675440753987,0.66,0.6075
left,1,34,138039,0.0501389472845,0.6375,0.6975
left,1,35,2877,0.0470132451539,0.635,0.75
left,1,36,129429,0.0395930590618,0.68,0.5775
left,1,37,1500,0.0333949440929,0.73,0.5675
left,1,38,136820,0.0291290387812,0.6175,0.6275
left,2,39,31557,0.0283281245525,0.725,0.5575
left,1,40,858,0.0233550378428,0.61,0.635
left,1,41,70793,0.0232673035012,0.66,0.545
left,1,42,1942,0.0216494812833,0.6075,0.5925
left,1,43,10672,0.0185478279838,0.6075,0.535
left,1,44,1770,0.0185405971418,0.6025,0.5775
left,1,45,140859,0.0171289307487,0.6,0.5975
left,1,46,7599,0.0171100908086,0.6,0.5625
left,1,47,1511,0.0161220184313,0.6125,0.52
left,1,48,79313,0.0150233587929,0.6175,0.515
left,1,49,44059,0.0145038599619,0.6575,0.5125
left,1,50,108336,0.0135048070452,0.595,0.535
left,1,51,70225,0.0134137494663,0.5925,0.58
left,1,52,1501,0.0130494591705,0.6425,0.505
left,1,53,108388,0.0112860863685,0.5875,0.5475
left,1,54,5627,0.0110359043678,0.59,0.5225
left,1,55,72086,0.0103945509388,0.585,0.565
left,1,56,108143,0.00975472498746,0.625,0.485
left,1,57,108652,0.0046537288863,0.565,0.5075
left,2,58,146877,0.00453492559801,0.5625,0.715
left,1,59,18311,0.000917208332909,0.58,0.3825
left,1,60,5041,1.14060929384e-06,0.41,0.455
