left,boolean,ranking,id,score,mealScore,serviceScore,equipmentScore,roomScore,distanceScore,bathScore,kinnennScore,chargeScore,locationScore
left,0,0,136139,0.19071199936,0.8225,0.785,0.8025,0.8375,0.942222222222,0.76,1,0.74956788938,0.845
left,0,1,43759,0.157229893682,0.75,0.8625,0.8175,0.75,0.705679012346,0.7675,1,0.934741693874,0.6975
left,0,2,130043,0.105652817089,0.805,0.765,0.83,0.9,0.942716049383,0.695,0,0.859804109852,0.865
left,3,3,28512,0.0711094653173,0.8275,0.765,0.6775,0.725,0.990617283951,0.635,0,0.814518916843,0.7525
left,3,4,69292,0.0618428400848,0.75,0.76,0.74,0.815,0.753580246914,0.7875,0,0.751603610524,0.74
left,3,5,1356,0.0612260279807,0.79,0.7575,0.775,0.8125,0.831604938272,0.73,0,0.704513155368,0.925
left,0,6,38608,0.0457981892328,0.75,0.7275,0.74,0.67,0.802469135802,0.765,0,0.928980218936,0.7875
left,0,7,76496,0.0420788911616,0.89,0.835,0.9175,0.8975,0.804444444444,0.805,0,0.660072978683,0.9325
left,3,8,44938,0.0398874910554,0.8125,0.75,0.6075,0.6425,0.834567901235,0.465,1,0.717687728058,0.9275
left,0,9,41069,0.02660462833,0.7725,0.8275,0.8525,0.845,0.810864197531,0.8025,0,0.600537737661,0.81
left,3,10,146993,0.00599654509366,0.8125,1.0,1.0,1.0,0.852839506173,0.95,1,0.375840215095,0.8
left,0,11,1500,0.00403890195736,0.6875,0.73,0.5675,0.5825,0.885925925926,0.3875,0,0.909775302477,0.9375
left,0,12,11039,7.8347570843e-44,0.715,0.735,0.7625,0.8425,0.0,0.72,1,0.756097560976,0.8125
left,2,13,145444,0.241504963444,0.725,0.6925,0.755,0.8525,0.861728395062,0.7975,1,0.801728442481,0.795
left,2,14,70707,0.183808106519,0.7225,0.67,0.6675,0.7525,0.849382716049,0.6425,1,0.853082389092,0.8825
left,2,15,140984,0.158431972985,0.645,0.7425,0.755,0.7625,0.916049382716,0.6925,1,0.885730747071,0.8925
left,1,16,18270,0.158431491453,0.645,0.7425,0.6775,0.765,0.95012345679,0.6275,1,0.779181870559,0.7925
left,2,17,16373,0.110836958736,0.6675,0.6925,0.6925,0.65,0.664197530864,0.5975,1,0.880929517957,0.7
left,1,18,2877,0.0916475880444,0.6875,0.635,0.75,0.6725,0.845432098765,0.635,1,0.748454004225,0.8075
left,2,19,56975,0.0762884012083,0.6,0.6975,0.68,0.7325,0.776296296296,0.7175,1,0.928980218936,0.8
left,1,20,1725,0.0705837072784,0.615,0.685,0.6,0.6475,0.760987654321,0.625,1,0.842519685039,0.7425
left,2,21,107898,0.0608812692276,0.605,0.6975,0.7025,0.795,0.761481481481,0.6075,1,0.94430574227,0.6175
left,1,22,767,0.0526930705545,0.7325,0.695,0.6625,0.7,0.900740740741,0.5975,0,0.759938544267,0.8725
left,2,23,7599,0.0403368193128,0.75,0.6,0.5625,0.5675,0.945679012346,0.5325,1,0.8646437488,0.95
left,1,24,864,0.038309796318,0.75,0.69,0.6375,0.71,0.89975308642,0.5625,0,0.87136546956,0.92
left,1,25,630,0.0364905199412,0.7725,0.68,0.6375,0.74,0.762962962963,0.5575,0,0.940503168811,0.6875
left,1,26,143324,0.0305283614385,0.575,0.625,0.66,0.5725,0.697283950617,0.59,1,0.863683502977,0.6775
left,1,27,18392,0.0290642012987,0.5775,0.5975,0.5775,0.595,0.655308641975,0.52,1,0.812944113693,0.725
left,2,28,28484,0.0272985572107,0.605,0.6375,0.625,0.5675,0.935802469136,0.61,1,0.839446898406,0.86
left,1,29,12534,0.0268671620775,0.69,0.665,0.6475,0.6525,0.895308641975,0.5625,0,0.802189360476,0.735
left,1,30,108388,0.0226454982299,0.58,0.5875,0.5475,0.64,0.819259259259,0.6,1,0.840637603226,0.69
left,1,31,7342,0.021996770107,0.59,0.5875,0.545,0.56,0.906172839506,0.52,1,0.813750720184,0.8475
left,2,32,5385,0.0200539265054,0.7625,0.6075,0.5875,0.6,0.944691358025,0.5075,0,0.902093335894,0.8425
left,1,33,29184,0.0188234857395,0.5375,0.62,0.57,0.5725,0.822222222222,0.45,1,0.862684847321,0.775
left,1,34,2335,0.0164717340427,0.75,0.675,0.5825,0.64,0.884444444444,0.485,0,0.905934319186,0.69
left,1,35,134923,0.0142621580775,0.6725,0.7025,0.6825,0.725,0.77037037037,0.68,0,0.879969272134,0.735
left,1,36,79313,0.0130295497227,0.7,0.6175,0.515,0.56,0.788641975309,0.4125,1,0.921759170348,0.765
left,2,37,18312,0.0120627322554,1.0,0.6525,0.4825,0.5275,0.789135802469,0.4825,1,0.938966775495,0.9025
left,1,38,398,0.00712700897599,0.8475,0.66,0.635,0.6325,0.72049382716,0.545,0,0.882888419435,0.61
left,1,39,67299,0.00675609887451,0.5,0.6775,0.6775,0.6825,0.709135802469,0.6625,1,0.932821202228,0.545
left,1,40,138039,0.00607764320386,0.655,0.6375,0.6975,0.63,0.716049382716,0.6075,0,0.856001536393,0.7325
left,1,41,30094,0.000788039975458,0.625,0.675,0.62,0.5625,0.821234567901,0.5825,0,0.919377760707,0.63
left,1,42,996,0.000788039975458,0.625,0.65,0.6,0.6375,0.839012345679,0.5325,0,0.870366813904,0.725
left,2,43,1997,0.00050924149902,0.7775,0.69,0.6625,0.685,0.493827160494,0.59,1,0.890570386019,0.67
left,1,44,70749,0.000474931415053,0.65,0.39,0.36,0.39,0.866172839506,0.365,0,0.890570386019,0.6575
left,1,45,129907,0.000165235506134,0.6075,0.65,0.65,0.63,0.725432098765,0.54,0,0.905895909353,0.65
left,1,46,4819,0.000100282617647,0.6025,0.6725,0.6725,0.715,0.884444444444,0.56,0,0.875168043019,0.7225
left,1,47,20639,4.35288103352e-05,0.5825,0.5275,0.4425,0.415,0.972345679012,0.3375,1,0.864298060303,0.81
left,1,48,108143,7.57460518259e-07,0.5625,0.625,0.485,0.695,0.882469135802,0.73,0,0.876742846169,0.7225
left,1,49,51734,5.2875194262e-07,0.56,0.6825,0.6,0.7225,0.85037037037,0.56,0,0.927021317457,0.7275
left,1,50,1501,1.17623083147e-07,0.55,0.6425,0.505,0.6025,0.775308641975,0.4,0,0.852160553102,0.945
left,1,51,5303,6.59939509241e-09,0.25,0.75,0.4725,0.5,0.787160493827,0.695,1,0.865603994623,0.86
left,1,52,108652,6.36196318336e-09,0.5625,0.565,0.5075,0.6425,0.556049382716,0.44,0,0.945265988093,0.525
left,1,53,80873,1.30074764008e-11,0.5,0.7775,0.735,0.7075,0.818271604938,0.705,0,0.95970808527,0.6325
left,1,54,1927,1.30074764008e-11,0.5,0.66,0.5775,0.5775,0.817283950617,0.52,0,0.814518916843,0.84
left,1,55,9191,1.06940553508e-16,0.5825,0.685,0.605,0.63,0.280987654321,0.5925,0,0.890531976186,0.6825
left,1,56,17703,1.29599877006e-20,0.0,0.605,0.635,0.76,0.982716049383,0.4275,1,0.925100825811,0.595
left,1,57,74635,1.38017459063e-25,0.3825,0.5375,0.5575,0.675,0.769382716049,0.655,0,0.82527367006,0.605
left,1,58,104599,3.02524439112e-38,-0.25,0.61,0.5725,0.595,0.88049382716,0.47,1,0.858075667371,0.6875
left,1,59,40956,3.02524439112e-38,-0.25,0.7825,0.625,0.72,0.647407407407,0.6575,1,0.98893796812,0.595
