left,boolean,ranking,id,score,serviceScore,equipmentScore
left,3,0,69292,inf,0.76,0.74
left,3,1,388,inf,0.7675,0.7575
left,0,2,79262,0.735733633247,0.7575,0.7275
left,0,3,27972,0.658504251141,0.7525,0.7025
left,0,4,819,0.627011070937,0.7225,0.7075
left,0,5,68565,0.59962681101,0.7175,0.695
left,3,6,52992,0.575242630962,0.71,0.75
left,3,7,4977,0.575242630962,0.71,0.725
left,3,8,18270,0.571927133185,0.7425,0.6775
left,3,9,11230,0.554391578305,0.74,0.6725
left,0,10,134923,0.542678597053,0.7025,0.6825
left,3,11,1386,0.520369945312,0.6975,0.7025
left,0,12,5309,0.520369945312,0.6975,0.69
left,0,13,145444,0.497610143525,0.6925,0.755
left,0,14,101,0.493228524467,0.73,0.655
left,0,15,29338,0.484563030132,0.7,0.6525
left,3,16,41708,0.403593204712,0.6725,0.645
left,0,17,70707,0.391732732156,0.67,0.6675
left,0,18,17743,0.368129726708,0.665,0.6725
left,3,19,104688,0.356425711077,0.6625,0.7275
left,3,20,8961,0.356425711077,0.6625,0.6325
left,0,21,7341,0.351343181475,0.7,0.6125
left,0,22,129987,0.333309630872,0.6575,0.6575
left,0,23,9191,0.327927805378,0.685,0.605
left,0,24,1630,0.310709075041,0.6525,0.6325
left,0,25,32060,0.299647203132,0.65,0.65
left,0,26,2335,0.261630961804,0.675,0.5825
left,0,27,142811,0.254669066301,0.675,0.58
left,0,28,129429,0.247794301213,0.68,0.5775
left,0,29,1500,0.221198103558,0.73,0.5675
left,0,30,108351,0.168775887979,0.615,0.65
left,0,31,1942,0.147313887232,0.6075,0.5925
left,3,32,1770,0.134246502348,0.6025,0.5775
left,0,33,7599,0.128067362313,0.6,0.5625
left,0,34,140859,0.128067362313,0.6,0.5975
left,2,35,107870,inf,0.815,0.8125
left,2,36,84558,inf,0.7775,0.7925
left,2,37,80619,inf,0.77,0.7775
left,1,38,2876,inf,0.84,0.795
left,2,39,4805,inf,0.7725,0.74
left,2,40,74604,inf,0.9125,0.83
left,2,41,67160,inf,0.775,0.815
left,2,42,54491,inf,0.7775,0.77
left,2,43,43759,inf,0.8625,0.8175
left,1,44,76496,inf,0.835,0.9175
left,1,45,19745,inf,0.8925,0.8575
left,2,46,136288,inf,0.7925,0.7375
left,2,47,462,inf,0.83,0.7975
left,1,48,930,inf,0.78,0.75
left,1,49,136139,inf,0.785,0.8025
left,2,50,18246,0.738939162916,0.7525,0.785
left,2,51,40956,0.391618637644,0.7825,0.625
left,2,52,147111,0.192580924033,0.6225,0.775
left,1,53,658,0.0819351718798,0.5775,0.54
left,2,54,995,0.0819258128227,0.5775,0.51
left,2,55,39247,0.0777518891838,0.575,0.65
left,1,56,146877,0.0592828618884,0.5625,0.715
left,2,57,15877,0.0395634211801,0.545,0.47
left,2,58,108417,0.0292801086627,0.5325,0.5825
left,2,59,18319,0.00950418604552,0.4825,0.485
left,2,60,28570,0.00665630531655,0.4625,0.5
left,1,61,29229,0.00102333734414,0.3675,0.3475
