left,boolean,ranking,id,score,mealScore,roomScore,equipmentScore,serviceScore,bathScore,distanceScore,locationScore,chargeScore,kinnennScore
left,true_positive,0,570,0.00505931071307,0.8575,0.8625,0.755,0.7825,0.735,0.946172839506,0.8775,0.765700019205,1
left,true_positive,1,80619,0.00345937424092,0.7625,0.825,0.7775,0.77,0.6975,0.977777777778,0.815,0.869406568081,1
left,true_positive,2,1680,0.00084246038752,0.785,0.7275,0.695,0.7925,0.6975,0.875061728395,0.87,0.897484155944,1
left,true_positive,3,8290,0.000622437825759,0.8925,0.8325,0.7825,0.77,0.75,0.88987654321,0.83,0.783022853851,0
left,true_positive,4,18476,0.000604618435291,0.75,0.73,0.7075,0.785,0.6875,0.873086419753,0.8925,0.859804109852,1
left,true_positive,5,135973,0.000486932336934,0.6675,0.7925,0.8,0.7825,0.745,0.901728395062,0.8975,0.8492414058,1
left,true_positive,6,137085,0.000453824792135,0.8475,0.875,0.84,0.8775,0.85,0.814814814815,0.94,0.660418667179,0
left,true_positive,7,108416,0.000379433881687,0.7125,0.8175,0.71,0.805,0.74,0.807407407407,0.805,0.836489341271,1
left,true_positive,8,11275,0.000167933686386,0.825,0.8775,0.7875,0.8225,0.82,0.874074074074,0.8775,0.45938160169,1
left,false_positive,9,79262,0.000119122092558,0.66,0.815,0.7275,0.7575,0.8275,0.897283950617,0.84,0.786863837142,1
left,true_positive,10,610,7.11681934117e-05,0.8225,0.7825,0.6875,0.725,0.615,0.89975308642,0.9175,0.880929517957,0
left,false_positive,11,14112,4.31006726135e-05,0.715,0.77,0.75,0.755,0.705,0.869135802469,0.8175,0.77722296908,0
left,false_positive,12,41703,1.89867605609e-05,0.6975,0.7875,0.735,0.6925,0.685,0.792592592593,0.77,0.784943345496,1
left,false_positive,13,147193,3.78871662109e-06,0.75,0.7825,0.7825,0.7975,0.85,0.643950617284,0.75,0.752294987517,1
left,true_positive,14,41615,1.9542462879e-06,0.9675,0.8475,0.7425,0.92,0.81,0.544691358025,0.8775,0.820741309775,1
left,false_positive,15,136846,2.3236044107e-08,0.7625,0.7925,0.8075,0.805,0.875,0.607407407407,0.6525,0.722681006338,0
left,false_positive,16,5562,3.66003070017e-13,0.6875,0.82,0.775,0.8025,0.7575,0.911111111111,0.9575,0.256769733052,0
left,true_positive,17,74688,2.19942409769e-16,0.75,0.75,0.7,0.775,0.625,0.58024691358,0.5,0.856001536393,1
left,false_negative,18,9518,2.36422314065e-05,0.75,0.725,0.625,0.7,0.675,0.919012345679,0.85,0.870674092568,1
left,false_negative,19,28512,1.87037625412e-05,0.8275,0.725,0.6775,0.765,0.635,0.990617283951,0.7525,0.814518916843,0
left,false_negative,20,38608,8.40825970628e-06,0.75,0.67,0.74,0.7275,0.765,0.802469135802,0.7875,0.928980218936,0
left,false_negative,21,142951,5.12882829416e-06,0.6475,0.805,0.765,0.7375,0.68,0.929382716049,0.785,0.88768964855,0
left,true_negative,22,15878,3.28210174219e-06,0.6925,0.7025,0.6975,0.75,0.65,0.86962962963,0.8,0.769541002497,0
left,true_negative,23,767,1.51872526921e-06,0.7325,0.7,0.6625,0.695,0.5975,0.900740740741,0.8725,0.759938544267,0
left,false_negative,24,2876,8.27916305635e-07,0.6075,0.8175,0.795,0.84,0.89,0.886913580247,0.955,0.602458229307,0
left,true_negative,25,50703,5.3248446097e-07,0.675,0.7,0.7125,0.7325,0.645,0.856296296296,0.74,0.735394661033,0
left,false_negative,26,145305,2.58969473274e-07,0.605,0.7675,0.745,0.6875,0.6575,0.797037037037,0.725,0.909775302477,1
left,true_negative,27,1556,1.35592104136e-07,0.705,0.705,0.6625,0.675,0.6525,0.675555555556,0.7825,0.788745918955,1
left,true_negative,28,32060,8.98722432933e-08,0.75,0.55,0.65,0.65,0.5625,0.947654320988,1.0,0.821432686768,1
left,true_negative,29,129459,4.32920333273e-08,0.605,0.6925,0.6725,0.6875,0.6375,0.838024691358,0.705,0.896331860956,1
left,true_negative,30,10630,3.14402496191e-08,0.58,0.7225,0.6675,0.7275,0.7075,0.76987654321,0.8675,0.680084501632,1
left,true_negative,31,12534,2.53000815985e-08,0.69,0.6525,0.6475,0.665,0.5625,0.895308641975,0.735,0.802189360476,0
left,true_negative,32,50921,2.43045356885e-08,0.8325,0.68,0.5925,0.64,0.5975,0.93975308642,0.7025,0.829076243518,0
left,true_negative,33,8207,1.47698132322e-08,0.6625,0.6575,0.7375,0.6975,0.54,0.704691358025,0.7775,0.885961206069,0
left,true_negative,34,28484,3.30724046203e-09,0.605,0.5675,0.625,0.6375,0.61,0.935802469136,0.86,0.839446898406,1
left,true_negative,35,5385,2.19734762499e-09,0.7625,0.6,0.5875,0.6075,0.5075,0.944691358025,0.8425,0.902093335894,0
left,true_negative,36,2335,5.49714730676e-10,0.75,0.64,0.5825,0.675,0.485,0.884444444444,0.69,0.905934319186,0
left,true_negative,37,398,5.29043511982e-11,0.8475,0.6325,0.635,0.66,0.545,0.72049382716,0.61,0.882888419435,0
left,false_negative,38,18312,5.18182395126e-11,1.0,0.5275,0.4825,0.6525,0.4825,0.789135802469,0.9025,0.938966775495,1
left,true_negative,39,67423,4.06676313735e-11,0.59,0.6875,0.6375,0.705,0.6775,0.652839506173,0.6825,0.938544267332,0
left,true_negative,40,30094,3.40810331175e-11,0.625,0.5625,0.62,0.675,0.5825,0.821234567901,0.63,0.919377760707,0
left,true_negative,41,7342,1.56005470952e-11,0.59,0.56,0.545,0.5875,0.52,0.906172839506,0.8475,0.813750720184,1
left,true_negative,42,1996,2.30666859826e-12,0.62,0.495,0.525,0.67,0.6,0.786666666667,0.7325,0.856001536393,0
left,true_negative,43,995,1.47917385772e-12,0.7875,0.5325,0.51,0.5775,0.52,0.766419753086,0.65,0.867486076436,1
left,true_negative,44,147026,1.64985622805e-13,0.5,0.655,0.615,0.625,0.52,0.815802469136,0.645,0.862684847321,1
left,true_negative,45,658,7.06201418975e-15,0.63,0.59,0.54,0.5775,0.4775,0.656790123457,0.665,0.656270405224,0
left,true_negative,46,7055,1.35277027015e-15,0.8075,0.5675,0.4725,0.54,0.465,0.741234567901,0.6375,0.87136546956,0
left,true_negative,47,39247,1.07796217871e-15,0.5175,0.5525,0.65,0.575,0.595,0.903703703704,0.8475,0.850816208949,0
left,true_negative,48,1927,1.16502254671e-17,0.5,0.5775,0.5775,0.66,0.52,0.817283950617,0.84,0.814518916843,0
left,true_negative,49,104598,8.01536161069e-18,0.5,0.645,0.5825,0.685,0.515,0.854320987654,0.67,0.826963702708,0
left,true_negative,50,20639,9.01462468213e-19,0.5825,0.415,0.4425,0.5275,0.3375,0.972345679012,0.81,0.864298060303,1
left,true_negative,51,129987,2.34817846407e-19,0.5,0.6875,0.6575,0.6575,0.6575,0.686913580247,0.5625,0.930670251584,0
left,true_negative,52,15877,2.73753853028e-23,0.375,0.44,0.47,0.545,0.4325,0.741728395062,0.765,0.978913001728,1
left,true_negative,53,5729,1.03654032644e-23,0.5,0.545,0.5225,0.5,0.41,0.826172839506,0.6375,0.696216631458,0
left,true_negative,54,70749,7.04792756297e-32,0.65,0.39,0.36,0.39,0.365,0.866172839506,0.6575,0.890570386019,0
left,true_negative,55,17938,1.22621984378e-33,0.5,0.2625,0.3125,0.4375,0.4575,0.908148148148,0.7125,0.955867101978,1
left,true_negative,56,29229,1.12243039657e-49,0.4375,0.3475,0.3475,0.3675,0.3075,0.849382716049,0.7725,0.846360668331,0
left,true_negative,57,2465,4.62155682715e-94,-0.25,0.6675,0.7775,0.7225,0.555,0.815308641975,0.7225,0.937007874016,1
left,true_negative,58,104599,1.46776357606e-97,-0.25,0.595,0.5725,0.61,0.47,0.88049382716,0.6875,0.858075667371,1
left,true_negative,59,41042,2.32683980453e-104,-0.25,0.445,0.3475,0.5425,0.515,0.820740740741,0.8325,0.909775302477,1
left,true_negative,60,2605,2.90736300172e-124,-0.25,0.34,0.3025,0.34,0.355,0.803456790123,0.59,0.876742846169,1
