user,id,mealScore,mealScore_pdf,mealScore_cdf,roomScore,roomScore_pdf,roomScore_cdf,equipmentScore,equipmentScore_pdf,equipmentScore_cdf,serviceScore,serviceScore_pdf,serviceScore_cdf,locationScore,locationScore_pdf,locationScore_cdf,distanceScore,distanceScore_pdf,distanceScore_cdf
10,101,0.6975,3.79512034382,0.35909535949874544,0.6000000000000001,0.265870963572,0.006303611295802097,0.655,3.29517915824,0.11811323985896514,0.73,6.0780561198,0.35225607792064173,0.9400000000000001,1.8282641656,0.9186781989509283,0.9797530864197531,1.45581276022,0.8937397411575696
10,192,0.6675,3.25463718162,0.25276077156038435,0.6775,2.34526446012,0.08887415309307986,0.63,1.85694723536,0.054444036393308685,0.66,2.02670995164,0.0587660889984661,0.745,2.96856184226,0.15379829077531165,0.755061728395061,2.53357164763,0.3020972472741673
10,223,0.5825,1.26595418294,0.06193746792198921,0.605,0.319165944513,0.007762860728048807,0.6375000000000001,2.24915132977,0.06981643487117882,0.6775,3.08432684407,0.10319977082866079,0.605,0.106626672116,0.0027852444760438303,0.8103703703703701,3.06806111205,0.45918902352984486
10,388,0.7825000000000001,3.62154440979,0.6936557222806113,0.7675000000000001,5.46615965821,0.471325416922988,0.7575000000000001,5.1987413778,0.6681429045590164,0.7675000000000001,5.8712581308,0.584214565647049,0.915,2.69160885568,0.8624470422580388,0.851358024691358,3.08760229426,0.586591414920052
10,398,0.847499999999999,2.10522098915,0.88263289710992,0.6325000000000001,0.785234860952,0.022208330760679202,0.635,2.11392072966,0.06436349465205449,0.66,2.02670995164,0.0587660889984661,0.61,0.126559048584,0.003366971494728677,0.720493827160493,2.03576424202,0.22296543601927687
10,462,0.7075,3.91596110298,0.39767922303572273,0.68,2.4585128458,0.0948784715860333,0.7975000000000001,3.04319077453,0.8331766684510604,0.8300000000000001,2.5265146443,0.8487013720072741,0.79,4.48849223275,0.32370015867969976,0.810864197530864,3.07044469609,0.4607047060340011
10,509,0.8225,2.74398665108,0.8219999293907214,0.6950000000000001,3.16737362188,0.13702544648261888,0.6375000000000001,2.24915132977,0.06981643487117882,0.6950000000000001,4.25894929255,0.16741895899747664,0.919999999999999,2.50961146817,0.8754487927813991,0.9125925925925921,2.49548875638,0.7607363370442852
10,568,0.5675,0.987396116461,0.04508841608201881,0.6625,1.71519231156,0.058537141751888996,0.685,5.13383070584,0.24529888281392973,0.7975000000000001,4.31727308286,0.7387103272993764,0.9450000000000001,1.67380554937,0.9274303168960388,0.9432098765432091,2.02970705225,0.8301479350520593
10,570,0.857499999999999,1.85419559895,0.9024236575318605,0.8625,2.61498603941,0.8883121203496371,0.754999999999999,5.31770819022,0.6549962911692185,0.7825000000000001,5.17768458922,0.6673845541430047,0.8775000000000001,4.03856660062,0.7357429187414598,0.946172839506172,1.98256708081,0.836092075794421
10,610,0.8225,2.74398665108,0.8219999293907214,0.7825000000000001,5.38342826647,0.5529678417273896,0.6875,5.2637895219,0.2582972076905348,0.725,5.91380329313,0.3222590091910614,0.9175000000000001,2.60022001125,0.8690616811906203,0.899753086419753,2.66796174455,0.7275681201462242
10,630,0.7725000000000001,3.78003298112,0.6566217827295546,0.74,5.04276332895,0.3251432621195927,0.6375000000000001,2.24915132977,0.06981643487117882,0.68,3.24911329684,0.11111609353088876,0.6875,1.09862821768,0.040875132270130954,0.7629629629629631,2.63618565848,0.32252507143614795
10,658,0.63,2.36010997822,0.14709968541010807,0.59,0.181276766326,0.0040904935965532145,0.54,0.0507833848671,0.0008849767575783692,0.5775,0.077327506676,0.0013862208077230853,0.665,0.646113613339,0.02156806436136964,0.65679012345679,1.15722024194,0.1224018403387383
10,659,0.62,2.11271182315,0.12473843857075058,0.645,1.11529750105,0.03400185675971884,0.5925,0.553942068504,0.012643608467062894,0.6125,0.398338074435,0.008440206681233575,0.65,0.433978297031,0.01354921261645065,0.622222222222222,0.80608113727,0.08877690993090451
10,716,0.8025,3.2215744158,0.7622509650286702,0.8325,3.88746826487,0.7907539145021607,0.715,6.1515382892,0.4178018958077797,0.7225,5.81644911382,0.30759416088118324,0.735,2.59279695445,0.12599725524950223,0.819259259259259,3.10319716336,0.4866291041311247
10,767,0.7325,4.05758607658,0.49784662269318963,0.7000000000000001,3.40817219037,0.15346455181391477,0.6625,3.77443740832,0.14462048881469217,0.6950000000000001,4.25894929255,0.16741895899747664,0.8725,4.19496113059,0.715155016192993,0.9007407407407401,2.65538978793,0.7301969460851281
10,839,0.735,4.0583800482,0.5079920968242075,0.845,3.3594163607,0.8360669046316207,0.7875000000000001,3.57163983717,0.8001351361943602,0.8150000000000001,3.29506783763,0.8052145829922515,0.925,2.33129917861,0.8875493059018986,1.0,1.16467755984,0.9202185305788195
10,858,0.5675,0.987396116461,0.04508841608201881,0.65,1.27038328827,0.03996052357277091,0.635,2.11392072966,0.06436349465205449,0.61,0.358618629954,0.007494729889282736,0.6475000000000001,0.404741281201,0.012501152844487407,0.631604938271604,0.890777165595,0.09673133066337009
10,864,0.75,4.01121368672,0.5686249217252742,0.71,3.8814259783,0.1899277695125824,0.6375000000000001,2.24915132977,0.06981643487117882,0.6900000000000001,3.92252866162,0.146963303072624,0.919999999999999,2.50961146817,0.8754487927813991,0.899753086419753,2.66796174455,0.7275681201462242
10,922,0.4525,0.0625391946243,0.0018490137946206532,0.5750000000000001,0.0976649613234,0.0020537690837012113,0.595,0.608328637687,0.014095609949479483,0.605,0.289017477777,0.005880876361168065,0.6825,0.983117048757,0.03567441022214907,0.5837037037037031,0.536071394766,0.06330911241245074
10,930,0.7125,3.96320201276,0.4173809140683249,0.7925000000000001,5.21403065428,0.6060260131501921,0.75,5.53899237132,0.6278446247766905,0.78,5.30897184536,0.6542751920407871,0.885,3.78764236476,0.7651021032853589,0.750123456790123,2.46652419977,0.2897504988311512
10,995,0.7875000000000001,3.53108388384,0.7115402260489958,0.5325,0.0127063743377,0.0002234026270689551,0.51,0.00914836205097,0.00014207519375520792,0.5775,0.077327506676,0.0013862208077230853,0.65,0.433978297031,0.01354921261645065,0.7664197530864191,2.67900155524,0.3317122071388705
10,996,0.625,2.23598130371,0.13560969309533663,0.6375000000000001,0.907507064381,0.026434864391608484,0.6000000000000001,0.729575969491,0.017433256989855338,0.65,1.52629029216,0.04107259700352149,0.725,2.22906674078,0.10190201466915842,0.8390123456790121,3.12033583526,0.5482366320445602
10,1119,0.5,0.235175623469,0.00817295749298157,0.58,0.120732016914,0.0025979911900124676,0.545,0.0659788279282,0.0011753966276388137,0.6000000000000001,0.231179250691,0.004584954363224828,0.7325,2.50035086181,0.11963099538673687,0.8874074074074071,2.81363587691,0.6937083500102501
10,1128,0.8700000000000001,1.55463851772,0.9237087765134108,0.6775,2.34526446012,0.08887415309307986,0.6925,5.50350894525,0.2852273228492488,0.7425,6.29428530416,0.42988287325265545,0.7725000000000001,3.96988707535,0.24948395249633676,0.7935802469135801,2.95839970409,0.4085204402642596
10,1186,0.5750000000000001,1.12156566979,0.052990504567635544,0.6625,1.71519231156,0.058537141751888996,0.6175,1.29988416919,0.03484450532567616,0.7225,5.81644911382,0.30759416088118324,0.67,0.732021292042,0.02501005808792886,0.712592592592592,1.91782213122,0.20734654775197853
10,1356,0.79,3.48328425758,0.7203085306876205,0.8125,4.65195882022,0.7051218481101003,0.774999999999999,4.26739747821,0.75115827628256,0.7575000000000001,6.1697349121,0.5238796966202174,0.925,2.33129917861,0.8875493059018986,0.8316049382716041,3.12392850514,0.5251022657816893
10,1357,0.76,3.93128113388,0.6083689360765568,0.8075000000000001,4.81610078033,0.6814460273226552,0.78,3.98734914325,0.7717952510423934,0.8025,4.01922600032,0.7595514025689932,0.835,4.93378694842,0.5412382432739298,0.6083950617283951,0.695330691013,0.07841570469066586
10,1386,0.5825,1.26595418294,0.06193746792198921,0.7425,5.11088145681,0.33783645371382404,0.7025,5.88694378281,0.34229509586714424,0.6975,4.42467756777,0.17827396299812823,0.8600000000000001,4.53621952361,0.6605036641280433,0.866666666666666,3.00196929886,0.6332647860659624
10,1404,0.75,4.01121368672,0.5686249217252742,0.7875000000000001,5.30936256391,0.5797089678821019,0.6725,4.40783118692,0.18555070350836414,0.6725,2.76289929092,0.08858677598782182,0.75,3.15761599652,0.169113917149389,0.575802469135802,0.494429614881,0.05924072824208976
10,1500,0.6875,3.64187667953,0.321884911993975,0.5825,0.133939351444,0.002916083696460791,0.5675,0.196191078012,0.0038960876810807668,0.73,6.0780561198,0.35225607792064173,0.9375,1.90817720561,0.9140080077609505,0.8859259259259251,2.82957104159,0.6895281531946928
10,1501,0.55,0.715570984959,0.03027217021027716,0.6025,0.291515609728,0.006999937616079873,0.505,0.00672011934208,0.00010269531321184202,0.6425000000000001,1.2085336069,0.0308482204564787,0.9450000000000001,1.67380554937,0.9274303168960388,0.775308641975308,2.78236304836,0.35599250336367294
10,1511,0.6075,1.81191102881,0.10022305085723651,0.54,0.0187812010207,0.0003401294612182095,0.52,0.0166351531857,0.00026755184858463907,0.6125,0.398338074435,0.008440206681233575,0.8700000000000001,4.26928321088,0.7045741380275293,0.724444444444444,2.09472347554,0.23112446463589842
10,1556,0.705,3.88897713474,0.38792259051735106,0.705,3.64708267991,0.1711040276525827,0.6625,3.77443740832,0.14462048881469217,0.675,2.92209155679,0.09569233218182598,0.7825000000000001,4.28367949608,0.2907861796584088,0.675555555555555,1.39109939475,0.14626803711014247
10,1630,0.8525,1.97875958468,0.8928421796303223,0.6825,2.57358242603,0.10116823544819342,0.6325000000000001,1.9831201768,0.05924313846138659,0.6525000000000001,1.64329269703,0.04503342791810613,0.64,0.32641452812,0.00976784761801167,0.6335802469135801,0.909614245846,0.09850943709082481
10,1667,0.75,4.01121368672,0.5686249217252742,0.6175,0.491196158194,0.012765787816868919,0.6625,3.77443740832,0.14462048881469217,0.68,3.24911329684,0.11111609353088876,0.8,4.71149805121,0.36975147605069253,0.902222222222222,2.63629865461,0.7341167494623099
10,1680,0.784999999999999,3.57719407895,0.7026545191965152,0.7275,4.62649057402,0.2645862374526739,0.6950000000000001,5.61213166531,0.29912352833743955,0.7925000000000001,4.6132446679,0.7163821056605867,0.8700000000000001,4.26928321088,0.7045741380275293,0.875061728395061,2.93511527741,0.6581952842991874
10,1725,0.615,1.99086618648,0.11448019973998061,0.6475000000000001,1.19117972695,0.0368842608714463,0.6000000000000001,0.729575969491,0.017433256989855338,0.685,3.58416651058,0.1281968858988585,0.7425,2.87405853737,0.1464950507207601,0.760987654320987,2.61112461038,0.3173424739760946
10,1764,0.7725000000000001,3.78003298112,0.6566217827295546,0.7425,5.11088145681,0.33783645371382404,0.67,4.25192174198,0.1747255181458868,0.7075,5.05388127853,0.22572163239833698,0.857499999999999,4.59445350215,0.6490895604470023,0.880987654320987,2.88007754737,0.6754285749671544
10,1770,0.635,2.48450063991,0.15921123106647264,0.64,0.973481488384,0.028785420272706547,0.5775,0.303787256991,0.00636288954975956,0.6025,0.258727464541,0.005196786794525496,0.835,4.93378694842,0.5412382432739298,0.722962962962963,2.07262887952,0.228037534058809
10,1799,0.8250000000000001,2.68101181222,0.8287812768035963,0.885,1.73860780296,0.9370316532666673,0.8400000000000001,1.41702438489,0.9240852914495232,0.81,3.57859274833,0.7880348386060589,0.8,4.71149805121,0.36975147605069253,0.7614814814814811,2.61742890269,0.31863347589958924
10,1872,0.6075,1.81191102881,0.10022305085723651,0.6475000000000001,1.19117972695,0.0368842608714463,0.6075,0.944973592215,0.023686733989842446,0.66,2.02670995164,0.0587660889984661,0.9475,1.59938606218,0.9315214064694657,0.7866666666666661,2.89814628313,0.38827085009031087
10,1927,0.5,0.235175623469,0.00817295749298157,0.5775,0.108667418017,0.0023114714320419923,0.5775,0.303787256991,0.00636288954975956,0.66,2.02670995164,0.0587660889984661,0.8400000000000001,4.88937588199,0.5658039486338329,0.8172839506172841,3.09682579747,0.4805054879398999
10,1996,0.62,2.11271182315,0.12473843857075058,0.495,0.00147689370757,2.2638285910886914e-05,0.525,0.0222132823886,0.0003640551269541688,0.67,2.60719855861,0.08187492487642063,0.7325,2.50035086181,0.11963099538673687,0.7866666666666661,2.89814628313,0.38827085009031087
10,1997,0.7775000000000001,3.7046969863,0.6753369643182233,0.685,2.6902350054,0.10774770332523763,0.6625,3.77443740832,0.14462048881469217,0.6900000000000001,3.92252866162,0.146963303072624,0.67,0.732021292042,0.02501005808792886,0.493827160493827,0.240717184041,0.030886825617094618
10,2335,0.75,4.01121368672,0.5686249217252742,0.64,0.973481488384,0.028785420272706547,0.5825,0.373884260428,0.008052043238498542,0.675,2.92209155679,0.09569233218182598,0.6900000000000001,1.15966512428,0.04369754290481303,0.884444444444444,2.8451500308,0.6853246117043515
10,2465,-0.25,9.03207584751e-24,7.953720984641587e-26,0.6675,1.91465116293,0.0676069441935177,0.7775000000000001,4.12740554864,0.761651847355062,0.7225,5.81644911382,0.30759416088118324,0.7225,2.14110929136,0.09643958262300635,0.8153086419753081,3.08962723597,0.4743952752812698
10,2605,-0.25,9.03207584751e-24,7.953720984641587e-26,0.339999999999999,6.05759025415e-09,6.024904935959092e-11,0.3025,3.43399193502e-09,4.326417667046929e-11,0.339999999999999,4.69920388251e-08,6.863008431598796e-10,0.59,0.0623235756386,0.0015441962744652303,0.803456790123456,3.02951843959,0.43810545579798016
10,2876,0.6075,1.81191102881,0.10022305085723651,0.8174999999999991,4.47514496822,0.7279444949161714,0.794999999999999,3.17147481877,0.825408940129153,0.8400000000000001,2.09966566791,0.8717712554912934,0.9550000000000001,1.38795331524,0.9427126566339549,0.886913580246913,2.81898674355,0.6923175773908702
10,2877,0.6875,3.64187667953,0.321884911993975,0.6725,2.12510002327,0.07770198626782755,0.75,5.53899237132,0.6278446247766905,0.635,0.940125903657,0.02282102894006104,0.8075000000000001,4.83581784842,0.40557827085646975,0.845432098765432,3.1074601263,0.5682319226110357
10,2958,0.6825,3.55431341389,0.3038915826827169,0.5325,0.0127063743377,0.0002234026270689551,0.59,0.503484762006,0.011322625072765501,0.65,1.52629029216,0.04107259700352149,0.8775000000000001,4.03856660062,0.7357429187414598,0.9797530864197531,1.45581276022,0.8937397411575696
10,4771,0.6025,1.69584467675,0.09145486382394154,0.705,3.64708267991,0.1711040276525827,0.635,2.11392072966,0.06436349465205449,0.705,4.90312662749,0.21327428264985737,0.8975000000000001,3.33962409997,0.8096765205019386,0.79753086419753,2.98903505176,0.4202693966231009
10,4778,0.7875000000000001,3.53108388384,0.7115402260489958,0.774999999999999,5.45185765803,0.5123025995978031,0.7125,6.11929144065,0.4024611490222693,0.6875,3.75325111329,0.1373685495932741,0.9400000000000001,1.8282641656,0.9186781989509283,0.941234567901234,2.06105032249,0.8261076677865935
10,4801,0.7075,3.91596110298,0.39767922303572273,0.64,0.973481488384,0.028785420272706547,0.625,1.61909001335,0.04576212987180664,0.735,6.1989890511,0.38296731453506766,0.764999999999999,3.71106960905,0.22066994255431263,0.8103703703703701,3.06806111205,0.45918902352984486
10,4805,0.7675000000000001,3.8470918689,0.6375504325588556,0.8400000000000001,3.57282868839,0.8187355451091144,0.74,5.89882265535,0.5705538677889934,0.7725000000000001,5.66790183985,0.6130758952429477,0.9125000000000001,2.78362725212,0.8556031120780047,0.940246913580246,2.07668978626,0.8240643374075735
10,4819,0.6025,1.69584467675,0.09145486382394154,0.715,4.10847150004,0.20990612396861516,0.6725,4.40783118692,0.18555070350836414,0.6725,2.76289929092,0.08858677598782182,0.7225,2.14110929136,0.09643958262300635,0.884444444444444,2.8451500308,0.6853246117043515
10,4977,0.64,2.60852835324,0.17194408814382267,0.685,2.6902350054,0.10774770332523763,0.725,6.1737668425,0.4795708267173131,0.71,5.19903838412,0.23853902401857746,0.8500000000000001,4.74610306145,0.6140401522573157,0.7970370370370371,2.98536204748,0.4187942349845888
10,5024,0.67,3.30799086261,0.26096431024169553,0.7625000000000001,5.44459753877,0.4440380651001581,0.6525000000000001,3.13768124253,0.11007252635766444,0.7000000000000001,4.58777903238,0.18954015810094307,0.7425,2.87405853737,0.1464950507207601,0.9032098765432091,2.62341926322,0.736714150900682
10,5041,0.75,4.01121368672,0.5686249217252742,0.47750000000000004,0.000483079326007,6.9835668273472915e-06,0.454999999999999,0.000229809286067,3.179350090314306e-06,0.41000000000000003,3.67293675307e-06,6.110435972676652e-08,0.6375000000000001,0.303241933285,0.008981068854792527,0.8246913580246911,3.11640234264,0.503524724236057
10,5303,0.25,1.1586085868e-05,2.059842229839177e-07,0.5,0.00200571922799,3.1281711757971776e-05,0.47250000000000003,0.000788398989372,1.1136458946332982e-05,0.75,6.28372352906,0.4771164643455503,0.8600000000000001,4.53621952361,0.6605036641280433,0.78716049382716,2.90271982173,0.38970316437142455
10,5309,0.6950000000000001,3.75970490103,0.34965141114293535,0.6950000000000001,3.16737362188,0.13702544648261888,0.6900000000000001,5.38721017741,0.27161238127224424,0.6975,4.42467756777,0.17827396299812823,0.7675000000000001,3.79915977674,0.23005807125483446,0.9041975308641971,2.61042111353,0.7392987731069408
10,5385,0.7625000000000001,3.90546478816,0.6181653436990083,0.6000000000000001,0.265870963572,0.006303611295802097,0.5875,0.45677793944,0.010123059154153985,0.6075,0.322247060604,0.0066443236951032394,0.8425,4.86022689117,0.5779919025218475,0.9446913580246911,2.00615271687,0.8331374651626597
10,5562,0.6875,3.64187667953,0.321884911993975,0.8200000000000001,4.38257536854,0.739017182549155,0.774999999999999,4.26739747821,0.75115827628256,0.8025,4.01922600032,0.7595514025689932,0.9575,1.32153521101,0.9460990879016968,0.9111111111111111,2.5163146081,0.7570238631371115
10,5627,0.6675,3.25463718162,0.25276077156038435,0.66,1.61990282335,0.0543689080732092,0.5225000000000001,0.0192389113469,0.0003123217420193296,0.59,0.144663545005,0.0027349148845083313,0.59,0.0623235756386,0.0015441962744652303,0.7688888888888881,2.70872477372,0.33836387340661755
10,5729,0.5,0.235175623469,0.00817295749298157,0.545,0.0241917378844,0.00044704400594070334,0.5225000000000001,0.0192389113469,0.0003123217420193296,0.5,0.000763448250072,1.2401450737615353e-05,0.6375000000000001,0.303241933285,0.008981068854792527,0.826172839506172,3.11889480575,0.5081435218634367
10,7055,0.8075000000000001,3.10777934245,0.7780762428376606,0.5675,0.0702799716977,0.0014289109101336117,0.47250000000000003,0.000788398989372,1.1136458946332982e-05,0.54,0.00930268301049,0.00015025755741118976,0.6375000000000001,0.303241933285,0.008981068854792527,0.7412345679012341,2.34134123361,0.2683783976113694
10,7341,0.5,0.235175623469,0.00817295749298157,0.754999999999999,5.36519776787,0.4034661443967295,0.6125,1.11244824396,0.028822092454471523,0.7000000000000001,4.58777903238,0.18954015810094307,0.7675000000000001,3.79915977674,0.23005807125483446,0.8864197530864191,2.82429855167,0.6909241720015693
10,7342,0.59,1.41999173499,0.07200396019617653,0.56,0.0499096778438,0.0009820578295081535,0.545,0.0659788279282,0.0011753966276388137,0.5875,0.128082067738,0.0023943524067712454,0.847499999999999,4.78848345108,0.6021210355388048,0.9061728395061721,2.58407827554,0.744429217858762
10,7343,0.6325000000000001,2.42231102925,0.15307770593005407,0.715,4.10847150004,0.20990612396861516,0.6875,5.2637895219,0.2582972076905348,0.7075,5.05388127853,0.22572163239833698,0.9125000000000001,2.78362725212,0.8556031120780047,0.9619753086419751,1.73105911114,0.8654317644282103
10,7588,0.6025,1.69584467675,0.09145486382394154,0.6175,0.491196158194,0.012765787816868919,0.6725,4.40783118692,0.18555070350836414,0.6950000000000001,4.25894929255,0.16741895899747664,0.8150000000000001,4.9197716162,0.44218774314664444,0.958024691358024,1.79368547285,0.858469413242532
10,7599,0.75,4.01121368672,0.5686249217252742,0.5675,0.0702799716977,0.0014289109101336117,0.5625,0.155949215012,0.003019052373484663,0.6000000000000001,0.231179250691,0.004584954363224828,0.9500000000000001,1.52691021974,0.9354288671307708,0.9456790123456791,1.99043194743,0.8351110882671159
10,7903,0.75,4.01121368672,0.5686249217252742,0.645,1.11529750105,0.03400185675971884,0.6425000000000001,2.53192206298,0.08176258527193492,0.68,3.24911329684,0.11111609353088876,0.64,0.32641452812,0.00976784761801167,0.6716049382716051,1.33956577353,0.14087450958037973
10,8207,0.6625,3.14448273813,0.23676114835223924,0.6575000000000001,1.52770722225,0.050435048908390234,0.7375,5.96846189389,0.5557179198130515,0.6975,4.42467756777,0.17827396299812823,0.7775000000000001,4.13194295542,0.26974248771100273,0.7046913580246911,1.80072983073,0.19265686458599812
10,8290,0.8925000000000001,1.07623318457,0.9531382897719058,0.8325,3.88746826487,0.7907539145021607,0.7825000000000001,3.84772779731,0.781588956436179,0.77,5.77360916417,0.5987723932972153,0.8300000000000001,4.95924737406,0.5164976757716896,0.8898765432098761,2.78630487066,0.7006220532775496
10,8961,0.535,0.528145217684,0.020995536119345563,0.6025,0.291515609728,0.006999937616079873,0.6325000000000001,1.9831201768,0.05924313846138659,0.6625,2.16485846425,0.06400451722841767,0.9075000000000001,2.96891272668,0.8412222719583583,0.835555555555555,3.12351669975,0.5374440298774816
10,9191,0.5825,1.26595418294,0.06193746792198921,0.63,0.728829302989,0.020316396776090675,0.605,0.868514999532,0.02142086588812607,0.685,3.58416651058,0.1281968858988585,0.6825,0.983117048757,0.03567441022214907,0.28098765432098705,0.0486204338584,0.004492714255723085
10,9518,0.75,4.01121368672,0.5686249217252742,0.725,4.52985569431,0.25313998157529083,0.625,1.61909001335,0.04576212987180664,0.7000000000000001,4.58777903238,0.18954015810094307,0.8500000000000001,4.74610306145,0.6140401522573157,0.919012345679012,2.40287789047,0.7764614549377822
10,10630,0.58,1.2167195012,0.0588343522098214,0.7225,4.42942152001,0.24194012539410037,0.6675,4.0939630876,0.16429280218371986,0.7275,6.00115626009,0.33715484147583935,0.867499999999999,4.34075877774,0.6938109723650612,0.7698765432098761,2.72040370997,0.3410449345982764
10,10672,-0.25,9.03207584751e-24,7.953720984641587e-26,0.6425000000000001,1.04273609367,0.03130500564229193,0.535,0.0388153971283,0.0006621895422524765,0.6075,0.322247060604,0.0066443236951032394,0.9275,2.24385710969,0.8932679917466492,0.72395061728395,2.08736127269,0.2300918509986686
10,11039,0.715,3.98337950508,0.42731462550713073,0.8425,3.46634655749,0.8275346292005135,0.7625000000000001,4.9471996298,0.6935146344819418,0.735,6.1989890511,0.38296731453506766,0.8125,4.89642466266,0.4299165188685626,0.0,0.00164211931628,0.00010115450921323164
10,11140,0.5275000000000001,0.449378702302,0.01733580327916183,0.6325000000000001,0.785234860952,0.022208330760679202,0.5775,0.303787256991,0.00636288954975956,0.6975,4.42467756777,0.17827396299812823,0.7825000000000001,4.28367949608,0.2907861796584088,0.245432098765432,0.034709937884,0.0030219366309306582
10,11230,0.6825,3.55431341389,0.3038915826827169,0.6950000000000001,3.16737362188,0.13702544648261888,0.6725,4.40783118692,0.18555070350836414,0.74,6.27423596001,0.41416976398994787,0.8975000000000001,3.33962409997,0.8096765205019386,0.8301234567901231,3.12319745562,0.5204747055196354
10,11275,0.8250000000000001,2.68101181222,0.8287812768035963,0.8775000000000001,2.01482014603,0.9229679611239852,0.7875000000000001,3.57163983717,0.8001351361943602,0.8225,2.89325455537,0.828400987733464,0.8775000000000001,4.03856660062,0.7357429187414598,0.8740740740740741,2.94367161279,0.6552921648493634
10,12534,0.6900000000000001,3.68302102077,0.3310414121517552,0.6525000000000001,1.35289435266,0.04323893398621977,0.6475000000000001,2.82908540525,0.09515967740899131,0.665,2.30784222008,0.06959441192925524,0.735,2.59279695445,0.12599725524950223,0.895308641975308,2.72292816857,0.7155873715834309
10,14112,0.715,3.98337950508,0.42731462550713073,0.77,5.46755906286,0.484993861406547,0.75,5.53899237132,0.6278446247766905,0.754999999999999,6.21884066126,0.5083917183721323,0.8174999999999991,4.93838968163,0.45451143582571996,0.869135802469135,2.98370835208,0.640654756671529
10,15812,0.5475,0.6814650138,0.028526118674987902,0.5675,0.0702799716977,0.0014289109101336117,0.5750000000000001,0.273079495041,0.00564237761945333,0.62,0.539665092888,0.011935959783681682,0.7125,1.80472939223,0.07673235156718647,0.8222222222222221,3.11118910546,0.4958360679708753
10,15877,0.375,0.0041016388494,9.701299919959737e-05,0.43999999999999906,3.45696940146e-05,4.4514083506114274e-07,0.47000000000000003,0.000662894069714,9.326719495097805e-06,0.545,0.0125587326178,0.0002045248946746977,0.764999999999999,3.71106960905,0.22066994255431263,0.741728395061728,2.34842376846,0.2695363648236795
10,15878,0.6925,3.72231824005,0.34029847775623684,0.7025,3.52802899168,0.16213493571219714,0.6975,5.71255851251,0.3132811502014317,0.75,6.28372352906,0.4771164643455503,0.8,4.71149805121,0.36975147605069253,0.8696296296296291,2.97991385435,0.6421272579199109
10,16373,0.6675,3.25463718162,0.25276077156038435,0.65,1.27038328827,0.03996052357277091,0.6925,5.50350894525,0.2852273228492488,0.6925,4.09132711829,0.15698079435852516,0.7000000000000001,1.42555211997,0.05659484333993143,0.6641975308641971,1.24616053958,0.13130041165592438
10,17703,0.0,3.91099694211e-13,4.614967250685894e-15,0.76,5.42439286356,0.43045051796681677,0.635,2.11392072966,0.06436349465205449,0.605,0.289017477777,0.005880876361168065,0.595,0.0748238596258,0.0018862212053043868,0.9827160493827161,1.41144980732,0.8979874076007188
10,17743,0.5,0.235175623469,0.00817295749298157,0.6825,2.57358242603,0.10116823544819342,0.6725,4.40783118692,0.18555070350836414,0.665,2.30784222008,0.06959441192925524,0.784999999999999,4.35517946016,0.3015853937241885,0.8755555555555551,2.93076983257,0.659643652831409
10,17938,0.5,0.235175623469,0.00817295749298157,0.262499999999999,1.47424842856e-12,1.2447816704243138e-14,0.3125,7.40992562135e-09,9.501822737408558e-11,0.4375,1.79936248335e-05,3.0947397591915473e-07,0.7125,1.80472939223,0.07673235156718647,0.908148148148148,2.55728974294,0.7495071839397262
10,17979,0.7125,3.96320201276,0.4173809140683249,0.6825,2.57358242603,0.10116823544819342,0.6525000000000001,3.13768124253,0.11007252635766444,0.7325,6.14411024403,0.3675360822086144,0.6775,0.876298211928,0.031029469475590404,0.752592592592592,2.50030087806,0.29588248172921194
10,18166,0.6125,1.93064379409,0.10957842062871301,0.6625,1.71519231156,0.058537141751888996,0.5875,0.45677793944,0.010123059154153985,0.64,1.1136645693,0.027946612719402044,0.8825000000000001,3.87318727711,0.7555257056109254,0.997037037037037,1.20536981166,0.9167075267762729
10,18246,0.774999999999999,3.7433720108,0.6660264645220864,0.78,5.41206961378,0.539472277560217,0.784999999999999,3.70901174309,0.7910346453116197,0.7525000000000001,6.25693571256,0.49279467064792987,0.8725,4.19496113059,0.715155016192993,0.9624691358024691,1.72325563023,0.8662846813919344
10,18248,0.9175000000000001,0.660731005496,0.974580590312826,0.7725000000000001,5.46276743645,0.49865805248646494,0.7475,5.64012660104,0.6138693053739966,0.8625,1.39873990558,0.910489682056586,0.9075000000000001,2.96891272668,0.8412222719583583,0.8562962962962961,3.06530113294,0.6017858992572573
10,18270,0.645,2.73154575626,0.1852948316798325,0.764999999999999,5.45851642866,0.4576682668854782,0.6775,4.71090114074,0.20835312224976638,0.7425,6.29428530416,0.42988287325265545,0.7925000000000001,4.54994488062,0.3349989579152351,0.9501234567901231,1.91957890448,0.8438000488851296
10,18297,0.75,4.01121368672,0.5686249217252742,0.7525000000000001,5.32630046507,0.3901004915962533,0.745,5.73416379652,0.5996499066664884,0.745,6.30252472854,0.44563134690854267,0.8525,4.69954586701,0.6258480698716938,0.853333333333333,3.07930343139,0.5926823231622352
10,18311,0.75,4.01121368672,0.5686249217252742,0.42000000000000004,7.39822078122e-06,8.999037713951116e-08,0.382499999999999,1.21814220017e-06,1.701035903027843e-08,0.58,0.0879540933521,0.001592567293747195,0.8300000000000001,4.95924737406,0.5164976757716896,0.838024691358024,3.12151323395,0.54515421976629
10,18312,1.0,0.0706345115751,0.9980771527980042,0.5275000000000001,0.00972066952302,0.00016764055866606915,0.48250000000000004,0.00156022411611,2.2461093226276874e-05,0.6525000000000001,1.64329269703,0.04503342791810613,0.9025000000000001,3.15472781583,0.8259130965557929,0.7891358024691351,2.92060624989,0.3954547055609716
10,18319,0.47750000000000004,0.129741538642,0.0041651051338706824,0.53,0.0111218753178,0.00019365762714538932,0.485,0.0018450418245,2.6708174447817244e-05,0.48250000000000004,0.000256370945549,4.287507505261743e-06,0.7525000000000001,3.25178690903,0.17712575403634473,0.8538271604938271,3.07709877514,0.5942024246051456
10,18392,0.5775,1.1685829755,0.05585295520337185,0.595,0.220181014961,0.0050914772337964315,0.5775,0.303787256991,0.00636288954975956,0.5975,0.206180719712,0.0040387659863794344,0.725,2.22906674078,0.10190201466915842,0.655308641975308,1.13999035525,0.12070022620989915
10,18476,0.75,4.01121368672,0.5686249217252742,0.73,4.71902827412,0.2762690197471838,0.7075,6.02335661902,0.37208725586242114,0.784999999999999,5.04175527502,0.6801597465379159,0.8925000000000001,3.52206997874,0.7925209360063079,0.8730864197530861,2.95204713188,0.6523806838516967
10,18739,0.6875,3.64187667953,0.321884911993975,0.754999999999999,5.36519776787,0.4034661443967295,0.6925,5.50350894525,0.2852273228492488,0.745,6.30252472854,0.44563134690854267,0.847499999999999,4.78848345108,0.6021210355388048,0.7308641975308641,2.19005248825,0.24487850824690266
10,18763,-0.25,9.03207584751e-24,7.953720984641587e-26,0.29250000000000004,4.36724362373e-11,3.9169274542420466e-13,0.29250000000000004,1.56945028432e-09,1.9423432018304702e-11,0.5825,0.0998685009242,0.0018270642204553426,0.9575,1.32153521101,0.9460990879016968,0.955555555555555,1.83296711924,0.8539920818395946
10,19718,0.875,1.44080924082,0.9311957910682439,0.77,5.46755906286,0.484993861406547,0.6925,5.50350894525,0.2852273228492488,0.9225000000000001,0.597737124607,0.9657198715590967,0.905,3.06184243706,0.8336838375709067,0.8444444444444441,3.11002851343,0.5651615403279432
10,19745,-0.25,9.03207584751e-24,7.953720984641587e-26,0.857499999999999,2.82506208914,0.8747134701638429,0.857499999999999,1.0375165516,0.9453665067622214,0.8925000000000001,0.882972012498,0.9438286022804698,0.857499999999999,4.59445350215,0.6490895604470023,0.6167901234567901,0.760608729584,0.08452287075590185
10,20639,0.5825,1.26595418294,0.06193746792198921,0.41500000000000004,4.9585143085e-06,5.948930967383085e-08,0.4425,9.33234429842e-05,1.2842643807181815e-06,0.5275000000000001,0.00431762322223,6.892936547452718e-05,0.81,4.86841388531,0.41770950672840557,0.972345679012345,1.56884064477,0.8825390674650819
10,25302,0.5,0.235175623469,0.00817295749298157,0.5625,0.0560236669342,0.0011143435366374535,0.48750000000000004,0.00217907735179,3.1727289186056676e-05,0.5125000000000001,0.00168234050779,2.6936463462449734e-05,0.725,2.22906674078,0.10190201466915842,0.925925925925925,2.29944521435,0.7927183683840364
10,27972,0.6675,3.25463718162,0.25276077156038435,0.7775000000000001,5.43492171154,0.5259123184687363,0.7025,5.88694378281,0.34229509586714424,0.7525000000000001,6.25693571256,0.49279467064792987,0.827499999999999,4.96475955916,0.5040916596055026,0.779753086419753,2.83000400722,0.36846549159542363
10,28024,0.9175000000000001,0.660731005496,0.974580590312826,0.8500000000000001,3.14502843849,0.8523280868896889,0.899999999999999,0.503267701159,0.9767337532885447,1.0,0.168397840823,0.9933725943671021,1.0,0.503213295482,0.982855656966081,0.8562962962962961,3.06530113294,0.6017858992572573
10,28466,0.61,1.87097220298,0.10482652169515848,0.68,2.4585128458,0.0948784715860333,0.68,4.85675146688,0.22031359118036575,0.665,2.30784222008,0.06959441192925524,0.9575,1.32153521101,0.9460990879016968,0.9456790123456791,1.99043194743,0.8351110882671159
10,28484,0.605,1.75351715963,0.09576641038562307,0.5675,0.0702799716977,0.0014289109101336117,0.625,1.61909001335,0.04576212987180664,0.6375000000000001,1.02422732528,0.025275370403386073,0.8600000000000001,4.53621952361,0.6605036641280433,0.9358024691358021,2.14672701191,0.8146787406370496
10,28512,0.827499999999999,2.61760454945,0.835404628108984,0.725,4.52985569431,0.25313998157529083,0.6775,4.71090114074,0.20835312224976638,0.764999999999999,5.96024087686,0.5694233255843739,0.7525000000000001,3.25178690903,0.17712575403634473,0.9906172839506171,1.29591803808,0.9086803951637492
10,28570,0.7225,4.0297393213,0.4573772442834746,0.47500000000000003,0.00040938515883,5.870390068275743e-06,0.5,0.00490640889661,7.385193436754916e-05,0.4625,7.68335616035e-05,1.3194594483215116e-06,0.6375000000000001,0.303241933285,0.008981068854792527,0.7214814814814811,2.05051448869,0.22498335180361573
10,28894,0.5,0.235175623469,0.00817295749298157,0.67,2.01857467385,0.07252291809461267,0.62,1.40120955816,0.038219812355063484,0.6475000000000001,1.41482005405,0.037397365314581515,0.705,1.57123101984,0.0640833569774258,0.7851851851851851,2.88418500995,0.3839875973917767
10,29183,0.5825,1.26595418294,0.06193746792198921,0.6475000000000001,1.19117972695,0.0368842608714463,0.635,2.11392072966,0.06436349465205449,0.6900000000000001,3.92252866162,0.146963303072624,0.8225,4.96124816527,0.47926855897518084,0.84,3.11894374638,0.5513177754271266
10,29184,0.5375,0.556559665104,0.022351187823769464,0.5725,0.0876477313759,0.0018223257069002949,0.5700000000000001,0.219453385103,0.004415179167429206,0.62,0.539665092888,0.011935959783681682,0.774999999999999,4.05210308213,0.25951191368168197,0.8222222222222221,3.11118910546,0.4958360679708753
10,29229,0.4375,0.0389808624105,0.00109985589741365,0.34750000000000003,1.25735790026e-08,1.2724112001694742e-10,0.34750000000000003,9.9374516291e-08,1.3472432467087513e-09,0.36750000000000005,2.79359080608e-07,4.29889475667292e-09,0.7725000000000001,3.96988707535,0.24948395249633676,0.8493827160493821,3.09506493786,0.5804849387855275
10,29338,-0.25,9.03207584751e-24,7.953720984641587e-26,0.6900000000000001,2.92725760989,0.1217896690754654,0.6525000000000001,3.13768124253,0.11007252635766444,0.7000000000000001,4.58777903238,0.18954015810094307,0.615,0.149643178249,0.004056086466175427,0.602962962962962,0.656225975127,0.074745901774012
10,29381,0.5325,0.500822928851,0.019709551566514008,0.67,2.01857467385,0.07252291809461267,0.595,0.608328637687,0.014095609949479483,0.625,0.654418045437,0.014913874309735214,0.66,0.568058522049,0.018535831596317935,0.5051851851851851,0.26244666779,0.03374168169541915
10,29764,0.6000000000000001,1.63894478639,0.08728654309328814,0.7225,4.42942152001,0.24194012539410037,0.68,4.85675146688,0.22031359118036575,0.7425,6.29428530416,0.42988287325265545,0.774999999999999,4.05210308213,0.25951191368168197,0.829629629629629,3.12284663299,0.5189324702083709
10,30094,0.625,2.23598130371,0.13560969309533663,0.5625,0.0560236669342,0.0011143435366374535,0.62,1.40120955816,0.038219812355063484,0.675,2.92209155679,0.09569233218182598,0.63,0.241725075422,0.006944674315871231,0.8212345679012341,3.10873479184,0.492764483310391
10,31557,1.0,0.0706345115751,0.9980771527980042,0.7925000000000001,5.21403065428,0.6060260131501921,0.5575,0.123066866626,0.0023243358812380017,0.725,5.91380329313,0.3222590091910614,0.9275,2.24385710969,0.8932679917466492,0.8627160493827161,3.0286772569,0.6213513701908631
10,32060,0.75,4.01121368672,0.5686249217252742,0.55,0.0309783568052,0.0005843378695322011,0.65,2.98216272538,0.1024231832062537,0.65,1.52629029216,0.04107259700352149,1.0,0.503213295482,0.982855656966081,0.9476543209876541,1.95895805325,0.8390117264447305
10,38608,0.75,4.01121368672,0.5686249217252742,0.67,2.01857467385,0.07252291809461267,0.74,5.89882265535,0.5705538677889934,0.7275,6.00115626009,0.33715484147583935,0.7875000000000001,4.42351162473,0.31255943694505306,0.802469135802469,3.02323897671,0.4351164241623478
10,38649,0.8225,2.74398665108,0.8219999293907214,0.78,5.41206961378,0.539472277560217,0.7525000000000001,5.43132490366,0.6415588223044669,0.7925000000000001,4.6132446679,0.7163821056605867,0.7575000000000001,3.43842927188,0.19385246290784788,0.811851851851851,3.07506150207,0.46373954044127896
10,39144,0.6675,3.25463718162,0.25276077156038435,0.63,0.728829302989,0.020316396776090675,0.5575,0.123066866626,0.0023243358812380017,0.6425000000000001,1.2085336069,0.0308482204564787,0.655,0.497483420923,0.015875010416731457,0.6666666666666661,1.27681368857,0.13441509350911335
10,39247,0.5175000000000001,0.358697390663,0.01330858688842635,0.5525,0.034978159443,0.0006666924281786155,0.65,2.98216272538,0.1024231832062537,0.5750000000000001,0.0678691478666,0.001204956470586017,0.847499999999999,4.78848345108,0.6021210355388048,0.9037037037037031,2.61693488157,0.7380080667199019
10,39495,0.66,3.0878477825,0.22897053337179918,0.6900000000000001,2.92725760989,0.1217896690754654,0.7225,6.1842104087,0.46412115093499523,0.764999999999999,5.96024087686,0.5694233255843739,0.75,3.15761599652,0.169113917149389,0.87358024691358,2.94788207906,0.6538374583695068
10,39581,-0.25,9.03207584751e-24,7.953720984641587e-26,0.6675,1.91465116293,0.0676069441935177,0.6175,1.29988416919,0.03484450532567616,0.735,6.1989890511,0.38296731453506766,0.9575,1.32153521101,0.9460990879016968,0.8029629629629621,3.02640244257,0.43661016473407954
10,40799,0.75,4.01121368672,0.5686249217252742,0.6225,0.577703827601,0.015433491438060375,0.68,4.85675146688,0.22031359118036575,0.735,6.1989890511,0.38296731453506766,0.9550000000000001,1.38795331524,0.9427126566339549,0.96395061728395,1.69988430208,0.8688203331287394
10,40956,-0.25,9.03207584751e-24,7.953720984641587e-26,0.72,4.32549795563,0.23099578208437455,0.625,1.61909001335,0.04576212987180664,0.7825000000000001,5.17768458922,0.6673845541430047,0.595,0.0748238596258,0.0018862212053043868,0.6474074074074071,1.0513351662,0.11204675551417698
10,41042,-0.25,9.03207584751e-24,7.953720984641587e-26,0.444999999999999,5.00845701999e-05,6.544876537342475e-07,0.34750000000000003,9.9374516291e-08,1.3472432467087513e-09,0.5425,0.0108148765332,0.00017535936228779271,0.8325,4.94891178681,0.5288838765797002,0.8207407407407401,3.10742887857,0.4912296259253742
10,41069,0.7725000000000001,3.78003298112,0.6566217827295546,0.845,3.3594163607,0.8360669046316207,0.8525,1.13258297385,0.9399452459946708,0.827499999999999,2.64450989751,0.8422385039852162,0.81,4.86841388531,0.41770950672840557,0.810864197530864,3.07044469609,0.4607047060340011
10,41615,0.9675,0.191623425277,0.9940870024680125,0.847499999999999,3.25224343654,0.8443315088613405,0.7425,5.82056533991,0.5852048502698945,0.919999999999999,0.617322777269,0.9642011550307428,0.8775000000000001,4.03856660062,0.7357429187414598,0.544691358024691,0.366118017108,0.04598898441701599
10,41703,0.6975,3.79512034382,0.35909535949874544,0.7875000000000001,5.30936256391,0.5797089678821019,0.735,6.02904838074,0.5407191034839853,0.6925,4.09132711829,0.15698079435852516,0.77,3.88550267029,0.23966428536388298,0.7925925925925921,2.95030048682,0.4056025493472827
10,41708,0.6775,3.46018598013,0.28635272006944834,0.735,4.89069088215,0.30030106739023565,0.645,2.67887545738,0.08827536567414901,0.6725,2.76289929092,0.08858677598782182,0.665,0.646113613339,0.02156806436136964,0.6498765432098761,1.07844854858,0.11467600663941982
10,41851,-0.25,9.03207584751e-24,7.953720984641587e-26,0.635,0.84477452669,0.02424518308106591,0.6000000000000001,0.729575969491,0.017433256989855338,0.6425000000000001,1.2085336069,0.0308482204564787,0.65,0.433978297031,0.01354921261645065,0.8898765432098761,2.78630487066,0.7006220532775496
10,43759,0.75,4.01121368672,0.5686249217252742,0.75,5.28130407673,0.37683972528887943,0.8174999999999991,2.14078223341,0.8846229635502124,0.8625,1.39873990558,0.910489682056586,0.6975,1.35585214298,0.05311853036834983,0.7056790123456791,1.81528561019,0.1944425489403626
10,44059,-0.25,9.03207584751e-24,7.953720984641587e-26,0.605,0.319165944513,0.007762860728048807,0.5125000000000001,0.0106489965344,0.00016677767637690935,0.6575000000000001,1.89361999159,0.05386675079917821,0.8225,4.96124816527,0.47926855897518084,0.9565432098765431,1.81724440084,0.8557946544425309
10,44938,0.8125,2.98978349762,0.7933217562090079,0.6425000000000001,1.04273609367,0.03130500564229193,0.6075,0.944973592215,0.023686733989842446,0.75,6.28372352906,0.4771164643455503,0.9275,2.24385710969,0.8932679917466492,0.834567901234567,3.12394193982,0.5343588474263143
10,50703,0.675,3.41084458283,0.2777636286814418,0.7000000000000001,3.40817219037,0.15346455181391477,0.7125,6.11929144065,0.4024611490222693,0.7325,6.14411024403,0.3675360822086144,0.74,2.7798146933,0.13942778168891315,0.8562962962962961,3.06530113294,0.6017858992572573
10,50830,0.6375000000000001,2.54659986467,0.16550013384706963,0.66,1.61990282335,0.0543689080732092,0.5650000000000001,0.175075574527,0.0034324349470128543,0.655,1.76576835541,0.04929362259964118,0.81,4.86841388531,0.41770950672840557,0.8967901234567901,2.70490529886,0.7196080267186924
10,50921,0.8325,2.4898460834,0.8481736814663119,0.68,2.4585128458,0.0948784715860333,0.5925,0.553942068504,0.012643608467062894,0.64,1.1136645693,0.027946612719402044,0.7025,1.49735823739,0.06024804630814873,0.9397530864197531,2.08450042118,0.8230368827754198
10,51734,0.56,0.863783410119,0.03815315268503713,0.7225,4.42942152001,0.24194012539410037,0.6000000000000001,0.729575969491,0.017433256989855338,0.6825,3.41591745342,0.11944701982728478,0.7275,2.31834572721,0.10758601785194455,0.8503703703703701,3.091438507,0.583540019509361
10,52992,0.6725,3.36008668288,0.26929967762030543,0.705,3.64708267991,0.1711040276525827,0.75,5.53899237132,0.6278446247766905,0.71,5.19903838412,0.23853902401857746,0.8225,4.96124816527,0.47926855897518084,0.928395061728395,2.26173711155,0.7983495318260292
10,54491,0.705,3.88897713474,0.38792259051735106,0.7975000000000001,5.09892828735,0.63181631540143,0.77,4.54505850934,0.7291252338146462,0.7775000000000001,5.43490419899,0.6408441575723647,0.9025000000000001,3.15472781583,0.8259130965557929,0.952098765432098,1.88806841836,0.847560687531077
10,54885,0.625,2.23598130371,0.13560969309533663,0.55,0.0309783568052,0.0005843378695322011,0.585,0.413639220979,0.009035761901302343,0.68,3.24911329684,0.11111609353088876,0.8500000000000001,4.74610306145,0.6140401522573157,0.9525925925925921,1.88019214549,0.8484911221988143
10,56634,0.764999999999999,3.87738752295,0.6278943758180928,0.845,3.3594163607,0.8360669046316207,0.8525,1.13258297385,0.9399452459946708,0.8300000000000001,2.5265146443,0.8487013720072741,0.9400000000000001,1.8282641656,0.9186781989509283,0.8646913580246911,3.01571345651,0.6273212681122482
10,56758,0.8125,2.98978349762,0.7933217562090079,0.8225,4.28754469322,0.7498553208944042,0.7725000000000001,4.40679857059,0.7403153516616532,0.77,5.77360916417,0.5987723932972153,0.68,0.928628364265,0.03328518002619468,0.7827160493827161,2.86012927825,0.37689565137662423
10,56917,0.7325,4.05758607658,0.49784662269318963,0.77,5.46755906286,0.484993861406547,0.72,6.18402138184,0.44865863681902624,0.73,6.0780561198,0.35225607792064173,0.8300000000000001,4.95924737406,0.5164976757716896,0.829629629629629,3.12284663299,0.5189324702083709
10,56975,0.6000000000000001,1.63894478639,0.08728654309328814,0.7325,4.80718464434,0.28817772728832347,0.68,4.85675146688,0.22031359118036575,0.6975,4.42467756777,0.17827396299812823,0.8,4.71149805121,0.36975147605069253,0.776296296296296,2.79319597625,0.35874587717141404
10,67160,0.68,3.50803395223,0.2950633140100385,0.8500000000000001,3.14502843849,0.8523280868896889,0.8150000000000001,2.24032954511,0.8791473962430664,0.774999999999999,5.5547773645,0.6271057207798104,0.8625,4.47440968578,0.6717676779583804,0.88,2.88968195167,0.6725792970923669
10,67299,0.5,0.235175623469,0.00817295749298157,0.6825,2.57358242603,0.10116823544819342,0.6775,4.71090114074,0.20835312224976638,0.6775,3.08432684407,0.10319977082866079,0.545,0.0101641562638,0.00021863980369090004,0.7091358024691351,1.86642991951,0.20080592468967304
10,67423,0.59,1.41999173499,0.07200396019617653,0.6875,2.80821645453,0.11462051828474247,0.6375000000000001,2.24915132977,0.06981643487117882,0.705,4.90312662749,0.21327428264985737,0.6825,0.983117048757,0.03567441022214907,0.652839506172839,1.11169648521,0.11792047509243905
10,67905,0.6675,3.25463718162,0.25276077156038435,0.8,5.03447240983,0.6444839883406487,0.764999999999999,4.81585374059,0.705719118997138,0.7975000000000001,4.31727308286,0.7387103272993764,0.845,4.82656242039,0.5901013198394922,0.8,3.00671611967,0.4276717943362426
10,68565,0.5775,1.1685829755,0.05585295520337185,0.7575000000000001,5.39791460593,0.4169213294015306,0.6950000000000001,5.61213166531,0.29912352833743955,0.7175,5.59381448375,0.2790536073201339,0.857499999999999,4.59445350215,0.6490895604470023,0.8958024691358021,2.71695457005,0.7169305539165873
10,68688,0.79,3.48328425758,0.7203085306876205,0.8025,4.96570013394,0.6569850802940566,0.685,5.13383070584,0.24529888281392973,0.78,5.30897184536,0.6542751920407871,0.8075000000000001,4.83581784842,0.40557827085646975,0.883456790123456,2.85533474887,0.682509544128951
10,69217,0.7675000000000001,3.8470918689,0.6375504325588556,0.74,5.04276332895,0.3251432621195927,0.7000000000000001,5.80430851739,0.32767908900042214,0.7675000000000001,5.8712581308,0.584214565647049,0.72,2.05459180086,0.09119526799914249,0.9125925925925921,2.49548875638,0.7607363370442852
10,69292,0.75,4.01121368672,0.5686249217252742,0.8150000000000001,4.56501809581,0.7166437047530632,0.74,5.89882265535,0.5705538677889934,0.76,6.10997801735,0.5392315153305329,0.74,2.7798146933,0.13942778168891315,0.75358024691358,2.51367207744,0.29835852452149153
10,70225,-0.25,9.03207584751e-24,7.953720984641587e-26,0.64,0.973481488384,0.028785420272706547,0.58,0.337328245044,0.007163674836844574,0.5925,0.163097426069,0.003119213566948751,0.804999999999999,4.79872824326,0.39353416247924555,0.795555555555555,2.97407318299,0.41437978874072545
10,70358,0.5325,0.500822928851,0.019709551566514008,0.48,0.00056920205299,8.296137058645877e-06,0.47500000000000003,0.000936681893453,1.3287681287304902e-05,0.5425,0.0108148765332,0.00017535936228779271,0.75,3.15761599652,0.169113917149389,0.8291358024691351,3.12244229636,0.5173904213576817
10,70659,0.5275000000000001,0.449378702302,0.01733580327916183,0.685,2.6902350054,0.10774770332523763,0.6025,0.796759814685,0.019340239048293507,0.6950000000000001,4.25894929255,0.16741895899747664,0.5650000000000001,0.0236160496552,0.0005393069031312921,0.7832098765432091,2.86501791766,0.378309269546637
10,70707,0.7225,4.0297393213,0.4573772442834746,0.7525000000000001,5.32630046507,0.3901004915962533,0.6675,4.0939630876,0.16429280218371986,0.67,2.60719855861,0.08187492487642063,0.8825000000000001,3.87318727711,0.7555257056109254,0.8493827160493821,3.09506493786,0.5804849387855275
10,70749,0.65,2.85288875764,0.1992567556343162,0.39,6.14003733122e-07,6.893936080214591e-09,0.36,2.44437476391e-07,3.3634547100798714e-09,0.39,1.11973107656e-06,1.798433022284843e-08,0.6575000000000001,0.531860851564,0.017161316922236637,0.8661728395061721,3.00547791292,0.6317814637839189
10,70793,0.392499999999999,0.00806661552436,0.00019990729053561188,0.59,0.181276766326,0.0040904935965532145,0.545,0.0659788279282,0.0011753966276388137,0.66,2.02670995164,0.0587660889984661,0.6125,0.137683947599,0.0036971063550817456,0.808395061728395,3.05802895668,0.45313843348117044
10,70852,0.5925,1.47334847645,0.07562043414068703,0.705,3.64708267991,0.1711040276525827,0.6900000000000001,5.38721017741,0.27161238127224424,0.6975,4.42467756777,0.17827396299812823,0.6975,1.35585214298,0.05311853036834983,0.799012345679012,2.99978129681,0.42470560758387405
10,72086,0.40750000000000003,0.0139999663968,0.00036168961315500534,0.545,0.0241917378844,0.00044704400594070334,0.5650000000000001,0.175075574527,0.0034324349470128543,0.585,0.113198886158,0.0020930895388812107,0.847499999999999,4.78848345108,0.6021210355388048,0.515061728395061,0.283802719704,0.036437147881671864
10,74604,0.794999999999999,3.38291067112,0.7374765867650754,0.827499999999999,4.09103545574,0.7708050950720615,0.8300000000000001,1.70172118729,0.9085378829116466,0.9125000000000001,0.679538165819,0.9593414118606329,0.804999999999999,4.79872824326,0.39353416247924555,0.789629629629629,2.92497470181,0.39689806059535876
10,74635,0.382499999999999,0.00550479963697,0.00013279899867360009,0.675,2.23405877874,0.08315044655112507,0.5575,0.123066866626,0.0023243358812380017,0.5375,0.00799344351058,0.00012867690762745967,0.605,0.106626672116,0.0027852444760438303,0.769382716049382,2.71457956391,0.3397029621523813
10,74688,0.75,4.01121368672,0.5686249217252742,0.75,5.28130407673,0.37683972528887943,0.7000000000000001,5.80430851739,0.32767908900042214,0.774999999999999,5.5547773645,0.6271057207798104,0.5,0.00123669520518,2.3632235809524593e-05,0.580246913580246,0.517341938728,0.06148863167161066
10,74696,0.6675,3.25463718162,0.25276077156038435,0.7175,4.21840512444,0.22031527690374447,0.7125,6.11929144065,0.4024611490222693,0.6975,4.42467756777,0.17827396299812823,0.7825000000000001,4.28367949608,0.2907861796584088,0.892839506172839,2.75227437915,0.7088276816269728
10,76409,0.25,1.1586085868e-05,2.059842229839177e-07,0.5325,0.0127063743377,0.0002234026270689551,0.51,0.00914836205097,0.00014207519375520792,0.5775,0.077327506676,0.0013862208077230853,0.7175,1.96962378839,0.08616533213763589,0.885432098765432,2.83480395531,0.6881295404504116
10,76496,0.889999999999999,1.12480982378,0.950387242142712,0.8975000000000001,1.32371624963,0.9561080498714252,0.9175000000000001,0.367350053017,0.9843042019187966,0.835,2.30393291292,0.8607699400655789,0.9325000000000001,2.07299267814,0.9040577612489633,0.8044444444444441,3.03560730486,0.4411005953684894
10,78211,0.8025,3.2215744158,0.7622509650286702,0.8600000000000001,2.71958297157,0.8816441105364513,0.81,2.45119673544,0.8674250775636737,0.8300000000000001,2.5265146443,0.8487013720072741,0.794999999999999,4.60770132485,0.3464468026647589,0.8740740740740741,2.94367161279,0.6552921648493634
10,79262,0.66,3.0878477825,0.22897053337179918,0.8150000000000001,4.56501809581,0.7166437047530632,0.7275,6.15281692377,0.4949812282422362,0.7575000000000001,6.1697349121,0.5238796966202174,0.8400000000000001,4.88937588199,0.5658039486338329,0.897283950617283,2.69883020243,0.7209422837724867
10,79313,0.7000000000000001,3.82850681723,0.36862532196994496,0.56,0.0499096778438,0.0009820578295081535,0.515,0.0123760840241,0.0001955087984721481,0.6175,0.488653240466,0.010651410829076122,0.764999999999999,3.71106960905,0.22066994255431263,0.7886419753086421,2.91619629299,0.39401351804486107
10,79388,0.7925000000000001,3.43386810911,0.7289553001704782,0.75,5.28130407673,0.37683972528887943,0.7325,6.08019076837,0.5255805493025734,0.77,5.77360916417,0.5987723932972153,0.725,2.22906674078,0.10190201466915842,0.8069135802469131,3.04998637507,0.4486139231331957
10,80513,0.76,3.93128113388,0.6083689360765568,0.76,5.42439286356,0.43045051796681677,0.7075,6.02335661902,0.37208725586242114,0.7825000000000001,5.17768458922,0.6673845541430047,0.8250000000000001,4.96542837759,0.4916779145122523,0.8207407407407401,3.10742887857,0.4912296259253742
10,80619,0.7625000000000001,3.90546478816,0.6181653436990083,0.8250000000000001,4.19028719796,0.7604530503789126,0.7775000000000001,4.12740554864,0.761651847355062,0.77,5.77360916417,0.5987723932972153,0.8150000000000001,4.9197716162,0.44218774314664444,0.9777777777777771,1.48567169528,0.8908346073403964
10,80759,0.5575,0.82495209543,0.03604248087934444,0.7825000000000001,5.38342826647,0.5529678417273896,0.6675,4.0939630876,0.16429280218371986,0.6675,2.45539330985,0.07554753569924715,0.605,0.106626672116,0.0027852444760438303,0.6167901234567901,0.760608729584,0.08452287075590185
10,80766,0.6000000000000001,1.63894478639,0.08728654309328814,0.7225,4.42942152001,0.24194012539410037,0.645,2.67887545738,0.08827536567414901,0.6975,4.42467756777,0.17827396299812823,0.6375000000000001,0.303241933285,0.008981068854792527,0.8197530864197531,3.10465997327,0.4881619105089046
10,80873,0.5,0.235175623469,0.00817295749298157,0.7075,3.76499538207,0.1803693983804155,0.735,6.02904838074,0.5407191034839853,0.7775000000000001,5.43490419899,0.6408441575723647,0.6325000000000001,0.260954587481,0.007572767925505115,0.8182716049382711,3.10011530537,0.48356572282509047
10,84558,0.6275000000000001,2.29797485817,0.1412771010482017,0.837499999999999,3.67865297682,0.8096710338443424,0.7925000000000001,3.30251743626,0.8173169945525343,0.7775000000000001,5.43490419899,0.6408441575723647,0.7775000000000001,4.13194295542,0.26974248771100273,0.8256790123456791,3.118117094,0.5066035167376045
10,104560,0.515,0.338435915878,0.012437363421753396,0.48,0.00056920205299,8.296137058645877e-06,0.4,4.26519003594e-06,5.9524186146536214e-08,0.485,0.000299069405351,4.980396555193858e-06,0.8500000000000001,4.74610306145,0.6140401522573157,0.9170370370370371,2.43176012752,0.7716864503152958
10,104598,0.5,0.235175623469,0.00817295749298157,0.645,1.11529750105,0.03400185675971884,0.5825,0.373884260428,0.008052043238498542,0.685,3.58416651058,0.1281968858988585,0.67,0.732021292042,0.02501005808792886,0.8543209876543211,3.07484234839,0.5957214245417025
10,104599,-0.25,9.03207584751e-24,7.953720984641587e-26,0.595,0.220181014961,0.0050914772337964315,0.5725,0.245026357003,0.004995280003525901,0.61,0.358618629954,0.007494729889282736,0.6875,1.09862821768,0.040875132270130954,0.8804938271604931,2.88490089759,0.674005121763561
10,104688,0.75,4.01121368672,0.5686249217252742,0.73,4.71902827412,0.2762690197471838,0.7275,6.15281692377,0.4949812282422362,0.6625,2.16485846425,0.06400451722841767,0.8125,4.89642466266,0.4299165188685626,0.743209876543209,2.36958973752,0.2730312050459497
10,104824,0.5,0.235175623469,0.00817295749298157,0.6000000000000001,0.265870963572,0.006303611295802097,0.6325000000000001,1.9831201768,0.05924313846138659,0.6175,0.488653240466,0.010651410829076122,0.875,4.11798885699,0.7255467350779647,0.8222222222222221,3.11118910546,0.4958360679708753
10,107778,0.78,3.66406706377,0.6845483202882516,0.7175,4.21840512444,0.22031527690374447,0.68,4.85675146688,0.22031359118036575,0.7375,6.24242917221,0.3985214933145767,0.685,1.03978024698,0.038202577523748824,0.589135802469135,0.567179125957,0.06630465070124268
10,107870,0.72,4.01667693918,0.44731872143437756,0.8225,4.28754469322,0.7498553208944042,0.8125,2.3438137993,0.8734180343113717,0.8150000000000001,3.29506783763,0.8052145829922515,0.909999999999999,2.87611698522,0.8485285130190507,0.90716049382716,2.5707384882,0.746974815453562
10,107898,0.605,1.75351715963,0.09576641038562307,0.794999999999999,5.158851007,0.6189931247254162,0.7025,5.88694378281,0.34229509586714424,0.6975,4.42467756777,0.17827396299812823,0.6175,0.162485075982,0.004446057761107234,0.7614814814814811,2.61742890269,0.31863347589958924
10,108143,0.5625,0.903802893828,0.04036238813773583,0.6950000000000001,3.16737362188,0.13702544648261888,0.485,0.0018450418245,2.6708174447817244e-05,0.625,0.654418045437,0.014913874309735214,0.7225,2.14110929136,0.09643958262300635,0.8824691358024691,2.86535610878,0.6796844980799593
10,108336,0.41750000000000004,0.0199262737777,0.0005297439117477593,0.56,0.0499096778438,0.0009820578295081535,0.535,0.0388153971283,0.0006621895422524765,0.595,0.183546253989,0.0035520809104910055,0.5575,0.0173337744571,0.0003868521965246411,0.8469135802469131,3.10320893374,0.5728324771872415
10,108341,0.595,1.52765289898,0.07937149239749867,0.52,0.0064331131977,0.00010784396154266872,0.5825,0.373884260428,0.008052043238498542,0.595,0.183546253989,0.0035520809104910055,0.8075000000000001,4.83581784842,0.40557827085646975,0.9516049382716051,1.89594550959,0.8466263631323832
10,108351,0.665,3.20010699006,0.24469210478963457,0.685,2.6902350054,0.10774770332523763,0.65,2.98216272538,0.1024231832062537,0.615,0.441613406659,0.009489383483960617,0.6825,0.983117048757,0.03567441022214907,0.598518518518518,0.625998290348,0.07189709377483874
10,108388,0.58,1.2167195012,0.0588343522098214,0.64,0.973481488384,0.028785420272706547,0.5475,0.0750063788702,0.0013514129576732853,0.5875,0.128082067738,0.0023943524067712454,0.6900000000000001,1.15966512428,0.04369754290481303,0.819259259259259,3.10319716336,0.4866291041311247
10,108411,0.515,0.338435915878,0.012437363421753396,0.6575000000000001,1.52770722225,0.050435048908390234,0.6175,1.29988416919,0.03484450532567616,0.67,2.60719855861,0.08187492487642063,0.875,4.11798885699,0.7255467350779647,0.9303703703703701,2.2313235237,0.802787156787519
10,108416,0.7125,3.96320201276,0.4173809140683249,0.8174999999999991,4.47514496822,0.7279444949161714,0.71,6.076506416,0.38721422206796646,0.804999999999999,3.87094211932,0.7694139109319278,0.804999999999999,4.79872824326,0.39353416247924555,0.807407407407407,3.05271630112,0.45012076531382117
10,108417,0.52,0.379898419029,0.01423163335212217,0.6325000000000001,0.785234860952,0.022208330760679202,0.5825,0.373884260428,0.008052043238498542,0.5325,0.0058846793343,9.423972301371672e-05,0.8,4.71149805121,0.36975147605069253,0.973333333333333,1.55361168642,0.8840810155382158
10,108652,0.5625,0.903802893828,0.04036238813773583,0.6425000000000001,1.04273609367,0.03130500564229193,0.5075000000000001,0.0078468660248,0.00012086999862245904,0.5650000000000001,0.0396149724917,0.0006790196688266949,0.525,0.00412825276045,8.402679988691445e-05,0.5560493827160491,0.407049699699,0.05037404429151148
10,109008,0.595,1.52765289898,0.07937149239749867,0.5325,0.0127063743377,0.0002234026270689551,0.5275000000000001,0.0256045452348,0.00042373543238566835,0.63,0.7874352582,0.018510589161552682,0.6950000000000001,1.28828975992,0.04981380108134787,0.6819753086419751,1.4772011891,0.15547342109318352
10,109067,0.75,4.01121368672,0.5686249217252742,0.794999999999999,5.158851007,0.6189931247254162,0.7625000000000001,4.9471996298,0.6935146344819418,0.7525000000000001,6.25693571256,0.49279467064792987,0.8,4.71149805121,0.36975147605069253,0.8479012345679011,3.10010978955,0.5758958618783835
10,129429,0.76,3.93128113388,0.6083689360765568,0.5875,0.164122426879,0.003659047103719777,0.5775,0.303787256991,0.00636288954975956,0.68,3.24911329684,0.11111609353088876,0.7925000000000001,4.54994488062,0.3349989579152351,0.8172839506172841,3.09682579747,0.4805054879398999
10,129459,0.605,1.75351715963,0.09576641038562307,0.6925,3.04707531835,0.12925745381790302,0.6725,4.40783118692,0.18555070350836414,0.6875,3.75325111329,0.1373685495932741,0.705,1.57123101984,0.0640833569774258,0.838024691358024,3.12151323395,0.54515421976629
10,129490,0.7000000000000001,3.82850681723,0.36862532196994496,0.754999999999999,5.36519776787,0.4034661443967295,0.6575000000000001,3.45416083817,0.1265496594990702,0.6975,4.42467756777,0.17827396299812823,0.889999999999999,3.61187737346,0.783603270084404,0.9654320987654321,1.67657680189,0.8713214071423746
10,129672,-0.25,9.03207584751e-24,7.953720984641587e-26,0.38,2.55519779894e-07,2.797004229387719e-09,0.485,0.0018450418245,2.6708174447817244e-05,0.405,2.73874755619e-06,4.518649536132921e-08,0.725,2.22906674078,0.10190201466915842,0.901234567901234,2.64905687123,0.731506687278493
10,129907,0.6075,1.81191102881,0.10022305085723651,0.63,0.728829302989,0.020316396776090675,0.65,2.98216272538,0.1024231832062537,0.65,1.52629029216,0.04107259700352149,0.65,0.433978297031,0.01354921261645065,0.725432098765432,2.10943849344,0.2332005950952263
10,129987,0.5,0.235175623469,0.00817295749298157,0.6875,2.80821645453,0.11462051828474247,0.6575000000000001,3.45416083817,0.1265496594990702,0.6575000000000001,1.89361999159,0.05386675079917821,0.5625,0.0213224241591,0.0004831782981965377,0.6869135802469131,1.54526015201,0.16293567128390452
10,130043,0.804999999999999,3.16524491375,0.7702347347087443,0.899999999999999,1.24822988613,0.9593224413663938,0.8300000000000001,1.70172118729,0.9085378829116466,0.764999999999999,5.96024087686,0.5694233255843739,0.865,4.40919625981,0.6828728760317446,0.942716049382716,2.03755016298,0.8291436738255155
10,130166,0.875,1.44080924082,0.9311957910682439,0.9325000000000001,0.507717289957,0.9866532803930673,0.7875000000000001,3.57163983717,0.8001351361943602,0.9325000000000001,0.524047589446,0.9713230286528842,0.8600000000000001,4.53621952361,0.6605036641280433,0.8681481481481481,2.99115558939,0.637704190979762
10,130586,-0.25,9.03207584751e-24,7.953720984641587e-26,0.28500000000000003,1.90948471184e-11,1.6863794616039e-13,0.20750000000000002,1.10514340848e-12,1.1819815036707571e-14,0.35750000000000004,1.47753446267e-07,2.230553674451149e-09,0.42750000000000005,2.36075537472e-05,3.883971074337384e-07,0.741728395061728,2.34842376846,0.2695363648236795
10,134922,0.4375,0.0389808624105,0.00109985589741365,0.725,4.52985569431,0.25313998157529083,0.6925,5.50350894525,0.2852273228492488,0.6775,3.08432684407,0.10319977082866079,0.79,4.48849223275,0.32370015867969976,0.679012345679012,1.43711236351,0.15115606343797522
10,134923,0.6725,3.36008668288,0.26929967762030543,0.725,4.52985569431,0.25313998157529083,0.6825,4.99794206666,0.232632996223201,0.7025,4.74751096624,0.20121005033023248,0.735,2.59279695445,0.12599725524950223,0.77037037037037,2.72619691665,0.3423897755384608
10,135551,0.7825000000000001,3.62154440979,0.6936557222806113,0.8250000000000001,4.19028719796,0.7604530503789126,0.7575000000000001,5.1987413778,0.6681429045590164,0.7725000000000001,5.66790183985,0.6130758952429477,0.774999999999999,4.05210308213,0.25951191368168197,0.7629629629629631,2.63618565848,0.32252507143614795
10,135973,0.6675,3.25463718162,0.25276077156038435,0.7925000000000001,5.21403065428,0.6060260131501921,0.8,2.91793030615,0.8406274146349433,0.7825000000000001,5.17768458922,0.6673845541430047,0.8975000000000001,3.33962409997,0.8096765205019386,0.9017283950617281,2.64269306022,0.7328132934650491
10,136122,0.5225000000000001,0.402063332613,0.015208882239779281,0.745,5.17345557227,0.3506930487986283,0.78,3.98734914325,0.7717952510423934,0.745,6.30252472854,0.44563134690854267,0.8325,4.94891178681,0.5288838765797002,0.653827160493827,1.12295033478,0.11902399737477667
10,136139,0.8225,2.74398665108,0.8219999293907214,0.837499999999999,3.67865297682,0.8096710338443424,0.8025,2.79592293851,0.8477690318695331,0.784999999999999,5.04175527502,0.6801597465379159,0.845,4.82656242039,0.5901013198394922,0.9422222222222221,2.04538861091,0.8281355405969016
10,136288,0.7425,4.04588671925,0.538397033056771,0.8125,4.65195882022,0.7051218481101003,0.7375,5.96846189389,0.5557179198130515,0.7925000000000001,4.6132446679,0.7163821056605867,0.827499999999999,4.96475955916,0.5040916596055026,0.93679012345679,2.13121772948,0.8167913087765307
10,136820,0.6025,1.69584467675,0.09145486382394154,0.655,1.4386839452,0.046727727883922376,0.6275000000000001,1.73556235588,0.04995441123264391,0.6175,0.488653240466,0.010651410829076122,0.655,0.497483420923,0.015875010416731457,0.852345679012345,3.08355701537,0.5896389181753299
10,136846,0.7625000000000001,3.90546478816,0.6181653436990083,0.7925000000000001,5.21403065428,0.6060260131501921,0.8075000000000001,2.56241198498,0.8611588562090171,0.804999999999999,3.87094211932,0.7694139109319278,0.6525000000000001,0.464873899423,0.014672426513956935,0.6074074074074071,0.688040735449,0.07773256495579281
10,137085,0.847499999999999,2.10522098915,0.88263289710992,0.875,2.1108516488,0.9178112556982275,0.8400000000000001,1.41702438489,0.9240852914495232,0.8775000000000001,1.09656420531,0.9290698605642486,0.9400000000000001,1.8282641656,0.9186781989509283,0.8148148148148141,3.08769918016,0.47287000739289864
10,137869,0.8150000000000001,2.92942747311,0.8007209432971439,0.905,1.10513941046,0.9652014501462551,0.875,0.769232268482,0.96104563721224,0.8700000000000001,1.23419198789,0.9203448073717881,0.972499999999999,0.966756367597,0.9631673544133441,0.9772839506172831,1.49317012835,0.8900990913833497
10,138039,0.655,2.97188254082,0.21381980414374904,0.63,0.728829302989,0.020316396776090675,0.6975,5.71255851251,0.3132811502014317,0.6375000000000001,1.02422732528,0.025275370403386073,0.7325,2.50035086181,0.11963099538673687,0.716049382716049,1.96937820886,0.2140651308416805
10,140859,0.4375,0.0389808624105,0.00109985589741365,0.65,1.27038328827,0.03996052357277091,0.5975,0.666817883371,0.015688670753600385,0.6000000000000001,0.231179250691,0.004584954363224828,0.59,0.0623235756386,0.0015441962744652303,0.6948148148148141,1.65703495621,0.17558455218981142
10,140984,0.645,2.73154575626,0.1852948316798325,0.7625000000000001,5.44459753877,0.4440380651001581,0.754999999999999,5.31770819022,0.6549962911692185,0.7425,6.29428530416,0.42988287325265545,0.8925000000000001,3.52206997874,0.7925209360063079,0.9160493827160491,2.44607683337,0.7692776349384126
10,141053,0.625,2.23598130371,0.13560969309533663,0.645,1.11529750105,0.03400185675971884,0.65,2.98216272538,0.1024231832062537,0.7025,4.74751096624,0.20121005033023248,0.7025,1.49735823739,0.06024804630814873,0.611358024691358,0.717688347389,0.08050888475464058
10,141356,0.7025,3.8598096034,0.3782361570913318,0.8250000000000001,4.19028719796,0.7604530503789126,0.794999999999999,3.17147481877,0.825408940129153,0.8400000000000001,2.09966566791,0.8717712554912934,0.9475,1.59938606218,0.9315214064694657,0.8508641975308641,3.08954657969,0.5850661908230594
10,142811,0.635,2.48450063991,0.15921123106647264,0.595,0.220181014961,0.0050914772337964315,0.58,0.337328245044,0.007163674836844574,0.675,2.92209155679,0.09569233218182598,0.7825000000000001,4.28367949608,0.2907861796584088,0.714567901234567,1.94726821566,0.2111639134375468
10,142951,0.6475000000000001,2.79246855388,0.19219994548574637,0.804999999999999,4.89283390962,0.6693090772592524,0.764999999999999,4.81585374059,0.705719118997138,0.7375,6.24242917221,0.3985214933145767,0.784999999999999,4.35517946016,0.3015853937241885,0.929382716049382,2.24655629627,0.8005758539386757
10,143324,0.5750000000000001,1.12156566979,0.052990504567635544,0.5725,0.0876477313759,0.0018223257069002949,0.66,3.614099016,0.13538484193875888,0.625,0.654418045437,0.014913874309735214,0.6775,0.876298211928,0.031029469475590404,0.6972839506172831,1.69259599872,0.17971984317021397
10,145305,0.605,1.75351715963,0.09576641038562307,0.7675000000000001,5.46615965821,0.471325416922988,0.745,5.73416379652,0.5996499066664884,0.6875,3.75325111329,0.1373685495932741,0.725,2.22906674078,0.10190201466915842,0.7970370370370371,2.98536204748,0.4187942349845888
10,145335,0.5225000000000001,0.402063332613,0.015208882239779281,0.55,0.0309783568052,0.0005843378695322011,0.5425,0.0579354648391,0.0010206988576110714,0.5,0.000763448250072,1.2401450737615353e-05,0.8,4.71149805121,0.36975147605069253,0.79753086419753,2.98903505176,0.4202693966231009
10,145444,0.725,4.04037873918,0.46746539879712423,0.8525,3.03796708973,0.8600567792386871,0.754999999999999,5.31770819022,0.6549962911692185,0.6925,4.09132711829,0.15698079435852516,0.794999999999999,4.60770132485,0.3464468026647589,0.861728395061728,3.03486330063,0.6183570128560023
10,146557,-0.25,9.03207584751e-24,7.953720984641587e-26,0.73,4.71902827412,0.2762690197471838,0.72,6.18402138184,0.44865863681902624,0.6825,3.41591745342,0.11944701982728478,0.74,2.7798146933,0.13942778168891315,0.9002469135802461,2.6616915116,0.7288840852152
10,146877,0.8075000000000001,3.10777934245,0.7780762428376606,0.865,2.51143850497,0.8947199154130642,0.715,6.1515382892,0.4178018958077797,0.5625,0.0344889296558,0.0005865258568184899,0.865,4.40919625981,0.6828728760317446,0.863209876543209,3.02551003592,0.6228462332811618
10,146928,0.7000000000000001,3.82850681723,0.36862532196994496,0.855,2.9312499354,0.8675182093178729,0.8600000000000001,0.993436073467,0.9479047414643057,0.8174999999999991,3.15765830265,0.8132798220391511,0.885,3.78764236476,0.7651021032853589,0.803456790123456,3.02951843959,0.43810545579798016
10,146993,0.8125,2.98978349762,0.7933217562090079,1.0,0.0319228718583,0.9994252883113314,1.0,0.0507469683859,0.9985090339964555,1.0,0.168397840823,0.9933725943671021,0.8,4.71149805121,0.36975147605069253,0.8528395061728391,3.08145621219,0.5911611458046802
10,147026,0.5,0.235175623469,0.00817295749298157,0.655,1.4386839452,0.046727727883922376,0.615,1.20364055068,0.031716155948019194,0.625,0.654418045437,0.014913874309735214,0.645,0.37710647908,0.011524171011478904,0.815802469135802,3.09150404158,0.47592148264648093
10,147101,0.625,2.23598130371,0.13560969309533663,0.865,2.51143850497,0.8947199154130642,0.7225,6.1842104087,0.46412115093499523,0.6825,3.41591745342,0.11944701982728478,0.8525,4.69954586701,0.6258480698716938,0.9007407407407401,2.65538978793,0.7301969460851281
10,147111,0.595,1.52765289898,0.07937149239749867,0.735,4.89069088215,0.30030106739023565,0.774999999999999,4.26739747821,0.75115827628256,0.6225,0.594853513355,0.01335321690541165,0.837499999999999,4.91392101235,0.5535488600248921,0.852345679012345,3.08355701537,0.5896389181753299
10,147193,0.75,4.01121368672,0.5686249217252742,0.7825000000000001,5.38342826647,0.5529678417273896,0.7825000000000001,3.84772779731,0.781588956436179,0.7975000000000001,4.31727308286,0.7387103272993764,0.75,3.15761599652,0.169113917149389,0.6439506172839501,1.01429054475,0.10847684651455239
10,819,0.725,4.04037873918,0.46746539879712423,0.7025,3.52802899168,0.16213493571219714,0.7075,6.02335661902,0.37208725586242114,0.7225,5.81644911382,0.30759416088118324,0.8300000000000001,4.95924737406,0.5164976757716896,0.7214814814814811,2.05051448869,0.22498335180361573
10,1942,0.715,3.98337950508,0.42731462550713073,0.6725,2.12510002327,0.07770198626782755,0.5925,0.553942068504,0.012643608467062894,0.6075,0.322247060604,0.0066443236951032394,0.784999999999999,4.35517946016,0.3015853937241885,0.755061728395061,2.53357164763,0.3020972472741673
10,1993,0.6625,3.14448273813,0.23676114835223924,0.7375,4.96929502806,0.31262709611627376,0.7525000000000001,5.43132490366,0.6415588223044669,0.835,2.30393291292,0.8607699400655789,0.905,3.06184243706,0.8336838375709067,0.905679012345679,2.59070653806,0.7431514920607268
