left,boolean,ranking,id,score,chargeScore,distanceScore,mealScore,bathScore,roomScore,locationScore,equipmentScore,serviceScore
left,0,0,54491,0.0657509450914,0.868945650086,0.952098765432,0.705,0.945,0.7975,0.9025,0.77,0.7775
left,0,1,1680,0.0494954789331,0.897484155944,0.875061728395,0.785,0.6975,0.7275,0.87,0.695,0.7925
left,0,2,80619,0.0446310207348,0.869406568081,0.977777777778,0.7625,0.6975,0.825,0.815,0.7775,0.77
left,0,3,135973,0.00696092120578,0.8492414058,0.901728395062,0.6675,0.745,0.7925,0.8975,0.8,0.7825
left,0,4,136288,0.00686356081512,0.852506241598,0.936790123457,0.7425,0.6225,0.8125,0.8275,0.7375,0.7925
left,0,5,101,0.00355407297158,0.929710005761,0.97975308642,0.6975,0.625,0.6,0.94,0.655,0.73
left,0,6,18739,0.00150238742545,0.869829076244,0.730864197531,0.6875,0.5875,0.755,0.8475,0.6925,0.745
left,0,7,1128,0.00148819284484,0.858882273862,0.793580246914,0.87,0.6025,0.6775,0.7725,0.6925,0.7425
left,0,8,70707,0.00144879622267,0.853082389092,0.849382716049,0.7225,0.6425,0.7525,0.8825,0.6675,0.67
left,0,9,40799,0.00099209607392,0.853696946418,0.963950617284,0.75,0.5725,0.6225,0.955,0.68,0.735
left,0,10,146928,0.00095044643035,0.837718455925,0.803456790123,0.7,0.815,0.855,0.885,0.86,0.8175
left,0,11,147111,0.000866333588897,0.901094680238,0.852345679012,0.595,0.605,0.735,0.8375,0.775,0.6225
left,0,12,630,0.000458839510144,0.940503168811,0.762962962963,0.7725,0.5575,0.74,0.6875,0.6375,0.68
left,0,13,108416,0.000367497673029,0.836489341271,0.807407407407,0.7125,0.74,0.8175,0.805,0.71,0.805
left,0,14,4819,0.000318959089294,0.875168043019,0.884444444444,0.6025,0.56,0.715,0.7225,0.6725,0.6725
left,0,15,5309,0.00026925930691,0.844478586518,0.904197530864,0.695,0.585,0.695,0.7675,0.69,0.6975
left,0,16,29764,0.00023903047786,0.848281159977,0.82962962963,0.6,0.5875,0.7225,0.775,0.68,0.7425
left,0,17,16373,5.2318952777e-05,0.880929517957,0.664197530864,0.6675,0.5975,0.65,0.7,0.6925,0.6925
left,3,18,2958,4.70606558901e-05,0.890570386019,0.97975308642,0.6825,0.7475,0.5325,0.8775,0.59,0.65
left,0,19,136820,1.5813536836e-05,0.938544267332,0.852345679012,0.6025,0.565,0.655,0.655,0.6275,0.6175
left,0,20,39144,1.00786740604e-06,0.909775302477,0.666666666667,0.6675,0.5,0.63,0.655,0.5575,0.6425
left,0,21,147026,7.14384434449e-07,0.862684847321,0.815802469136,0.5,0.52,0.655,0.645,0.615,0.625
left,0,22,108351,3.78491651383e-07,0.839408488573,0.598518518519,0.665,0.64,0.685,0.6825,0.65,0.615
left,0,23,29184,2.58031956125e-07,0.862684847321,0.822222222222,0.5375,0.45,0.5725,0.775,0.57,0.62
left,3,24,70358,8.97762134829e-10,0.955252544651,0.829135802469,0.5325,0.545,0.48,0.75,0.475,0.5425
left,3,25,76409,3.73798794568e-10,0.936662185519,0.885432098765,0.25,0.52,0.5325,0.7175,0.51,0.5775
left,3,26,104599,0.0,0.858075667371,0.88049382716,-0.25,0.47,0.595,0.6875,0.5725,0.61
left,0,27,2465,0.0,0.937007874016,0.815308641975,-0.25,0.555,0.6675,0.7225,0.7775,0.7225
left,3,28,18763,0.0,0.928596120607,0.955555555556,-0.25,0.5,0.2925,0.9575,0.2925,0.5825
left,3,29,20639,0.0,0.864298060303,0.972345679012,0.5825,0.3375,0.415,0.81,0.4425,0.5275
left,3,30,29229,0.0,0.846360668331,0.849382716049,0.4375,0.3075,0.3475,0.7725,0.3475,0.3675
left,0,31,922,0.0,0.917418859228,0.583703703704,0.4525,0.455,0.575,0.6825,0.595,0.605
left,1,32,67160,0.000194653145919,0.830036489341,0.88,0.68,0.76,0.85,0.8625,0.815,0.775
left,2,33,107898,0.000183639951112,0.94430574227,0.761481481481,0.605,0.6075,0.795,0.6175,0.7025,0.6975
left,2,34,54885,5.52505755397e-05,0.945265988093,0.952592592593,0.625,0.5625,0.55,0.85,0.585,0.68
left,1,35,135551,1.5461536966e-05,0.823314768581,0.762962962963,0.7825,0.6425,0.825,0.775,0.7575,0.7725
left,1,36,41615,4.73760823621e-06,0.820741309775,0.544691358025,0.9675,0.81,0.8475,0.8775,0.7425,0.92
left,1,37,7342,3.25306866382e-09,0.813750720184,0.906172839506,0.59,0.52,0.56,0.8475,0.545,0.5875
left,1,38,109008,1.66812397593e-10,0.813750720184,0.681975308642,0.595,0.5,0.5325,0.695,0.5275,0.63
left,1,39,658,0.0,0.656270405224,0.656790123457,0.63,0.4775,0.59,0.665,0.54,0.5775
left,1,40,147193,0.0,0.752294987517,0.643950617284,0.75,0.85,0.7825,0.75,0.7825,0.7975
left,1,41,137085,0.0,0.660418667179,0.814814814815,0.8475,0.85,0.875,0.94,0.84,0.8775
left,1,42,509,0.0,0.679277895141,0.912592592593,0.8225,0.5125,0.695,0.92,0.6375,0.695
left,2,43,108652,0.0,0.945265988093,0.556049382716,0.5625,0.44,0.6425,0.525,0.5075,0.565
left,1,44,108336,0.0,0.826963702708,0.846913580247,0.4175,0.3875,0.56,0.5575,0.535,0.595
left,1,45,104688,0.0,0.657384290378,0.743209876543,0.75,0.7225,0.73,0.8125,0.7275,0.6625
left,1,46,74635,0.0,0.82527367006,0.769382716049,0.3825,0.655,0.675,0.605,0.5575,0.5375
left,1,47,8961,0.0,0.733090071058,0.835555555556,0.535,0.5325,0.6025,0.9075,0.6325,0.6625
left,1,48,10630,0.0,0.680084501632,0.76987654321,0.58,0.7075,0.7225,0.8675,0.6675,0.7275
left,1,49,12534,0.0,0.802189360476,0.895308641975,0.69,0.5625,0.6525,0.735,0.6475,0.665
left,1,50,5729,0.0,0.696216631458,0.826172839506,0.5,0.41,0.545,0.6375,0.5225,0.5
left,1,51,5562,0.0,0.256769733052,0.911111111111,0.6875,0.7575,0.82,0.9575,0.775,0.8025
left,1,52,1404,0.0,0.413174572691,0.575802469136,0.75,0.77,0.7875,0.75,0.6725,0.6725
left,1,53,1667,0.0,0.660072978683,0.902222222222,0.75,0.49,0.6175,0.8,0.6625,0.68
left,1,54,1356,0.0,0.704513155368,0.831604938272,0.79,0.73,0.8125,0.925,0.775,0.7575
left,1,55,1770,0.0,0.785327443826,0.722962962963,0.635,0.5525,0.64,0.835,0.5775,0.6025
left,1,56,2876,0.0,0.602458229307,0.886913580247,0.6075,0.89,0.8175,0.955,0.795,0.84
left,1,57,44938,0.0,0.717687728058,0.834567901235,0.8125,0.465,0.6425,0.9275,0.6075,0.75
left,1,58,68565,0.0,0.802189360476,0.895802469136,0.5775,0.665,0.7575,0.8575,0.695,0.7175
left,1,59,19718,0.0,0.640868062224,0.844444444444,0.875,0.635,0.77,0.905,0.6925,0.9225
left,1,60,19745,0.0,0.671403879393,0.616790123457,-0.25,0.625,0.8575,0.8575,0.8575,0.8925
