left,boolean,ranking,id,score,chargeScore,mealScore,locationScore,bathScore,distanceScore,roomScore,serviceScore,equipmentScore
left,0,0,18246,0.145811579155,0.9107355483,0.775,0.8725,0.77,0.962469135802,0.78,0.7525,0.785
left,0,1,130043,0.0310966020593,0.859804109852,0.805,0.865,0.695,0.942716049383,0.9,0.765,0.83
left,0,2,18476,0.0104307372362,0.859804109852,0.75,0.8925,0.6875,0.873086419753,0.73,0.785,0.7075
left,0,3,38649,0.00532364267065,0.856577683887,0.8225,0.7575,0.8675,0.811851851852,0.78,0.7925,0.7525
left,0,4,74696,0.00311878173548,0.863645093144,0.6675,0.7825,0.695,0.892839506173,0.7175,0.6975,0.7125
left,0,5,7343,0.00267634202787,0.85596312656,0.6325,0.9125,0.665,0.961975308642,0.715,0.7075,0.6875
left,0,6,864,0.00235468981983,0.87136546956,0.75,0.92,0.5625,0.89975308642,0.71,0.69,0.6375
left,0,7,145305,0.00198345405363,0.909775302477,0.605,0.725,0.6575,0.797037037037,0.7675,0.6875,0.745
left,0,8,84558,0.00132906937613,0.844478586518,0.6275,0.7775,0.75,0.825679012346,0.8375,0.7775,0.7925
left,3,9,70852,0.000492936755021,0.900134434415,0.5925,0.6975,0.595,0.799012345679,0.705,0.6975,0.69
left,0,10,7588,0.000315233285035,0.85596312656,0.6025,0.815,0.845,0.958024691358,0.6175,0.695,0.6725
left,0,11,29183,0.000111009675572,0.859804109852,0.5825,0.8225,0.5825,0.84,0.6475,0.69,0.635
left,0,12,136122,3.87821313045e-05,0.852160553102,0.5225,0.8325,0.61,0.653827160494,0.745,0.745,0.78
left,0,13,2335,3.75205125474e-05,0.905934319186,0.75,0.69,0.485,0.884444444444,0.64,0.675,0.5825
left,0,14,996,2.56157504408e-05,0.870366813904,0.625,0.725,0.5325,0.839012345679,0.6375,0.65,0.6
left,0,15,138039,1.73044054122e-05,0.856001536393,0.655,0.7325,0.6075,0.716049382716,0.63,0.6375,0.6975
left,0,16,1725,1.07784539419e-05,0.842519685039,0.615,0.7425,0.625,0.760987654321,0.6475,0.685,0.6
left,0,17,104824,9.91717143564e-06,0.882081812944,0.5,0.875,0.5675,0.822222222222,0.6,0.6175,0.6325
left,0,18,30094,6.25938408058e-06,0.919377760707,0.625,0.63,0.5825,0.821234567901,0.5625,0.675,0.62
left,0,19,1997,3.3924072512e-06,0.890570386019,0.7775,0.67,0.59,0.493827160494,0.685,0.69,0.6625
left,0,20,223,2.7501650907e-06,0.87136546956,0.5825,0.605,0.5575,0.81037037037,0.605,0.6775,0.6375
left,0,21,1500,2.4483047274e-06,0.909775302477,0.6875,0.9375,0.3875,0.885925925926,0.5825,0.73,0.5675
left,0,22,107778,1.11402790546e-06,0.833877472633,0.78,0.685,0.6,0.589135802469,0.7175,0.7375,0.68
left,0,23,39247,6.58980001306e-07,0.850816208949,0.5175,0.8475,0.595,0.903703703704,0.5525,0.575,0.65
left,0,24,108417,3.59175362666e-07,0.860149798348,0.52,0.8,0.605,0.973333333333,0.6325,0.5325,0.5825
left,0,25,79313,1.4827438803e-07,0.921759170348,0.7,0.765,0.4125,0.788641975309,0.56,0.6175,0.515
left,3,26,44059,7.95483658325e-08,0.902093335894,-0.25,0.8225,0.5325,0.956543209877,0.605,0.6575,0.5125
left,3,27,70793,2.16797657433e-08,0.889302861533,0.3925,0.6125,0.5275,0.808395061728,0.59,0.66,0.545
left,3,28,18319,7.64833842354e-09,0.934818513539,0.4775,0.7525,0.615,0.853827160494,0.53,0.4825,0.485
left,3,29,72086,7.80214313255e-12,0.87136546956,0.4075,0.8475,0.4175,0.515061728395,0.545,0.585,0.565
left,3,30,130586,0.0,0.892452467832,-0.25,0.4275,0.25,0.741728395062,0.285,0.3575,0.2075
left,0,31,11140,0.0,0.86556558479,0.5275,0.7825,0.55,0.245432098765,0.6325,0.6975,0.5775
left,2,32,462,0.0116542520872,0.965469560207,0.7075,0.79,0.64,0.810864197531,0.68,0.83,0.7975
left,1,33,129490,5.17231479796e-05,0.82527367006,0.7,0.89,0.625,0.965432098765,0.755,0.6975,0.6575
left,1,34,819,2.17590226514e-05,0.82527367006,0.725,0.83,0.7775,0.721481481481,0.7025,0.7225,0.7075
left,2,35,141053,8.71313176791e-06,1.0,0.625,0.7025,0.5,0.611358024691,0.645,0.7025,0.65
left,1,36,18166,2.09697397404e-06,0.827539850202,0.6125,0.8825,0.5625,0.997037037037,0.6625,0.64,0.5875
left,1,37,4801,1.26416807855e-06,0.821432686768,0.7075,0.765,0.6725,0.81037037037,0.64,0.735,0.625
left,1,38,32060,4.53696563882e-07,0.821432686768,0.75,1.0,0.5625,0.947654320988,0.55,0.65,0.65
left,1,39,31557,1.45920487523e-08,0.793777607067,1.0,0.9275,0.5825,0.862716049383,0.7925,0.725,0.5575
left,1,40,1927,4.5557031122e-09,0.814518916843,0.5,0.84,0.52,0.817283950617,0.5775,0.66,0.5775
left,1,41,145335,0.0,0.693796811984,0.5225,0.8,0.5875,0.797530864198,0.55,0.5,0.5425
left,1,42,136139,0.0,0.74956788938,0.8225,0.845,0.76,0.942222222222,0.8375,0.785,0.8025
left,1,43,137869,0.0,0.0,0.815,0.9725,0.8625,0.977283950617,0.905,0.87,0.875
left,1,44,568,0.0,0.786863837142,0.5675,0.945,0.865,0.943209876543,0.6625,0.7975,0.685
left,1,45,107870,0.0,0.765815248704,0.72,0.91,0.735,0.907160493827,0.8225,0.815,0.8125
left,1,46,11039,0.0,0.756097560976,0.715,0.8125,0.72,0.0,0.8425,0.735,0.7625
left,1,47,8290,0.0,0.783022853851,0.8925,0.83,0.75,0.88987654321,0.8325,0.77,0.7825
left,1,48,4778,0.0,0.594814672556,0.7875,0.94,0.6575,0.941234567901,0.775,0.6875,0.7125
left,1,49,1764,0.0,0.73074707125,0.7725,0.8575,0.645,0.880987654321,0.7425,0.7075,0.67
left,1,50,1556,0.0,0.788745918955,0.705,0.7825,0.6525,0.675555555556,0.705,0.675,0.6625
left,1,51,56758,0.0,0.738083349337,0.8125,0.68,0.745,0.782716049383,0.8225,0.77,0.7725
left,1,52,56634,0.0,0.429652391012,0.765,0.94,0.7575,0.864691358025,0.845,0.83,0.8525
left,1,53,52992,0.0,0.748454004225,0.6725,0.8225,0.6725,0.928395061728,0.705,0.71,0.75
left,1,54,1357,0.0,0.283887075091,0.76,0.835,0.72,0.608395061728,0.8075,0.8025,0.78
left,1,55,41069,0.0,0.600537737661,0.7725,0.81,0.8025,0.810864197531,0.845,0.8275,0.8525
left,1,56,40956,0.0,0.98893796812,-0.25,0.595,0.6575,0.647407407407,0.72,0.7825,0.625
left,1,57,930,0.0,0.560245822931,0.7125,0.885,0.685,0.75012345679,0.7925,0.78,0.75
left,1,58,28466,0.0,0.773036297292,0.61,0.9575,0.5875,0.945679012346,0.68,0.665,0.68
left,1,59,28024,0.0,0.658382946034,0.9175,1.0,1.0,0.856296296296,0.85,1.0,0.9
left,1,60,25302,0.0,0.719108891876,0.5,0.725,0.39,0.925925925926,0.5625,0.5125,0.4875
