left,boolean,ranking,id,score,chargeScore,equipmentScore,kinnennScore,roomScore,bathScore,serviceScore,distanceScore,mealScore
left,true_positive,0,18246,0.424913121163,0.9107355483,0.785,1,0.78,0.77,0.7525,0.962469135802,0.775
left,true_positive,1,56917,0.28965083299,0.869444977914,0.72,1,0.77,0.6575,0.73,0.82962962963,0.7325
left,true_positive,2,140984,0.28099755146,0.885730747071,0.755,1,0.7625,0.6925,0.7425,0.916049382716,0.645
left,true_positive,3,18476,0.27713071829,0.859804109852,0.7075,1,0.73,0.6875,0.785,0.873086419753,0.75
left,true_positive,4,74696,0.245383941493,0.863645093144,0.7125,1,0.7175,0.695,0.6975,0.892839506173,0.6675
left,true_positive,5,129459,0.233459587952,0.896331860956,0.6725,1,0.6925,0.6375,0.6875,0.838024691358,0.605
left,true_positive,6,136288,0.222498947313,0.852506241598,0.7375,1,0.8125,0.6225,0.7925,0.936790123457,0.7425
left,false_positive,7,146928,0.19127150393,0.837718455925,0.86,1,0.855,0.815,0.8175,0.803456790123,0.7
left,true_positive,8,29764,0.150153150975,0.848281159977,0.68,1,0.7225,0.5875,0.7425,0.82962962963,0.6
left,false_positive,9,130166,0.100433263296,0.918225465719,0.7875,0,0.9325,0.875,0.9325,0.868148148148,0.875
left,true_positive,10,28024,0.0774303020832,0.658382946034,0.9,1,0.85,1.0,1.0,0.856296296296,0.9175
left,false_positive,11,54491,0.0727433688045,0.868945650086,0.77,0,0.7975,0.945,0.7775,0.952098765432,0.705
left,false_positive,12,136122,0.065116756356,0.852160553102,0.78,1,0.745,0.61,0.745,0.653827160494,0.5225
left,false_positive,13,134923,0.0541048614135,0.879969272134,0.6825,0,0.725,0.68,0.7025,0.77037037037,0.6725
left,false_positive,14,1993,0.051742940051,0.885730747071,0.7525,0,0.7375,0.63,0.835,0.905679012346,0.6625
left,false_positive,15,4819,0.0317600493981,0.875168043019,0.6725,0,0.715,0.56,0.6725,0.884444444444,0.6025
left,false_positive,16,137085,0.0315226384992,0.660418667179,0.84,0,0.875,0.85,0.8775,0.814814814815,0.8475
left,false_positive,17,864,0.0312405246212,0.87136546956,0.6375,0,0.71,0.5625,0.69,0.89975308642,0.75
left,true_positive,18,930,0.0301919830963,0.560245822931,0.75,1,0.7925,0.685,0.78,0.75012345679,0.7125
left,false_positive,19,2335,0.0223579214526,0.905934319186,0.5825,0,0.64,0.485,0.675,0.884444444444,0.75
left,false_positive,20,29184,0.0202475396983,0.862684847321,0.57,1,0.5725,0.45,0.62,0.822222222222,0.5375
left,false_positive,21,5385,0.0198308433537,0.902093335894,0.5875,0,0.6,0.5075,0.6075,0.944691358025,0.7625
left,true_positive,22,2876,0.0136089802813,0.602458229307,0.795,0,0.8175,0.89,0.84,0.886913580247,0.6075
left,true_positive,23,1799,0.0088898144642,0.434415210294,0.84,0,0.885,0.85,0.81,0.761481481481,0.825
left,false_positive,24,39247,0.00678337095715,0.850816208949,0.65,0,0.5525,0.595,0.575,0.903703703704,0.5175
left,false_positive,25,134922,0.00486202783561,0.857922028039,0.6925,0,0.725,0.635,0.6775,0.679012345679,0.4375
left,false_positive,26,70793,0.002995012928,0.889302861533,0.545,0,0.59,0.5275,0.66,0.808395061728,0.3925
left,false_positive,27,1996,0.00246853827437,0.856001536393,0.525,0,0.495,0.6,0.67,0.786666666667,0.62
left,true_positive,28,1357,0.0015473977126,0.283887075091,0.78,0,0.8075,0.72,0.8025,0.608395061728,0.76
left,false_positive,29,11140,1.29357787754e-05,0.86556558479,0.5775,1,0.6325,0.55,0.6975,0.245432098765,0.5275
left,false_positive,30,70749,6.68728283672e-06,0.890570386019,0.36,0,0.39,0.365,0.39,0.866172839506,0.65
left,false_positive,31,41042,5.24845462904e-06,0.909775302477,0.3475,1,0.445,0.515,0.5425,0.820740740741,-0.25
left,false_positive,32,29229,3.42696388326e-07,0.846360668331,0.3475,0,0.3475,0.3075,0.3675,0.849382716049,0.4375
left,false_negative,33,43759,0.190736811784,0.934741693874,0.8175,1,0.75,0.7675,0.8625,0.705679012346,0.75
left,true_negative,34,136139,0.111412042439,0.74956788938,0.8025,1,0.8375,0.76,0.785,0.942222222222,0.8225
left,true_negative,35,67905,0.103680791389,0.786863837142,0.765,1,0.8,0.75,0.7975,0.8,0.6675
left,true_negative,36,4801,0.0882144975442,0.821432686768,0.625,1,0.64,0.6725,0.735,0.81037037037,0.7075
left,true_negative,37,28466,0.0865760412003,0.773036297292,0.68,1,0.68,0.5875,0.665,0.945679012346,0.61
left,true_negative,38,140859,0.0770414191781,0.957749183791,0.5975,1,0.65,0.59,0.6,0.694814814815,0.4375
left,true_negative,39,67160,0.0443540940243,0.830036489341,0.815,0,0.85,0.76,0.775,0.88,0.68
left,true_negative,40,630,0.0430956984728,0.940503168811,0.6375,0,0.74,0.5575,0.68,0.762962962963,0.7725
left,true_negative,41,41708,0.0360706079186,0.784904935664,0.645,1,0.735,0.51,0.6725,0.64987654321,0.6775
left,true_negative,42,819,0.0283351572333,0.82527367006,0.7075,0,0.7025,0.7775,0.7225,0.721481481481,0.725
left,true_negative,43,31557,0.0274178027052,0.793777607067,0.5575,1,0.7925,0.5825,0.725,0.862716049383,1.0
left,true_negative,44,69217,0.0273046064038,0.77722296908,0.7,0,0.74,0.6425,0.7675,0.912592592593,0.7675
left,true_negative,45,15812,0.0247150299375,0.765738429038,0.575,1,0.5675,0.5,0.62,0.822222222222,0.5475
left,true_negative,46,50703,0.0221810034305,0.735394661033,0.7125,0,0.7,0.645,0.7325,0.856296296296,0.675
left,true_negative,47,29338,0.0218158625328,0.951987708853,0.6525,1,0.69,0.62,0.7,0.602962962963,-0.25
left,true_negative,48,2465,0.0212371623631,0.937007874016,0.7775,1,0.6675,0.555,0.7225,0.815308641975,-0.25
left,true_negative,49,767,0.0208760188623,0.759938544267,0.6625,0,0.7,0.5975,0.695,0.900740740741,0.7325
left,true_negative,50,129987,0.0180268267949,0.930670251584,0.6575,0,0.6875,0.6575,0.6575,0.686913580247,0.5
left,true_negative,51,1186,0.0168170304307,0.798770885347,0.6175,0,0.6625,0.65,0.7225,0.712592592593,0.575
left,true_negative,52,108341,0.0129310448297,0.809756097561,0.5825,1,0.52,0.52,0.595,0.951604938272,0.595
left,true_negative,53,136846,0.0110954698384,0.722681006338,0.8075,0,0.7925,0.875,0.805,0.607407407407,0.7625
left,true_negative,54,17703,0.00762479756449,0.925100825811,0.635,1,0.76,0.4275,0.605,0.982716049383,0.0
left,true_negative,55,15877,0.00309259802089,0.978913001728,0.47,1,0.44,0.4325,0.545,0.741728395062,0.375
left,true_negative,56,108336,0.00268831757542,0.826963702708,0.535,0,0.56,0.3875,0.595,0.846913580247,0.4175
left,true_negative,57,145335,0.000855193762532,0.693796811984,0.5425,0,0.55,0.5875,0.5,0.797530864198,0.5225
left,true_negative,58,18311,0.000284776105042,0.814518916843,0.3825,1,0.42,0.4175,0.58,0.838024691358,0.75
left,true_negative,59,5041,1.44381202606e-05,0.706164778183,0.455,0,0.4775,0.3625,0.41,0.824691358025,0.75
left,true_negative,60,10672,2.95943882218e-16,0.813750720184,0.535,0,0.6425,0.5,0.6075,0.723950617284,-0.25
