n_clusters,cluster,bathAverage,bathScore,chargeScore,description,distance,distanceScore,equipmentAverage,equipmentScore,hotelMiddleCharge,id,kinnennScore,locationAverage,locationScore,mealAverage,mealScore,name,nearestStation,roomAverage,roomScore,serviceAverage,serviceScore,tag,url
3,0,3.5,0.625,0.929710005761,ＪＲ蒲田駅徒歩0分！別館”和”の温泉＋岩盤浴が付いてるオトクなプランあり！ＶＯＤプランもオススメ！,0.1,0.97975308642,3.62,0.655,3481.0,101,1.0,4.76,0.94,3.79,0.6975,シティホテル弘城,蒲田,3.4,0.6,3.92,0.73,true1,http://img.travel.rakuten.co.jp/image/tr/api/hs/dQ4dX/?f_no=101
3,0,3.7,0.675,0.7138851546,駅至近にもかかわらず、館内は街の喧騒から一線を画し、またインターナショナルな雰囲気です。,0.36,0.851358024691,4.03,0.7575,9100.0,388,1.0,4.66,0.915,4.13,0.7825,ホテルメトロポリタン,池袋,4.07,0.7675,4.07,0.7675,true3,http://img.travel.rakuten.co.jp/image/tr/api/hs/dQ4dX/?f_no=388
3,0,3.56,0.64,0.965469560207,東京ドームまですぐという至便な立地ながら大通りより一本入った閑静なたたずまいのホテル。朝食サービス付,0.442,0.810864197531,4.19,0.7975,2550.0,462,1.0,4.16,0.79,3.83,0.7075,ホテルウィングインターナショナル後楽園,水道橋,3.72,0.68,4.32,0.83,true0,http://img.travel.rakuten.co.jp/image/tr/api/hs/dQ4dX/?f_no=462
3,0,4.46,0.865,0.786863837142,美人の湯、熱の湯特徴を持った蒲田黒湯温泉で癒しののひととき。全室LANポート設置。羽田送客プランも有,0.174,0.943209876543,3.74,0.685,7200.0,568,1.0,4.78,0.945,3.27,0.5675,ホテル末広＜東京都＞,蒲田,3.65,0.6625,4.19,0.7975,true1,http://img.travel.rakuten.co.jp/image/tr/api/hs/dQ4dX/?f_no=568
3,0,3.91,0.7275,0.782024198195,JR山手線大塚駅南口より徒歩１分！駐車場完備！車派も電車派も◎ワンランク上のウェディングスホテル！,0.059,1.0,4.15,0.7875,7326.0,839,1.0,4.7,0.925,3.94,0.735,ホテル　ベルクラシック東京,大塚（東京）,4.38,0.845,4.26,0.815,true3,http://img.travel.rakuten.co.jp/image/tr/api/hs/dQ4dX/?f_no=839
3,1,2.82,0.455,0.917418859228,都内各所に交通至便。ビジネス、観光ともに最適なホテルです。,0.902,0.583703703704,3.38,0.595,3801.0,922,1.0,3.73,0.6825,2.81,0.4525,センターホテル東京,東京,3.3,0.575,3.42,0.605,true0,http://img.travel.rakuten.co.jp/image/tr/api/hs/dQ4dX/?f_no=922
3,1,3.08,0.52,0.867486076436,池袋駅西口に近く、けやき並木の中に建ち、安価で清潔。シングルルームには、テンピュールの枕を使用,0.532,0.766419753086,3.04,0.51,5101.0,995,1.0,3.6,0.65,4.15,0.7875,ホテルニュースター池袋,池袋,3.13,0.5325,3.31,0.5775,true1,http://img.travel.rakuten.co.jp/image/tr/api/hs/dQ4dX/?f_no=995
3,1,3.37,0.5925,0.863645093144,浅草駅から徒歩１分！観光、ビジネスに好立地。最上階の男性展望風呂から隅田川を一望。,0.617,0.724444444444,3.08,0.52,5201.0,1511,1.0,4.48,0.87,3.43,0.6075,ホテルニュー魚眠荘,浅草,3.16,0.54,3.45,0.6125,true3,http://img.travel.rakuten.co.jp/image/tr/api/hs/dQ4dX/?f_no=1511
3,0,3.61,0.6525,0.788745918955,全室地デジ液晶TV設置!旅先がオフィスに、マイルームに変身!,0.716,0.675555555556,3.65,0.6625,7151.0,1556,1.0,4.13,0.7825,3.82,0.705,ホテル・パークサイド＜東京／上野＞,上野,3.82,0.705,3.7,0.675,true0,http://img.travel.rakuten.co.jp/image/tr/api/hs/dQ4dX/?f_no=1556
3,0,3.79,0.6975,0.897484155944,ＪＲ上野駅から徒歩２分・コンビニまで３０秒と好立地！全館ネット接続可能（無料）☆,0.312,0.875061728395,3.78,0.695,4320.0,1680,1.0,4.48,0.87,4.14,0.785,上野東金屋ホテル,上野,3.91,0.7275,4.17,0.7925,true1,http://img.travel.rakuten.co.jp/image/tr/api/hs/dQ4dX/?f_no=1680
3,1,3.36,0.59,0.890570386019,西新宿超高層ビル群に隣接。中央公園に面し閑静な環境　都内各所へアクセス至便,1.084,0.493827160494,3.65,0.6625,4500.0,1997,1.0,3.68,0.67,4.11,0.7775,新宿ニューシティホテル,新宿,3.74,0.685,3.76,0.69,true3,http://img.travel.rakuten.co.jp/image/tr/api/hs/dQ4dX/?f_no=1997
3,0,3.54,0.635,0.748454004225,◆阪急阪神第一ホテルグループ◆ 都会の隠れ家をコンセプト、銀座・新橋にも近くて便利。,0.372,0.845432098765,4.0,0.75,8200.0,2877,1.0,4.23,0.8075,3.75,0.6875,第一ホテルアネックス,新橋,3.69,0.6725,3.54,0.635,true0,http://img.travel.rakuten.co.jp/image/tr/api/hs/dQ4dX/?f_no=2877
3,2,3.99,0.7475,0.890570386019,ＪＲ神田駅（東京駅隣）から徒歩１分。男女大浴場完備。インターネット接続無料（全室有線・無線ＬＡＮ),0.1,0.97975308642,3.36,0.59,4500.0,2958,0.0,4.51,0.8775,3.73,0.6825,セントラルホテル＜東京都＞,神田（東京）,3.13,0.5325,3.6,0.65,true1,http://img.travel.rakuten.co.jp/image/tr/api/hs/dQ4dX/?f_no=2958
3,0,3.69,0.6725,0.821432686768,上野駅から徒歩５分、1Fコンビニ、和室洋室がある、利便性の優れたホテルです。,0.443,0.81037037037,3.5,0.625,6300.0,4801,1.0,4.06,0.765,3.83,0.7075,上野　ＮＥＷ伊豆ホテル,上野,3.56,0.64,3.94,0.735,true3,http://img.travel.rakuten.co.jp/image/tr/api/hs/dQ4dX/?f_no=4801
3,0,3.82,0.705,0.794507393893,ＪＲ上野駅より徒歩3分！上野公園上野動物園徒歩でいけます。,0.47,0.797037037037,3.9,0.725,7001.0,4977,1.0,4.4,0.85,3.56,0.64,ホテル　丸谷,上野,3.74,0.685,3.84,0.71,true0,http://img.travel.rakuten.co.jp/image/tr/api/hs/dQ4dX/?f_no=4977
3,1,2.98,0.495,0.928980218936,シングルからご家族・グループ向けの４名１室のフォースまで幅広いタイプをご用意してお待ちしております。,0.255,0.903209876543,3.61,0.6525,3500.0,5024,1.0,3.97,0.7425,3.68,0.67,オリンピックイン神田,神田（東京）,4.05,0.7625,3.8,0.7,true1,http://img.travel.rakuten.co.jp/image/tr/api/hs/dQ4dX/?f_no=5024
3,1,3.27,0.5675,0.868177453428,交通の便もよく、ビジネスにご旅行に、好立地！東京スカイツリーまで15分で行けます☆,0.527,0.768888888889,3.09,0.5225,5083.0,5627,1.0,3.36,0.59,3.67,0.6675,チサンホテル上野,上野,3.64,0.66,3.36,0.59,true3,http://img.travel.rakuten.co.jp/image/tr/api/hs/dQ4dX/?f_no=5627
3,1,3.08,0.52,0.813750720184,皆様のご利用をお待ちしております。,0.249,0.906172839506,3.18,0.545,6500.0,7342,1.0,4.39,0.8475,3.36,0.59,神田ステーションホテル,神田（東京）,3.24,0.56,3.35,0.5875,true0,http://img.travel.rakuten.co.jp/image/tr/api/hs/dQ4dX/?f_no=7342
3,0,4.38,0.845,0.85596312656,JR神田駅（東京駅隣）から徒歩２分。男女サウナ付大浴場完備。ネット接続無料（全室有線・無線ＬＡＮ),0.144,0.958024691358,3.69,0.6725,5401.0,7588,1.0,4.26,0.815,3.41,0.6025,ニューセントラルホテル＜東京都＞,神田（東京）,3.47,0.6175,3.78,0.695,true1,http://img.travel.rakuten.co.jp/image/tr/api/hs/dQ4dX/?f_no=7588
3,1,3.15,0.5375,0.885730747071,池袋駅東口徒歩8分≪女性用アメニティ無料配布中≫【近隣にコンビニ、２４時間スーパーあり】,0.724,0.671604938272,3.57,0.6425,4626.0,7903,1.0,3.56,0.64,4.0,0.75,ホテルウィングインターナショナル池袋,池袋,3.58,0.645,3.72,0.68,true3,http://img.travel.rakuten.co.jp/image/tr/api/hs/dQ4dX/?f_no=7903
3,0,3.7,0.675,0.870674092568,ＪＲ上野駅入谷出口より徒歩1分!朝はパンと飲み物をサービス！全室高速インターネット接続！,0.223,0.919012345679,3.5,0.625,5018.0,9518,1.0,4.4,0.85,4.0,0.75,サットンプレイスホテル上野,上野,3.9,0.725,3.8,0.7,true0,http://img.travel.rakuten.co.jp/image/tr/api/hs/dQ4dX/?f_no=9518
3,0,3.83,0.7075,0.680084501632,JR上野駅から5分、京成上野から1分。客室は広めの設計です。コンビニへは10秒！全室無線LAN無料！,0.525,0.76987654321,3.67,0.6675,9980.0,10630,1.0,4.47,0.8675,3.32,0.58,ホテル　レインボー,上野,3.89,0.7225,3.91,0.7275,true1,http://img.travel.rakuten.co.jp/image/tr/api/hs/dQ4dX/?f_no=10630
3,1,3.2,0.55,0.86556558479,渋谷から1駅！池尻大橋駅徒歩3分♪駅近便利！※門限有り(24時30分),1.587,0.245432098765,3.31,0.5775,5151.0,11140,1.0,4.13,0.7825,3.11,0.5275,大橋会館,渋谷,3.53,0.6325,3.79,0.6975,true3,http://img.travel.rakuten.co.jp/image/tr/api/hs/dQ4dX/?f_no=11140
3,0,3.45,0.6125,0.775686575763,新宿駅西口徒歩３分、高速バスターミナルより徒歩3分　空港リムジンバス乗り場より徒歩5分　,0.403,0.83012345679,3.69,0.6725,7491.0,11230,1.0,4.59,0.8975,3.73,0.6825,かどやホテル＜東京都＞,新宿,3.78,0.695,3.96,0.74,true0,http://img.travel.rakuten.co.jp/image/tr/api/hs/dQ4dX/?f_no=11230
3,1,3.0,0.5,0.765738429038,ＪＲ地下鉄５線乗入！焼きたてパンの朝食が無料。インターネット無料接続。東京消防庁優良防火対象物認定,0.419,0.822222222222,3.3,0.575,7750.0,15812,1.0,3.85,0.7125,3.19,0.5475,お茶の水セントヒルズホテル,御茶ノ水,3.27,0.5675,3.48,0.62,true1,http://img.travel.rakuten.co.jp/image/tr/api/hs/dQ4dX/?f_no=15812
3,1,3.39,0.5975,0.880929517957,新宿歌舞伎町のビジネスホテル★期間限定割引実施中★,0.739,0.664197530864,3.77,0.6925,4751.0,16373,1.0,3.8,0.7,3.67,0.6675,ホテル　シェーナ,新宿,3.6,0.65,3.77,0.6925,true3,http://img.travel.rakuten.co.jp/image/tr/api/hs/dQ4dX/?f_no=16373
3,1,2.71,0.4275,0.925100825811,1泊のホテル利用から長期滞在まで。サンシャインシティは徒歩圏内。東京ドームへは2駅4分。,0.094,0.982716049383,3.54,0.635,3601.0,17703,1.0,3.38,0.595,1.0,0.0,ホテルマイステイズ東池袋,大塚（東京）,4.04,0.76,3.42,0.605,true0,http://img.travel.rakuten.co.jp/image/tr/api/hs/dQ4dX/?f_no=17703
3,1,2.96,0.49,0.878663337814,池袋駅徒歩５分♪朝食無料♪１階にミニスーパーまいばすけっと有り♪,0.56,0.752592592593,3.61,0.6525,4810.0,17979,1.0,3.71,0.6775,3.85,0.7125,スーパーホテルＩｎｎ池袋駅北口（旧　スーパーホテルＣｉｔｙ池袋北口）,池袋,3.73,0.6825,3.93,0.7325,true1,http://img.travel.rakuten.co.jp/image/tr/api/hs/dQ4dX/?f_no=17979
3,0,3.51,0.6275,0.779181870559,東京駅より１駅＆秋葉原までも徒歩10分♪コンビニ近隣にあります！サンキュープランがおススメです★,0.16,0.95012345679,3.71,0.6775,7400.0,18270,1.0,4.17,0.7925,3.58,0.645,京王プレッソイン神田,神田（東京）,4.06,0.765,3.97,0.7425,true3,http://img.travel.rakuten.co.jp/image/tr/api/hs/dQ4dX/?f_no=18270
3,1,2.67,0.4175,0.814518916843,　創業８０年、スタッフ一同家庭的な下町のホテルを目指しております。,0.387,0.838024691358,2.53,0.3825,6480.0,18311,1.0,4.32,0.83,4.0,0.75,ビジネスホテル　やなぎや＜東京都＞,上野,2.68,0.42,3.32,0.58,true0,http://img.travel.rakuten.co.jp/image/tr/api/hs/dQ4dX/?f_no=18311
3,1,3.08,0.52,0.812944113693,池袋のランドマーク,0.757,0.655308641975,3.31,0.5775,6521.0,18392,1.0,3.9,0.725,3.31,0.5775,サンシャインシティプリンスホテル,池袋,3.38,0.595,3.39,0.5975,true1,http://img.travel.rakuten.co.jp/image/tr/api/hs/dQ4dX/?f_no=18392
3,1,2.35,0.3375,0.864298060303,交通至便。周辺は飲食店が充実し、ビジネス・観光の拠点におすすめ★有線＆無線LAN接続可,0.115,0.972345679012,2.77,0.4425,5184.0,20639,1.0,4.24,0.81,3.33,0.5825,大塚ステーションホテル,大塚（東京）,2.66,0.415,3.11,0.5275,true3,http://img.travel.rakuten.co.jp/image/tr/api/hs/dQ4dX/?f_no=20639
3,0,3.35,0.5875,0.773036297292,ＪＲ新宿駅から徒歩１分のベストロケーション。ビジネスやレジャーの拠点として最適の空間です。,0.169,0.945679012346,3.72,0.68,7560.0,28466,1.0,4.83,0.9575,3.44,0.61,セントラルホテル東京,新宿,3.72,0.68,3.66,0.665,true0,http://img.travel.rakuten.co.jp/image/tr/api/hs/dQ4dX/?f_no=28466
3,1,3.44,0.61,0.839446898406,JR新橋駅徒歩２分。銀座・汐留各方面アクセス抜群！清潔さ・安らぎ・合理化による低価格をご提供します。,0.189,0.935802469136,3.5,0.625,5831.0,28484,1.0,4.44,0.86,3.42,0.605,チェックイン新橋,新橋,3.27,0.5675,3.55,0.6375,true1,http://img.travel.rakuten.co.jp/image/tr/api/hs/dQ4dX/?f_no=28484
3,1,3.33,0.5825,0.859804109852,上野駅より徒歩４分！無線ＬＡＮ（ＷｉＦｉ）全室対応！！ビジネスにも観光にもご利用下さい！！！,0.383,0.84,3.54,0.635,5301.0,29183,1.0,4.29,0.8225,3.33,0.5825,ホテル　ニューパーク,上野,3.59,0.6475,3.76,0.69,true3,http://img.travel.rakuten.co.jp/image/tr/api/hs/dQ4dX/?f_no=29183
3,1,2.8,0.45,0.862684847321,上野駅から徒歩５分。アメ横、上野動物園にも近い。ディスニーランドへも電車で３０分圏内です！,0.419,0.822222222222,3.28,0.57,5226.0,29184,1.0,4.1,0.775,3.15,0.5375,ホテルサンターガス　上野店,上野,3.29,0.5725,3.48,0.62,true0,http://img.travel.rakuten.co.jp/image/tr/api/hs/dQ4dX/?f_no=29184
3,1,3.2,0.55,0.735010562704,南青山の閑静な住宅街に佇まい、渋谷・表参道・六本木の中央に位置し、六本木通り沿いの好立地。,1.061,0.505185185185,3.38,0.595,8550.0,29381,1.0,3.64,0.66,3.13,0.5325,島根イン青山,渋谷,3.68,0.67,3.5,0.625,true1,http://img.travel.rakuten.co.jp/image/tr/api/hs/dQ4dX/?f_no=29381
3,0,3.29,0.5725,0.853696946418,ＪＲ上野駅の浅草口を出て左へ徒歩１分。ビジネス・観光等に最適です。全室ウォッシュレット完備。,0.132,0.963950617284,3.72,0.68,5460.0,40799,1.0,4.82,0.955,4.0,0.75,ホテル　ニューウエノ,上野,3.49,0.6225,3.94,0.735,true3,http://img.travel.rakuten.co.jp/image/tr/api/hs/dQ4dX/?f_no=40799
3,0,3.74,0.685,0.784943345496,広めのお部屋で全客室に洗濯乾燥機、電子レンジもあって長期滞在に便利。別館は２分程離れた所にあります。,0.479,0.792592592593,3.94,0.735,7250.0,41703,1.0,4.08,0.77,3.79,0.6975,東急ステイ渋谷新南口,渋谷,4.15,0.7875,3.77,0.6925,true0,http://img.travel.rakuten.co.jp/image/tr/api/hs/dQ4dX/?f_no=41703
3,1,3.04,0.51,0.784904935664,客室にミニキッチン・電子レンジ・洗濯機・乾燥機を完備。連泊の際に大変便利です。,0.768,0.64987654321,3.58,0.645,7251.0,41708,1.0,3.66,0.665,3.71,0.6775,東急ステイ渋谷　（道玄坂上）,渋谷,3.94,0.735,3.69,0.6725,true1,http://img.travel.rakuten.co.jp/image/tr/api/hs/dQ4dX/?f_no=41708
3,1,3.25,0.5625,0.945265988093,大塚駅より徒歩２分と交通至便。リーズナブルな料金でビジネス出張に好適。,0.155,0.952592592593,3.34,0.585,3076.0,54885,1.0,4.4,0.85,3.5,0.625,ホテルサンターガス大塚店,大塚（東京）,3.2,0.55,3.72,0.68,true3,http://img.travel.rakuten.co.jp/image/tr/api/hs/dQ4dX/?f_no=54885
3,0,3.63,0.6575,0.869444977914,JR御茶ノ水駅、秋葉原駅、東京メトロから徒歩圏内。１階にコンビニとレストランを併設。損保会館至近。,0.404,0.82962962963,3.88,0.72,5050.0,56917,1.0,4.32,0.83,3.93,0.7325,ホテルマイステイズ御茶ノ水,御茶ノ水,4.08,0.77,3.92,0.73,true0,http://img.travel.rakuten.co.jp/image/tr/api/hs/dQ4dX/?f_no=56917
3,0,3.87,0.7175,0.928980218936,禁煙・喫煙をフロアー毎にわけております。門限を１時で設定しております。,0.512,0.776296296296,3.72,0.68,3500.0,56975,1.0,4.2,0.8,3.4,0.6,ホテルＮＥＯ東京,南千住,3.93,0.7325,3.79,0.6975,true1,http://img.travel.rakuten.co.jp/image/tr/api/hs/dQ4dX/?f_no=56975
3,0,4.0,0.75,0.786863837142,JR・東京モノレール浜松町駅徒歩約6分★羽田空港からアクセス軽快！★東京タワーまで徒歩圏内,0.464,0.8,4.06,0.765,7200.0,67905,1.0,4.38,0.845,3.67,0.6675,ホテルコンソレイユ　芝・東京（リッチモンドホテルズ提携ホテル）,浜松町,4.2,0.8,4.19,0.7975,true3,http://img.travel.rakuten.co.jp/image/tr/api/hs/dQ4dX/?f_no=67905
3,0,3.66,0.665,0.802189360476,新橋駅烏森口から徒歩3分。ビジネス・銀座やお台場観光の拠点として最適。,0.27,0.895802469136,3.78,0.695,6801.0,68565,1.0,4.43,0.8575,3.31,0.5775,ホテルサンルート新橋,新橋,4.03,0.7575,3.87,0.7175,true0,http://img.travel.rakuten.co.jp/image/tr/api/hs/dQ4dX/?f_no=68565
3,1,3.18,0.545,0.955252544651,本館1階にコインランドリーがオープンしました(24時間営業)。,0.405,0.829135802469,2.9,0.475,2816.0,70358,1.0,4.0,0.75,3.13,0.5325,サクラホテル池袋,池袋,2.92,0.48,3.17,0.5425,true1,http://img.travel.rakuten.co.jp/image/tr/api/hs/dQ4dX/?f_no=70358
3,0,3.57,0.6425,0.853082389092,高速インターネット/ＬＡＮケーブル（無料）,0.364,0.849382716049,3.67,0.6675,5476.0,70707,1.0,4.53,0.8825,3.89,0.7225,ザ・ビー池袋,池袋,4.01,0.7525,3.68,0.67,true3,http://img.travel.rakuten.co.jp/image/tr/api/hs/dQ4dX/?f_no=70707
3,0,3.78,0.695,0.863645093144,JR線蒲田駅より徒歩4分。羽田空港や横浜、品川方面へアクセス至便！,0.276,0.892839506173,3.85,0.7125,5201.0,74696,1.0,4.13,0.7825,3.67,0.6675,ホテルマイステイズ蒲田,蒲田,3.87,0.7175,3.79,0.6975,true0,http://img.travel.rakuten.co.jp/image/tr/api/hs/dQ4dX/?f_no=74696
3,0,4.31,0.8275,0.786863837142,★西鉄イン蒲田★アートさえ感じる、快適な宿泊空間！,0.267,0.897283950617,3.91,0.7275,7200.0,79262,1.0,4.36,0.84,3.64,0.66,西鉄イン蒲田,蒲田,4.26,0.815,4.03,0.7575,true1,http://img.travel.rakuten.co.jp/image/tr/api/hs/dQ4dX/?f_no=79262
3,0,3.39,0.5975,0.84831956981,同チェーンで女性客比率№１ホテル！池袋駅構内Ｃ１出口を出て後ろを振り返るとすぐ♪,0.422,0.820740740741,3.83,0.7075,5600.0,80513,1.0,4.3,0.825,4.04,0.76,スーパーホテル　ＪＲ池袋西口,池袋,4.04,0.76,4.13,0.7825,true3,http://img.travel.rakuten.co.jp/image/tr/api/hs/dQ4dX/?f_no=80513
3,0,3.79,0.6975,0.869406568081,東京スカイツリー（R）眺望の客室あり☆「大人のくつろぎ」と「安らかなひととき」を演出します。,0.104,0.977777777778,4.11,0.7775,5051.0,80619,1.0,4.26,0.815,4.05,0.7625,ホテル京阪浅草,浅草,4.3,0.825,4.08,0.77,true0,http://img.travel.rakuten.co.jp/image/tr/api/hs/dQ4dX/?f_no=80619
3,1,3.58,0.645,0.890570386019,羽田空港からのアクセス至便。明日の元気をくれる安らぎの時間。,0.424,0.81975308642,3.58,0.645,4500.0,80766,1.0,3.55,0.6375,3.4,0.6,ヴィラフォンテーヌ浜松町,浜松町,3.89,0.7225,3.79,0.6975,true1,http://img.travel.rakuten.co.jp/image/tr/api/hs/dQ4dX/?f_no=80766
3,1,3.43,0.6075,0.94430574227,閑静な住宅街の中の静かで広々としたお部屋と充実の朝食サービスが人気★,0.542,0.761481481481,3.81,0.7025,3101.0,107898,1.0,3.47,0.6175,3.42,0.605,ホテルトムス,蒲田,4.18,0.795,3.79,0.6975,true3,http://img.travel.rakuten.co.jp/image/tr/api/hs/dQ4dX/?f_no=107898
3,1,3.08,0.52,0.809756097561,便利な山手線大塚駅北口徒歩3分！都心へのアクセス抜群！アットホームな大塚駅北口Ⅰ,0.157,0.951604938272,3.33,0.5825,6604.0,108341,1.0,4.23,0.8075,3.38,0.595,東横イン大塚駅北口１,大塚（東京）,3.08,0.52,3.38,0.595,true0,http://img.travel.rakuten.co.jp/image/tr/api/hs/dQ4dX/?f_no=108341
3,1,3.56,0.64,0.839408488573,全国でも有名な歓楽街、歌舞伎町にありながら、安心してお泊りいただけます！,0.872,0.598518518519,3.6,0.65,5832.0,108351,1.0,3.73,0.6825,3.66,0.665,東横イン新宿歌舞伎町,新宿,3.74,0.685,3.46,0.615,true1,http://img.travel.rakuten.co.jp/image/tr/api/hs/dQ4dX/?f_no=108351
3,0,3.83,0.7075,0.874323026695,ＪＲ品川駅から12分！京急羽田空港から10分！都内、横浜へのアクセス良好。,0.2,0.93037037037,3.47,0.6175,4923.0,108411,1.0,4.5,0.875,3.06,0.515,東横イン蒲田東口,蒲田,3.63,0.6575,3.68,0.67,true3,http://img.travel.rakuten.co.jp/image/tr/api/hs/dQ4dX/?f_no=108411
3,0,3.96,0.74,0.836489341271,山手線池袋駅北口から徒歩4分！とても便利な立地です。繁華街近ですが、とても静かな環境です。,0.449,0.807407407407,3.84,0.71,5908.0,108416,1.0,4.22,0.805,3.85,0.7125,東横イン池袋北口１,池袋,4.27,0.8175,4.22,0.805,true0,http://img.travel.rakuten.co.jp/image/tr/api/hs/dQ4dX/?f_no=108416
3,1,3.42,0.605,0.860149798348,近隣には、池袋サンシャイン、巣鴨地蔵があり、ビジネス・レジャーどちらも便利です,0.113,0.973333333333,3.33,0.5825,5292.0,108417,1.0,4.2,0.8,3.08,0.52,東横イン山手線大塚駅北口２,大塚（東京）,3.53,0.6325,3.13,0.5325,true1,http://img.travel.rakuten.co.jp/image/tr/api/hs/dQ4dX/?f_no=108417
3,0,3.84,0.71,0.787785673132,★Wi-Fi無料サービス開始★羽田空港・都心・横浜へアクセス抜群★観光、ビジネスの拠点に！★,0.367,0.847901234568,4.05,0.7625,7176.0,109067,1.0,4.2,0.8,4.0,0.75,京急ＥＸイン　蒲田,蒲田,4.18,0.795,4.01,0.7525,true3,http://img.travel.rakuten.co.jp/image/tr/api/hs/dQ4dX/?f_no=109067
3,1,3.16,0.54,0.793777607067,東京ドーム・ラクーアが目の前にあり、最寄り５つの駅まで徒歩５分以内と交通至便。,0.429,0.817283950617,3.31,0.5775,7020.0,129429,1.0,4.17,0.7925,4.04,0.76,水道橋グランドホテル,水道橋,3.35,0.5875,3.72,0.68,true0,http://img.travel.rakuten.co.jp/image/tr/api/hs/dQ4dX/?f_no=129429
3,1,3.55,0.6375,0.896331860956,池袋駅北口より徒歩4分★新宿・東京・品川駅へ好アクセス★東京ドームヘ３駅７分★朝食は和洋バイキング,0.387,0.838024691358,3.69,0.6725,4350.0,129459,1.0,3.82,0.705,3.42,0.605,アパホテル＜池袋駅北口＞,池袋,3.77,0.6925,3.75,0.6875,true1,http://img.travel.rakuten.co.jp/image/tr/api/hs/dQ4dX/?f_no=129459
3,0,3.57,0.6425,0.823314768581,【全室ダブルベット設置】【健康焼きたてパン朝食無料】【大好評健康イオン水客室給水】,0.539,0.762962962963,4.03,0.7575,6251.0,135551,1.0,4.1,0.775,4.13,0.7825,スーパーホテル浅草,浅草,4.3,0.825,4.09,0.7725,true3,http://img.travel.rakuten.co.jp/image/tr/api/hs/dQ4dX/?f_no=135551
3,0,3.98,0.745,0.8492414058,2011年11月オープン！新橋駅から徒歩3分とビジネス観光に大変便利。大浴場で疲れを癒して下さい。,0.258,0.901728395062,4.2,0.8,5576.0,135973,1.0,4.59,0.8975,3.67,0.6675,ホテル新橋三番館,新橋,4.17,0.7925,4.13,0.7825,true0,http://img.travel.rakuten.co.jp/image/tr/api/hs/dQ4dX/?f_no=135973
3,0,3.44,0.61,0.852160553102,◆全室シモンズ製和ベッド◆全室畳敷きのお部屋◆都営線浅草駅徒歩2分の美しい小さな和のホテルです。,0.76,0.653827160494,4.12,0.78,5500.0,136122,1.0,4.33,0.8325,3.09,0.5225,浅草ホテル旅籠,浅草,3.98,0.745,3.98,0.745,true1,http://img.travel.rakuten.co.jp/image/tr/api/hs/dQ4dX/?f_no=136122
3,0,3.49,0.6225,0.852506241598,■ＪＲ山手線大塚駅より徒歩3分！■焼き立てパン朝食無料！■全館Wi-Fi完備！■全室ワイドベッド！,0.187,0.936790123457,3.95,0.7375,5491.0,136288,1.0,4.31,0.8275,3.97,0.7425,スーパーホテル　東京・大塚,大塚（東京）,4.25,0.8125,4.17,0.7925,true3,http://img.travel.rakuten.co.jp/image/tr/api/hs/dQ4dX/?f_no=136288
3,1,3.26,0.565,0.938544267332,2012年3月16日、新築オープン！東京駅より1駅2分/秋葉原（アキバ）へは徒歩10分の好アクセス！,0.358,0.852345679012,3.51,0.6275,3251.0,136820,1.0,3.62,0.655,3.41,0.6025,アパホテル＜神田駅東＞,神田（東京）,3.62,0.655,3.47,0.6175,true0,http://img.travel.rakuten.co.jp/image/tr/api/hs/dQ4dX/?f_no=136820
3,1,3.36,0.59,0.957749183791,「ビジネスはもちろん観光など、プライベートを満喫する為のシンプルな宿泊スタイルLiVEMAX」,0.677,0.694814814815,3.39,0.5975,2751.0,140859,1.0,3.36,0.59,2.75,0.4375,ホテルリブマックス新橋,新橋,3.6,0.65,3.4,0.6,true1,http://img.travel.rakuten.co.jp/image/tr/api/hs/dQ4dX/?f_no=140859
3,0,4.37,0.8425,0.811791818706,東京駅から徒歩3分。男女別の大浴場「八重桜の湯」は健康イオン水大浴場と炭酸泉がお楽しみいただけます。,0.361,0.850864197531,4.18,0.795,6551.0,141356,1.0,4.79,0.9475,3.81,0.7025,スーパーホテルＬｏｈａｓ東京駅八重洲中央口　八重桜の湯,東京,4.3,0.825,4.36,0.84,true3,http://img.travel.rakuten.co.jp/image/tr/api/hs/dQ4dX/?f_no=141356
3,1,3.14,0.535,0.813750720184,新宿駅西口より徒歩６分、客様のお越しをお待ちしております,0.637,0.714567901235,3.32,0.58,6500.0,142811,1.0,4.13,0.7825,3.54,0.635,ビジネスホテル新宿タウンアネクス,新宿,3.38,0.595,3.7,0.675,true0,http://img.travel.rakuten.co.jp/image/tr/api/hs/dQ4dX/?f_no=142811
3,1,3.36,0.59,0.863683502977,新宿駅近！女性専用宿泊施設。（個室型２段ベッド）滞在中は、露天風呂やシルキーバス等スパに入り放題！！,0.672,0.697283950617,3.64,0.66,5200.0,143324,1.0,3.71,0.6775,3.3,0.575,リ・ラックスパ　新宿（旧：Ｌｅ　Ｌｕｃｋ　ＳＰＡ　ＳＨＩＮＪＵＫＵ）,新宿,3.29,0.5725,3.5,0.625,true1,http://img.travel.rakuten.co.jp/image/tr/api/hs/dQ4dX/?f_no=143324
3,0,4.19,0.7975,0.801728442481,2014年5月OPEN！新橋駅徒歩3分。全室無料Wi-Fi完備！洗濯乾燥機付き客室もございます。,0.339,0.861728395062,4.02,0.755,6813.0,145444,1.0,4.18,0.795,3.9,0.725,東急ステイ新橋,新橋,4.41,0.8525,3.77,0.6925,true3,http://img.travel.rakuten.co.jp/image/tr/api/hs/dQ4dX/?f_no=145444
3,0,4.36,0.84,0.573689264452,平成２６年８月８日(金)新規オープン！ＪＲ新宿駅南口から徒歩３分！観光・ビジネスに最適です！,0.336,0.863209876543,3.86,0.715,12750.0,146877,1.0,4.46,0.865,4.23,0.8075,ＪＲ九州ホテルブラッサム新宿,新宿,4.46,0.865,3.25,0.5625,true0,http://img.travel.rakuten.co.jp/image/tr/api/hs/dQ4dX/?f_no=146877
3,0,4.26,0.815,0.837718455925,２０１４年８月１５日オープン！東京ドームへ徒歩２分！全室WiFi無料！都内中心部の好立地！,0.457,0.803456790123,4.44,0.86,5876.0,146928,1.0,4.54,0.885,3.8,0.7,リッチモンドホテル東京水道橋（２０１４年８月１５日オープン）,水道橋,4.42,0.855,4.27,0.8175,true1,http://img.travel.rakuten.co.jp/image/tr/api/hs/dQ4dX/?f_no=146928
3,0,3.42,0.605,0.901094680238,センチュリオンホテルが池袋に新規オープン！ビジネス・レジャーに好アクセス！,0.358,0.852345679012,4.1,0.775,4226.0,147111,1.0,4.35,0.8375,3.38,0.595,センチュリオンホテル池袋（２０１４年９月グランドオープン）,池袋,3.94,0.735,3.49,0.6225,true3,http://img.travel.rakuten.co.jp/image/tr/api/hs/dQ4dX/?f_no=147111
3,0,4.4,0.85,0.752294987517,２０１４年１０月３日新規オープン！高濃度人工炭酸泉完備！新宿歌舞伎町に位置し新宿駅から徒歩８分。ビジネスや観光の拠点に最適,0.78,0.643950617284,4.13,0.7825,8100.0,147193,1.0,4.0,0.75,4.0,0.75,スーパーホテル新宿歌舞伎町（２０１４年１０月３日グランドオープン）,新宿,4.13,0.7825,4.19,0.7975,true0,http://img.travel.rakuten.co.jp/image/tr/api/hs/dQ4dX/?f_no=147193
