left,boolean,ranking,id,score,mealScore,serviceScore,roomScore,distanceScore,equipmentScore,chargeScore,bathScore,locationScore,kinnennScore
left,0,0,18246,0.223165698,0.775,0.7525,0.78,0.962469135802,0.785,0.9107355483,0.77,0.8725,1
left,0,1,135551,0.0951298663191,0.7825,0.7725,0.825,0.762962962963,0.7575,0.823314768581,0.6425,0.775,1
left,0,2,136288,0.0944197718752,0.7425,0.7925,0.8125,0.936790123457,0.7375,0.852506241598,0.6225,0.8275,1
left,0,3,130043,0.0934355749005,0.805,0.765,0.9,0.942716049383,0.83,0.859804109852,0.695,0.865,0
left,0,4,1356,0.0633275038986,0.79,0.7575,0.8125,0.831604938272,0.775,0.704513155368,0.73,0.925,0
left,0,5,19718,0.0589499387895,0.875,0.9225,0.77,0.844444444444,0.6925,0.640868062224,0.635,0.905,0
left,0,6,74604,0.0575292698273,0.795,0.9125,0.8275,0.78962962963,0.83,0.822969080085,0.9075,0.805,0
left,0,7,107870,0.0479368380718,0.72,0.815,0.8225,0.907160493827,0.8125,0.765815248704,0.735,0.91,0
left,0,8,78211,0.0386971757646,0.8025,0.83,0.86,0.874074074074,0.81,0.525676973305,0.8275,0.795,1
left,3,9,104688,0.0371752355311,0.75,0.6625,0.73,0.743209876543,0.7275,0.657384290378,0.7225,0.8125,1
left,3,10,1764,0.0370960115674,0.7725,0.7075,0.7425,0.880987654321,0.67,0.73074707125,0.645,0.8575,0
left,0,11,74696,0.0280815196016,0.6675,0.6975,0.7175,0.892839506173,0.7125,0.863645093144,0.695,0.7825,1
left,0,12,31557,0.027831362983,1.0,0.725,0.7925,0.862716049383,0.5575,0.793777607067,0.5825,0.9275,1
left,3,13,40799,0.0254353461944,0.75,0.735,0.6225,0.963950617284,0.68,0.853696946418,0.5725,0.955,1
left,3,14,129429,0.0155130925476,0.76,0.68,0.5875,0.817283950617,0.5775,0.793777607067,0.54,0.7925,1
left,3,15,2877,0.0111390447685,0.6875,0.635,0.6725,0.845432098765,0.75,0.748454004225,0.635,0.8075,1
left,3,16,69217,0.0109045541633,0.7675,0.7675,0.74,0.912592592593,0.7,0.77722296908,0.6425,0.72,0
left,3,17,1993,0.0101926769616,0.6625,0.835,0.7375,0.905679012346,0.7525,0.885730747071,0.63,0.905,0
left,3,18,7599,0.00780872887006,0.75,0.6,0.5675,0.945679012346,0.5625,0.8646437488,0.5325,0.95,1
left,0,19,5309,0.00677317578935,0.695,0.6975,0.695,0.904197530864,0.69,0.844478586518,0.585,0.7675,0
left,0,20,864,0.00654060153059,0.75,0.69,0.71,0.89975308642,0.6375,0.87136546956,0.5625,0.92,0
left,0,21,146993,0.00346395583531,0.8125,1.0,1.0,0.852839506173,1.0,0.375840215095,0.95,0.8,1
left,3,22,79313,0.00308886100299,0.7,0.6175,0.56,0.788641975309,0.515,0.921759170348,0.4125,0.765,1
left,0,23,146877,0.00305319361788,0.8075,0.5625,0.865,0.863209876543,0.715,0.573689264452,0.84,0.865,1
left,3,24,1942,0.00178070800837,0.715,0.6075,0.6725,0.755061728395,0.5925,0.84674476666,0.585,0.785,0
left,3,25,5627,0.00168183477515,0.6675,0.59,0.66,0.768888888889,0.5225,0.868177453428,0.5675,0.59,1
left,3,26,819,0.00160656026886,0.725,0.7225,0.7025,0.721481481481,0.7075,0.82527367006,0.7775,0.83,0
left,0,27,630,0.000762064599575,0.7725,0.68,0.74,0.762962962963,0.6375,0.940503168811,0.5575,0.6875,0
left,0,28,56758,0.000406785845561,0.8125,0.77,0.8225,0.782716049383,0.7725,0.738083349337,0.745,0.68,0
left,3,29,138039,0.000336780380972,0.655,0.6375,0.63,0.716049382716,0.6975,0.856001536393,0.6075,0.7325,0
left,3,30,18311,8.22751034278e-05,0.75,0.58,0.42,0.838024691358,0.3825,0.814518916843,0.4175,0.83,1
left,3,31,1500,3.74406809028e-07,0.6875,0.73,0.5825,0.885925925926,0.5675,0.909775302477,0.3875,0.9375,0
left,3,32,5041,1.61695966962e-16,0.75,0.41,0.4775,0.824691358025,0.455,0.706164778183,0.3625,0.6375,0
left,0,33,1630,5.00258970905e-18,0.8525,0.6525,0.6825,0.633580246914,0.6325,0.88861148454,0.6075,0.64,0
left,3,34,1357,2.46847675575e-24,0.76,0.8025,0.8075,0.608395061728,0.78,0.283887075091,0.72,0.835,0
left,2,35,56975,0.00157905200197,0.6,0.6975,0.7325,0.776296296296,0.68,0.928980218936,0.7175,0.8,1
left,1,36,4771,0.00121681062698,0.6025,0.705,0.705,0.797530864198,0.635,0.763779527559,0.5175,0.8975,1
left,1,37,80766,0.000956561142611,0.6,0.6975,0.7225,0.81975308642,0.645,0.890570386019,0.645,0.6375,1
left,1,38,136820,0.000912762478275,0.6025,0.6175,0.655,0.852345679012,0.6275,0.938544267332,0.565,0.655,1
left,1,39,1511,0.000674466370937,0.6075,0.6125,0.54,0.724444444444,0.52,0.863645093144,0.5925,0.87,1
left,1,40,29183,0.000571884503922,0.5825,0.69,0.6475,0.84,0.635,0.859804109852,0.5825,0.8225,1
left,1,41,68565,0.000420504521742,0.5775,0.7175,0.7575,0.895802469136,0.695,0.802189360476,0.665,0.8575,1
left,1,42,1770,0.000411657195223,0.635,0.6025,0.64,0.722962962963,0.5775,0.785327443826,0.5525,0.835,0
left,1,43,108388,0.00023465329,0.58,0.5875,0.64,0.819259259259,0.5475,0.840637603226,0.6,0.69,1
left,1,44,1872,0.000165730893397,0.6075,0.66,0.6475,0.786666666667,0.6075,0.683272517765,0.52,0.9475,0
left,1,45,108143,3.33554058413e-06,0.5625,0.625,0.695,0.882469135802,0.485,0.876742846169,0.73,0.7225,0
left,1,46,67299,2.08526382739e-06,0.5,0.6775,0.6825,0.709135802469,0.6775,0.932821202228,0.6625,0.545,1
left,1,47,17743,7.33717609081e-08,0.5,0.665,0.6825,0.875555555556,0.6725,0.836796619935,0.6625,0.785,0
left,1,48,1501,2.61518934968e-08,0.55,0.6425,0.6025,0.775308641975,0.505,0.852160553102,0.4,0.945,0
left,1,49,140859,1.60056011388e-08,0.4375,0.6,0.65,0.694814814815,0.5975,0.957749183791,0.59,0.59,1
left,1,50,858,1.25068385175e-19,0.5675,0.61,0.65,0.631604938272,0.635,0.771461494143,0.5525,0.6475,0
left,1,51,70793,9.42721126612e-21,0.3925,0.66,0.59,0.808395061728,0.545,0.889302861533,0.5275,0.6125,0
left,1,52,80759,7.95007339845e-28,0.5575,0.6675,0.7825,0.616790123457,0.6675,0.854042634915,0.845,0.605,0
left,1,53,108336,2.0789587288e-28,0.4175,0.595,0.56,0.846913580247,0.535,0.826963702708,0.3875,0.5575,0
left,1,54,108652,1.42209426631e-62,0.5625,0.565,0.6425,0.556049382716,0.5075,0.945265988093,0.44,0.525,0
left,1,55,72086,1.13037198584e-72,0.4075,0.585,0.545,0.515061728395,0.565,0.87136546956,0.4175,0.8475,0
left,1,56,40956,1.60269005688e-77,-0.25,0.7825,0.72,0.647407407407,0.625,0.98893796812,0.6575,0.595,1
left,1,57,70225,1.60269004872e-77,-0.25,0.5925,0.64,0.795555555556,0.58,0.91165738429,0.5375,0.805,1
left,1,58,146557,1.18732509891e-153,-0.25,0.6825,0.73,0.90024691358,0.72,0.897484155944,0.57,0.74,0
left,1,59,10672,1.13425289085e-153,-0.25,0.6075,0.6425,0.723950617284,0.535,0.813750720184,0.5,0.9275,0
left,1,60,44059,1.04651852142e-153,-0.25,0.6575,0.605,0.956543209877,0.5125,0.902093335894,0.5325,0.8225,0
