left,cluster,weight,chargeScore,equipmentScore,kinnennScore,roomScore,locationScore,serviceScore,distanceScore,bathScore,mealScore,copula
left,0,0.7931034482758621,"{'cv_num': 3, 'search_list': array([ 0.1       ,  0.001     ,  0.00109142,  0.00118285,  0.00127427,
        0.00139078,  0.00150728,  0.00162378,  0.00177223,  0.00192068,
        0.00206914,  0.00225831,  0.00244748,  0.00263665,  0.00287771,
        0.00311876,  0.00335982,  0.00366699,  0.00397416,  0.00428133,
        0.00467275,  0.00506417,  0.00545559,  0.00595437,  0.00645315,
        0.00695193,  0.00758751,  0.00822309,  0.00885867,  0.00966857,
        0.01047848,  0.01128838,  0.01232042,  0.01335246,  0.0143845 ,
        0.0156996 ,  0.0170147 ,  0.01832981,  0.02000561,  0.02168141,
        0.02335721,  0.02549265,  0.02762808,  0.02976351,  0.03248464,
        0.03520577,  0.0379269 ,  0.04139437,  0.04486184,  0.0483293 ,
        0.05274781,  0.05716631,  0.06158482,  0.06721521,  0.07284561,
        0.078476  ,  0.08565066,  0.09282533,  0.01369628,  0.01450742]), 'bw': 0.01438449888287663, 'best_bw': 0.01438449888287663, 'kernel': 'gaussian', 'score_type': 'chargeScore'}","{'cv_num': 3, 'search_list': array([ 0.1       ,  0.001     ,  0.00109142,  0.00118285,  0.00127427,
        0.00139078,  0.00150728,  0.00162378,  0.00177223,  0.00192068,
        0.00206914,  0.00225831,  0.00244748,  0.00263665,  0.00287771,
        0.00311876,  0.00335982,  0.00366699,  0.00397416,  0.00428133,
        0.00467275,  0.00506417,  0.00545559,  0.00595437,  0.00645315,
        0.00695193,  0.00758751,  0.00822309,  0.00885867,  0.00966857,
        0.01047848,  0.01128838,  0.01232042,  0.01335246,  0.0143845 ,
        0.0156996 ,  0.0170147 ,  0.01832981,  0.02000561,  0.02168141,
        0.02335721,  0.02549265,  0.02762808,  0.02976351,  0.03248464,
        0.03520577,  0.0379269 ,  0.04139437,  0.04486184,  0.0483293 ,
        0.05274781,  0.05716631,  0.06158482,  0.06721521,  0.07284561,
        0.078476  ,  0.08565066,  0.09282533,  0.03613855,  0.03827881]), 'bw': 0.041394368733454173, 'best_bw': 0.041394368733454173, 'kernel': 'gaussian', 'score_type': 'equipmentScore'}","{'cv_num': 3, 'search_list': array([ 0.1       ,  0.18393094,  0.19482404]), 'bw': 0.10000000000000001, 'best_bw': 0.10000000000000001, 'kernel': 'tophat', 'score_type': 'kinnennScore'}","{'cv_num': 3, 'search_list': array([ 0.1       ,  0.001     ,  0.00109142,  0.00118285,  0.00127427,
        0.00139078,  0.00150728,  0.00162378,  0.00177223,  0.00192068,
        0.00206914,  0.00225831,  0.00244748,  0.00263665,  0.00287771,
        0.00311876,  0.00335982,  0.00366699,  0.00397416,  0.00428133,
        0.00467275,  0.00506417,  0.00545559,  0.00595437,  0.00645315,
        0.00695193,  0.00758751,  0.00822309,  0.00885867,  0.00966857,
        0.01047848,  0.01128838,  0.01232042,  0.01335246,  0.0143845 ,
        0.0156996 ,  0.0170147 ,  0.01832981,  0.02000561,  0.02168141,
        0.02335721,  0.02549265,  0.02762808,  0.02976351,  0.03248464,
        0.03520577,  0.0379269 ,  0.04139437,  0.04486184,  0.0483293 ,
        0.05274781,  0.05716631,  0.06158482,  0.06721521,  0.07284561,
        0.078476  ,  0.08565066,  0.09282533,  0.04437425,  0.04700227]), 'bw': 0.067215213082783776, 'best_bw': 0.067215213082783776, 'kernel': 'gaussian', 'score_type': 'roomScore'}","{'cv_num': 3, 'search_list': array([ 0.1       ,  0.001     ,  0.00109142,  0.00118285,  0.00127427,
        0.00139078,  0.00150728,  0.00162378,  0.00177223,  0.00192068,
        0.00206914,  0.00225831,  0.00244748,  0.00263665,  0.00287771,
        0.00311876,  0.00335982,  0.00366699,  0.00397416,  0.00428133,
        0.00467275,  0.00506417,  0.00545559,  0.00595437,  0.00645315,
        0.00695193,  0.00758751,  0.00822309,  0.00885867,  0.00966857,
        0.01047848,  0.01128838,  0.01232042,  0.01335246,  0.0143845 ,
        0.0156996 ,  0.0170147 ,  0.01832981,  0.02000561,  0.02168141,
        0.02335721,  0.02549265,  0.02762808,  0.02976351,  0.03248464,
        0.03520577,  0.0379269 ,  0.04139437,  0.04486184,  0.0483293 ,
        0.05274781,  0.05716631,  0.06158482,  0.06721521,  0.07284561,
        0.078476  ,  0.08565066,  0.09282533,  0.0555034 ,  0.05879053]), 'bw': 0.052747808626012548, 'best_bw': 0.052747808626012548, 'kernel': 'gaussian', 'score_type': 'locationScore'}","{'cv_num': 3, 'search_list': array([ 0.1       ,  0.001     ,  0.00109142,  0.00118285,  0.00127427,
        0.00139078,  0.00150728,  0.00162378,  0.00177223,  0.00192068,
        0.00206914,  0.00225831,  0.00244748,  0.00263665,  0.00287771,
        0.00311876,  0.00335982,  0.00366699,  0.00397416,  0.00428133,
        0.00467275,  0.00506417,  0.00545559,  0.00595437,  0.00645315,
        0.00695193,  0.00758751,  0.00822309,  0.00885867,  0.00966857,
        0.01047848,  0.01128838,  0.01232042,  0.01335246,  0.0143845 ,
        0.0156996 ,  0.0170147 ,  0.01832981,  0.02000561,  0.02168141,
        0.02335721,  0.02549265,  0.02762808,  0.02976351,  0.03248464,
        0.03520577,  0.0379269 ,  0.04139437,  0.04486184,  0.0483293 ,
        0.05274781,  0.05716631,  0.06158482,  0.06721521,  0.07284561,
        0.078476  ,  0.08565066,  0.09282533,  0.04317989,  0.04573717]), 'bw': 0.048329302385717518, 'best_bw': 0.048329302385717518, 'kernel': 'gaussian', 'score_type': 'serviceScore'}","{'cv_num': 3, 'search_list': array([ 0.1       ,  0.001     ,  0.00109142,  0.00118285,  0.00127427,
        0.00139078,  0.00150728,  0.00162378,  0.00177223,  0.00192068,
        0.00206914,  0.00225831,  0.00244748,  0.00263665,  0.00287771,
        0.00311876,  0.00335982,  0.00366699,  0.00397416,  0.00428133,
        0.00467275,  0.00506417,  0.00545559,  0.00595437,  0.00645315,
        0.00695193,  0.00758751,  0.00822309,  0.00885867,  0.00966857,
        0.01047848,  0.01128838,  0.01232042,  0.01335246,  0.0143845 ,
        0.0156996 ,  0.0170147 ,  0.01832981,  0.02000561,  0.02168141,
        0.02335721,  0.02549265,  0.02762808,  0.02976351,  0.03248464,
        0.03520577,  0.0379269 ,  0.04139437,  0.04486184,  0.0483293 ,
        0.05274781,  0.05716631,  0.06158482,  0.06721521,  0.07284561,
        0.078476  ,  0.08565066,  0.09282533,  0.06238029,  0.06607469]), 'bw': 0.10000000000000001, 'best_bw': 0.10000000000000001, 'kernel': 'gaussian', 'score_type': 'distanceScore'}","{'cv_num': 3, 'search_list': array([ 0.1       ,  0.001     ,  0.00109142,  0.00118285,  0.00127427,
        0.00139078,  0.00150728,  0.00162378,  0.00177223,  0.00192068,
        0.00206914,  0.00225831,  0.00244748,  0.00263665,  0.00287771,
        0.00311876,  0.00335982,  0.00366699,  0.00397416,  0.00428133,
        0.00467275,  0.00506417,  0.00545559,  0.00595437,  0.00645315,
        0.00695193,  0.00758751,  0.00822309,  0.00885867,  0.00966857,
        0.01047848,  0.01128838,  0.01232042,  0.01335246,  0.0143845 ,
        0.0156996 ,  0.0170147 ,  0.01832981,  0.02000561,  0.02168141,
        0.02335721,  0.02549265,  0.02762808,  0.02976351,  0.03248464,
        0.03520577,  0.0379269 ,  0.04139437,  0.04486184,  0.0483293 ,
        0.05274781,  0.05716631,  0.06158482,  0.06721521,  0.07284561,
        0.078476  ,  0.08565066,  0.09282533,  0.05481719,  0.05806368]), 'bw': 0.072845605058964952, 'best_bw': 0.072845605058964952, 'kernel': 'gaussian', 'score_type': 'bathScore'}","{'cv_num': 3, 'search_list': array([ 0.1       ,  0.001     ,  0.00109142,  0.00118285,  0.00127427,
        0.00139078,  0.00150728,  0.00162378,  0.00177223,  0.00192068,
        0.00206914,  0.00225831,  0.00244748,  0.00263665,  0.00287771,
        0.00311876,  0.00335982,  0.00366699,  0.00397416,  0.00428133,
        0.00467275,  0.00506417,  0.00545559,  0.00595437,  0.00645315,
        0.00695193,  0.00758751,  0.00822309,  0.00885867,  0.00966857,
        0.01047848,  0.01128838,  0.01232042,  0.01335246,  0.0143845 ,
        0.0156996 ,  0.0170147 ,  0.01832981,  0.02000561,  0.02168141,
        0.02335721,  0.02549265,  0.02762808,  0.02976351,  0.03248464,
        0.03520577,  0.0379269 ,  0.04139437,  0.04486184,  0.0483293 ,
        0.05274781,  0.05716631,  0.06158482,  0.06721521,  0.07284561,
        0.078476  ,  0.08565066,  0.09282533,  0.06299417,  0.06672492]), 'bw': 0.092825332345048708, 'best_bw': 0.092825332345048708, 'kernel': 'gaussian', 'score_type': 'mealScore'}","{'trained_param': 999.999933640375, 'dimension': 9}"
,1,0.20689655172413793,"{'cv_num': 3, 'search_list': array([ 0.1       ,  0.001     ,  0.00109142,  0.00118285,  0.00127427,
        0.00139078,  0.00150728,  0.00162378,  0.00177223,  0.00192068,
        0.00206914,  0.00225831,  0.00244748,  0.00263665,  0.00287771,
        0.00311876,  0.00335982,  0.00366699,  0.00397416,  0.00428133,
        0.00467275,  0.00506417,  0.00545559,  0.00595437,  0.00645315,
        0.00695193,  0.00758751,  0.00822309,  0.00885867,  0.00966857,
        0.01047848,  0.01128838,  0.01232042,  0.01335246,  0.0143845 ,
        0.0156996 ,  0.0170147 ,  0.01832981,  0.02000561,  0.02168141,
        0.02335721,  0.02549265,  0.02762808,  0.02976351,  0.03248464,
        0.03520577,  0.0379269 ,  0.04139437,  0.04486184,  0.0483293 ,
        0.05274781,  0.05716631,  0.06158482,  0.06721521,  0.07284561,
        0.078476  ,  0.08565066,  0.09282533,  0.02346048,  0.0248499 ]), 'bw': 0.037926901907322501, 'best_bw': 0.037926901907322501, 'kernel': 'gaussian', 'score_type': 'chargeScore'}","{'cv_num': 3, 'search_list': array([ 0.1       ,  0.001     ,  0.00109142,  0.00118285,  0.00127427,
        0.00139078,  0.00150728,  0.00162378,  0.00177223,  0.00192068,
        0.00206914,  0.00225831,  0.00244748,  0.00263665,  0.00287771,
        0.00311876,  0.00335982,  0.00366699,  0.00397416,  0.00428133,
        0.00467275,  0.00506417,  0.00545559,  0.00595437,  0.00645315,
        0.00695193,  0.00758751,  0.00822309,  0.00885867,  0.00966857,
        0.01047848,  0.01128838,  0.01232042,  0.01335246,  0.0143845 ,
        0.0156996 ,  0.0170147 ,  0.01832981,  0.02000561,  0.02168141,
        0.02335721,  0.02549265,  0.02762808,  0.02976351,  0.03248464,
        0.03520577,  0.0379269 ,  0.04139437,  0.04486184,  0.0483293 ,
        0.05274781,  0.05716631,  0.06158482,  0.06721521,  0.07284561,
        0.078476  ,  0.08565066,  0.09282533,  0.04938262,  0.05230724]), 'bw': 0.078475997035146114, 'best_bw': 0.078475997035146114, 'kernel': 'gaussian', 'score_type': 'equipmentScore'}","{'cv_num': 3, 'search_list': array([ 0.1]), 'bw': 0.10000000000000001, 'best_bw': 0.10000000000000001, 'kernel': 'tophat', 'score_type': 'kinnennScore'}","{'cv_num': 3, 'search_list': array([ 0.1       ,  0.001     ,  0.00109142,  0.00118285,  0.00127427,
        0.00139078,  0.00150728,  0.00162378,  0.00177223,  0.00192068,
        0.00206914,  0.00225831,  0.00244748,  0.00263665,  0.00287771,
        0.00311876,  0.00335982,  0.00366699,  0.00397416,  0.00428133,
        0.00467275,  0.00506417,  0.00545559,  0.00595437,  0.00645315,
        0.00695193,  0.00758751,  0.00822309,  0.00885867,  0.00966857,
        0.01047848,  0.01128838,  0.01232042,  0.01335246,  0.0143845 ,
        0.0156996 ,  0.0170147 ,  0.01832981,  0.02000561,  0.02168141,
        0.02335721,  0.02549265,  0.02762808,  0.02976351,  0.03248464,
        0.03520577,  0.0379269 ,  0.04139437,  0.04486184,  0.0483293 ,
        0.05274781,  0.05716631,  0.06158482,  0.06721521,  0.07284561,
        0.078476  ,  0.08565066,  0.09282533,  0.02218157,  0.02349525]), 'bw': 0.035205772743652726, 'best_bw': 0.035205772743652726, 'kernel': 'gaussian', 'score_type': 'roomScore'}","{'cv_num': 3, 'search_list': array([ 0.1       ,  0.001     ,  0.00109142,  0.00118285,  0.00127427,
        0.00139078,  0.00150728,  0.00162378,  0.00177223,  0.00192068,
        0.00206914,  0.00225831,  0.00244748,  0.00263665,  0.00287771,
        0.00311876,  0.00335982,  0.00366699,  0.00397416,  0.00428133,
        0.00467275,  0.00506417,  0.00545559,  0.00595437,  0.00645315,
        0.00695193,  0.00758751,  0.00822309,  0.00885867,  0.00966857,
        0.01047848,  0.01128838,  0.01232042,  0.01335246,  0.0143845 ,
        0.0156996 ,  0.0170147 ,  0.01832981,  0.02000561,  0.02168141,
        0.02335721,  0.02549265,  0.02762808,  0.02976351,  0.03248464,
        0.03520577,  0.0379269 ,  0.04139437,  0.04486184,  0.0483293 ,
        0.05274781,  0.05716631,  0.06158482,  0.06721521,  0.07284561,
        0.078476  ,  0.08565066,  0.09282533,  0.09636891,  0.10207625]), 'bw': 0.10207624703239011, 'best_bw': 0.10207624703239011, 'kernel': 'gaussian', 'score_type': 'locationScore'}","{'cv_num': 3, 'search_list': array([ 0.1       ,  0.001     ,  0.00109142,  0.00118285,  0.00127427,
        0.00139078,  0.00150728,  0.00162378,  0.00177223,  0.00192068,
        0.00206914,  0.00225831,  0.00244748,  0.00263665,  0.00287771,
        0.00311876,  0.00335982,  0.00366699,  0.00397416,  0.00428133,
        0.00467275,  0.00506417,  0.00545559,  0.00595437,  0.00645315,
        0.00695193,  0.00758751,  0.00822309,  0.00885867,  0.00966857,
        0.01047848,  0.01128838,  0.01232042,  0.01335246,  0.0143845 ,
        0.0156996 ,  0.0170147 ,  0.01832981,  0.02000561,  0.02168141,
        0.02335721,  0.02549265,  0.02762808,  0.02976351,  0.03248464,
        0.03520577,  0.0379269 ,  0.04139437,  0.04486184,  0.0483293 ,
        0.05274781,  0.05716631,  0.06158482,  0.06721521,  0.07284561,
        0.078476  ,  0.08565066,  0.09282533,  0.0477006 ,  0.05052562]), 'bw': 0.085650664690097411, 'best_bw': 0.085650664690097411, 'kernel': 'gaussian', 'score_type': 'serviceScore'}","{'cv_num': 3, 'search_list': array([ 0.1       ,  0.001     ,  0.00109142,  0.00118285,  0.00127427,
        0.00139078,  0.00150728,  0.00162378,  0.00177223,  0.00192068,
        0.00206914,  0.00225831,  0.00244748,  0.00263665,  0.00287771,
        0.00311876,  0.00335982,  0.00366699,  0.00397416,  0.00428133,
        0.00467275,  0.00506417,  0.00545559,  0.00595437,  0.00645315,
        0.00695193,  0.00758751,  0.00822309,  0.00885867,  0.00966857,
        0.01047848,  0.01128838,  0.01232042,  0.01335246,  0.0143845 ,
        0.0156996 ,  0.0170147 ,  0.01832981,  0.02000561,  0.02168141,
        0.02335721,  0.02549265,  0.02762808,  0.02976351,  0.03248464,
        0.03520577,  0.0379269 ,  0.04139437,  0.04486184,  0.0483293 ,
        0.05274781,  0.05716631,  0.06158482,  0.06721521,  0.07284561,
        0.078476  ,  0.08565066,  0.09282533,  0.07678762,  0.08133527]), 'bw': 0.044861835559585846, 'best_bw': 0.044861835559585846, 'kernel': 'gaussian', 'score_type': 'distanceScore'}","{'cv_num': 3, 'search_list': array([ 0.1       ,  0.001     ,  0.00109142,  0.00118285,  0.00127427,
        0.00139078,  0.00150728,  0.00162378,  0.00177223,  0.00192068,
        0.00206914,  0.00225831,  0.00244748,  0.00263665,  0.00287771,
        0.00311876,  0.00335982,  0.00366699,  0.00397416,  0.00428133,
        0.00467275,  0.00506417,  0.00545559,  0.00595437,  0.00645315,
        0.00695193,  0.00758751,  0.00822309,  0.00885867,  0.00966857,
        0.01047848,  0.01128838,  0.01232042,  0.01335246,  0.0143845 ,
        0.0156996 ,  0.0170147 ,  0.01832981,  0.02000561,  0.02168141,
        0.02335721,  0.02549265,  0.02762808,  0.02976351,  0.03248464,
        0.03520577,  0.0379269 ,  0.04139437,  0.04486184,  0.0483293 ,
        0.05274781,  0.05716631,  0.06158482,  0.06721521,  0.07284561,
        0.078476  ,  0.08565066,  0.09282533,  0.08246024,  0.08734386]), 'bw': 0.10000000000000001, 'best_bw': 0.10000000000000001, 'kernel': 'gaussian', 'score_type': 'bathScore'}","{'cv_num': 3, 'search_list': array([ 0.1       ,  0.001     ,  0.00109142,  0.00118285,  0.00127427,
        0.00139078,  0.00150728,  0.00162378,  0.00177223,  0.00192068,
        0.00206914,  0.00225831,  0.00244748,  0.00263665,  0.00287771,
        0.00311876,  0.00335982,  0.00366699,  0.00397416,  0.00428133,
        0.00467275,  0.00506417,  0.00545559,  0.00595437,  0.00645315,
        0.00695193,  0.00758751,  0.00822309,  0.00885867,  0.00966857,
        0.01047848,  0.01128838,  0.01232042,  0.01335246,  0.0143845 ,
        0.0156996 ,  0.0170147 ,  0.01832981,  0.02000561,  0.02168141,
        0.02335721,  0.02549265,  0.02762808,  0.02976351,  0.03248464,
        0.03520577,  0.0379269 ,  0.04139437,  0.04486184,  0.0483293 ,
        0.05274781,  0.05716631,  0.06158482,  0.06721521,  0.07284561,
        0.078476  ,  0.08565066,  0.09282533]), 'bw': 0.01, 'best_bw': 0.001, 'kernel': 'gaussian', 'score_type': 'mealScore'}","{'trained_param': 999.999935875424, 'dimension': 9}"
