left,boolean,ranking,id,score,roomScore,equipmentScore,serviceScore,bathScore,mealScore,locationScore,chargeScore,distanceScore
left,0,0,18248,0.0088726598297,0.7725,0.7475,0.8625,0.8175,0.9175,0.9075,0.952026118686,0.856296296296
left,0,1,18246,0.0031200843714,0.78,0.785,0.7525,0.77,0.775,0.8725,0.9107355483,0.962469135802
left,0,2,146928,0.00155034252058,0.855,0.86,0.8175,0.815,0.7,0.885,0.837718455925,0.803456790123
left,0,3,8290,0.000525281354785,0.8325,0.7825,0.77,0.75,0.8925,0.83,0.783022853851,0.88987654321
left,3,4,140984,0.000105531877609,0.7625,0.755,0.7425,0.6925,0.645,0.8925,0.885730747071,0.916049382716
left,3,5,79262,9.77064609219e-05,0.815,0.7275,0.7575,0.8275,0.66,0.84,0.786863837142,0.897283950617
left,3,6,84558,3.64841550421e-05,0.8375,0.7925,0.7775,0.75,0.6275,0.7775,0.844478586518,0.825679012346
left,0,7,18297,3.16219704118e-05,0.7525,0.745,0.745,0.7275,0.75,0.8525,0.764739773382,0.853333333333
left,3,8,14112,2.13893196567e-05,0.77,0.75,0.755,0.705,0.715,0.8175,0.77722296908,0.869135802469
left,0,9,43759,1.67368446551e-05,0.75,0.8175,0.8625,0.7675,0.75,0.6975,0.934741693874,0.705679012346
left,0,10,56758,2.07688314138e-06,0.8225,0.7725,0.77,0.745,0.8125,0.68,0.738083349337,0.782716049383
left,0,11,41703,1.14970148748e-06,0.7875,0.735,0.6925,0.685,0.6975,0.77,0.784943345496,0.792592592593
left,3,12,137869,0.0,0.905,0.875,0.87,0.8625,0.815,0.9725,0.0,0.977283950617
left,3,13,146557,0.0,0.73,0.72,0.6825,0.57,-0.25,0.74,0.897484155944,0.90024691358
left,3,14,147111,0.0,0.735,0.775,0.6225,0.605,0.595,0.8375,0.901094680238,0.852345679012
left,3,15,5562,0.0,0.82,0.775,0.8025,0.7575,0.6875,0.9575,0.256769733052,0.911111111111
left,3,16,1386,0.0,0.7425,0.7025,0.6975,0.6525,0.5825,0.86,0.694680238141,0.866666666667
left,2,17,68688,3.37767783302e-05,0.8025,0.685,0.78,0.62,0.79,0.8075,0.889994238525,0.883456790123
left,1,18,28512,4.89920560461e-06,0.725,0.6775,0.765,0.635,0.8275,0.7525,0.814518916843,0.990617283951
left,1,19,7343,2.92926694958e-06,0.715,0.6875,0.7075,0.665,0.6325,0.9125,0.85596312656,0.961975308642
left,2,20,462,1.71619892022e-06,0.68,0.7975,0.83,0.64,0.7075,0.79,0.965469560207,0.810864197531
left,1,21,819,8.34057676485e-07,0.7025,0.7075,0.7225,0.7775,0.725,0.83,0.82527367006,0.721481481481
left,1,22,52992,8.09496027417e-07,0.705,0.75,0.71,0.6725,0.6725,0.8225,0.748454004225,0.928395061728
left,1,23,134923,2.62332251157e-07,0.725,0.6825,0.7025,0.68,0.6725,0.735,0.879969272134,0.77037037037
left,1,24,11230,1.6327169757e-07,0.695,0.6725,0.74,0.6125,0.6825,0.8975,0.775686575763,0.83012345679
left,1,25,5309,5.91634334727e-08,0.695,0.69,0.6975,0.585,0.695,0.7675,0.844478586518,0.904197530864
left,1,26,129459,8.08588383811e-09,0.6925,0.6725,0.6875,0.6375,0.605,0.705,0.896331860956,0.838024691358
left,1,27,130586,0.0,0.285,0.2075,0.3575,0.25,-0.25,0.4275,0.892452467832,0.741728395062
left,1,28,140859,0.0,0.65,0.5975,0.6,0.59,0.4375,0.59,0.957749183791,0.694814814815
left,1,29,146993,0.0,1.0,1.0,1.0,0.95,0.8125,0.8,0.375840215095,0.852839506173
left,1,30,70793,0.0,0.59,0.545,0.66,0.5275,0.3925,0.6125,0.889302861533,0.808395061728
left,1,31,104824,0.0,0.6,0.6325,0.6175,0.5675,0.5,0.875,0.882081812944,0.822222222222
left,1,32,107778,0.0,0.7175,0.68,0.7375,0.6,0.78,0.685,0.833877472633,0.589135802469
left,1,33,108351,0.0,0.685,0.65,0.615,0.64,0.665,0.6825,0.839408488573,0.598518518519
left,1,34,129429,0.0,0.5875,0.5775,0.68,0.54,0.76,0.7925,0.793777607067,0.817283950617
left,1,35,129672,0.0,0.38,0.485,0.405,0.435,-0.25,0.725,0.839408488573,0.901234567901
left,1,36,2605,0.0,0.34,0.3025,0.34,0.355,-0.25,0.59,0.876742846169,0.803456790123
left,1,37,4771,0.0,0.705,0.635,0.705,0.5175,0.6025,0.8975,0.763779527559,0.797530864198
left,1,38,7599,0.0,0.5675,0.5625,0.6,0.5325,0.75,0.95,0.8646437488,0.945679012346
left,1,39,7342,0.0,0.56,0.545,0.5875,0.52,0.59,0.8475,0.813750720184,0.906172839506
left,1,40,1764,0.0,0.7425,0.67,0.7075,0.645,0.7725,0.8575,0.73074707125,0.880987654321
left,1,41,509,0.0,0.695,0.6375,0.695,0.5125,0.8225,0.92,0.679277895141,0.912592592593
left,1,42,996,0.0,0.6375,0.6,0.65,0.5325,0.625,0.725,0.870366813904,0.839012345679
left,1,43,1128,0.0,0.6775,0.6925,0.7425,0.6025,0.87,0.7725,0.858882273862,0.793580246914
left,1,44,1500,0.0,0.5825,0.5675,0.73,0.3875,0.6875,0.9375,0.909775302477,0.885925925926
left,1,45,1501,0.0,0.6025,0.505,0.6425,0.4,0.55,0.945,0.852160553102,0.775308641975
left,1,46,28484,0.0,0.5675,0.625,0.6375,0.61,0.605,0.86,0.839446898406,0.935802469136
left,1,47,28570,0.0,0.475,0.5,0.4625,0.4325,0.7225,0.6375,0.957787593624,0.721481481481
left,1,48,29381,0.0,0.67,0.595,0.625,0.55,0.5325,0.66,0.735010562704,0.505185185185
left,1,49,192,0.0,0.6775,0.63,0.66,0.5325,0.6675,0.745,0.821394276935,0.755061728395
left,2,50,38608,0.0,0.67,0.74,0.7275,0.765,0.75,0.7875,0.928980218936,0.802469135802
left,1,51,39581,0.0,0.6675,0.6175,0.735,0.47,-0.25,0.9575,0.894372959478,0.802962962963
left,1,52,41851,0.0,0.635,0.6,0.6425,0.3275,-0.25,0.65,0.919339350874,0.88987654321
left,1,53,9191,0.0,0.63,0.605,0.685,0.5925,0.5825,0.6825,0.890531976186,0.280987654321
left,1,54,10630,0.0,0.7225,0.6675,0.7275,0.7075,0.58,0.8675,0.680084501632,0.76987654321
left,1,55,12534,0.0,0.6525,0.6475,0.665,0.5625,0.69,0.735,0.802189360476,0.895308641975
left,2,56,15812,0.0,0.5675,0.575,0.62,0.5,0.5475,0.7125,0.765738429038,0.822222222222
left,1,57,18166,0.0,0.6625,0.5875,0.64,0.5625,0.6125,0.8825,0.827539850202,0.997037037037
left,1,58,18319,0.0,0.53,0.485,0.4825,0.615,0.4775,0.7525,0.934818513539,0.853827160494
left,1,59,31557,0.0,0.7925,0.5575,0.725,0.5825,1.0,0.9275,0.793777607067,0.862716049383
