left,boolean,ranking,id,score,chargeScore,equipmentScore,kinnennScore,roomScore,locationScore,serviceScore,distanceScore,bathScore,mealScore
left,0,0,18246,0.435376427212,0.9107355483,0.785,1,0.78,0.8725,0.7525,0.962469135802,0.77,0.775
left,0,1,80766,0.190122535716,0.890570386019,0.645,1,0.7225,0.6375,0.6975,0.81975308642,0.645,0.6
left,0,2,147111,0.157594759625,0.901094680238,0.775,1,0.735,0.8375,0.6225,0.852345679012,0.605,0.595
left,0,3,16373,0.128120655453,0.880929517957,0.6925,1,0.65,0.7,0.6925,0.664197530864,0.5975,0.6675
left,3,4,8207,0.051724137931,0.885961206069,0.7375,0,0.6575,0.7775,0.6975,0.704691358025,0.54,0.6625
left,3,5,129907,0.051724137931,0.905895909353,0.65,0,0.63,0.65,0.65,0.725432098765,0.54,0.6075
left,0,6,18248,0.051724137931,0.952026118686,0.7475,0,0.7725,0.9075,0.8625,0.856296296296,0.8175,0.9175
left,3,7,610,0.051724137931,0.880929517957,0.6875,0,0.7825,0.9175,0.725,0.89975308642,0.615,0.8225
left,3,8,30094,0.0517241379151,0.919377760707,0.62,0,0.5625,0.63,0.675,0.821234567901,0.5825,0.625
left,0,9,67299,0.0506728020862,0.932821202228,0.6775,1,0.6825,0.545,0.6775,0.709135802469,0.6625,0.5
left,3,10,996,0.0416907573063,0.870366813904,0.6,0,0.6375,0.725,0.65,0.839012345679,0.5325,0.625
left,3,11,72086,0.0340082403027,0.87136546956,0.565,0,0.545,0.8475,0.585,0.515061728395,0.4175,0.4075
left,3,12,5627,0.0243500328767,0.868177453428,0.5225,1,0.66,0.59,0.59,0.768888888889,0.5675,0.6675
left,0,13,79313,0.00555377486864,0.921759170348,0.515,1,0.56,0.765,0.6175,0.788641975309,0.4125,0.7
left,3,14,108652,0.00289691224235,0.945265988093,0.5075,0,0.6425,0.525,0.565,0.556049382716,0.44,0.5625
left,3,15,9191,0.000619476125122,0.890531976186,0.605,0,0.63,0.6825,0.685,0.280987654321,0.5925,0.5825
left,0,16,18312,0.000613313220389,0.938966775495,0.4825,1,0.5275,0.9025,0.6525,0.789135802469,0.4825,1.0
left,0,17,70358,0.000313187998628,0.955252544651,0.475,1,0.48,0.75,0.5425,0.829135802469,0.545,0.5325
left,3,18,18319,0.000265829060848,0.934818513539,0.485,0,0.53,0.7525,0.4825,0.853827160494,0.615,0.4775
left,3,19,146557,2.90643044058e-15,0.897484155944,0.72,0,0.73,0.74,0.6825,0.90024691358,0.57,-0.25
left,3,20,17938,1.75615187666e-17,0.955867101978,0.3125,1,0.2625,0.7125,0.4375,0.908148148148,0.4575,0.5
left,3,21,2605,1.68683017332e-20,0.876742846169,0.3025,1,0.34,0.59,0.34,0.803456790123,0.355,-0.25
left,2,22,141053,0.114398615601,1.0,0.65,1,0.645,0.7025,0.7025,0.611358024691,0.5,0.625
left,1,23,29183,0.0249097365959,0.859804109852,0.635,1,0.6475,0.8225,0.69,0.84,0.5825,0.5825
left,1,24,7599,0.0246623129608,0.8646437488,0.5625,1,0.5675,0.95,0.6,0.945679012346,0.5325,0.75
left,1,25,74688,0.0160991466679,0.856001536393,0.7,1,0.75,0.5,0.775,0.58024691358,0.625,0.75
left,1,26,136288,0.0131632466821,0.852506241598,0.7375,1,0.8125,0.8275,0.7925,0.936790123457,0.6225,0.7425
left,1,27,130043,0.0127093201703,0.859804109852,0.83,0,0.9,0.865,0.765,0.942716049383,0.695,0.805
left,1,28,80513,0.0092998000855,0.84831956981,0.7075,1,0.76,0.825,0.7825,0.820740740741,0.5975,0.76
left,1,29,138039,0.00758706104705,0.856001536393,0.6975,0,0.63,0.7325,0.6375,0.716049382716,0.6075,0.655
left,1,30,1511,0.0061626842673,0.863645093144,0.52,1,0.54,0.87,0.6125,0.724444444444,0.5925,0.6075
left,1,31,108416,0.00392019112162,0.836489341271,0.71,1,0.8175,0.805,0.805,0.807407407407,0.74,0.7125
left,1,32,1501,0.00241093404742,0.852160553102,0.505,0,0.6025,0.945,0.6425,0.775308641975,0.4,0.55
left,1,33,28484,0.00223220508129,0.839446898406,0.625,1,0.5675,0.86,0.6375,0.935802469136,0.61,0.605
left,1,34,1942,0.00174438453419,0.84674476666,0.5925,0,0.6725,0.785,0.6075,0.755061728395,0.585,0.715
left,1,35,18392,0.000817525161685,0.812944113693,0.5775,1,0.595,0.725,0.5975,0.655308641975,0.52,0.5775
left,1,36,32060,0.000488399762771,0.821432686768,0.65,1,0.55,1.0,0.65,0.947654320988,0.5625,0.75
left,1,37,145444,0.000356781799402,0.801728442481,0.755,1,0.8525,0.795,0.6925,0.861728395062,0.7975,0.725
left,1,38,17743,0.000249956785737,0.836796619935,0.6725,0,0.6825,0.785,0.665,0.875555555556,0.6625,0.5
left,1,39,1556,0.000124635730588,0.788745918955,0.6625,1,0.705,0.7825,0.675,0.675555555556,0.6525,0.705
left,1,40,568,0.000106118675618,0.786863837142,0.685,1,0.6625,0.945,0.7975,0.943209876543,0.865,0.5675
left,1,41,18270,5.38295636817e-05,0.779181870559,0.6775,1,0.765,0.7925,0.7425,0.95012345679,0.6275,0.645
left,1,42,18166,2.85743522599e-05,0.827539850202,0.5875,0,0.6625,0.8825,0.64,0.997037037037,0.5625,0.6125
left,1,43,819,1.59028365357e-05,0.82527367006,0.7075,0,0.7025,0.83,0.7225,0.721481481481,0.7775,0.725
left,1,44,570,1.49876178772e-05,0.765700019205,0.755,1,0.8625,0.8775,0.7825,0.946172839506,0.735,0.8575
left,1,45,136139,2.79691641635e-06,0.74956788938,0.8025,1,0.8375,0.845,0.785,0.942222222222,0.76,0.8225
left,1,46,388,3.78680258174e-08,0.7138851546,0.7575,1,0.7675,0.915,0.7675,0.851358024691,0.675,0.7825
left,1,47,18311,4.23035568415e-11,0.814518916843,0.3825,1,0.42,0.83,0.58,0.838024691358,0.4175,0.75
left,1,48,1770,1.24027523126e-11,0.785327443826,0.5775,0,0.64,0.835,0.6025,0.722962962963,0.5525,0.635
left,1,49,104688,7.58112060433e-12,0.657384290378,0.7275,1,0.73,0.8125,0.6625,0.743209876543,0.7225,0.75
left,1,50,4805,1.1357057882e-13,0.775302477434,0.74,0,0.84,0.9125,0.7725,0.94024691358,0.6975,0.7675
left,1,51,18297,4.8247389309e-16,0.764739773382,0.745,0,0.7525,0.8525,0.745,0.853333333333,0.7275,0.75
left,1,52,10672,2.0955997681e-18,0.813750720184,0.535,0,0.6425,0.9275,0.6075,0.723950617284,0.5,-0.25
left,1,53,56758,4.65481521513e-23,0.738083349337,0.7725,0,0.8225,0.68,0.77,0.782716049383,0.745,0.8125
left,1,54,78211,4.29610605101e-24,0.525676973305,0.81,1,0.86,0.795,0.83,0.874074074074,0.8275,0.8025
left,1,55,136846,8.6851930872e-28,0.722681006338,0.8075,0,0.7925,0.6525,0.805,0.607407407407,0.875,0.7625
left,1,56,5729,3.83154186414e-37,0.696216631458,0.5225,0,0.545,0.6375,0.5,0.826172839506,0.41,0.5
left,1,57,509,8.75516263979e-44,0.679277895141,0.6375,0,0.695,0.92,0.695,0.912592592593,0.5125,0.8225
left,1,58,658,7.27686063258e-54,0.656270405224,0.54,0,0.59,0.665,0.5775,0.656790123457,0.4775,0.63
left,1,59,659,1.08054582641e-127,0.531745726906,0.5925,0,0.645,0.65,0.6125,0.622222222222,0.4775,0.62
left,1,60,1357,0.0,0.283887075091,0.78,0,0.8075,0.835,0.8025,0.608395061728,0.72,0.76
