left,boolean,ranking,id,score,mealScore,equipmentScore,chargeScore,distanceScore,serviceScore,roomScore,bathScore,locationScore,kinnennScore
left,0,0,56917,0.00196644759512,0.7325,0.72,0.869444977914,0.82962962963,0.73,0.77,0.6575,0.83,1
left,0,1,80513,0.000697514609078,0.76,0.7075,0.84831956981,0.820740740741,0.7825,0.76,0.5975,0.825,1
left,0,2,84558,0.000287071474615,0.6275,0.7925,0.844478586518,0.825679012346,0.7775,0.8375,0.75,0.7775,0
left,0,3,27972,0.000117059774283,0.6675,0.7025,0.850240061456,0.77975308642,0.7525,0.7775,0.6675,0.8275,0
left,0,4,68565,6.5310785814e-05,0.5775,0.695,0.802189360476,0.895802469136,0.7175,0.7575,0.665,0.8575,1
left,0,5,41703,6.02463854532e-05,0.6975,0.735,0.784943345496,0.792592592593,0.6925,0.7875,0.685,0.77,1
left,0,6,388,4.2029002533e-05,0.7825,0.7575,0.7138851546,0.851358024691,0.7675,0.7675,0.675,0.915,1
left,3,7,716,4.00736084269e-05,0.8025,0.715,0.794507393893,0.819259259259,0.7225,0.8325,0.645,0.735,0
left,0,8,134923,2.30075415022e-05,0.6725,0.6825,0.879969272134,0.77037037037,0.7025,0.725,0.68,0.735,0
left,3,9,69292,1.50091831689e-05,0.75,0.74,0.751603610524,0.753580246914,0.76,0.815,0.7875,0.74,0
left,3,10,28466,6.41050458511e-06,0.61,0.68,0.773036297292,0.945679012346,0.665,0.68,0.5875,0.9575,1
left,0,11,107898,1.65954909936e-06,0.605,0.7025,0.94430574227,0.761481481481,0.6975,0.795,0.6075,0.6175,1
left,3,12,12534,7.04609397003e-07,0.69,0.6475,0.802189360476,0.895308641975,0.665,0.6525,0.5625,0.735,0
left,0,13,4771,5.69235925852e-07,0.6025,0.635,0.763779527559,0.797530864198,0.705,0.705,0.5175,0.8975,1
left,0,14,138039,3.09904581278e-07,0.655,0.6975,0.856001536393,0.716049382716,0.6375,0.63,0.6075,0.7325,0
left,3,15,7903,1.67693506643e-07,0.75,0.6425,0.885730747071,0.671604938272,0.68,0.645,0.5375,0.64,1
left,3,16,2876,1.10221406336e-08,0.6075,0.795,0.602458229307,0.886913580247,0.84,0.8175,0.89,0.955,0
left,3,17,1997,3.94384037137e-09,0.7775,0.6625,0.890570386019,0.493827160494,0.69,0.685,0.59,0.67,1
left,3,18,74688,6.2376213521e-10,0.75,0.7,0.856001536393,0.58024691358,0.775,0.75,0.625,0.5,1
left,0,19,930,1.26267053475e-11,0.7125,0.75,0.560245822931,0.75012345679,0.78,0.7925,0.685,0.885,1
left,3,20,1404,1.13055807124e-32,0.75,0.6725,0.413174572691,0.575802469136,0.6725,0.7875,0.77,0.75,0
left,0,21,11039,3.0071415072e-55,0.715,0.7625,0.756097560976,0.0,0.735,0.8425,0.72,0.8125,1
left,2,22,18248,0.00738460999868,0.9175,0.7475,0.952026118686,0.856296296296,0.8625,0.7725,0.8175,0.9075,0
left,2,23,146928,0.00685867308998,0.7,0.86,0.837718455925,0.803456790123,0.8175,0.855,0.815,0.885,1
left,2,24,74604,0.00118946363009,0.795,0.83,0.822969080085,0.78962962963,0.9125,0.8275,0.9075,0.805,0
left,2,25,610,0.000526047572841,0.8225,0.6875,0.880929517957,0.89975308642,0.725,0.7825,0.615,0.9175,0
left,2,26,1128,0.000157079797234,0.87,0.6925,0.858882273862,0.793580246914,0.7425,0.6775,0.6025,0.7725,1
left,2,27,31557,2.36822798624e-05,1.0,0.5575,0.793777607067,0.862716049383,0.725,0.7925,0.5825,0.9275,1
left,1,28,137085,4.68219833563e-06,0.8475,0.84,0.660418667179,0.814814814815,0.8775,0.875,0.85,0.94,0
left,1,29,136122,4.19703673471e-06,0.5225,0.78,0.852160553102,0.653827160494,0.745,0.745,0.61,0.8325,1
left,2,30,108411,4.19214662423e-06,0.515,0.6175,0.874323026695,0.93037037037,0.67,0.6575,0.7075,0.875,1
left,2,31,50921,1.22272907462e-06,0.8325,0.5925,0.829076243518,0.93975308642,0.64,0.68,0.5975,0.7025,0
left,1,32,18166,8.21700477975e-07,0.6125,0.5875,0.827539850202,0.997037037037,0.64,0.6625,0.5625,0.8825,0
left,2,33,129429,2.32523833903e-07,0.76,0.5775,0.793777607067,0.817283950617,0.68,0.5875,0.54,0.7925,1
left,2,34,5385,2.31236514967e-07,0.7625,0.5875,0.902093335894,0.944691358025,0.6075,0.6,0.5075,0.8425,0
left,2,35,7599,2.12441690114e-07,0.75,0.5625,0.8646437488,0.945679012346,0.6,0.5675,0.5325,0.95,1
left,1,36,44938,1.12024063591e-07,0.8125,0.6075,0.717687728058,0.834567901235,0.75,0.6425,0.465,0.9275,1
left,1,37,509,6.6556879181e-08,0.8225,0.6375,0.679277895141,0.912592592593,0.695,0.695,0.5125,0.92,0
left,1,38,1630,6.19503042428e-08,0.8525,0.6325,0.88861148454,0.633580246914,0.6525,0.6825,0.6075,0.64,0
left,1,39,1186,5.10988908264e-08,0.575,0.6175,0.798770885347,0.712592592593,0.7225,0.6625,0.65,0.67,0
left,2,40,142811,5.1030416586e-08,0.635,0.58,0.813750720184,0.714567901235,0.675,0.595,0.535,0.7825,1
left,1,41,30094,1.37764564325e-08,0.625,0.62,0.919377760707,0.821234567901,0.675,0.5625,0.5825,0.63,0
left,2,42,39247,5.53647008284e-09,0.5175,0.65,0.850816208949,0.903703703704,0.575,0.5525,0.595,0.8475,0
left,1,43,147026,4.40310223295e-09,0.5,0.615,0.862684847321,0.815802469136,0.625,0.655,0.52,0.645,1
left,1,44,1872,1.54045213604e-09,0.6075,0.6075,0.683272517765,0.786666666667,0.66,0.6475,0.52,0.9475,0
left,1,45,29184,1.13326178715e-09,0.5375,0.57,0.862684847321,0.822222222222,0.62,0.5725,0.45,0.775,1
left,2,46,129987,5.06863618869e-10,0.5,0.6575,0.930670251584,0.686913580247,0.6575,0.6875,0.6575,0.5625,0
left,1,47,79313,4.23475744249e-10,0.7,0.515,0.921759170348,0.788641975309,0.6175,0.56,0.4125,0.765,1
left,1,48,145335,5.5103793193e-14,0.5225,0.5425,0.693796811984,0.797530864198,0.5,0.55,0.5875,0.8,0
left,1,49,18319,1.56761421395e-14,0.4775,0.485,0.934818513539,0.853827160494,0.4825,0.53,0.615,0.7525,0
left,1,50,108652,5.36727893538e-15,0.5625,0.5075,0.945265988093,0.556049382716,0.565,0.6425,0.44,0.525,0
left,1,51,5729,1.59505246054e-16,0.5,0.5225,0.696216631458,0.826172839506,0.5,0.545,0.41,0.6375,0
left,1,52,5041,4.09458257957e-25,0.75,0.455,0.706164778183,0.824691358025,0.41,0.4775,0.3625,0.6375,0
left,2,53,1799,1.06680966538e-26,0.825,0.84,0.434415210294,0.761481481481,0.81,0.885,0.85,0.8,0
left,1,54,56634,6.55822506472e-27,0.765,0.8525,0.429652391012,0.864691358025,0.83,0.845,0.7575,0.94,0
left,1,55,70749,5.53186768874e-42,0.65,0.36,0.890570386019,0.866172839506,0.39,0.39,0.365,0.6575,0
left,1,56,17703,3.38715272576e-75,0.0,0.635,0.925100825811,0.982716049383,0.605,0.76,0.4275,0.595,1
left,1,57,19745,1.17253917997e-116,-0.25,0.8575,0.671403879393,0.616790123457,0.8925,0.8575,0.625,0.8575,1
left,1,58,104599,3.17523929494e-126,-0.25,0.5725,0.858075667371,0.88049382716,0.61,0.595,0.47,0.6875,1
left,1,59,10672,4.00947149982e-127,-0.25,0.535,0.813750720184,0.723950617284,0.6075,0.6425,0.5,0.9275,0
left,1,60,41042,3.75457542087e-177,-0.25,0.3475,0.909775302477,0.820740740741,0.5425,0.445,0.515,0.8325,1
