user,id,distanceScore,distanceScore_pdf,distanceScore_cdf,mealScore,mealScore_pdf,mealScore_cdf,roomScore,roomScore_pdf,roomScore_cdf,equipmentScore,equipmentScore_pdf,equipmentScore_cdf,locationScore,locationScore_pdf,locationScore_cdf,bathScore,bathScore_pdf,bathScore_cdf,serviceScore,serviceScore_pdf,serviceScore_cdf,chargeScore,chargeScore_pdf,chargeScore_cdf,kinnennScore,kinnennScore_pdf,kinnennScore_cdf
24,101,0.9797530864197531,0.0882581727463,0.9989100333900482,0.6975,3.41623400769,0.37937733469832924,0.6000000000000001,0.309178330797,0.009260486495141627,0.655,2.25925007179,0.14659677892835993,0.9400000000000001,2.71185624049,0.8865997261499325,0.625,2.03439151218,0.19195390379264568,0.73,3.27252921584,0.30486057551135437,0.9297100057614741,1.53612498533,0.8525790440704069,1.0,nan,0.0
24,192,0.755061728395061,0.557168341983,0.008500054199470145,0.6675,3.03517430003,0.28213411837035207,0.6775,1.7558652594,0.0791887316174019,0.63,1.71817335102,0.09691840289974031,0.745,1.85596546907,0.07362946319439262,0.5325,0.889702513998,0.059218672663149986,0.66,1.95845343378,0.11904492350330335,0.8213942769348951,2.47960366676,0.6290097014955781,1.0,nan,0.0
24,223,0.8103703703703701,5.57235631345,0.1468971164164205,0.5825,1.46283688199,0.08990249952685446,0.605,0.356457106256,0.010922352622754096,0.6375000000000001,1.87822303064,0.11040296042708174,0.605,0.0219297691135,0.0004566800773897296,0.5575,1.16340588179,0.08480735975542895,0.6775,2.3257242834,0.15654309983742473,0.8713654695602071,2.13063234971,0.7451182254003323,0.0,nan,0.0
24,388,0.851358024691358,9.6801633248,0.4780738663562084,0.7825000000000001,3.22745627836,0.6756741407283238,0.7675000000000001,4.51865023667,0.35993433957840515,0.7575000000000001,4.70773411619,0.4995101443053589,0.915,3.86229619021,0.8044002413052659,0.675,2.71411385623,0.3107911967411839,0.7675000000000001,3.77563988201,0.4373538362283365,0.713885154599577,2.32283281615,0.35944574744398317,1.0,nan,0.0
24,398,0.720493827160493,0.0539899296447,0.0006449607371095537,0.847499999999999,2.09002670411,0.8507108894243006,0.6325000000000001,0.723431405692,0.02533061169593438,0.635,1.82453829744,0.10577457019115025,0.61,0.027316506124,0.0005793504091651528,0.545,1.02204257161,0.07115718923456593,0.66,1.95845343378,0.11904492350330335,0.8828884194353751,2.0230869685,0.7690570255127388,0.0,nan,0.0
24,462,0.810864197530864,5.64264596285,0.1496662495032302,0.7075,3.4969761096,0.4139649308451353,0.68,1.82675272391,0.08366678851320755,0.7975000000000001,4.82043672027,0.6957351654609241,0.79,3.72138834727,0.1978309719040281,0.64,2.24051956123,0.22401451089540822,0.8300000000000001,4.06195807699,0.6890564216578966,0.965469560207413,1.16103361842,0.9007303855669455,1.0,nan,0.0
24,509,0.9125925925925921,3.46914704913,0.9242270254131525,0.8225,2.57163432933,0.7924035722605071,0.6950000000000001,2.26982929703,0.11435842807209406,0.6375000000000001,1.87822303064,0.11040296042708174,0.919999999999999,3.63538719761,0.8231466072407565,0.5125000000000001,0.698795401062,0.04337812870136281,0.6950000000000001,2.67535059242,0.20034126508839895,0.6792778951411561,2.04449100007,0.2836727453549135,0.0,nan,0.0
24,568,0.9432098765432091,0.903658666349,0.9853039857484096,0.5675,1.20990271013,0.06988625251734419,0.6625,1.3558399898,0.05590961367159012,0.685,2.91720579173,0.22422945056278787,0.9450000000000001,2.48805540299,0.8995970867323868,0.865,1.9409515217,0.8793882607495362,0.7975000000000001,4.07259553255,0.5554659240144717,0.786863837142308,2.57102176066,0.5414146957840665,1.0,nan,0.0
24,570,0.946172839506172,0.770442746832,0.987779955824632,0.857499999999999,1.8966522683,0.8706420820802949,0.8625,3.93946603615,0.8436228905160149,0.754999999999999,4.65356713827,0.4878078417609998,0.8775000000000001,5.19243763457,0.6319255827170805,0.735,3.32870959655,0.49424966145717414,0.7825000000000001,3.94342396585,0.4952804137809691,0.765700019204916,2.5581972842,0.4870454001608574,1.0,nan,0.0
24,610,0.899753086419753,5.1716042335,0.8690346487743739,0.8225,2.57163432933,0.7924035722605071,0.7825000000000001,4.98327643403,0.43124163180970077,0.6875,2.97277061833,0.2315918588352389,0.9175000000000001,3.74948890852,0.8139152748274697,0.615,1.89801682436,0.17229292425080478,0.725,3.19614872618,0.2886877455499329,0.880929517956596,2.04188879601,0.7650755498110651,0.0,nan,0.0
24,630,0.7629629629629631,0.862883990032,0.014038876342549115,0.7725000000000001,3.34819179724,0.6427776303510461,0.74,3.65458172716,0.24762056479913105,0.6375000000000001,1.87822303064,0.11040296042708174,0.6875,0.458048724585,0.013425538497110758,0.5575,1.16340588179,0.08480735975542895,0.68,2.37718279692,0.16242181638173875,0.9405031688112151,1.4205960343,0.8685343939029921,0.0,nan,0.0
24,658,0.65679012345679,0.000124076813369,1.0522067833704454e-06,0.63,2.36423963722,0.18046074848645635,0.59,0.229697105227,0.006582030281024621,0.54,0.352171559275,0.013040975969461228,0.665,0.226007445183,0.005979113957997401,0.47750000000000004,0.431120366627,0.023854400625064828,0.5775,0.541857522238,0.02195110725832978,0.656270405223737,1.83023002561,0.2390710421535211,0.0,nan,0.0
24,659,0.622222222222222,1.76400058902e-06,1.2896322069799456e-08,0.62,2.16978799662,0.15778920404971525,0.645,0.95711690607,0.035788661196129785,0.5925,0.99865593303,0.04650488497287142,0.65,0.13415702929,0.003328549116000679,0.47750000000000004,0.431120366627,0.023854400625064828,0.6125,1.03072147795,0.048883377446728965,0.531745726906087,0.759984473889,0.08230828377790675,0.0,nan,0.0
24,716,0.819259259259259,6.83163251339,0.2020486510740033,0.8025,2.92760017597,0.7373407160686245,0.8325,5.35001882382,0.7016341966935772,0.715,3.6201244721,0.32205579114606,0.735,1.51655075346,0.05679977274709825,0.645,2.30928871764,0.23538906756748626,0.7225,3.1569120026,0.28074627016561166,0.7945073938928361,2.56270390879,0.5610390488157853,0.0,nan,0.0
24,767,0.9007407407407401,5.03259272347,0.8740736892913199,0.7325,3.57950188256,0.5027869828998897,0.7000000000000001,2.4221672883,0.12608778600035192,0.6625,2.42347351789,0.16415701801338217,0.8725,5.29106701567,0.6057071821300595,0.5975,1.66353727837,0.14113877693424307,0.6950000000000001,2.67535059242,0.20034126508839895,0.7599385442673321,2.54574294684,0.4723404867374782,0.0,nan,0.0
24,839,1.0,0.0174077980167,0.9998106461259144,0.735,3.57799361966,0.5117342253497846,0.845,4.89508136102,0.7659081699891249,0.7875000000000001,4.96109323935,0.6467215427072875,0.925,3.40453439494,0.8407475442239376,0.7275,3.28010231483,0.46945949334600534,0.8150000000000001,4.13196487587,0.6274387692895149,0.782024198194737,2.57272153391,0.5289666502820158,1.0,nan,0.0
24,858,0.631604938271604,5.98081397111e-06,4.5431952510309495e-08,0.5675,1.20990271013,0.06988625251734419,0.65,1.06273747703,0.0408354388607755,0.635,1.82453829744,0.10577457019115025,0.6475000000000001,0.122500836956,0.0030079171092843382,0.5525,1.10584147915,0.0791347884552714,0.61,0.989209091804,0.04635866408597056,0.7714614941425001,2.56686311507,0.5018111888669872,0.0,nan,0.0
24,864,0.899753086419753,5.1716042335,0.8690346487743739,0.75,3.531642433,0.5651358704968906,0.71,2.72991248583,0.1518460144712079,0.6375000000000001,1.87822303064,0.11040296042708174,0.919999999999999,3.63538719761,0.8231466072407565,0.5625,1.22224753898,0.09077097619941617,0.6900000000000001,2.57828186933,0.18720610539435206,0.8713654695602071,2.13063234971,0.7451182254003323,0.0,nan,0.0
24,922,0.5837037037037031,6.97631920634e-09,4.414811182840813e-11,0.4525,0.152320167073,0.005909011081897137,0.5750000000000001,0.142538235293,0.0038334621125039473,0.595,1.040821513,0.04905402761698992,0.6825,0.394578930096,0.011297123245221894,0.454999999999999,0.303201829974,0.015655199772167297,0.605,0.909111303254,0.041614509757770146,0.9174188592279621,1.66797403705,0.8328874265954396,1.0,nan,0.0
24,930,0.750123456790123,0.41624061623,0.006110680927787338,0.7125,3.52743452485,0.4315287810800199,0.7925000000000001,5.25617357081,0.48247894700805727,0.75,4.53661994802,0.4648280808961205,0.885,5.00280326077,0.6701878154999913,0.685,2.842008786,0.33857639908705667,0.78,3.91747013038,0.4854540918096688,0.56024582293067,0.959768355171,0.10673142888052521,1.0,nan,0.0
24,995,0.7664197530864191,1.03312388954,0.017308977676846127,0.7875000000000001,3.15921961234,0.6916428904169212,0.5325,0.0300524003783,0.0006867640526928013,0.51,0.167197322863,0.005524580340564408,0.65,0.13415702929,0.003328549116000679,0.52,0.767249618602,0.04887339657006277,0.5775,0.541857522238,0.02195110725832978,0.8674860764355671,2.16503167409,0.7367856217745528,1.0,nan,0.0
24,996,0.8390123456790121,9.09724695793,0.36132750968764227,0.625,2.26722463606,0.16888182667530988,0.6375000000000001,0.811677242458,0.029165486315568215,0.6000000000000001,1.12803413785,0.05447459318877232,0.725,1.21794332326,0.043162138223776764,0.5325,0.889702513998,0.059218672663149986,0.65,1.74841502042,0.1005129677218875,0.8703668139043591,2.13958140106,0.7429859835360374,0.0,nan,0.0
24,1119,0.8874074074074071,6.92407955011,0.7943354847156642,0.5,0.409506105449,0.01845411126017181,0.58,0.167812895883,0.004607891794887817,0.545,0.394536180397,0.014906209633676325,0.7325,1.43798851977,0.053107136236154484,0.5075000000000001,0.655310608234,0.039993586671820416,0.6000000000000001,0.833026007602,0.037260861120978116,0.8574227002112541,2.24936205277,0.7145675620959904,0.0,nan,0.0
24,1128,0.7935802469135801,3.34256428041,0.07263363764234426,0.8700000000000001,1.66085771769,0.8928673876366857,0.6775,1.7558652594,0.0791887316174019,0.6925,3.08496073016,0.246735523705574,0.7725000000000001,2.95936981362,0.13937203658581154,0.6025,1.72984648579,0.14962197645080452,0.7425,3.45255134009,0.34690745643073334,0.858882273862108,2.23759774854,0.7178421063530094,1.0,nan,0.0
24,1186,0.712592592592592,0.0287820701648,0.0003274028745511491,0.5750000000000001,1.33343867555,0.0794199372735323,0.6625,1.3558399898,0.05590961367159012,0.6175,1.46039566836,0.07706635052497564,0.67,0.266504334012,0.0072080740556439826,0.65,2.37791529883,0.24710716113805223,0.7225,3.1569120026,0.28074627016561166,0.7987708853466481,2.55507576601,0.5719496115126745,0.0,nan,0.0
24,1356,0.8316049382716041,8.39391722307,0.2964054517002551,0.79,3.12329503395,0.6994962762179439,0.8125,5.56842666725,0.591407062535809,0.774999999999999,4.96396125355,0.5844998394762717,0.925,3.40453439494,0.8407475442239376,0.73,3.29756268088,0.4776818278119262,0.7575000000000001,3.65179066654,0.4002103838632564,0.704513155367774,2.25472156328,0.33799039152498184,0.0,nan,0.0
24,1357,0.6083950617283951,2.6655489251e-07,1.8461556064805244e-09,0.76,3.46620670605,0.6001474539536387,0.8075000000000001,5.53102786939,0.5636449835272372,0.78,4.98459622209,0.60938270145986,0.835,5.24915084756,0.4037384401311244,0.72,3.22078871053,0.4450748943640169,0.8025,4.10190687334,0.5759056946857489,0.283887075091223,0.0761917696697,0.006370341214591864,0.0,nan,0.0
24,1386,0.866666666666666,9.22447482192,0.6244326406222633,0.5825,1.46283688199,0.08990249952685446,0.7425,3.73187042906,0.2568535916421183,0.7025,3.3154928196,0.278729745393039,0.8600000000000001,5.43227367114,0.5385256484057075,0.6525000000000001,2.41213792754,0.2530947430148418,0.6975,2.72288113631,0.2070891996073821,0.694680238140964,2.1769401811,0.31619740424546505,0.0,nan,0.0
24,1404,0.575802469135802,2.0216217204e-09,1.2448418662552545e-11,0.75,3.531642433,0.5651358704968906,0.7875000000000001,5.12573050509,0.4565183176666228,0.6725,2.64231457596,0.18948597960575686,0.75,2.03993403434,0.08336546294198025,0.77,3.37671692743,0.6125328301241981,0.6725,2.22175564507,0.14517387863856968,0.41317457269060803,0.265080789117,0.026212536603753403,0.0,nan,0.0
24,1500,0.8859259259259251,7.12744304511,0.7839265476086689,0.6875,3.31067699785,0.34572302663150595,0.5825,0.181798413519,0.005044710838200542,0.5675,0.633672012017,0.02631967156518415,0.9375,2.82570728265,0.879678002476393,0.387499999999999,0.0865256413186,0.0037051676557485974,0.73,3.27252921584,0.30486057551135437,0.9097753024774341,1.74929669158,0.819826827894439,0.0,nan,0.0
24,1501,0.775308641975308,1.59030016779,0.028834829070196407,0.55,0.94719049403,0.05106600636209357,0.6025,0.332150971089,0.010061875052709997,0.505,0.146123487307,0.004742264205802177,0.9450000000000001,2.48805540299,0.8995970867323868,0.4,0.111625644021,0.004938011324704922,0.6425000000000001,1.59382343689,0.0879817585055391,0.8521605531015941,2.29036721893,0.7026222169159451,0.0,nan,0.0
24,1511,0.724444444444444,0.0729687355271,0.0008940477063598977,0.6075,1.92693737588,0.1321876247257483,0.54,0.0404327973102,0.0009493673517654319,0.52,0.216927638783,0.0074363470298051265,0.8700000000000001,5.33156669917,0.5924276428132675,0.5925,1.59788999335,0.13298550050441799,0.6125,1.03072147795,0.048883377446728965,0.8636450931438441,2.19808724695,0.7284059588738009,1.0,nan,0.0
24,1556,0.675555555555555,0.000942292828882,8.743852793035108e-06,0.705,3.47922906711,0.4052443289145617,0.705,2.57571531003,0.13858211294453684,0.6625,2.42347351789,0.16415701801338217,0.7825000000000001,3.39523195762,0.17114072961032334,0.6525000000000001,2.41213792754,0.2530947430148418,0.675,2.27389639386,0.15079350284279266,0.788745918955252,2.56961363874,0.5462523096117112,1.0,nan,0.0
24,1630,0.6335802469135801,7.68512428816e-06,5.886134973271397e-08,0.8525,1.99300898168,0.8609182778118832,0.6825,1.89863228405,0.08832332205340547,0.6325000000000001,1.77117228039,0.10128000337398374,0.64,0.0926295694616,0.002205705143208445,0.6075,1.79674149268,0.15843821809822722,0.6525000000000001,1.80062529885,0.10494921167797047,0.888611484540042,1.96708374542,0.7804757617703671,0.0,nan,0.0
24,1667,0.902222222222222,4.82581873893,0.88137593638113,0.75,3.531642433,0.5651358704968906,0.6175,0.499512287611,0.016233526417953326,0.6625,2.42347351789,0.16415701801338217,0.8,4.14225384112,0.23716848154986428,0.49,0.516888687612,0.029768191201239212,0.68,2.37718279692,0.16242181638173875,0.660072978682542,1.86654689358,0.24609975495981973,0.0,nan,0.0
24,1680,0.875061728395061,8.4695151908,0.6989175127431686,0.784999999999999,3.19395594511,0.683701168395275,0.7275,3.26965936197,0.20434538725216908,0.6950000000000001,3.14172184395,0.25451877237857756,0.8700000000000001,5.33156669917,0.5924276428132675,0.6975,2.99232195748,0.3750540802733246,0.7925000000000001,4.03554607229,0.5351926313555134,0.8974841559439211,1.87751785744,0.7975339396367394,1.0,nan,0.0
24,1725,0.760987654320987,0.776110938324,0.01242132660013316,0.615,2.0723301888,0.14718398104255537,0.6475000000000001,1.00906965477,0.03824603523913423,0.6000000000000001,1.12803413785,0.05447459318877232,0.7425,1.76744036003,0.06910070031503317,0.625,2.03439151218,0.19195390379264568,0.685,2.47877763775,0.17456250914674798,0.84251968503937,2.35938974488,0.6802017875187668,1.0,nan,0.0
24,1764,0.880987654320987,7.77603137541,0.7471067521928269,0.7725000000000001,3.34819179724,0.6427776303510461,0.7425,3.73187042906,0.2568535916421183,0.67,2.58759989023,0.1829485915104181,0.857499999999999,5.44180036414,0.5249317406366589,0.645,2.30928871764,0.23538906756748626,0.7075,2.90570284206,0.2352421170991805,0.7307470712502401,2.42788623891,0.3995327383105527,0.0,nan,0.0
24,1770,0.722962962962963,0.0652422801416,0.0007917652855209501,0.635,2.46041804111,0.19252282937079176,0.64,0.858413515601,0.03125273609590579,0.5775,0.767020726756,0.03330893998483707,0.835,5.24915084756,0.4037384401311244,0.5525,1.10584147915,0.0791347884552714,0.6025,0.870560240926,0.03939013091475352,0.785327443825619,2.57186101376,0.5374639147205861,0.0,nan,0.0
24,1799,0.7614814814814811,0.797117713716,0.012809759577631098,0.8250000000000001,2.52457665448,0.7987739221684156,0.885,2.53340367879,0.916358434984524,0.8400000000000001,3.08732880824,0.8686242377200565,0.8,4.14225384112,0.23716848154986428,0.8500000000000001,2.26115854711,0.8478670371392372,0.81,4.12825483248,0.6067832054601878,0.434415210293835,0.321711551159,0.03242586390431717,0.0,nan,0.0
24,1872,0.7866666666666661,2.58179885697,0.0522201903161453,0.6075,1.92693737588,0.1321876247257483,0.6475000000000001,1.00906965477,0.03824603523913423,0.6075,1.26564823844,0.06344600526986956,0.9475,2.37854454767,0.9056799688277727,0.52,0.767249618602,0.04887339657006277,0.66,1.95845343378,0.11904492350330335,0.683272517764547,2.07991065331,0.2919106826626878,0.0,nan,0.0
24,1927,0.8172839506172841,6.55543616843,0.18882620594957417,0.5,0.409506105449,0.01845411126017181,0.5775,0.154741129412,0.004204884921127001,0.5775,0.767020726756,0.03330893998483707,0.8400000000000001,5.33379447666,0.430205215353123,0.52,0.767249618602,0.04887339657006277,0.66,1.95845343378,0.11904492350330335,0.814518916842711,2.50864239928,0.611858732453597,0.0,nan,0.0
24,1996,0.7866666666666661,2.58179885697,0.0522201903161453,0.62,2.16978799662,0.15778920404971525,0.495,0.00591840656283,0.00011917653272243234,0.525,0.24597512015,0.008592374068712223,0.7325,1.43798851977,0.053107136236154484,0.6000000000000001,1.69661391427,0.14533893244707788,0.67,2.16936051174,0.1396849366486325,0.8560015363933161,2.26065641897,0.7113628056471499,0.0,nan,0.0
24,1997,0.493827160493827,6.53725687171e-16,3.14273218912155e-18,0.7775000000000001,3.29056475827,0.6593768758993191,0.685,1.97141707466,0.0931607043404518,0.6625,2.42347351789,0.16415701801338217,0.67,0.266504334012,0.0072080740556439826,0.59,1.56533855331,0.1290315043019757,0.6900000000000001,2.57828186933,0.18720610539435206,0.8905703860188201,1.94757595691,0.7843100046905945,1.0,nan,0.0
24,2335,0.884444444444444,7.32723885264,0.7732188967122868,0.75,3.531642433,0.5651358704968906,0.64,0.858413515601,0.03125273609590579,0.5825,0.840070951901,0.03732490777532145,0.6900000000000001,0.492692892116,0.0146135492416571,0.485,0.481282284655,0.02727349008015581,0.675,2.27389639386,0.15079350284279266,0.9059343191857111,1.78977444105,0.8130299712295954,0.0,nan,0.0
24,2465,0.8153086419753081,6.27600970639,0.17615275761655622,-0.25,1.17019739939e-17,1.3917166797510314e-19,0.6675,1.48387140239,0.06300649460591008,0.7775000000000001,4.97771955995,0.5969283394143805,0.7225,1.14985000573,0.04020294455453813,0.555,1.13445954804,0.08193509543686583,0.7225,3.1569120026,0.28074627016561166,0.937007874015748,1.4578996106,0.8635038394612291,1.0,nan,0.0
24,2605,0.803456790123456,4.60586635701,0.11173728303170312,-0.25,1.17019739939e-17,1.3917166797510314e-19,0.339999999999999,5.88507644688e-07,7.885807013034854e-09,0.3025,4.93572486184e-05,9.164163856594817e-07,0.59,0.0110353722645,0.00021789767016018282,0.355,0.0425318792783,0.0016803351319261155,0.339999999999999,0.000146669912327,2.877626020635412e-06,0.8767428461686191,2.08138657498,0.7564438136233474,1.0,nan,0.0
24,2876,0.886913580246913,6.99222519625,0.7908993461534753,0.6075,1.92693737588,0.1321876247257483,0.8174999999999991,5.57168291942,0.6192723016474474,0.794999999999999,4.86752737206,0.6836235602845236,0.9550000000000001,2.06190226698,0.9223196678348122,0.889999999999999,1.4230068309,0.9213444907070698,0.8400000000000001,3.93774441171,0.7291095922724229,0.602458229306702,1.31585090408,0.15453276617658032,0.0,nan,0.0
24,2877,0.845432098765432,9.50206544405,0.4211408174714046,0.6875,3.31067699785,0.34572302663150595,0.6725,1.61740080139,0.07075749565387376,0.75,4.53661994802,0.4648280808961205,0.8075000000000001,4.43786115193,0.26935752165644933,0.635,2.17171616576,0.21298392845800473,0.635,1.4434747013,0.07659499567802174,0.748454004225081,2.50994516495,0.4432956192023557,1.0,nan,0.0
24,2958,0.9797530864197531,0.0882581727463,0.9989100333900482,0.6825,3.24932535328,0.32932075301507124,0.5325,0.0300524003783,0.0006867640526928013,0.59,0.957480646414,0.04405992262913851,0.8775000000000001,5.19243763457,0.6319255827170805,0.7475,3.38225558573,0.536231257642929,0.65,1.74841502042,0.1005129677218875,0.8905703860188201,1.94757595691,0.7843100046905945,0.0,nan,0.0
24,4771,0.79753086419753,3.82595497424,0.08678291312444454,0.6025,1.83106154683,0.12279307356014715,0.705,2.57571531003,0.13858211294453684,0.635,1.82453829744,0.10577457019115025,0.8975000000000001,4.58944638688,0.730254655544504,0.5175000000000001,0.744005255409,0.04698441618270958,0.705,2.86113022777,0.22803341520044415,0.7637795275590551,2.5544632509,0.4821359220558191,1.0,nan,0.0
24,4778,0.941234567901234,1.00215667943,0.9834230166529626,0.7875000000000001,3.15921961234,0.6916428904169212,0.774999999999999,4.75521815084,0.3947141911558833,0.7125,3.55751766533,0.3130839176982258,0.9400000000000001,2.71185624049,0.8865997261499325,0.6575000000000001,2.48031961562,0.2653260527036327,0.6875,2.52881402852,0.1808221126208268,0.594814672556174,1.24677332403,0.14474008184028012,1.0,nan,0.0
24,4801,0.8103703703703701,5.57235631345,0.1468971164164205,0.7075,3.4969761096,0.4139649308451353,0.64,0.858413515601,0.03125273609590579,0.625,1.61347283956,0.08859006275144438,0.764999999999999,2.63961285603,0.11838178149799937,0.6725,2.68135636458,0.3040468029001636,0.735,3.34629542288,0.321408679128109,0.8214326867678121,2.47942693649,0.6291049392645386,1.0,nan,0.0
24,4805,0.940246913580246,1.05445386401,0.9824075769091744,0.7675000000000001,3.40001058564,0.6259046399851808,0.8400000000000001,5.10478213011,0.7408940235409602,0.74,4.28001703932,0.42072662407303607,0.9125000000000001,3.97349643688,0.794605133029775,0.6975,2.99232195748,0.3750540802733246,0.7725000000000001,3.8344408181,0.45638003041027736,0.7753024774342231,2.57050476787,0.5116780110798415,0.0,nan,0.0
24,4819,0.884444444444444,7.32723885264,0.7732188967122868,0.6025,1.83106154683,0.12279307356014715,0.715,2.88431526792,0.16588157239454226,0.6725,2.64231457596,0.18948597960575686,0.7225,1.14985000573,0.04020294455453813,0.56,1.19267157662,0.08775239098532185,0.6725,2.22175564507,0.14517387863856968,0.8751680430190121,2.09598804021,0.7531545233267583,0.0,nan,0.0
24,4977,0.7970370370370371,3.76377422606,0.08490892562041674,0.64,2.55533317893,0.20506282393894754,0.685,1.97141707466,0.0931607043404518,0.725,3.87869688917,0.3595396602394934,0.8500000000000001,5.43255971762,0.4841175278942672,0.705,3.075567463,0.3978124372884813,0.71,2.94950123042,0.24256128408322586,0.7945073938928361,2.56270390879,0.5610390488157853,1.0,nan,0.0
24,5024,0.9032098765432091,4.68932316682,0.886074675773559,0.67,3.07372247765,0.2897704582405517,0.7625000000000001,4.35963652725,0.33773859589310395,0.6525000000000001,2.20452524054,0.1410170660015248,0.7425,1.76744036003,0.06910070031503317,0.495,0.554243785896,0.03244529181202416,0.7000000000000001,2.76970296154,0.21395508003971248,0.9289802189360471,1.54396161809,0.8514551408306033,1.0,nan,0.0
24,5041,0.8246913580246911,7.56270480054,0.24116725962731142,0.75,3.531642433,0.5651358704968906,0.47750000000000004,0.00255781204745,4.877651492511538e-05,0.454999999999999,0.0321752150412,0.0008846056244866178,0.6375000000000001,0.0841968270429,0.0019848187908286068,0.36250000000000004,0.0504151129163,0.002028155845150188,0.41000000000000003,0.00331847610312,7.71487525641111e-05,0.7061647781832141,2.2671770825,0.34172465254142564,0.0,nan,0.0
24,5303,0.78716049382716,2.63229295388,0.05350759535702212,0.25,0.000265602582155,6.331453238392169e-06,0.5,0.00745087754337,0.00015246445063911033,0.47250000000000003,0.0565527508549,0.0016433541223939818,0.8600000000000001,5.43227367114,0.5385256484057075,0.6950000000000001,2.96330564045,0.36760942420652537,0.75,3.55420346258,0.37318545766478384,0.865603994622623,2.18135749205,0.7326954536026619,1.0,nan,0.0
24,5309,0.9041975308641971,4.55405661738,0.8906392016362665,0.6950000000000001,3.39208577537,0.3708666148515144,0.6950000000000001,2.26982929703,0.11435842807209406,0.6900000000000001,3.02866664162,0.23909357955382604,0.7675000000000001,2.74511249242,0.12511242972391967,0.585,1.50082846232,0.12136642689351272,0.6975,2.72288113631,0.2070891996073821,0.8444785865181481,2.34603512658,0.6848105767957584,0.0,nan,0.0
24,5385,0.9446913580246911,0.834934470412,0.9865912998114246,0.7625000000000001,3.4457238169,0.6087877022205224,0.6000000000000001,0.309178330797,0.009260486495141627,0.5875,0.917314489636,0.04171664072148152,0.8425,5.36749380419,0.443583048381301,0.5075000000000001,0.655310608234,0.039993586671820416,0.6075,0.948666176323,0.043936524016399095,0.9020933358939881,1.82990688051,0.8060782825279437,0.0,nan,0.0
24,5562,0.9111111111111111,3.65084592421,0.9189535310758048,0.6875,3.31067699785,0.34572302663150595,0.8200000000000001,5.55946744715,0.6331882229364536,0.774999999999999,4.96396125355,0.5844998394762717,0.9575,1.96087854588,0.9273476359870142,0.7575000000000001,3.39707889017,0.5701499646908739,0.8025,4.10190687334,0.5759056946857489,0.256769733051661,0.0570567804232,0.0045741973850511744,0.0,nan,0.0
24,5627,0.7688888888888881,1.16997476338,0.020026147264225344,0.6675,3.03517430003,0.28213411837035207,0.66,1.29403949512,0.05259758155172994,0.5225000000000001,0.231082420822,0.007996208419955861,0.59,0.0110353722645,0.00021789767016018282,0.5675,1.28229308319,0.09703184175087004,0.59,0.693225274025,0.029643461876729168,0.8681774534280771,2.15897384045,0.7382803825921366,1.0,nan,0.0
24,5729,0.826172839506172,7.75194301493,0.25251208687134974,0.5,0.409506105449,0.01845411126017181,0.545,0.049018808459,0.0011723856918541635,0.5225000000000001,0.231082420822,0.007996208419955861,0.6375000000000001,0.0841968270429,0.0019848187908286068,0.41000000000000003,0.135849494357,0.006172098047561835,0.5,0.0776778104864,0.002354190191941999,0.696216631457653,2.18948048686,0.3195516913805928,0.0,nan,0.0
24,7055,0.7412345679012341,0.237733479418,0.0032671586862897677,0.8075000000000001,2.84279503272,0.7517680800821416,0.5675,0.110708079068,0.002888069001088696,0.47250000000000003,0.0565527508549,0.0016433541223939818,0.6375000000000001,0.0841968270429,0.0019848187908286068,0.464999999999999,0.355984003344,0.018945851787918487,0.54,0.231457522675,0.008076574874990201,0.8713654695602071,2.13063234971,0.7451182254003323,0.0,nan,0.0
24,7341,0.8864197530864191,7.06002072909,0.7874296409186949,0.5,0.409506105449,0.01845411126017181,0.754999999999999,4.12209549513,0.30593341247211486,0.6125,1.36154052807,0.0700126751258718,0.7675000000000001,2.74511249242,0.12511242972391967,0.6025,1.72984648579,0.14962197645080452,0.7000000000000001,2.76970296154,0.21395508003971248,0.8636835029767621,2.19776183579,0.7284903807885406,0.0,nan,0.0
24,7342,0.9061728395061721,4.28768002457,0.8993708192200962,0.59,1.59743060288,0.10137549057330071,0.56,0.085179260682,0.002157095947575497,0.545,0.394536180397,0.014906209633676325,0.847499999999999,5.41698126429,0.4705543135332942,0.52,0.767249618602,0.04887339657006277,0.5875,0.660879127019,0.027951048595594774,0.8137507201843671,2.5115623409,0.6099304759786136,1.0,nan,0.0
24,7343,0.9619753086419751,0.301692791395,0.9957763613674451,0.6325000000000001,2.41245984037,0.18643167186635912,0.715,2.88431526792,0.16588157239454226,0.6875,2.97277061833,0.2315918588352389,0.9125000000000001,3.97349643688,0.794605133029775,0.665,2.58165511744,0.2843092910762511,0.7075,2.90570284206,0.2352421170991805,0.8559631265603991,2.26095944853,0.7112759683917801,0.0,nan,0.0
24,7588,0.958024691358024,0.386645652181,0.9944225839367851,0.6025,1.83106154683,0.12279307356014715,0.6175,0.499512287611,0.016233526417953326,0.6725,2.64231457596,0.18948597960575686,0.8150000000000001,4.70793731144,0.3036725562571783,0.845,2.36586775455,0.8362987346594265,0.6950000000000001,2.67535059242,0.20034126508839895,0.8559631265603991,2.26095944853,0.7112759683917801,1.0,nan,0.0
24,7599,0.9456790123456791,0.791479951286,0.9873943146183445,0.75,3.531642433,0.5651358704968906,0.5675,0.110708079068,0.002888069001088696,0.5625,0.57336235592,0.02330384067524845,0.9500000000000001,2.27089572674,0.9114913615784701,0.5325,0.889702513998,0.059218672663149986,0.6000000000000001,0.833026007602,0.037260861120978116,0.8646437487996921,2.18959228956,0.73059685528438,1.0,nan,0.0
24,7903,0.6716049382716051,0.000625128671669,5.688209854940736e-06,0.75,3.531642433,0.5651358704968906,0.645,0.95711690607,0.035788661196129785,0.6425000000000001,1.98636127099,0.12006404469851599,0.64,0.0926295694616,0.002205705143208445,0.5375,0.941495618349,0.06379601797508073,0.68,2.37718279692,0.16242181638173875,0.8857307470712501,1.99546539337,0.7747681397160331,1.0,nan,0.0
24,8207,0.7046913580246911,0.014810458446,0.000160766644382022,0.6625,2.9550560577,0.26715692191809265,0.6575000000000001,1.23378641899,0.049438126515732234,0.7375,4.21331151181,0.4101098530140917,0.7775000000000001,3.17665225011,0.15471117903421996,0.54,0.967970588994,0.06618277156927581,0.6975,2.72288113631,0.2070891996073821,0.8859612060687531,1.9932088272,0.7752277526948942,0.0,nan,0.0
24,8290,0.8898765432098761,6.57890253365,0.8110072216450241,0.8925000000000001,1.26662036039,0.9257140551193115,0.8325,5.35001882382,0.7016341966935772,0.7825000000000001,4.98428391692,0.6218453284639157,0.8300000000000001,5.14260669499,0.3777502219195932,0.75,3.38842153268,0.5446949362476227,0.77,3.80533798198,0.446830176604981,0.783022853850585,2.57259718923,0.531535860894252,0.0,nan,0.0
24,8961,0.835555555555555,8.7973414917,0.33038330824417794,0.535,0.752668987862,0.038353294989803256,0.6025,0.332150971089,0.010061875052709997,0.6325000000000001,1.77117228039,0.10128000337398374,0.9075000000000001,4.1898193009,0.7741931182349028,0.5325,0.889702513998,0.059218672663149986,0.6625,2.01125513486,0.12400705439925985,0.73309007105819,2.44050264162,0.40523615546893255,0.0,nan,0.0
24,9191,0.28098765432098705,1.49305857911e-40,4.597563887541261e-43,0.5825,1.46283688199,0.08990249952685446,0.63,0.681905177959,0.023574299451578226,0.605,1.21891172601,0.06034047970762556,0.6825,0.394578930096,0.011297123245221894,0.5925,1.59788999335,0.13298550050441799,0.685,2.47877763775,0.17456250914674798,0.8905319761859031,1.94796001408,0.7842351912475155,0.0,nan,0.0
24,9518,0.919012345679012,2.73927233798,0.9441034277184588,0.75,3.531642433,0.5651358704968906,0.725,3.19270339707,0.1962674244169149,0.625,1.61347283956,0.08859006275144438,0.8500000000000001,5.43255971762,0.4841175278942672,0.675,2.71411385623,0.3107911967411839,0.7000000000000001,2.76970296154,0.21395508003971248,0.8706740925676971,2.13683464687,0.7436430093951173,1.0,nan,0.0
24,10630,0.7698765432098761,1.22845158686,0.021210376214071958,0.58,1.41909115186,0.08630021279413597,0.7225,3.11569476616,0.18838191442626664,0.6675,2.53289822371,0.1765479695180975,0.867499999999999,5.36602430517,0.5790543842842029,0.7075,3.10189914362,0.4055344293488008,0.7275,3.23467952216,0.29672642544259964,0.6800845016324181,2.05169652172,0.28532475283896064,1.0,nan,0.0
24,10672,0.72395061728395,0.0703063344099,0.000858674809553266,-0.25,1.17019739939e-17,1.3917166797510314e-19,0.6425000000000001,0.90689487864,0.03345900828248273,0.535,0.313408557185,0.011378490618945088,0.9275,3.28838773546,0.8491137454089734,0.5,0.593354487924,0.03531355544505785,0.6075,0.948666176323,0.043936524016399095,0.8137507201843671,2.5115623409,0.6099304759786136,0.0,nan,0.0
24,11039,0.0,2.41652291072e-90,4.95261500733638e-93,0.715,3.5401013123,0.4403635602640119,0.8425,5.0042787012,0.7535322109777484,0.7625000000000001,4.80518349591,0.5232989990269035,0.8125,4.6212091686,0.2920103890658257,0.72,3.22078871053,0.4450748943640169,0.735,3.34629542288,0.321408679128109,0.7560975609756091,2.53537357261,0.46258172130401465,1.0,nan,0.0
24,11140,0.245432098765432,9.10321560701e-46,2.6446341270284024e-48,0.5275000000000001,0.666292716768,0.03303671035860818,0.6325000000000001,0.723431405692,0.02533061169593438,0.5775,0.767020726756,0.03330893998483707,0.7825000000000001,3.39523195762,0.17114072961032334,0.55,1.07756036608,0.07640560723806397,0.6975,2.72288113631,0.2070891996073821,0.865565584789706,2.1816881248,0.7326116616757563,1.0,nan,0.0
24,11230,0.8301234567901231,8.22790922038,0.2840920699810942,0.6825,3.24932535328,0.32932075301507124,0.6950000000000001,2.26982929703,0.11435842807209406,0.6725,2.64231457596,0.18948597960575686,0.8975000000000001,4.58944638688,0.730254655544504,0.6125,1.86414661967,0.1675902415808263,0.74,3.41767931762,0.33831955915565476,0.7756865757633951,2.57077426372,0.512665389975097,1.0,nan,0.0
24,11275,0.8740740740740741,8.57359440001,0.6905008613696861,0.8250000000000001,2.52457665448,0.7987739221684156,0.8775000000000001,2.99372198806,0.8956466710188647,0.7875000000000001,4.96109323935,0.6467215427072875,0.8775000000000001,5.19243763457,0.6319255827170805,0.8200000000000001,2.84517142404,0.7709686988754159,0.8225,4.11329375923,0.6583777257202057,0.45938160169003206,0.403144534015,0.041437810704497785,1.0,nan,0.0
24,12534,0.895308641975308,5.80456773961,0.8446464443182048,0.6900000000000001,3.33926956755,0.35403575640026935,0.6525000000000001,1.11809886808,0.04356113409757691,0.6475000000000001,2.09523209703,0.13026779163898208,0.735,1.51655075346,0.05679977274709825,0.5625,1.22224753898,0.09077097619941617,0.665,2.06404855198,0.12910119227003514,0.8021893604762821,2.54742358734,0.5806713831062131,0.0,nan,0.0
24,14112,0.869135802469135,9.03478929431,0.6469809190368307,0.715,3.5401013123,0.4403635602640119,0.77,4.59797040041,0.3713301722826479,0.75,4.53661994802,0.4648280808961205,0.8174999999999991,4.79100851046,0.31554702800175854,0.705,3.075567463,0.3978124372884813,0.754999999999999,3.61969602729,0.3911209352316929,0.777222969080084,2.57167952062,0.5166158411934189,0.0,nan,0.0
24,15812,0.8222222222222221,7.23672174379,0.22289385786114882,0.5475,0.912761651637,0.0487412321079424,0.5675,0.110708079068,0.002888069001088696,0.5750000000000001,0.732086250955,0.03143527793876954,0.7125,0.903578228664,0.02997035779494544,0.5,0.593354487924,0.03531355544505785,0.62,1.1608468861,0.057096639402385393,0.7657384290378331,2.55826767836,0.4871436614435655,1.0,nan,0.0
24,15877,0.741728395061728,0.245538533415,0.003386476119820585,0.375,0.0202059610841,0.0006347798185109364,0.43999999999999906,0.000356535092962,6.101317467832223e-06,0.47000000000000003,0.0522933747545,0.0015073573912998536,0.764999999999999,2.63961285603,0.11838178149799937,0.4325,0.206336225249,0.00997706806315593,0.545,0.261774055692,0.009308404808668408,0.9789130017284421,1.02910428366,0.9154442603371407,1.0,nan,0.0
24,15878,0.8696296296296291,8.99342270239,0.6514323752088993,0.6925,3.36641871572,0.3624181715669192,0.7025,2.49882748683,0.13223897460931228,0.6975,3.1990194136,0.2624445800089863,0.8,4.14225384112,0.23716848154986428,0.65,2.37791529883,0.24710716113805223,0.75,3.55420346258,0.37318545766478384,0.769541002496639,2.56439958738,0.4968838469702164,0.0,nan,0.0
24,16373,0.6641975308641971,0.000282834755767,2.48307408617844e-06,0.6675,3.03517430003,0.28213411837035207,0.65,1.06273747703,0.0408354388607755,0.6925,3.08496073016,0.246735523705574,0.7000000000000001,0.652264903967,0.02030946168830103,0.5975,1.66353727837,0.14113877693424307,0.6925,2.62713982855,0.19371301362111049,0.880929517956596,2.04188879601,0.7650755498110651,1.0,nan,0.0
24,17703,0.9827160493827161,0.0706354281663,0.9991445624318888,0.0,8.24297982359e-10,1.3117088712572612e-11,0.76,4.28023276454,0.32693879319941255,0.635,1.82453829744,0.10577457019115025,0.595,0.0139385584515,0.0002800742767165442,0.42750000000000005,0.188573642897,0.00899032521012395,0.605,0.909111303254,0.041614509757770146,0.9251008258114071,1.58562643814,0.8453846889218903,1.0,nan,0.0
24,17743,0.8755555555555551,8.41612508017,0.7030868429734198,0.5,0.409506105449,0.01845411126017181,0.6825,1.89863228405,0.08832332205340547,0.6725,2.64231457596,0.18948597960575686,0.784999999999999,3.50442657561,0.17976535811892566,0.6625,2.54802818625,0.2778971516618898,0.665,2.06404855198,0.12910119227003514,0.8367966199347031,2.39634928566,0.6665916025047574,0.0,nan,0.0
24,17938,0.908148148148148,4.02756959593,0.9075823124011615,0.5,0.409506105449,0.01845411126017181,0.262499999999999,1.29687084117e-09,1.4853541787922796e-11,0.3125,8.22717259725e-05,1.5612531424272399e-06,0.7125,0.903578228664,0.02997035779494544,0.4575,0.315806345263,0.016428879226874,0.4375,0.00963355686606,0.00024130537561097723,0.9558671019781061,1.25904331801,0.8891132526151082,1.0,nan,0.0
24,17979,0.752592592592592,0.482420053541,0.007218452790295664,0.7125,3.52743452485,0.4315287810800199,0.6825,1.89863228405,0.08832332205340547,0.6525000000000001,2.20452524054,0.1410170660015248,0.6775,0.338391656675,0.009467611225281657,0.49,0.516888687612,0.029768191201239212,0.7325,3.30972493274,0.3130885264958134,0.87866333781448,2.06338798112,0.7604238492626221,1.0,nan,0.0
24,18166,0.997037037037037,0.0224049849994,0.9997519505473682,0.6125,2.0237139042,0.14206394971521166,0.6625,1.3558399898,0.05590961367159012,0.5875,0.917314489636,0.04171664072148152,0.8825000000000001,5.07132970736,0.6575940772785789,0.5625,1.22224753898,0.09077097619941617,0.64,1.54316369335,0.08406062874528,0.8275398502016511,2.44932415762,0.6441572970939888,0.0,nan,0.0
24,18246,0.9624691358024691,0.292292572445,0.9959230139169332,0.774999999999999,3.32008454021,0.6511132742841912,0.78,4.90875643995,0.41887621026524346,0.784999999999999,4.97652043162,0.6342979103454492,0.8725,5.29106701567,0.6057071821300595,0.77,3.37671692743,0.6125328301241981,0.7525000000000001,3.58716834276,0.3821122643886743,0.9107355483003641,1.73913090461,0.8215017032709605,1.0,nan,0.0
24,18248,0.8562962962962961,9.67635354707,0.5259252540451641,0.9175000000000001,0.892918778821,0.9525507923222181,0.7725000000000001,4.67690816278,0.3829238740800139,0.7475,4.4747094602,0.45356351454136473,0.9075000000000001,4.1898193009,0.7741931182349028,0.8174999999999991,2.88720904503,0.7638029479686717,0.8625,3.42222420987,0.8124966765249089,0.9520261186863831,1.29896483991,0.884200736576898,0.0,nan,0.0
24,18270,0.9501234567901231,0.617882195126,0.9905133361203845,0.645,2.64854967933,0.21807333040416124,0.764999999999999,4.43915110355,0.34873706912997293,0.6775,2.75188917251,0.2029713722760957,0.7925000000000001,3.82863908092,0.20726872283154393,0.6275000000000001,2.06865945771,0.19708270613735676,0.7425,3.45255134009,0.34690745643073334,0.779181870558863,2.57243212026,0.5216543187137292,1.0,nan,0.0
24,18297,0.853333333333333,9.69541463602,0.49721391760126016,0.75,3.531642433,0.5651358704968906,0.7525000000000001,4.04345806433,0.2957265348296477,0.745,4.41105565793,0.4424559856815082,0.8525,5.44192149552,0.49771193097982525,0.7275,3.28010231483,0.46945949334600534,0.745,3.48691359821,0.3555818911259472,0.7647397733819851,2.55638274028,0.4845897646973337,0.0,nan,0.0
24,18311,0.838024691358024,9.01701754743,0.352381823152624,0.75,3.531642433,0.5651358704968906,0.42000000000000004,0.000113200864031,1.8360770980435962e-06,0.382499999999999,0.00209756158491,4.702026304719915e-05,0.8300000000000001,5.14260669499,0.3777502219195932,0.41750000000000004,0.156733625611,0.007267754928194553,0.58,0.570070515641,0.023340805077376705,0.814518916842711,2.50864239928,0.611858732453597,1.0,nan,0.0
24,18312,0.7891358024691351,2.84030870177,0.05891105178900387,1.0,0.195208306285,0.9921789255468741,0.5275000000000001,0.0245302494183,0.0005507268211114952,0.48250000000000004,0.0767722838505,0.002305501858070104,0.9025000000000001,4.39595381771,0.7527239233800012,0.48250000000000004,0.464130889055,0.02609181378892346,0.6525000000000001,1.80062529885,0.10494921167797047,0.9389667754945261,1.43697577955,0.8663392205449445,1.0,nan,0.0
24,18319,0.8538271604938271,9.69573295314,0.502001912856668,0.47750000000000004,0.262423775639,0.010991126636702622,0.53,0.0271655171532,0.0006152961508411475,0.485,0.08271280675,0.0025047785209573897,0.7525000000000001,2.13519640307,0.08858393818927751,0.615,1.89801682436,0.17229292425080478,0.48250000000000004,0.0453766517211,0.0012994799335801343,0.9348185135394661,1.48132944853,0.8602863311821936,0.0,nan,0.0
24,18392,0.655308641975308,0.000104836807328,8.830237838097431e-07,0.5775,1.37595018536,0.08280653975128492,0.595,0.267049540206,0.007821985380537296,0.5775,0.767020726756,0.03330893998483707,0.725,1.21794332326,0.043162138223776764,0.52,0.767249618602,0.04887339657006277,0.5975,0.796518934879,0.035224144836933764,0.812944113693105,2.51455717974,0.6079034207595042,1.0,nan,0.0
24,18476,0.8730864197530861,8.67393535624,0.681983248382817,0.75,3.531642433,0.5651358704968906,0.73,3.34658130833,0.2126156926317572,0.7075,3.43487148786,0.29560435738302204,0.8925000000000001,4.76794359301,0.7068544600818749,0.6875,2.87303993706,0.34572029915080305,0.784999999999999,3.9683383175,0.5051703457235155,0.8598041098521221,2.23008310701,0.7199013458408337,1.0,nan,0.0
24,18739,0.7308641975308641,0.116816739863,0.0014934037481645793,0.6875,3.31067699785,0.34572302663150595,0.754999999999999,4.12209549513,0.30593341247211486,0.6925,3.08496073016,0.246735523705574,0.847499999999999,5.41698126429,0.4705543135332942,0.5875,1.53298146895,0.12515864577606134,0.745,3.48691359821,0.3555818911259472,0.869829076243518,2.14437354689,0.7418341607399418,0.0,nan,0.0
24,18763,0.955555555555555,0.449409170433,0.9933920530557845,-0.25,1.17019739939e-17,1.3917166797510314e-19,0.29250000000000004,1.56029540388e-08,1.8937636612936053e-10,0.29250000000000004,2.92554795088e-05,5.31689157136307e-07,0.9575,1.96087854588,0.9273476359870142,0.5,0.593354487924,0.03531355544505785,0.5825,0.599306781129,0.024802312613700344,0.928596120606875,1.5480865849,0.8508613155642112,1.0,nan,0.0
24,19718,0.8444444444444441,9.45360244647,0.4117795645153964,0.875,1.56937681334,0.9009421821098231,0.77,4.59797040041,0.3713301722826479,0.6925,3.08496073016,0.246735523705574,0.905,4.29431521602,0.763587386899371,0.635,2.17171616576,0.21298392845800473,0.9225000000000001,1.32140005946,0.9550222090026486,0.640868062223929,1.68139704792,0.2120249768064429,0.0,nan,0.0
24,19745,0.6167901234567901,8.50471364109e-07,6.084978848375257e-09,-0.25,1.17019739939e-17,1.3917166797510314e-19,0.857499999999999,4.2394791233,0.8231691554532368,0.857499999999999,2.20952134888,0.9148528581827431,0.857499999999999,5.44180036414,0.5249317406366589,0.625,2.03439151218,0.19195390379264568,0.8925000000000001,2.37621365913,0.9000820721301918,0.6714038793931241,1.97287710043,0.2678548884062053,1.0,nan,0.0
24,20639,0.972345679012345,0.150623511125,0.9980434753932197,0.5825,1.46283688199,0.08990249952685446,0.41500000000000004,8.40888406316e-05,1.3462829580557896e-06,0.4425,0.0210250592496,0.0005565169554743961,0.81,4.53109267138,0.28056933417454055,0.3375,0.0281952415908,0.0010690240975545686,0.5275000000000001,0.167949315729,0.0055976301424964185,0.864298060303437,2.1925408929,0.7298394285250088,1.0,nan,0.0
24,25302,0.925925925925925,2.06694085319,0.9606473840394648,0.5,0.409506105449,0.01845411126017181,0.5625,0.0930544552969,0.002379762461926981,0.48750000000000004,0.0890457718839,0.002719392910831397,0.725,1.21794332326,0.043162138223776764,0.39,0.0911222541615,0.003927185538554862,0.5125000000000001,0.111522608486,0.0035257813583362226,0.7191088918763201,2.35792522392,0.37167221453109345,0.0,nan,0.0
24,27972,0.779753086419753,1.93953174135,0.03666069515909795,0.6675,3.03517430003,0.28213411837035207,0.7775000000000001,4.83261172222,0.4066992023730931,0.7025,3.3154928196,0.278729745393039,0.827499999999999,5.08159142997,0.3649689343127934,0.6675,2.61510136105,0.29080527671350426,0.7525000000000001,3.58716834276,0.3821122643886743,0.850240061455732,2.30476359726,0.6982097118472563,0.0,nan,0.0
24,28024,0.8562962962962961,9.67635354707,0.5259252540451641,0.9175000000000001,0.892918778821,0.9525507923222181,0.8500000000000001,4.6527909227,0.7897904589018874,0.899999999999999,0.757582987196,0.9738333675314659,1.0,0.681659808028,0.9804506181550581,1.0,0.177626213102,0.9927957235464289,1.0,0.116320222468,0.9970124158421314,0.658382946034184,1.85043732321,0.24295883517099454,1.0,nan,0.0
24,28466,0.9456790123456791,0.791479951286,0.9873943146183445,0.61,1.97523466573,0.1370652972811201,0.68,1.82675272391,0.08366678851320755,0.68,2.80682092629,0.20991973248894918,0.9575,1.96087854588,0.9273476359870142,0.5875,1.53298146895,0.12515864577606134,0.665,2.06404855198,0.12910119227003514,0.7730362972921061,2.56856401722,0.5058548701028485,1.0,nan,0.0
24,28484,0.9358024691358021,1.31630587924,0.9771556336803033,0.605,1.87886560704,0.12743042242906968,0.5675,0.110708079068,0.002888069001088696,0.625,1.61347283956,0.08859006275144438,0.8600000000000001,5.43227367114,0.5385256484057075,0.61,1.83038501648,0.16297210064973444,0.6375000000000001,1.49303030214,0.08026550135164981,0.8394468984059921,2.3796206033,0.6729205768457444,1.0,nan,0.0
24,28512,0.9906172839506171,0.0380419107321,0.9995619566789038,0.827499999999999,2.47713251728,0.8050261334926373,0.725,3.19270339707,0.1962674244169149,0.6775,2.75188917251,0.2029713722760957,0.7525000000000001,2.13519640307,0.08858393818927751,0.635,2.17171616576,0.21298392845800473,0.764999999999999,3.74539958036,0.42795242871649203,0.814518916842711,2.50864239928,0.611858732453597,0.0,nan,0.0
24,28570,0.7214814814814811,0.058261248812,0.0007003692112801543,0.7225,3.56763663245,0.46702745875487833,0.47500000000000003,0.00225944257548,4.276212992905223e-05,0.5,0.127320908334,0.004059560328384248,0.6375000000000001,0.0841968270429,0.0019848187908286068,0.4325,0.206336225249,0.00997706806315593,0.4625,0.0234761531858,0.0006322091389698275,0.957787593623967,1.23922554765,0.8915121888607567,0.0,nan,0.0
24,28894,0.7851851851851851,2.43398311912,0.0485054772539452,0.5,0.409506105449,0.01845411126017181,0.67,1.54998222295,0.06679853190674018,0.62,1.51082780111,0.0807802481046161,0.705,0.745541778637,0.023800065409167022,0.459999999999999,0.328801311086,0.017234556880350707,0.6475000000000001,1.69650558307,0.09620688583807156,0.9097753024774341,1.74929669158,0.819826827894439,1.0,nan,0.0
24,29183,0.84,9.1729065657,0.3703501891506573,0.5825,1.46283688199,0.08990249952685446,0.6475000000000001,1.00906965477,0.03824603523913423,0.635,1.82453829744,0.10577457019115025,0.8225,4.94513729088,0.33989435002144053,0.5825,1.46888929278,0.11765432526764859,0.6900000000000001,2.57828186933,0.18720610539435206,0.8598041098521221,2.23008310701,0.7199013458408337,1.0,nan,0.0
24,29184,0.8222222222222221,7.23672174379,0.22289385786114882,0.5375,0.783072946045,0.040272804053406684,0.5725,0.131160231925,0.0034915063636117467,0.5700000000000001,0.66541266703,0.027943306211847527,0.774999999999999,3.06773713514,0.14690578376612176,0.449999999999999,0.279141354454,0.014199973379844627,0.62,1.1608468861,0.057096639402385393,0.8626848473209141,2.20618792383,0.7262913601175304,1.0,nan,0.0
24,29229,0.8493827160493821,9.64265266049,0.45898595680234616,0.4375,0.107176535149,0.003979553766979971,0.34750000000000003,1.00848887828e-06,1.3738415323497419e-08,0.34750000000000003,0.000447303713602,9.196249322164009e-06,0.7725000000000001,2.95936981362,0.13937203658581154,0.3075,0.01329879586,0.0004714325264315982,0.36750000000000005,0.000535449852543,1.1194614105993515e-05,0.846360668331092,2.33287602987,0.6892136735546786,0.0,nan,0.0
24,29338,0.602962962962962,1.23182188326e-07,8.358304928938912e-10,-0.25,1.17019739939e-17,1.3917166797510314e-19,0.6900000000000001,2.11934710688,0.10338640283190807,0.6525000000000001,2.20452524054,0.1410170660015248,0.615,0.0338695247382,0.0007317874354101703,0.62,1.96604482537,0.1819529292915901,0.7000000000000001,2.76970296154,0.21395508003971248,0.9519877088534661,1.29936586595,0.8841508358528702,1.0,nan,0.0
24,29381,0.5051851851851851,6.51497681588e-15,3.230153685659879e-17,0.5325,0.723072489213,0.03650878619868712,0.67,1.54998222295,0.06679853190674018,0.595,1.040821513,0.04905402761698992,0.66,0.19080252995,0.004939180830080669,0.55,1.07756036608,0.07640560723806397,0.625,1.25197491621,0.06312730479478743,0.7350105627040521,2.45045830943,0.40993273642875927,1.0,nan,0.0
24,29764,0.829629629629629,8.17095748274,0.28004293489098664,0.6000000000000001,1.78356594804,0.11827485760261106,0.7225,3.11569476616,0.18838191442626664,0.68,2.80682092629,0.20991973248894918,0.774999999999999,3.06773713514,0.14690578376612176,0.5875,1.53298146895,0.12515864577606134,0.7425,3.45255134009,0.34690745643073334,0.8482811599769541,2.31912317513,0.6936807884188231,1.0,nan,0.0
24,30094,0.8212345679012341,7.10316279817,0.2158122997236928,0.625,2.26722463606,0.16888182667530988,0.5625,0.0930544552969,0.002379762461926981,0.62,1.51082780111,0.0807802481046161,0.63,0.0627991128427,0.001437030240878315,0.5825,1.46888929278,0.11765432526764859,0.675,2.27389639386,0.15079350284279266,0.91937776070674,1.64701439832,0.8361343003467869,0.0,nan,0.0
24,31557,0.8627160493827161,9.46490252158,0.5874889296253867,1.0,0.195208306285,0.9921789255468741,0.7925000000000001,5.25617357081,0.48247894700805727,0.5575,0.517230063594,0.0205790840665186,0.9275,3.28838773546,0.8491137454089734,0.5825,1.46888929278,0.11765432526764859,0.725,3.19614872618,0.2886877455499329,0.7937776070674091,2.56379557809,0.559168419110403,1.0,nan,0.0
24,32060,0.9476543209876541,0.710016741171,0.9888761009334421,0.75,3.531642433,0.5651358704968906,0.55,0.0591796532792,0.0014421789157905232,0.65,2.14984301242,0.13557411736601865,1.0,0.681659808028,0.9804506181550581,0.5625,1.22224753898,0.09077097619941617,0.65,1.74841502042,0.1005129677218875,0.8214326867678121,2.47942693649,0.6291049392645386,1.0,nan,0.0
24,38608,0.802469135802469,4.4719978946,0.10725449903974374,0.75,3.531642433,0.5651358704968906,0.67,1.54998222295,0.06679853190674018,0.74,4.28001703932,0.42072662407303607,0.7875000000000001,3.61323035014,0.18866253699080715,0.764999999999999,3.39024758792,0.5956123778265945,0.7275,3.23467952216,0.29672642544259964,0.9289802189360471,1.54396161809,0.8514551408306033,0.0,nan,0.0
24,38649,0.811851851851851,5.78341574437,0.15530873248709298,0.8225,2.57163432933,0.7924035722605071,0.78,4.90875643995,0.41887621026524346,0.7525000000000001,4.59638134838,0.4762448239535222,0.7575000000000001,2.33173713378,0.09974806328320476,0.867499999999999,1.88752606114,0.8841738268127093,0.7925000000000001,4.03554607229,0.5351926313555134,0.8565776838870751,2.25609688133,0.7126639649611458,0.0,nan,0.0
24,39144,0.6666666666666661,0.000369687432835,3.2841056505893913e-06,0.6675,3.03517430003,0.28213411837035207,0.63,0.681905177959,0.023574299451578226,0.5575,0.517230063594,0.0205790840665186,0.655,0.160355119826,0.00406316095201156,0.5,0.593354487924,0.03531355544505785,0.6425000000000001,1.59382343689,0.0879817585055391,0.9097753024774341,1.74929669158,0.819826827894439,0.0,nan,0.0
24,39247,0.9037037037037031,4.62152870495,0.8883736385845109,0.5175000000000001,0.562262086767,0.026904422057284213,0.5525,0.0649224669394,0.0015972093018518131,0.65,2.14984301242,0.13557411736601865,0.847499999999999,5.41698126429,0.4705543135332942,0.595,1.63062611143,0.13702110816574026,0.5750000000000001,0.514658003834,0.020630672856455506,0.8508162089494911,2.30047746786,0.6995363622536848,0.0,nan,0.0
24,39495,0.87358024691358,8.62424228723,0.6862544430608931,0.66,2.91359160823,0.25982092643158883,0.6900000000000001,2.11934710688,0.10338640283190807,0.7225,3.8129343305,0.3499252572918629,0.75,2.03993403434,0.08336546294198025,0.5525,1.10584147915,0.0791347884552714,0.764999999999999,3.74539958036,0.42795242871649203,0.8521605531015941,2.29036721893,0.7026222169159451,1.0,nan,0.0
24,39581,0.8029629629629621,4.5387621219,0.10947936377334723,-0.25,1.17019739939e-17,1.3917166797510314e-19,0.6675,1.48387140239,0.06300649460591008,0.6175,1.46039566836,0.07706635052497564,0.9575,1.96087854588,0.9273476359870142,0.47000000000000003,0.384790159576,0.020797102934511574,0.735,3.34629542288,0.321408679128109,0.8943729594776261,1.90926350437,0.791643141358808,1.0,nan,0.0
24,40799,0.96395061728395,0.265585924227,0.9963359854915834,0.75,3.531642433,0.5651358704968906,0.6225,0.56751852711,0.018898416624715923,0.68,2.80682092629,0.20991973248894918,0.9550000000000001,2.06190226698,0.9223196678348122,0.5725,1.34346685429,0.10359578749613119,0.735,3.34629542288,0.321408679128109,0.8536969464182831,2.27862778295,0.7061321286474626,1.0,nan,0.0
24,40956,0.6474074074074071,4.18006137947e-05,3.397862719180361e-07,-0.25,1.17019739939e-17,1.3917166797510314e-19,0.72,3.0386245413,0.18068900220106296,0.625,1.61347283956,0.08859006275144438,0.595,0.0139385584515,0.0002800742767165442,0.6575000000000001,2.48031961562,0.2653260527036327,0.7825000000000001,3.94342396585,0.4952804137809691,0.988937968119838,0.935517669886,0.9252882018038753,1.0,nan,0.0
24,41042,0.8207407407407401,7.03579732543,0.212321183171348,-0.25,1.17019739939e-17,1.3917166797510314e-19,0.444999999999999,0.000470020907365,8.155372951550416e-06,0.34750000000000003,0.000447303713602,9.196249322164009e-06,0.8325,5.1985262016,0.3906777209419172,0.515,0.721186076576,0.04515301596046159,0.5425,0.246241083667,0.008673544463725827,0.9097753024774341,1.74929669158,0.819826827894439,1.0,nan,0.0
24,41069,0.810864197530864,5.64264596285,0.1496662495032302,0.7725000000000001,3.34819179724,0.6427776303510461,0.845,4.89508136102,0.7659081699891249,0.8525,2.45090717624,0.9032062674386684,0.81,4.53109267138,0.28056933417454055,0.8025,3.10896708467,0.7187629630274105,0.827499999999999,4.08291148035,0.6788745159910028,0.6005377376608411,1.2983344342,0.1520225221548162,0.0,nan,0.0
24,41615,0.544691358024691,1.09169715938e-11,6.075384578969922e-14,0.9675,0.380201078631,0.9830937212568691,0.847499999999999,4.77771912175,0.7780008117541451,0.7425,4.34604006225,0.43150937032321396,0.8775000000000001,5.19243763457,0.6319255827170805,0.81,3.00495695902,0.7416991998931022,0.919999999999999,1.39952149596,0.9516215588170043,0.820741309775302,2.48258368497,0.6273896262962259,1.0,nan,0.0
24,41703,0.7925925925925921,3.22698755957,0.06938959558699068,0.6975,3.41623400769,0.37937733469832924,0.7875000000000001,5.12573050509,0.4565183176666228,0.735,4.14621728685,0.39966038953265337,0.77,2.85176139128,0.13210830199066842,0.685,2.842008786,0.33857639908705667,0.6925,2.62713982855,0.19371301362111049,0.7849433454964471,2.57202725986,0.5364760347171835,1.0,nan,0.0
24,41708,0.6498765432098761,5.5925754169e-05,4.5962540105727445e-07,0.6775,3.18270813294,0.31323855042959237,0.735,3.50044059175,0.22973319973341064,0.645,2.04072576825,0.12509786983567336,0.665,0.226007445183,0.005979113957997401,0.51,0.6768361028,0.041658679461672996,0.6725,2.22175564507,0.14517387863856968,0.784904935663529,2.57204292614,0.5363772432784443,1.0,nan,0.0
24,41851,0.8898765432098761,6.57890253365,0.8110072216450241,-0.25,1.17019739939e-17,1.3917166797510314e-19,0.635,0.766685183871,0.027192896230894263,0.6000000000000001,1.12803413785,0.05447459318877232,0.65,0.13415702929,0.003328549116000679,0.3275,0.0220920887865,0.0008186901814485841,0.6425000000000001,1.59382343689,0.0879817585055391,0.9193393508738231,1.64742570503,0.8360710308997853,1.0,nan,0.0
24,43759,0.7056790123456791,0.0161241490165,0.0001760345079614537,0.75,3.531642433,0.5651358704968906,0.75,3.96513129081,0.2857158627426062,0.8174999999999991,4.17965633515,0.7864686952041524,0.6975,0.609090997257,0.018733237827108153,0.7675000000000001,3.38439459156,0.604081058718269,0.8625,3.42222420987,0.8124966765249089,0.934741693873631,1.48215228015,0.860172504344431,1.0,nan,0.0
24,44059,0.9565432098765431,0.423346924984,0.9938229360861641,-0.25,1.17019739939e-17,1.3917166797510314e-19,0.605,0.356457106256,0.010922352622754096,0.5125000000000001,0.178645605454,0.005956753228241599,0.8225,4.94513729088,0.33989435002144053,0.5325,0.889702513998,0.059218672663149986,0.6575000000000001,1.90570623462,0.11421474180720008,0.9020933358939881,1.82990688051,0.8060782825279437,0.0,nan,0.0
24,44938,0.834567901234567,8.70220848145,0.3217412259459158,0.8125,2.75490582263,0.7657635259883658,0.6425000000000001,0.90689487864,0.03345900828248273,0.6075,1.26564823844,0.06344600526986956,0.9275,3.28838773546,0.8491137454089734,0.464999999999999,0.355984003344,0.018945851787918487,0.75,3.55420346258,0.37318545766478384,0.7176877280583821,2.34859334173,0.36832782817413945,1.0,nan,0.0
24,50703,0.8562962962962961,9.67635354707,0.5259252540451641,0.675,3.14753937597,0.30532549091716393,0.7000000000000001,2.4221672883,0.12608778600035192,0.7125,3.55751766533,0.3130839176982258,0.74,1.68132307598,0.06479025456587187,0.645,2.30928871764,0.23538906756748626,0.7325,3.30972493274,0.3130885264958134,0.735394661033224,2.45240719107,0.4108743281056871,0.0,nan,0.0
24,50830,0.8967901234567901,5.5926781463,0.8530887908985707,0.6375000000000001,2.50806056171,0.1987334990203042,0.66,1.29403949512,0.05259758155172994,0.5650000000000001,0.6029906584,0.024774063342128907,0.81,4.53109267138,0.28056933417454055,0.5725,1.34346685429,0.10359578749613119,0.655,1.85307614883,0.10951629472210217,0.8275398502016511,2.44932415762,0.6441572970939888,0.0,nan,0.0
24,50921,0.9397530864197531,1.08138445215,0.9818802310687118,0.8325,2.38130074134,0.8171726812876756,0.68,1.82675272391,0.08366678851320755,0.5925,0.99865593303,0.04650488497287142,0.7025,0.69772941375,0.021996471275825907,0.5975,1.66353727837,0.14113877693424307,0.64,1.54316369335,0.08406062874528,0.8290762435183401,2.44113402839,0.6479141620366653,0.0,nan,0.0
24,51734,0.8503703703703701,9.66417740066,0.46852064831994394,0.56,1.0927607725,0.06125540052978116,0.7225,3.11569476616,0.18838191442626664,0.6000000000000001,1.12803413785,0.05447459318877232,0.7275,1.28866795005,0.04629485415954373,0.56,1.19267157662,0.08775239098532185,0.6825,2.42821774627,0.16842866077699842,0.9270213174572691,1.56500057756,0.848410066042363,0.0,nan,0.0
24,52992,0.928395061728395,1.85642364596,0.9654878423975021,0.6725,3.11119434884,0.29750183380882633,0.705,2.57571531003,0.13858211294453684,0.75,4.53661994802,0.4648280808961205,0.8225,4.94513729088,0.33989435002144053,0.6725,2.68135636458,0.3040468029001636,0.71,2.94950123042,0.24256128408322586,0.748454004225081,2.50994516495,0.4432956192023557,0.0,nan,0.0
24,54491,0.952098765432098,0.551438463402,0.9916671966339257,0.705,3.47922906711,0.4052443289145617,0.7975000000000001,5.37030007602,0.5090528771876349,0.77,4.91722347835,0.5597866242325125,0.9025000000000001,4.39595381771,0.7527239233800012,0.9450000000000001,0.57107993642,0.9739462782094241,0.7775000000000001,3.89058969606,0.47569383496328543,0.8689456500864221,2.15220541262,0.7399363018521765,0.0,nan,0.0
24,54885,0.9525925925925921,0.535783895637,0.9919356312439565,0.625,2.26722463606,0.16888182667530988,0.55,0.0591796532792,0.0014421789157905232,0.585,0.878173500792,0.039472495797461385,0.8500000000000001,5.43255971762,0.4841175278942672,0.5625,1.22224753898,0.09077097619941617,0.68,2.37718279692,0.16242181638173875,0.945265988092951,1.37003109131,0.8751798820429739,1.0,nan,0.0
24,56634,0.8646913580246911,9.35472201054,0.6060795815687997,0.764999999999999,3.4236477463,0.6173747453263285,0.845,4.89508136102,0.7659081699891249,0.8525,2.45090717624,0.9032062674386684,0.9400000000000001,2.71185624049,0.8865997261499325,0.7575000000000001,3.39707889017,0.5701499646908739,0.8300000000000001,4.06195807699,0.6890564216578966,0.429652391012099,0.308083998329,0.030926287524038216,0.0,nan,0.0
24,56758,0.7827160493827161,2.19994683056,0.042787756915876045,0.8125,2.75490582263,0.7657635259883658,0.8225,5.53759125069,0.6470615862388946,0.7725000000000001,4.94366862879,0.5721139793704135,0.68,0.365610957959,0.010347257712380105,0.745,3.37451596557,0.5277849697714295,0.77,3.80533798198,0.446830176604981,0.73808334933743,2.46564953425,0.4174860464097939,0.0,nan,0.0
24,56917,0.829629629629629,8.17095748274,0.28004293489098664,0.7325,3.57950188256,0.5027869828998897,0.77,4.59797040041,0.3713301722826479,0.72,3.74787160469,0.34047440462168804,0.8300000000000001,5.14260669499,0.3777502219195932,0.6575000000000001,2.48031961562,0.2653260527036327,0.73,3.27252921584,0.30486057551135437,0.869444977914346,2.1477849934,0.7410098549695951,1.0,nan,0.0
24,56975,0.776296296296296,1.66367352787,0.03044153290317656,0.6000000000000001,1.78356594804,0.11827485760261106,0.7325,3.42349670541,0.22107828812461086,0.68,2.80682092629,0.20991973248894918,0.8,4.14225384112,0.23716848154986428,0.7175,3.19887840429,0.43705010013853474,0.6975,2.72288113631,0.2070891996073821,0.9289802189360471,1.54396161809,0.8514551408306033,1.0,nan,0.0
24,67160,0.88,7.89894957494,0.7393658064584305,0.68,3.21665241608,0.3212380111500039,0.8500000000000001,4.6527909227,0.7897904589018874,0.8150000000000001,4.28251704175,0.775889841709672,0.8625,5.41644330164,0.5520878553185944,0.76,3.39656421387,0.5786423808037814,0.774999999999999,3.86288363614,0.4660018310138394,0.830036489341271,2.43589150417,0.6502557413140662,0.0,nan,0.0
24,67299,0.7091358024691351,0.0216156539768,0.00024083725691419734,0.5,0.409506105449,0.01845411126017181,0.6825,1.89863228405,0.08832332205340547,0.6775,2.75188917251,0.2029713722760957,0.545,0.00109349880608,1.8650094125867778e-05,0.6625,2.54802818625,0.2778971516618898,0.6775,2.3257242834,0.15654309983742473,0.9328212022277701,1.50273657593,0.8573062812434655,1.0,nan,0.0
24,67423,0.652839506172839,7.89516114389e-05,6.575684907540683e-07,0.59,1.59743060288,0.10137549057330071,0.6875,2.0450185025,0.09818108798207499,0.6375000000000001,1.87822303064,0.11040296042708174,0.6825,0.394578930096,0.011297123245221894,0.6775,2.74658802705,0.3176171361233424,0.705,2.86113022777,0.22803341520044415,0.9385442673324371,1.44148520384,0.8657311339874773,0.0,nan,0.0
24,67905,0.8,4.14375407879,0.09661976004548559,0.6675,3.03517430003,0.28213411837035207,0.8,5.41980567973,0.5225416613849525,0.764999999999999,4.84753976384,0.5353658679659085,0.845,5.39526094166,0.45703774036001793,0.75,3.38842153268,0.5446949362476227,0.7975000000000001,4.07259553255,0.5554659240144717,0.786863837142308,2.57102176066,0.5414146957840665,1.0,nan,0.0
24,68565,0.8958024691358021,5.73388916874,0.847495444702002,0.5775,1.37595018536,0.08280653975128492,0.7575000000000001,4.20103192918,0.31633726211229385,0.6950000000000001,3.14172184395,0.25451877237857756,0.857499999999999,5.44180036414,0.5249317406366589,0.665,2.58165511744,0.2843092910762511,0.7175,3.07623651664,0.2651621550756692,0.8021893604762821,2.54742358734,0.5806713831062131,1.0,nan,0.0
24,68688,0.883456790123456,7.45814436245,0.7659173117978078,0.79,3.12329503395,0.6994962762179439,0.8025,5.46348563093,0.536147050782649,0.685,2.91720579173,0.22422945056278787,0.8075000000000001,4.43786115193,0.26935752165644933,0.62,1.96604482537,0.1819529292915901,0.78,3.91747013038,0.4854540918096688,0.8899942385250621,1.9533303817,0.7831862553220187,0.0,nan,0.0
24,69217,0.9125925925925921,3.46914704913,0.9242270254131525,0.7675000000000001,3.40001058564,0.6259046399851808,0.74,3.65458172716,0.24762056479913105,0.7000000000000001,3.25692151046,0.27051437331272715,0.72,1.0843831415,0.03741069926648418,0.6425000000000001,2.27491492604,0.2296588071013565,0.7675000000000001,3.77563988201,0.4373538362283365,0.777222969080084,2.57167952062,0.5166158411934189,0.0,nan,0.0
24,69292,0.75358024691358,0.511248727694,0.007709038608338178,0.75,3.531642433,0.5651358704968906,0.8150000000000001,5.57454482467,0.6053376048244927,0.74,4.28001703932,0.42072662407303607,0.74,1.68132307598,0.06479025456587187,0.7875000000000001,3.27099924473,0.6708334529433516,0.76,3.68344888524,0.40937952511490916,0.751603610524294,2.52118529749,0.45121893659353135,0.0,nan,0.0
24,70225,0.795555555555555,3.5801724356,0.07946951837676212,-0.25,1.17019739939e-17,1.3917166797510314e-19,0.64,0.858413515601,0.03125273609590579,0.58,0.803017395909,0.035271266803308936,0.804999999999999,4.34179138843,0.25838239367845545,0.5375,0.941495618349,0.06379601797508073,0.5925,0.726614607193,0.031418044350092364,0.9116573842903781,1.72935618821,0.8231003925234824,1.0,nan,0.0
24,70358,0.8291358024691351,8.11323427579,0.2760221155084534,0.5325,0.723072489213,0.03650878619868712,0.48,0.002892551666,5.55814886623447e-05,0.47500000000000003,0.0611129215972,0.0017903717903613443,0.75,2.03993403434,0.08336546294198025,0.545,1.02204257161,0.07115718923456593,0.5425,0.246241083667,0.008673544463725827,0.9552525446514301,1.26540579818,0.8883375437701453,1.0,nan,0.0
24,70659,0.7832098765432091,2.24551661221,0.04388537671281976,0.5275000000000001,0.666292716768,0.03303671035860818,0.685,1.97141707466,0.0931607043404518,0.6025,1.17302946735,0.05735073468981736,0.5650000000000001,0.00320115973379,5.813522640940867e-05,0.55,1.07756036608,0.07640560723806397,0.6950000000000001,2.67535059242,0.20034126508839895,0.90497407336278,1.79984246904,0.8113065121402185,1.0,nan,0.0
24,70707,0.8493827160493821,9.64265266049,0.45898595680234616,0.7225,3.56763663245,0.46702745875487833,0.7525000000000001,4.04345806433,0.2957265348296477,0.6675,2.53289822371,0.1765479695180975,0.8825000000000001,5.07132970736,0.6575940772785789,0.6425000000000001,2.27491492604,0.2296588071013565,0.67,2.16936051174,0.1396849366486325,0.853082389091607,2.28334701126,0.7047303295367694,1.0,nan,0.0
24,70749,0.8661728395061721,9.25887222017,0.6198688015403973,0.65,2.73962667595,0.23154475501123392,0.39,1.78604348955e-05,2.685704001860549e-07,0.36,0.000790059666807,1.6739538541869797e-05,0.6575000000000001,0.175016565856,0.004482147882166929,0.365,0.0533114019415,0.0021577847128089,0.39,0.00144465015077,3.1908057031098634e-05,0.8905703860188201,1.94757595691,0.7843100046905945,0.0,nan,0.0
24,70793,0.808395061728395,5.29227760916,0.13616694742501567,0.392499999999999,0.0333280807549,0.0010946543420691868,0.59,0.229697105227,0.006582030281024621,0.545,0.394536180397,0.014906209633676325,0.6125,0.0304346148664,0.0006514760485588853,0.5275000000000001,0.839494043576,0.05489635143623529,0.66,1.95845343378,0.11904492350330335,0.8893028615325521,1.96021728561,0.7818333857471346,0.0,nan,0.0
24,70852,0.799012345679012,4.015298479,0.09259073995834732,0.5925,1.64331500873,0.10542632402826291,0.705,2.57571531003,0.13858211294453684,0.6900000000000001,3.02866664162,0.23909357955382604,0.6975,0.609090997257,0.018733237827108153,0.595,1.63062611143,0.13702110816574026,0.6975,2.72288113631,0.2070891996073821,0.90013443441521,1.85022041008,0.802473760982612,0.0,nan,0.0
24,72086,0.515061728395061,4.53095730003e-14,2.309433180955232e-16,0.40750000000000003,0.0501353894987,0.0017130513613085447,0.545,0.049018808459,0.0011723856918541635,0.5650000000000001,0.6029906584,0.024774063342128907,0.847499999999999,5.41698126429,0.4705543135332942,0.41750000000000004,0.156733625611,0.007267754928194553,0.585,0.629574300531,0.02633819841486443,0.8713654695602071,2.13063234971,0.7451182254003323,0.0,nan,0.0
24,74604,0.789629629629629,2.8938054758,0.06032685811433795,0.794999999999999,3.04807822677,0.7149265245737426,0.827499999999999,5.4640006903,0.6745823122341469,0.8300000000000001,3.59830248102,0.8351803940739011,0.804999999999999,4.34179138843,0.25838239367845545,0.9075000000000001,1.09974485938,0.9433565674532891,0.9125000000000001,1.64742729963,0.9402075406849046,0.8229690800845011,2.47222749833,0.6329088161400356,0.0,nan,0.0
24,74635,0.769382716049382,1.1989411291,0.020611042481093383,0.382499999999999,0.0251188405078,0.0008041472392486111,0.675,1.68605424173,0.07488656508744394,0.5575,0.517230063594,0.0205790840665186,0.605,0.0219297691135,0.0004566800773897296,0.655,2.44627851188,0.25916778243328353,0.5375,0.217399708794,0.007515652057202734,0.8252736700595351,2.46095534313,0.6385934064476373,0.0,nan,0.0
24,74688,0.580246913580246,4.07542769825e-09,2.5481640318844062e-11,0.75,3.531642433,0.5651358704968906,0.75,3.96513129081,0.2857158627426062,0.7000000000000001,3.25692151046,0.27051437331272715,0.5,7.41530664722e-05,1.1110627071694754e-06,0.625,2.03439151218,0.19195390379264568,0.774999999999999,3.86288363614,0.4660018310138394,0.8560015363933161,2.26065641897,0.7113628056471499,1.0,nan,0.0
24,74696,0.892839506172839,6.15788128449,0.8298778378399643,0.6675,3.03517430003,0.28213411837035207,0.7175,2.96149407752,0.17318884221250874,0.7125,3.55751766533,0.3130839176982258,0.7825000000000001,3.39523195762,0.17114072961032334,0.6950000000000001,2.96330564045,0.36760942420652537,0.6975,2.72288113631,0.2070891996073821,0.8636450931438441,2.19808724695,0.7284059588738009,1.0,nan,0.0
24,76409,0.885432098765432,7.19446898194,0.7803902562449557,0.25,0.000265602582155,6.331453238392169e-06,0.5325,0.0300524003783,0.0006867640526928013,0.51,0.167197322863,0.005524580340564408,0.7175,1.02153004424,0.03477885050409155,0.52,0.767249618602,0.04887339657006277,0.5775,0.541857522238,0.02195110725832978,0.9366621855194931,1.46159618024,0.8629992214396855,0.0,nan,0.0
24,76496,0.8044444444444441,4.74103707189,0.11635293544608383,0.889999999999999,1.30800042501,0.9224959193835074,0.8975000000000001,1.84142249605,0.9435820129442452,0.9175000000000001,0.463127286473,0.9843135177463762,0.9325000000000001,3.05611339177,0.8649746726653746,0.804999999999999,3.07590887394,0.7264944017481803,0.835,4.00805283673,0.7092381988377704,0.660072978682542,1.86654689358,0.24609975495981973,0.0,nan,0.0
24,78211,0.8740740740740741,8.57359440001,0.6905008613696861,0.8025,2.92760017597,0.7373407160686245,0.8600000000000001,4.0913843378,0.8335836170414805,0.81,4.4706792751,0.7539965849771828,0.794999999999999,3.93471541016,0.21697318876888386,0.827499999999999,2.71160151175,0.7918132651995883,0.8300000000000001,4.06195807699,0.6890564216578966,0.525676973305166,0.721989188907,0.07781222148032056,1.0,nan,0.0
24,79262,0.897283950617283,5.5221850184,0.855833197807307,0.66,2.91359160823,0.25982092643158883,0.8150000000000001,5.57454482467,0.6053376048244927,0.7275,3.94505543199,0.3693192392125202,0.8400000000000001,5.33379447666,0.430205215353123,0.827499999999999,2.71160151175,0.7918132651995883,0.7575000000000001,3.65179066654,0.4002103838632564,0.786863837142308,2.57102176066,0.5414146957840665,1.0,nan,0.0
24,79313,0.7886419753086421,2.78740533706,0.05752151726972701,0.7000000000000001,3.43882868884,0.3879464902056976,0.56,0.085179260682,0.002157095947575497,0.515,0.190733775035,0.0064183416026398704,0.764999999999999,2.63961285603,0.11838178149799937,0.41250000000000003,0.142540117082,0.0065200299173037565,0.6175,1.11656611576,0.05425005691256985,0.9217591703476091,1.62149187777,0.8400261344253384,1.0,nan,0.0
24,79388,0.8069135802469131,5.08386594466,0.128481125824232,0.7925000000000001,3.08623120002,0.7072584161757602,0.75,3.96513129081,0.2857158627426062,0.7325,4.07899598994,0.3893788715639675,0.725,1.21794332326,0.043162138223776764,0.715,3.17598399551,0.4290813224143659,0.77,3.80533798198,0.446830176604981,0.9097753024774341,1.74929669158,0.819826827894439,0.0,nan,0.0
24,80513,0.8207407407407401,7.03579732543,0.212321183171348,0.76,3.46620670605,0.6001474539536387,0.76,4.28023276454,0.32693879319941255,0.7075,3.43487148786,0.29560435738302204,0.8250000000000001,5.01569320093,0.35234633425344614,0.5975,1.66353727837,0.14113877693424307,0.7825000000000001,3.94342396585,0.4952804137809691,0.8483195698098711,2.31884481171,0.6937698602069601,1.0,nan,0.0
24,80619,0.9777777777777771,0.102097031248,0.9987223244955648,0.7625000000000001,3.4457238169,0.6087877022205224,0.8250000000000001,5.50582051445,0.660867931534169,0.7775000000000001,4.97771955995,0.5969283394143805,0.8150000000000001,4.70793731144,0.3036725562571783,0.6975,2.99232195748,0.3750540802733246,0.77,3.80533798198,0.446830176604981,0.869406568081428,2.14812560741,0.7409273523650819,1.0,nan,0.0
24,80759,0.6167901234567901,8.50471364109e-07,6.084978848375257e-09,0.5575,1.05520716794,0.05857059935721239,0.7825000000000001,4.98327643403,0.43124163180970077,0.6675,2.53289822371,0.1765479695180975,0.605,0.0219297691135,0.0004566800773897296,0.845,2.36586775455,0.8362987346594265,0.6675,2.11677105475,0.13432723805004973,0.854042634914538,2.27595957696,0.7069193631572379,0.0,nan,0.0
24,80766,0.8197530864197531,6.90000930472,0.2054391923809826,0.6000000000000001,1.78356594804,0.11827485760261106,0.7225,3.11569476616,0.18838191442626664,0.645,2.04072576825,0.12509786983567336,0.6375000000000001,0.0841968270429,0.0019848187908286068,0.645,2.30928871764,0.23538906756748626,0.6975,2.72288113631,0.2070891996073821,0.8905703860188201,1.94757595691,0.7843100046905945,1.0,nan,0.0
24,80873,0.8182716049382711,6.69402707869,0.19536922449024458,0.5,0.409506105449,0.01845411126017181,0.7075,2.65276357825,0.14511768465856695,0.735,4.14621728685,0.39966038953265337,0.6325000000000001,0.0693263307306,0.0016020683609715746,0.705,3.075567463,0.3978124372884813,0.7775000000000001,3.89058969606,0.47569383496328543,0.9597080852698291,1.21951044148,0.8938731629632907,0.0,nan,0.0
24,84558,0.8256790123456791,7.68944675657,0.24869937325254332,0.6275000000000001,2.31581046817,0.17461064779811927,0.837499999999999,5.19613922918,0.728015924551168,0.7925000000000001,4.90666905038,0.6714041544630597,0.7775000000000001,3.17665225011,0.15471117903421996,0.75,3.38842153268,0.5446949362476227,0.7775000000000001,3.89058969606,0.47569383496328543,0.8444785865181481,2.34603512658,0.6848105767957584,0.0,nan,0.0
24,104560,0.9170370370370371,2.95343677969,0.9384825724537466,0.515,0.538202371009,0.02552900135935756,0.48,0.002892551666,5.55814886623447e-05,0.4,0.00429715431301,0.00010085729141936307,0.8500000000000001,5.43255971762,0.4841175278942672,0.40750000000000003,0.129419941168,0.0058405648884442525,0.485,0.0491081944969,0.0014175318798656498,0.850240061455732,2.30476359726,0.6982097118472563,0.0,nan,0.0
24,104598,0.8543209876543211,9.69465209493,0.5067897198273148,0.5,0.409506105449,0.01845411126017181,0.645,0.95711690607,0.035788661196129785,0.5825,0.840070951901,0.03732490777532145,0.67,0.266504334012,0.0072080740556439826,0.515,0.721186076576,0.04515301596046159,0.685,2.47877763775,0.17456250914674798,0.8269637027078931,2.4523322309,0.6427452569099195,0.0,nan,0.0
24,104599,0.8804938271604931,7.8378160974,0.7432514548826833,-0.25,1.17019739939e-17,1.3917166797510314e-19,0.595,0.267049540206,0.007821985380537296,0.5725,0.698216769261,0.029647621167853973,0.6875,0.458048724585,0.013425538497110758,0.47000000000000003,0.384790159576,0.020797102934511574,0.61,0.989209091804,0.04635866408597056,0.8580756673708471,2.24411951727,0.7160346118547009,1.0,nan,0.0
24,104688,0.743209876543209,0.270298865362,0.003768324192571077,0.75,3.531642433,0.5651358704968906,0.73,3.34658130833,0.2126156926317572,0.7275,3.94505543199,0.3693192392125202,0.8125,4.6212091686,0.2920103890658257,0.7225,3.24166378388,0.45315318100593727,0.6625,2.01125513486,0.12400705439925985,0.657384290378336,1.84089401445,0.2411156492890541,1.0,nan,0.0
24,104824,0.8222222222222221,7.23672174379,0.22289385786114882,0.5,0.409506105449,0.01845411126017181,0.6000000000000001,0.309178330797,0.009260486495141627,0.6325000000000001,1.77117228039,0.10128000337398374,0.875,5.24464417914,0.618878041360338,0.5675,1.28229308319,0.09703184175087004,0.6175,1.11656611576,0.05425005691256985,0.882081812944113,2.03085274311,0.7674220562517338,0.0,nan,0.0
24,107778,0.589135802469135,1.60156968581e-08,1.0331769445647873e-10,0.78,3.2596742025,0.6675649557180475,0.7175,2.96149407752,0.17318884221250874,0.68,2.80682092629,0.20991973248894918,0.685,0.425367654925,0.012321669670301297,0.6000000000000001,1.69661391427,0.14533893244707788,0.7375,3.38227031661,0.32981950727765047,0.833877472632994,2.41398373904,0.6595703631199852,1.0,nan,0.0
24,107870,0.90716049382716,4.15679017939,0.9035407946512567,0.72,3.5602171414,0.45811727291878623,0.8225,5.53759125069,0.6470615862388946,0.8125,4.37967830192,0.7650608605872726,0.909999999999999,4.08277551698,0.7845343600929853,0.735,3.32870959655,0.49424966145717414,0.8150000000000001,4.13196487587,0.6274387692895149,0.765815248703668,2.55840796126,0.48734019210429047,0.0,nan,0.0
24,107898,0.7614814814814811,0.797117713716,0.012809759577631098,0.605,1.87886560704,0.12743042242906968,0.794999999999999,5.31556053176,0.49569452247575035,0.7025,3.3154928196,0.278729745393039,0.6175,0.0376486547424,0.0008211104714349601,0.6075,1.79674149268,0.15843821809822722,0.6975,2.72288113631,0.2070891996073821,0.9443057422700211,1.3801968263,0.8738594358673742,1.0,nan,0.0
24,108143,0.8824691358024691,7.58699943586,0.7584874347445302,0.5625,1.13107029237,0.06403503319261512,0.6950000000000001,2.26982929703,0.11435842807209406,0.485,0.08271280675,0.0025047785209573897,0.7225,1.14985000573,0.04020294455453813,0.73,3.29756268088,0.4776818278119262,0.625,1.25197491621,0.06312730479478743,0.8767428461686191,2.08138657498,0.7564438136233474,0.0,nan,0.0
24,108336,0.8469135802469131,9.56488081912,0.43526595729999357,0.41750000000000004,0.0651307853067,0.0022865183899722745,0.56,0.085179260682,0.002157095947575497,0.535,0.313408557185,0.011378490618945088,0.5575,0.00215865475845,3.827463957555536e-05,0.387499999999999,0.0865256413186,0.0037051676557485974,0.595,0.761046740147,0.03327740397785728,0.8269637027078931,2.4523322309,0.6427452569099195,0.0,nan,0.0
24,108341,0.9516049382716051,0.567469294313,0.991390938726596,0.595,1.68965570503,0.10959244590382118,0.52,0.0179483685971,0.00039259109440751384,0.5825,0.840070951901,0.03732490777532145,0.8075000000000001,4.43786115193,0.26935752165644933,0.52,0.767249618602,0.04887339657006277,0.595,0.761046740147,0.03327740397785728,0.8097560975609751,2.52567663303,0.599868942315607,1.0,nan,0.0
24,108351,0.598518518518518,6.46962553249e-08,4.3180045811618506e-10,0.665,2.99560135267,0.2745954407397795,0.685,1.97141707466,0.0931607043404518,0.65,2.14984301242,0.13557411736601865,0.6825,0.394578930096,0.011297123245221894,0.64,2.24051956123,0.22401451089540822,0.615,1.0731819172,0.05151306159990344,0.839408488573074,2.37986785641,0.6728291712670387,1.0,nan,0.0
24,108388,0.819259259259259,6.83163251339,0.2020486510740033,0.58,1.41909115186,0.08630021279413597,0.64,0.858413515601,0.03125273609590579,0.5475,0.41712052303,0.01592058239913661,0.6900000000000001,0.492692892116,0.0146135492416571,0.6000000000000001,1.69661391427,0.14533893244707788,0.5875,0.660879127019,0.027951048595594774,0.8406376032264261,2.37188638646,0.6757494112957781,1.0,nan,0.0
24,108411,0.9303703703703701,1.69915026141,0.9689979018117152,0.515,0.538202371009,0.02552900135935756,0.6575000000000001,1.23378641899,0.049438126515732234,0.6175,1.46039566836,0.07706635052497564,0.875,5.24464417914,0.618878041360338,0.7075,3.10189914362,0.4055344293488008,0.67,2.16936051174,0.1396849366486325,0.8743230266948331,2.10376282404,0.7513800913117181,1.0,nan,0.0
24,108416,0.807407407407407,5.1531439964,0.1310087740847851,0.7125,3.52743452485,0.4315287810800199,0.8174999999999991,5.57168291942,0.6192723016474474,0.71,3.49577067583,0.3042674857969869,0.804999999999999,4.34179138843,0.25838239367845545,0.74,3.35449004162,0.5109599788376644,0.804999999999999,4.11321999025,0.5861750988422021,0.8364893412713651,2.39824492383,0.6658549640192786,1.0,nan,0.0
24,108417,0.973333333333333,0.140521255928,0.9981871996691494,0.52,0.587093446957,0.0283409548528419,0.6325000000000001,0.723431405692,0.02533061169593438,0.5825,0.840070951901,0.03732490777532145,0.8,4.14225384112,0.23716848154986428,0.605,1.76322549974,0.153988286910553,0.5325,0.191366041354,0.006494867806898431,0.860149798348377,2.22724844574,0.720671770222364,1.0,nan,0.0
24,108652,0.5560493827160491,7.82752950232e-11,4.514880753043853e-13,0.5625,1.13107029237,0.06403503319261512,0.6425000000000001,0.90689487864,0.03345900828248273,0.5075000000000001,0.156364640167,0.00512025362005795,0.525,0.000346563065934,5.569590402867914e-06,0.43999999999999906,0.23544387538,0.011631849641177344,0.5650000000000001,0.415741665439,0.015991660083928046,0.945265988092951,1.37003109131,0.8751798820429739,0.0,nan,0.0
24,109008,0.6819753086419751,0.0018015596763,1.7271790456446278e-05,0.595,1.68965570503,0.10959244590382118,0.5325,0.0300524003783,0.0006867640526928013,0.5275000000000001,0.261630101284,0.009226719261612497,0.6950000000000001,0.568147092417,0.017262148286965907,0.5,0.593354487924,0.03531355544505785,0.63,1.34629087139,0.06962170427552701,0.8137507201843671,2.5115623409,0.6099304759786136,1.0,nan,0.0
24,109067,0.8479012345679011,9.60006590575,0.44473057274454714,0.75,3.531642433,0.5651358704968906,0.794999999999999,5.31556053176,0.49569452247575035,0.7625000000000001,4.80518349591,0.5232989990269035,0.8,4.14225384112,0.23716848154986428,0.71,3.12744477889,0.4133212779984324,0.7525000000000001,3.58716834276,0.3821122643886743,0.7877856731323211,2.57038435433,0.543784470094287,1.0,nan,0.0
24,129429,0.8172839506172841,6.55543616843,0.18882620594957417,0.76,3.46620670605,0.6001474539536387,0.5875,0.212693970905,0.00602926560675051,0.5775,0.767020726756,0.03330893998483707,0.7925000000000001,3.82863908092,0.20726872283154393,0.54,0.967970588994,0.06618277156927581,0.68,2.37718279692,0.16242181638173875,0.7937776070674091,2.56379557809,0.559168419110403,1.0,nan,0.0
24,129459,0.838024691358024,9.01701754743,0.352381823152624,0.605,1.87886560704,0.12743042242906968,0.6925,2.19431348842,0.10877835496845384,0.6725,2.64231457596,0.18948597960575686,0.705,0.745541778637,0.023800065409167022,0.6375000000000001,2.20611579479,0.21845621627899803,0.6875,2.52881402852,0.1808221126208268,0.896331860956404,1.88931484973,0.7953636840941571,1.0,nan,0.0
24,129490,0.9654320987654321,0.241010324602,0.9967109874574933,0.7000000000000001,3.43882868884,0.3879464902056976,0.754999999999999,4.12209549513,0.30593341247211486,0.6575000000000001,2.31399394,0.1523133320662494,0.889999999999999,4.85087296339,0.694830015533874,0.625,2.03439151218,0.19195390379264568,0.6975,2.72288113631,0.2070891996073821,0.8252736700595351,2.46095534313,0.6385934064476373,1.0,nan,0.0
24,129672,0.901234567901234,4.96341886597,0.8765418306136806,-0.25,1.17019739939e-17,1.3917166797510314e-19,0.38,9.33293881804e-06,1.370013549519528e-07,0.485,0.08271280675,0.0025047785209573897,0.725,1.21794332326,0.043162138223776764,0.43500000000000005,0.215703253083,0.010504548719975068,0.405,0.0027075942613,6.213160299173776e-05,0.839408488573074,2.37986785641,0.6728291712670387,1.0,nan,0.0
24,129907,0.725432098765432,0.0785671338516,0.0009688496330385041,0.6075,1.92693737588,0.1321876247257483,0.63,0.681905177959,0.023574299451578226,0.65,2.14984301242,0.13557411736601865,0.65,0.13415702929,0.003328549116000679,0.54,0.967970588994,0.06618277156927581,0.65,1.74841502042,0.1005129677218875,0.9058959093527941,1.79017758325,0.8129612185499324,0.0,nan,0.0
24,129987,0.6869135802469131,0.00291942805944,2.8720390139952814e-05,0.5,0.409506105449,0.01845411126017181,0.6875,2.0450185025,0.09818108798207499,0.6575000000000001,2.31399394,0.1523133320662494,0.5625,0.00281043433154,5.063059684845574e-05,0.6575000000000001,2.48031961562,0.2653260527036327,0.6575000000000001,1.90570623462,0.11421474180720008,0.9306702515844051,1.52581580558,0.8540491517691753,0.0,nan,0.0
24,130043,0.942716049382716,0.927535650275,0.9848518592283004,0.804999999999999,2.8856104056,0.7446074069461787,0.899999999999999,1.71783718707,0.948029959680476,0.8300000000000001,3.59830248102,0.8351803940739011,0.865,5.39434196944,0.5656026385024295,0.6950000000000001,2.96330564045,0.36760942420652537,0.764999999999999,3.74539958036,0.42795242871649203,0.8598041098521221,2.23008310701,0.7199013458408337,0.0,nan,0.0
24,130166,0.8681481481481481,9.11414154695,0.6380181093883107,0.875,1.56937681334,0.9009421821098231,0.9325000000000001,0.60967802448,0.983422955264484,0.7875000000000001,4.96109323935,0.6467215427072875,0.8600000000000001,5.43227367114,0.5385256484057075,0.875,1.72863952725,0.8977328161317377,0.9325000000000001,1.03440801417,0.966766169532165,0.918225465719224,1.65934798713,0.834229346804984,0.0,nan,0.0
24,130586,0.741728395061728,0.245538533415,0.003386476119820585,-0.25,1.17019739939e-17,1.3917166797510314e-19,0.28500000000000003,8.49707456975e-09,1.0161536935255369e-10,0.20750000000000002,2.1074479231e-07,3.2432538918378556e-09,0.42750000000000005,4.35999094809e-07,5.4528190517553735e-09,0.25,0.00267063959638,8.408475704468661e-05,0.35750000000000004,0.000337863967418,6.899351379092013e-06,0.892452467831764,1.9286838376,0.787957746047398,0.0,nan,0.0
24,134922,0.679012345679012,0.00133966190689,1.2649963504680642e-05,0.4375,0.107176535149,0.003979553766979971,0.725,3.19270339707,0.1962674244169149,0.6925,3.08496073016,0.246735523705574,0.79,3.72138834727,0.1978309719040281,0.635,2.17171616576,0.21298392845800473,0.6775,2.3257242834,0.15654309983742473,0.857922028039178,2.24535604529,0.7156897318187116,0.0,nan,0.0
24,134923,0.77037037037037,1.2585110799,0.02182441837579627,0.6725,3.11119434884,0.29750183380882633,0.725,3.19270339707,0.1962674244169149,0.6825,2.86190879001,0.2170056068200377,0.735,1.51655075346,0.05679977274709825,0.68,2.77874947966,0.32452387632147894,0.7025,2.81579229241,0.220937103867544,0.879969272133666,2.0510323219,0.7631104406922165,0.0,nan,0.0
24,135551,0.7629629629629631,0.862883990032,0.014038876342549115,0.7825000000000001,3.22745627836,0.6756741407283238,0.8250000000000001,5.50582051445,0.660867931534169,0.7575000000000001,4.70773411619,0.4995101443053589,0.774999999999999,3.06773713514,0.14690578376612176,0.6425000000000001,2.27491492604,0.2296588071013565,0.7725000000000001,3.8344408181,0.45638003041027736,0.823314768580756,2.47057273005,0.6337631510972416,1.0,nan,0.0
24,135973,0.9017283950617281,4.89448873024,0.8789758715018263,0.6675,3.03517430003,0.28213411837035207,0.7925000000000001,5.25617357081,0.48247894700805727,0.8,4.76547713833,0.7077191847297324,0.8975000000000001,4.58944638688,0.730254655544504,0.745,3.37451596557,0.5277849697714295,0.7825000000000001,3.94342396585,0.4952804137809691,0.849241405799884,2.31212558763,0.6959043634669569,1.0,nan,0.0
24,136122,0.653827160493827,8.84709765742e-05,7.401609149197951e-07,0.5225000000000001,0.612704421984,0.029840538995156537,0.745,3.80936542439,0.26628008897180727,0.78,4.98459622209,0.60938270145986,0.8325,5.1985262016,0.3906777209419172,0.61,1.83038501648,0.16297210064973444,0.745,3.48691359821,0.3555818911259472,0.8521605531015941,2.29036721893,0.7026222169159451,1.0,nan,0.0
24,136139,0.9422222222222221,0.951907061766,0.9843878197679672,0.8225,2.57163432933,0.7924035722605071,0.837499999999999,5.19613922918,0.728015924551168,0.8025,4.70279028042,0.7195561100699186,0.845,5.39526094166,0.45703774036001793,0.76,3.39656421387,0.5786423808037814,0.784999999999999,3.9683383175,0.5051703457235155,0.7495678893796811,2.51404097636,0.44609370318621444,1.0,nan,0.0
24,136288,0.93679012345679,1.25425745172,0.9784248618370696,0.7425,3.56275725767,0.5385220543831764,0.8125,5.56842666725,0.591407062535809,0.7375,4.21331151181,0.4101098530140917,0.827499999999999,5.08159142997,0.3649689343127934,0.6225,2.0001832642,0.1869106988213294,0.7925000000000001,4.03554607229,0.5351926313555134,0.852506241597849,2.28774292532,0.7034135172088896,1.0,nan,0.0
24,136820,0.852345679012345,9.69058200471,0.4876401256478987,0.6025,1.83106154683,0.12279307356014715,0.655,1.17512635315,0.0464273217807415,0.6275000000000001,1.66559049439,0.09268878989549652,0.655,0.160355119826,0.00406316095201156,0.5650000000000001,1.25212450889,0.09386387952382351,0.6175,1.11656611576,0.05425005691256985,0.9385442673324371,1.44148520384,0.8657311339874773,1.0,nan,0.0
24,136846,0.6074074074074071,2.31938163074e-07,1.6003718038544363e-09,0.7625000000000001,3.4457238169,0.6087877022205224,0.7925000000000001,5.25617357081,0.48247894700805727,0.8075000000000001,4.55510242161,0.74271294707478,0.6525000000000001,0.1467555301,0.0036794874554664353,0.875,1.72863952725,0.8977328161317377,0.804999999999999,4.11321999025,0.5861750988422021,0.7226810063376221,2.38064520066,0.38013588974739404,0.0,nan,0.0
24,137085,0.8148148148148141,6.20581313135,0.1730708217889197,0.847499999999999,2.09002670411,0.8507108894243006,0.875,3.15142189858,0.8879655238451232,0.8400000000000001,3.08732880824,0.8686242377200565,0.9400000000000001,2.71185624049,0.8865997261499325,0.8500000000000001,2.26115854711,0.8478670371392372,0.8775000000000001,2.92973101494,0.860249221591071,0.660418667178797,1.86983537394,0.2467455672109134,0.0,nan,0.0
24,137869,0.9772839506172831,0.105845841807,0.998670985532819,0.8150000000000001,2.70994187706,0.772594717620394,0.905,1.48726149143,0.9560333549437939,0.875,1.47146451819,0.9467913579852443,0.972499999999999,1.41103710097,0.9525105286280643,0.8625,1.99448838947,0.8744689763112354,0.8700000000000001,3.18727456486,0.837298488999231,0.0,0.00166333956812,9.19549661882028e-05,0.0,nan,0.0
24,138039,0.716049382716049,0.0380658202776,0.0004422604994473635,0.655,2.82812118359,0.24546529293869557,0.63,0.681905177959,0.023574299451578226,0.6975,3.1990194136,0.2624445800089863,0.7325,1.43798851977,0.053107136236154484,0.6075,1.79674149268,0.15843821809822722,0.6375000000000001,1.49303030214,0.08026550135164981,0.8560015363933161,2.26065641897,0.7113628056471499,0.0,nan,0.0
24,140859,0.6948148148148141,0.00614210063624,6.30548595417612e-05,0.4375,0.107176535149,0.003979553766979971,0.65,1.06273747703,0.0408354388607755,0.5975,1.08395573555,0.05170979981821406,0.59,0.0110353722645,0.00021789767016018282,0.59,1.56533855331,0.1290315043019757,0.6000000000000001,0.833026007602,0.037260861120978116,0.9577491837910501,1.23962091493,0.8914645828216609,1.0,nan,0.0
24,140984,0.9160493827160491,3.06406721566,0.9355111575822733,0.645,2.64854967933,0.21807333040416124,0.7625000000000001,4.35963652725,0.33773859589310395,0.754999999999999,4.65356713827,0.4878078417609998,0.8925000000000001,4.76794359301,0.7068544600818749,0.6925,2.93372649002,0.3602380210574787,0.7425,3.45255134009,0.34690745643073334,0.8857307470712501,1.99546539337,0.7747681397160331,1.0,nan,0.0
24,141053,0.611358024691358,4.03269772936e-07,2.8249501471358337e-09,0.625,2.26722463606,0.16888182667530988,0.645,0.95711690607,0.035788661196129785,0.65,2.14984301242,0.13557411736601865,0.7025,0.69772941375,0.021996471275825907,0.5,0.593354487924,0.03531355544505785,0.7025,2.81579229241,0.220937103867544,1.0,0.837648427613,0.9350901570906351,1.0,nan,0.0
24,141356,0.8508641975308641,9.6728647162,0.4732952836940527,0.7025,3.45983719241,0.3965701562674435,0.8250000000000001,5.50582051445,0.660867931534169,0.794999999999999,4.86752737206,0.6836235602845236,0.9475,2.37854454767,0.9056799688277727,0.8425,2.41747744918,0.8303194354860259,0.8400000000000001,3.93774441171,0.7291095922724229,0.811791818705588,2.51870871347,0.6050035028782821,1.0,nan,0.0
24,142811,0.714567901234567,0.033795681473,0.0003890869552234876,0.635,2.46041804111,0.19252282937079176,0.595,0.267049540206,0.007821985380537296,0.58,0.803017395909,0.035271266803308936,0.7825000000000001,3.39523195762,0.17114072961032334,0.535,0.915404057403,0.061474973959591804,0.675,2.27389639386,0.15079350284279266,0.8137507201843671,2.5115623409,0.6099304759786136,1.0,nan,0.0
24,142951,0.929382716049382,1.77655786194,0.96728170429372,0.6475000000000001,2.6943832931,0.22475211381181975,0.804999999999999,5.50075163043,0.5498537442338874,0.764999999999999,4.84753976384,0.5353658679659085,0.784999999999999,3.50442657561,0.17976535811892566,0.68,2.77874947966,0.32452387632147894,0.7375,3.38227031661,0.32981950727765047,0.8876896485500281,1.97620655558,0.7786582254311727,0.0,nan,0.0
24,143324,0.6972839506172831,0.00769348597253,8.006887695245878e-05,0.5750000000000001,1.33343867555,0.0794199372735323,0.5725,0.131160231925,0.0034915063636117467,0.66,2.36873897532,0.15816674942825984,0.6775,0.338391656675,0.009467611225281657,0.59,1.56533855331,0.1290315043019757,0.625,1.25197491621,0.06312730479478743,0.8636835029767621,2.19776183579,0.7284903807885406,1.0,nan,0.0
24,145305,0.7970370370370371,3.76377422606,0.08490892562041674,0.605,1.87886560704,0.12743042242906968,0.7675000000000001,4.51865023667,0.35993433957840515,0.745,4.41105565793,0.4424559856815082,0.725,1.21794332326,0.043162138223776764,0.6575000000000001,2.48031961562,0.2653260527036327,0.6875,2.52881402852,0.1808221126208268,0.9097753024774341,1.74929669158,0.819826827894439,1.0,nan,0.0
24,145335,0.79753086419753,3.82595497424,0.08678291312444454,0.5225000000000001,0.612704421984,0.029840538995156537,0.55,0.0591796532792,0.0014421789157905232,0.5425,0.372893156635,0.013947117035873598,0.8,4.14225384112,0.23716848154986428,0.5875,1.53298146895,0.12515864577606134,0.5,0.0776778104864,0.002354190191941999,0.693796811983867,2.16966871249,0.3142774470229991,0.0,nan,0.0
24,145444,0.861728395061728,9.51222987066,0.5781170743962171,0.725,3.57328178837,0.47595397739540934,0.8525,4.52095785247,0.8012590108217031,0.754999999999999,4.65356713827,0.4878078417609998,0.794999999999999,3.93471541016,0.21697318876888386,0.7975000000000001,3.1700310029,0.703062617331268,0.6925,2.62713982855,0.19371301362111049,0.8017284424812751,2.54853471974,0.5794969727152786,1.0,nan,0.0
24,146557,0.9002469135802461,5.10199354315,0.8715713313027194,-0.25,1.17019739939e-17,1.3917166797510314e-19,0.73,3.34658130833,0.2126156926317572,0.72,3.74787160469,0.34047440462168804,0.74,1.68132307598,0.06479025456587187,0.5700000000000001,1.31274373858,0.10027558001005026,0.6825,2.42821774627,0.16842866077699842,0.8974841559439211,1.87751785744,0.7975339396367394,0.0,nan,0.0
24,146877,0.863209876543209,9.43928164377,0.5921566827540501,0.8075000000000001,2.84279503272,0.7517680800821416,0.865,3.78455325216,0.8532784517472417,0.715,3.6201244721,0.32205579114606,0.865,5.39434196944,0.5656026385024295,0.8400000000000001,2.46848151421,0.8242118521162668,0.5625,0.39340711675,0.014980418349978743,0.5736892644516991,1.06595234271,0.12033950673217923,1.0,nan,0.0
24,146928,0.803456790123456,4.60586635701,0.11173728303170312,0.7000000000000001,3.43882868884,0.3879464902056976,0.855,4.3829344286,0.8123900883134156,0.8600000000000001,2.09318644184,0.9202305840232636,0.885,5.00280326077,0.6701878154999913,0.8150000000000001,2.92789319432,0.756533781629635,0.8174999999999991,4.12913558847,0.637765824696885,0.837718455924716,2.39060735039,0.6687980032862157,1.0,nan,0.0
24,146993,0.8528395061728391,9.69369737403,0.4924264249799561,0.8125,2.75490582263,0.7657635259883658,1.0,0.0497209405645,0.9988298422587181,1.0,0.0397261809401,0.9988889168756104,0.8,4.14225384112,0.23716848154986428,0.9500000000000001,0.518275078207,0.9766680058095876,1.0,0.116320222468,0.9970124158421314,0.37584021509506405,0.187747564872,0.01783744434260898,1.0,nan,0.0
24,147026,0.815802469135802,6.34609196756,0.1792693310779671,0.5,0.409506105449,0.01845411126017181,0.655,1.17512635315,0.0464273217807415,0.615,1.41061855467,0.0734777238673878,0.645,0.111730234575,0.0027153069985389805,0.52,0.767249618602,0.04887339657006277,0.625,1.25197491621,0.06312730479478743,0.8626848473209141,2.20618792383,0.7262913601175304,1.0,nan,0.0
24,147101,0.9007407407407401,5.03259272347,0.8740736892913199,0.625,2.26722463606,0.16888182667530988,0.865,3.78455325216,0.8532784517472417,0.7225,3.8129343305,0.3499252572918629,0.8525,5.44192149552,0.49771193097982525,0.8600000000000001,2.0480615086,0.8694157885451985,0.6825,2.42821774627,0.16842866077699842,0.861724601497983,2.21422141706,0.7241690149012264,0.0,nan,0.0
24,147111,0.852345679012345,9.69058200471,0.4876401256478987,0.595,1.68965570503,0.10959244590382118,0.735,3.50044059175,0.22973319973341064,0.774999999999999,4.96396125355,0.5844998394762717,0.837499999999999,5.29429637705,0.4169189088062438,0.605,1.76322549974,0.153988286910553,0.6225,1.2059941433,0.06005501349568481,0.9010946802381411,1.84027669348,0.804245655377366,1.0,nan,0.0
24,147193,0.6439506172839501,2.76490095704e-05,2.213639156677393e-07,0.75,3.531642433,0.5651358704968906,0.7825000000000001,4.98327643403,0.43124163180970077,0.7825000000000001,4.98428391692,0.6218453284639157,0.75,2.03993403434,0.08336546294198025,0.8500000000000001,2.26115854711,0.8478670371392372,0.7975000000000001,4.07259553255,0.5554659240144717,0.752294987516804,2.52351063259,0.45296283290816086,1.0,nan,0.0
24,819,0.7214814814814811,0.058261248812,0.0007003692112801543,0.725,3.57328178837,0.47595397739540934,0.7025,2.49882748683,0.13223897460931228,0.7075,3.43487148786,0.29560435738302204,0.8300000000000001,5.14260669499,0.3777502219195932,0.7775000000000001,3.34259014648,0.6377406834392422,0.7225,3.1569120026,0.28074627016561166,0.8252736700595351,2.46095534313,0.6385934064476373,0.0,nan,0.0
24,1942,0.755061728395061,0.557168341983,0.008500054199470145,0.715,3.5401013123,0.4403635602640119,0.6725,1.61740080139,0.07075749565387376,0.5925,0.99865593303,0.04650488497287142,0.784999999999999,3.50442657561,0.17976535811892566,0.585,1.50082846232,0.12136642689351272,0.6075,0.948666176323,0.043936524016399095,0.8467447666602651,2.33015153422,0.6901092045226205,0.0,nan,0.0
24,1993,0.905679012345679,4.35371951577,0.8972371561879303,0.6625,2.9550560577,0.26715692191809265,0.7375,3.57745395351,0.23858054886859273,0.7525000000000001,4.59638134838,0.4762448239535222,0.905,4.29431521602,0.763587386899371,0.63,2.10297673106,0.20229724219636752,0.835,4.00805283673,0.7092381988377704,0.8857307470712501,1.99546539337,0.7747681397160331,0.0,nan,0.0
