user,id,distanceScore,distanceScore_pdf,distanceScore_cdf,mealScore,mealScore_pdf,mealScore_cdf,roomScore,roomScore_pdf,roomScore_cdf,serviceScore,serviceScore_pdf,serviceScore_cdf,equipmentScore,equipmentScore_pdf,equipmentScore_cdf,bathScore,bathScore_pdf,bathScore_cdf,locationScore,locationScore_pdf,locationScore_cdf,chargeScore,chargeScore_pdf,chargeScore_cdf,kinnennScore,kinnennScore_pdf,kinnennScore_cdf
24,101,0.9797530864197531,0.0629357685471,0.9992667858781843,0.6975,3.62657536946,0.3408282926247836,0.6000000000000001,0.350223682771,0.011250356440872689,0.73,4.44793292916,0.29305251968379875,0.655,2.59446976651,0.15563123988461955,0.625,2.44317126687,0.18490384428607298,0.9400000000000001,2.06508183639,0.9096317018737148,0.9297100057614741,1.52871063354,0.8536483647947442,1.0,nan,0.0
24,192,0.755061728395061,0.552241005692,0.008684722394503784,0.6675,3.08982901177,0.23953864679934367,0.6775,1.70901749616,0.08285187941599999,0.66,1.8082860466,0.073290845107619,0.63,1.89058822804,0.0997119259089095,0.5325,0.799512194251,0.04089618459807038,0.745,2.37056498514,0.10113521810095846,0.8213942769348951,2.48955008343,0.6302603203631678,1.0,nan,0.0
24,223,0.8103703703703701,5.59460621517,0.1459625453003507,0.5825,1.19270385871,0.05939074662793286,0.605,0.399145154371,0.013121736656347069,0.6775,2.44662732566,0.11040057265201479,0.6375000000000001,2.09396232572,0.11464869592667902,0.5575,1.15728768683,0.06518378156080816,0.605,0.0466249616533,0.001218680404975657,0.8713654695602071,2.12812435786,0.7465225225238371,0.0,nan,0.0
24,388,0.851358024691358,9.93867852475,0.48357500467342196,0.7825000000000001,3.5366403753,0.6635302588018875,0.7675000000000001,4.66102998653,0.3566220472870218,0.7675000000000001,5.14804674665,0.47618236692504906,0.7575000000000001,4.49583986925,0.5491390188688401,0.675,3.35727626654,0.33115505901364856,0.915,3.09540958499,0.845465577490656,0.713885154599577,2.37107836683,0.35751848159969946,1.0,nan,0.0
24,398,0.720493827160493,0.0583567160807,0.0007388275624902273,0.847499999999999,2.19907710328,0.8524305352512551,0.6325000000000001,0.762972757364,0.02871911390116733,0.66,1.8082860466,0.073290845107619,0.635,2.02523985913,0.10949987624131294,0.545,0.968048625474,0.051921606371936435,0.61,0.0557796458014,0.0014740547543508902,0.8828884194353751,2.01883375542,0.7704219620578243,0.0,nan,0.0
24,462,0.810864197530864,5.66756944466,0.14874332372457158,0.7075,3.74995591159,0.37773793487097784,0.68,1.7720104108,0.08720298684763285,0.8300000000000001,3.91122140572,0.7732529170103543,0.7975000000000001,3.90086437114,0.7198287118981966,0.64,2.74524390281,0.2238314553100825,0.79,4.35131187346,0.2525890253741258,0.965469560207413,1.15425488339,0.9015405439397057,1.0,nan,0.0
24,509,0.9125925925925921,3.28099587811,0.932723767589362,0.8225,2.76184567454,0.7903995591075436,0.6950000000000001,2.16656746775,0.11670810448180137,0.6950000000000001,3.14324249992,0.15926716273300068,0.6375000000000001,2.09396232572,0.11464869592667902,0.5125000000000001,0.573192578107,0.027256959717861993,0.919999999999999,2.87765185668,0.8603967486526718,0.6792778951411561,2.09911701594,0.2799482223002293,0.0,nan,0.0
24,568,0.9432098765432091,0.767313158152,0.988308958687233,0.5675,0.932754243453,0.043498404551268396,0.6625,1.3507899043,0.0599481384671547,0.7975000000000001,4.89340402148,0.6286584800271333,0.685,3.46106285872,0.24660263129669105,0.865,1.52059640668,0.9162266614525334,0.9450000000000001,1.88261467077,0.9194969357543712,0.786863837142308,2.59333407362,0.5421144687499325,1.0,nan,0.0
24,570,0.946172839506172,0.646015153521,0.9903985845194274,0.857499999999999,1.97671726997,0.8733049888495328,0.8625,3.79013175914,0.8596446400767215,0.7825000000000001,5.11361098385,0.5533839413417674,0.754999999999999,4.50403440052,0.5378884204852736,0.735,3.7366669611,0.5493070608351384,0.8775000000000001,4.66219612284,0.6990095313497489,0.765700019204916,2.58872163603,0.48718619976570904,1.0,nan,0.0
24,610,0.899753086419753,5.05011553718,0.8795889008349969,0.8225,2.76184567454,0.7903995591075436,0.7825000000000001,5.27282648257,0.4312095390107146,0.725,4.28593124544,0.27121280663439923,0.6875,3.52896537652,0.25534041213036474,0.615,2.23797999434,0.1614975054872045,0.9175000000000001,2.98608587796,0.8530672847551771,0.880929517956596,2.037902561,0.7664485584509229,0.0,nan,0.0
24,630,0.7629629629629631,0.849777429932,0.01415378790698835,0.7725000000000001,3.67642519645,0.6274413569064394,0.74,3.55858279,0.24400389719472707,0.68,2.54381206742,0.11663838223779632,0.6375000000000001,2.09396232572,0.11464869592667902,0.5575,1.15728768683,0.06518378156080816,0.6875,0.649987385917,0.0212277642313411,0.9405031688112151,1.41317292402,0.8695234537750397,0.0,nan,0.0
24,658,0.65679012345679,0.000205931565289,1.890411071663999e-06,0.63,2.225285775,0.13957853131091225,0.59,0.266421243096,0.008182127156348319,0.5775,0.213657935139,0.0057071020015753236,0.54,0.340621282742,0.012168385112475711,0.47750000000000004,0.2954337184,0.012463143914943778,0.665,0.342095600486,0.010374551853409216,0.656270405223737,1.88546512559,0.23407668294502232,0.0,nan,0.0
24,659,0.622222222222222,4.09577741242e-06,3.2379501224278806e-08,0.62,1.9897811746,0.1185070518147459,0.645,0.984506579662,0.039604286600365086,0.6125,0.610998554559,0.019178333645444412,0.5925,1.03369865066,0.045799026334790334,0.47750000000000004,0.2954337184,0.012463143914943778,0.65,0.215283379866,0.006258381452085963,0.531745726906087,0.771786840739,0.07249674823424473,0.0,nan,0.0
24,716,0.819259259259259,6.90997297684,0.20154948738506479,0.8025,3.18299234198,0.7308712261202078,0.8325,5.52027418747,0.7176907571066891,0.7225,4.20060722269,0.2606040723516954,0.715,4.16560542428,0.3616806116461545,0.645,2.8425718484,0.2378019273481224,0.735,1.96940596768,0.07946539694471912,0.7945073938928361,2.5821123674,0.5618982292406942,0.0,nan,0.0
24,767,0.9007407407407401,4.90370518382,0.8845042697590298,0.7325,3.90548402088,0.4739064961292956,0.7000000000000001,2.30406512151,0.12788343489169654,0.6950000000000001,3.14324249992,0.15926716273300068,0.6625,2.81474618711,0.17591513398762518,0.5975,1.8829670996,0.1254553006330446,0.8725,4.83052842391,0.6752710386321171,0.7599385442673321,2.57848823209,0.47229901139102315,0.0,nan,0.0
24,839,1.0,0.0111639900755,0.9998844724836649,0.735,3.90827640757,0.48367418870961537,0.845,4.91646350169,0.7831619162268413,0.8150000000000001,4.43359723118,0.7105515558229275,0.7875000000000001,4.12461354482,0.6796656076150908,0.7275,3.75015369413,0.5212198824104457,0.925,2.66429956098,0.8742494505960878,0.782024198194737,2.59689981413,0.5295539310402643,1.0,nan,0.0
24,858,0.631604938271604,1.26179166842e-05,1.0371617166699468e-07,0.5675,0.932754243453,0.043498404551268396,0.65,1.08277618361,0.04477026228087867,0.61,0.570872610901,0.017701428314393697,0.635,2.02523985913,0.10949987624131294,0.5525,1.07915641865,0.059594003656551715,0.6475000000000001,0.198794384011,0.0057410283964135405,0.7714614941425001,2.59514873734,0.5021214099374921,0.0,nan,0.0
24,864,0.899753086419753,5.05011553718,0.8795889008349969,0.75,3.87572172275,0.5421592023828014,0.71,2.58867112315,0.15233575042744546,0.6900000000000001,2.94153648683,0.1440554655840619,0.6375000000000001,2.09396232572,0.11464869592667902,0.5625,1.23856868295,0.07117213146762762,0.919999999999999,2.87765185668,0.8603967486526718,0.8713654695602071,2.12812435786,0.7465225225238371,0.0,nan,0.0
24,922,0.5837037037037031,2.46813858464e-08,1.6826539340557945e-10,0.4525,0.0641662024929,0.001975561951385872,0.5750000000000001,0.171546384291,0.004939728478293028,0.605,0.496724148142,0.01503576346730837,0.595,1.08137547727,0.04844257450399504,0.454999999999999,0.182609109481,0.007167446876311238,0.6825,0.566909602102,0.01818936761848046,0.9174188592279621,1.66085187347,0.8340464171348481,1.0,nan,0.0
24,930,0.750123456790123,0.415148504546,0.006309776913495343,0.7125,3.79911872178,0.39661422638715305,0.7925000000000001,5.61204065585,0.4857050049703682,0.78,5.1326012482,0.5405750850113784,0.75,4.509550085,0.5153484253718208,0.685,3.49094856662,0.3654155345932082,0.885,4.38261011948,0.7329458874527824,0.56024582293067,0.986117377942,0.09746544137630395,1.0,nan,0.0
24,995,0.7664197530864191,1.01585405907,0.017371454731692996,0.7875000000000001,3.45665641719,0.6810161197829104,0.5325,0.0405311728537,0.0009892554234945475,0.5775,0.213657935139,0.0057071020015753236,0.51,0.156466111589,0.0050039011835061814,0.52,0.651900204569,0.03184651523376149,0.65,0.215283379866,0.006258381452085963,0.8674860764355671,2.1632072162,0.7381983383216707,1.0,nan,0.0
24,996,0.8390123456790121,9.31633781415,0.363812926044803,0.625,2.10695488345,0.1287483001647914,0.6375000000000001,0.847365818874,0.03274259236770981,0.65,1.48617763858,0.056847765204993364,0.6000000000000001,1.18096179118,0.05409607110997252,0.5325,0.799512194251,0.04089618459807038,0.725,1.60785042284,0.0616146650732259,0.8703668139043591,2.13724470354,0.7443927000164461,0.0,nan,0.0
24,1119,0.8874074074074071,6.91948863143,0.8057079235789368,0.5,0.229949334488,0.008267520039517588,0.58,0.199456118272,0.005865790899056403,0.6000000000000001,0.430320281909,0.012721277452861788,0.545,0.383801559605,0.013977734558367684,0.5075000000000001,0.5247080524,0.024513516811148474,0.7325,1.87505510865,0.07466035067601375,0.8574227002112541,2.24953905694,0.7159888448039523,0.0,nan,0.0
24,1128,0.7935802469135801,3.31054512002,0.07188015876459375,0.8700000000000001,1.70902661643,0.8963263394759111,0.6775,1.70901749616,0.08285187941599999,0.7425,4.79245781293,0.35090298036960005,0.6925,3.66091210419,0.27331739291863966,0.6025,1.98316124017,0.1351200637642746,0.7725000000000001,3.59454695223,0.18293535987888776,0.858882273862108,2.23746401506,0.7192634197971128,1.0,nan,0.0
24,1186,0.712592592592592,0.0322157711173,0.00039032250837767776,0.5750000000000001,1.05786796295,0.050957068479292926,0.6625,1.3507899043,0.0599481384671547,0.7225,4.20060722269,0.2606040723516954,0.6175,1.57281953994,0.07809560352607056,0.65,2.93741753925,0.25225303699669305,0.67,0.396808713661,0.012218912587014925,0.7987708853466481,2.57289573164,0.5728881443425047,0.0,nan,0.0
24,1356,0.8316049382716041,8.56444729643,0.29744030632683505,0.79,3.41437694652,0.6896052169923305,0.8125,5.91933866388,0.6020352293344463,0.7575000000000001,5.06523222972,0.42504661697919566,0.774999999999999,4.33831135137,0.6266902736990392,0.73,3.7477206624,0.5305926549285281,0.925,2.66429956098,0.8742494505960878,0.704513155367774,2.30526952579,0.3355998807707652,0.0,nan,0.0
24,1357,0.6083950617283951,7.16469763742e-07,5.35928478169443e-09,0.76,3.80833156277,0.5806089794117861,0.8075000000000001,5.90206230548,0.5724631585026319,0.8025,4.78222202233,0.6528548706327092,0.78,4.26233129539,0.6481973469085701,0.72,3.74512121809,0.49310107605568987,0.835,5.42158639396,0.47890672253806477,0.283887075091223,0.0458146702013,0.0029718030611825303,0.0,nan,0.0
24,1386,0.866666666666666,9.42769520713,0.6336201430454491,0.5825,1.19270385871,0.05939074662793286,0.7425,3.65044138069,0.25301476797518263,0.6975,3.24411397375,0.1672513921273191,0.7025,3.90575295695,0.3111741806310154,0.6525000000000001,2.98375638898,0.2596546656373615,0.8600000000000001,5.1715934485,0.6126287981954848,0.694680238140964,2.22946821161,0.31329973953799306,0.0,nan,0.0
24,1404,0.575802469135802,7.83555819165e-09,5.193738786728069e-11,0.75,3.87572172275,0.5421592023828014,0.7875000000000001,5.45310221846,0.45803199880486833,0.6725,2.25608788585,0.09864607650454021,0.6725,3.1073636208,0.20552915788271198,0.77,3.43671468942,0.6759386052931006,0.75,2.58347578943,0.11351734019896204,0.41317457269060803,0.230786478098,0.018159732236065953,0.0,nan,0.0
24,1500,0.8859259259259251,7.13892908503,0.7952939055390966,0.6875,3.47260940672,0.3053084683612869,0.5825,0.214747916906,0.006383353741874764,0.73,4.44793292916,0.29305251968379875,0.5675,0.633615094372,0.025244177237765543,0.387499999999999,0.0330811072385,0.0010671110553766676,0.9375,2.15983456052,0.9043510289965018,0.9097753024774341,1.74253126289,0.8210389849817463,0.0,nan,0.0
24,1501,0.775308641975308,1.56221559583,0.02869497598597339,0.55,0.679547076028,0.029469895658419988,0.6025,0.374071842194,0.012155473895084456,0.6425000000000001,1.26850956108,0.046530931593127815,0.505,0.13601464761,0.004273709823463813,0.4,0.0467930664583,0.0015619550999559314,0.9450000000000001,1.88261467077,0.9194969357543712,0.8521605531015941,2.29172181719,0.7040395091112407,0.0,nan,0.0
24,1511,0.724444444444444,0.0776741332425,0.0010058791863660544,0.6075,1.70517335106,0.09542823910970515,0.54,0.0533929858494,0.0013395205912491391,0.6125,0.610998554559,0.019178333645444412,0.52,0.205205149154,0.006803045053763059,0.5925,1.78427115048,0.11628789430551964,0.8700000000000001,4.90839522425,0.6630964601776385,0.8636450931438441,2.19698776837,0.7298243061988021,1.0,nan,0.0
24,1556,0.675555555555555,0.00133578854494,1.3389657856642291e-05,0.705,3.72217228156,0.3683973374700657,0.705,2.44466467572,0.13975391628826192,0.675,2.35066995921,0.10440422252944115,0.6625,2.81474618711,0.17591513398762518,0.6525000000000001,2.98375638898,0.2596546656373615,0.7825000000000001,4.03799813044,0.2211154797455711,0.788745918955252,2.591205297,0.5469933975062619,1.0,nan,0.0
24,1630,0.6335802469135801,1.58961345153e-05,1.3175847619036432e-07,0.8525,2.0872191515,0.8631458020073676,0.6825,1.8358376488,0.09171262662266347,0.6525000000000001,1.56338450327,0.06065924308172892,0.6325000000000001,1.95742804236,0.10452173763731228,0.6075,2.0845246552,0.14528886324904228,0.64,0.155895954771,0.004416793965665725,0.888611484540042,1.96211866243,0.7818142718246104,0.0,nan,0.0
24,1667,0.902222222222222,4.68650592298,0.8916077487122467,0.75,3.87572172275,0.5421592023828014,0.6175,0.543889766076,0.018981268466100102,0.68,2.54381206742,0.11663838223779632,0.6625,2.81474618711,0.17591513398762518,0.49,0.378803280847,0.016660195953825608,0.8,4.72695721589,0.29802746833457316,0.660072978682542,1.92189950101,0.24131568247330287,0.0,nan,0.0
24,1680,0.875061728395061,8.59830247903,0.7095150098816803,0.784999999999999,3.49743411121,0.6723231864315713,0.7275,3.12759712989,0.20226262912411955,0.7925000000000001,4.98639086737,0.6039511667864683,0.6950000000000001,3.72469761141,0.28254973141220113,0.6975,3.62273028608,0.40991962398943665,0.8700000000000001,4.90839522425,0.6630964601776385,0.8974841559439211,1.87164390411,0.7988241926029965,1.0,nan,0.0
24,1725,0.760987654320987,0.76525324855,0.012559887741565348,0.615,1.87427692812,0.10884770377802379,0.6475000000000001,1.03297198276,0.04212585322495492,0.685,2.74122422284,0.12984946823309762,0.6000000000000001,1.18096179118,0.05409607110997252,0.625,2.44317126687,0.18490384428607298,0.7425,2.26696354307,0.09533873262894421,0.84251968503937,2.36313132607,0.681594749737341,1.0,nan,0.0
24,1764,0.880987654320987,7.84184665353,0.7582833461591456,0.7725000000000001,3.67642519645,0.6274413569064394,0.7425,3.65044138069,0.25301476797518263,0.7075,3.642686181,0.2016949153621743,0.67,3.03465712125,0.19785154166745894,0.645,2.8425718484,0.2378019273481224,0.857499999999999,5.22411761339,0.5996329844312274,0.7307470712502401,2.47112201527,0.39837816732929376,0.0,nan,0.0
24,1770,0.722962962962963,0.0698367891998,0.0008967052377669852,0.635,2.34422521657,0.1510021739733607,0.64,0.891685083772,0.03491611291556234,0.6025,0.462584683875,0.013837024545341978,0.5775,0.777182839331,0.03228038720870477,0.5525,1.07915641865,0.059594003656551715,0.835,5.42158639396,0.47890672253806477,0.785327443825619,2.59476386861,0.5381289537886582,0.0,nan,0.0
24,1799,0.7614814814814811,0.785708704045,0.012942823084284103,0.8250000000000001,2.70640066687,0.7972349522159452,0.885,2.30330954596,0.9278069591040432,0.81,4.58421847608,0.6880012604698899,0.8400000000000001,2.62957805471,0.8598083752275696,0.8500000000000001,1.83586587488,0.8910792651739532,0.8,4.72695721589,0.29802746833457316,0.434415210293835,0.292097922495,0.02369103048321455,0.0,nan,0.0
24,1872,0.7866666666666661,2.54600774349,0.05170609802824899,0.6075,1.70517335106,0.09542823910970515,0.6475000000000001,1.03297198276,0.04212585322495492,0.66,1.8082860466,0.073290845107619,0.6075,1.34081054616,0.06354493898425606,0.52,0.651900204569,0.03184651523376149,0.9475,1.79506253565,0.9240935088855149,0.683272517764547,2.13411682859,0.28840356118693367,0.0,nan,0.0
24,1927,0.8172839506172841,6.62001880918,0.18818598258184918,0.5,0.229949334488,0.008267520039517588,0.5775,0.185068102452,0.005385320000573504,0.66,1.8082860466,0.073290845107619,0.5775,0.777182839331,0.03228038720870477,0.52,0.651900204569,0.03184651523376149,0.8400000000000001,5.42255348317,0.5060279987842049,0.814518916842711,2.52086589499,0.6130332034405752,0.0,nan,0.0
24,1996,0.7866666666666661,2.54600774349,0.05170609802824899,0.62,1.9897811746,0.1185070518147459,0.495,0.00892657726448,0.00019163591111221674,0.67,2.16301917188,0.0931225216885862,0.525,0.233954977683,0.007899646205158473,0.6000000000000001,1.93289684081,0.13022505657667086,0.7325,1.87505510865,0.07466035067601375,0.8560015363933161,2.26114263066,0.712783617861849,0.0,nan,0.0
24,1997,0.493827160493827,7.15787560849e-15,3.6800443001739105e-17,0.7775000000000001,3.61006920766,0.6456606430134291,0.685,1.90046715622,0.0963828435059745,0.6900000000000001,2.94153648683,0.1440554655840619,0.6625,2.81474618711,0.17591513398762518,0.59,1.73558054427,0.11188817729251369,0.67,0.396808713661,0.012218912587014925,0.8905703860188201,1.94239015562,0.7856385705672719,1.0,nan,0.0
24,2335,0.884444444444444,7.35497363921,0.7845572179823056,0.75,3.87572172275,0.5421592023828014,0.64,0.891685083772,0.03491611291556234,0.675,2.35066995921,0.10440422252944115,0.5825,0.857100490863,0.036363794333808055,0.485,0.343497684714,0.01485556407365585,0.6900000000000001,0.695063501252,0.022908573563659152,0.9059343191857111,1.78324389121,0.8142676754425131,0.0,nan,0.0
24,2465,0.8153086419753081,6.32749282752,0.17539801880482303,-0.25,2.25892648191e-22,2.1736069571014543e-24,0.6675,1.4661577897,0.06698870229986509,0.7225,4.20060722269,0.2606040723516954,0.7775000000000001,4.30196136896,0.6374913058998407,0.555,1.11782233208,0.06234005943677016,0.7225,1.52428873079,0.05770007728778839,0.937007874015748,1.45045655019,0.8645188861778038,1.0,nan,0.0
24,2605,0.803456790123456,4.59712704338,0.11076306229677155,-0.25,2.25892648191e-22,2.1736069571014543e-24,0.339999999999999,1.57763016174e-06,2.2423573252771763e-08,0.339999999999999,5.02695388635e-07,6.396047912571802e-09,0.3025,3.44108168698e-05,6.157104827085677e-07,0.355,0.0125760735784,0.0003726780111891106,0.59,0.0268808640055,0.0006800520880978585,0.8767428461686191,2.07801149447,0.7578322513454719,1.0,nan,0.0
24,2876,0.886913580246913,6.99296882657,0.8022727360783587,0.6075,1.70517335106,0.09542823910970515,0.8174999999999991,5.89071822163,0.6315799703815442,0.8400000000000001,3.52272328593,0.8104410705266275,0.794999999999999,3.9607592891,0.7100011627764398,0.889999999999999,1.05498930624,0.9482399652350735,0.9550000000000001,1.54783417328,0.9366147013367923,0.602458229306702,1.36029119167,0.1467825099321146,0.0,nan,0.0
24,2877,0.845432098765432,9.74989075695,0.4251333408973774,0.6875,3.47260940672,0.3053084683612869,0.6725,1.58568294318,0.07461664522920494,0.635,1.07230259249,0.037766412789836015,0.75,4.509550085,0.5153484253718208,0.635,2.6459188603,0.21035281632824002,0.8075000000000001,4.96638130596,0.3344031366578586,0.748454004225081,2.54701108613,0.4428530990697006,1.0,nan,0.0
24,2958,0.9797530864197531,0.0629357685471,0.9992667858781843,0.6825,3.38540303793,0.28816078781859183,0.5325,0.0405311728537,0.0009892554234945475,0.65,1.48617763858,0.056847765204993364,0.59,0.987435535579,0.043272903078978846,0.7475,3.67320363931,0.5956716541933741,0.8775000000000001,4.66219612284,0.6990095313497489,0.8905703860188201,1.94239015562,0.7856385705672719,0.0,nan,0.0
24,4771,0.79753086419753,3.8004266417,0.08591460016567447,0.6025,1.59581804416,0.08717699471160503,0.705,2.44466467572,0.13975391628826192,0.705,3.54422748332,0.19271105327834337,0.635,2.02523985913,0.10949987624131294,0.5175000000000001,0.624855445546,0.030250740515505196,0.8975000000000001,3.8649103601,0.7845453638578316,0.7637795275590551,2.58573054736,0.48221738613306886,1.0,nan,0.0
24,4778,0.941234567901234,0.857953864412,0.9867050948008989,0.7875000000000001,3.45665641719,0.6810161197829104,0.774999999999999,4.97525565085,0.3927634791261235,0.6875,2.84110896044,0.1368272521070042,0.7125,4.11839626638,0.3513250769101418,0.6575000000000001,3.0739585247,0.2748003965827316,0.9400000000000001,2.06508183639,0.9096317018737148,0.594814672556174,1.28843170659,0.13666060758840715,1.0,nan,0.0
24,4801,0.8103703703703701,5.59460621517,0.1459625453003507,0.7075,3.74995591159,0.37773793487097784,0.64,0.891685083772,0.03491611291556234,0.735,4.59693823252,0.3156704697110074,0.625,1.76004870917,0.09058713666937368,0.6725,3.32036570247,0.3228077327908523,0.764999999999999,3.25363685412,0.1572533123582306,0.8214326867678121,2.4893609574,0.6303559399342593,1.0,nan,0.0
24,4805,0.940246913580246,0.906379715095,0.9858339932540128,0.7675000000000001,3.73522854462,0.6089089812108868,0.8400000000000001,5.18548618089,0.7578933828719533,0.7725000000000001,5.15785129619,0.5019559910614049,0.74,4.47755855958,0.47036557578076116,0.6975,3.62273028608,0.40991962398943665,0.9125000000000001,3.20539467255,0.837589685328112,0.7753024774342231,2.59729450153,0.5120940039650945,0.0,nan,0.0
24,4819,0.884444444444444,7.35497363921,0.7845572179823056,0.6025,1.59581804416,0.08717699471160503,0.715,2.73655618827,0.16564708332808464,0.6725,2.25608788585,0.09864607650454021,0.6725,3.1073636208,0.20552915788271198,0.56,1.19754086626,0.06812715443512825,0.7225,1.52428873079,0.05770007728778839,0.8751680430190121,2.09285727685,0.7545480848015536,0.0,nan,0.0
24,4977,0.7970370370370371,3.73723893905,0.0840534702575794,0.64,2.46319209443,0.16302083076301052,0.685,1.90046715622,0.0963828435059745,0.71,3.73997268106,0.21092350741968052,0.725,4.32724210076,0.4041825279118303,0.705,3.68077558104,0.43731811347938,0.8500000000000001,5.34657107045,0.5599591718445976,0.7945073938928361,2.5821123674,0.5618982292406942,1.0,nan,0.0
24,5024,0.9032098765432091,4.54352154166,0.8961656600484327,0.67,3.14217623205,0.24732887981101057,0.7625000000000001,4.44971957781,0.33384560547345515,0.7000000000000001,3.34471543162,0.17548750774547764,0.6525000000000001,2.5214476941,0.1492364088922369,0.495,0.416855287462,0.018648174544161046,0.7425,2.26696354307,0.09533873262894421,0.9289802189360471,1.53655572308,0.8525298694297139,1.0,nan,0.0
24,5041,0.8246913580246911,7.68123294158,0.2412016210935638,0.75,3.87572172275,0.5421592023828014,0.47750000000000004,0.00407939775111,8.287440700682179e-05,0.41000000000000003,6.68730128565e-05,1.011583236870288e-06,0.454999999999999,0.0283530564965,0.0007553011166292224,0.36250000000000004,0.0158540812176,0.0004788618388996432,0.6375000000000001,0.143574888608,0.004042646794651298,0.7061647781832141,2.31734740206,0.33941731780806633,0.0,nan,0.0
24,5303,0.78716049382716,2.59649905714,0.05297582624526333,0.25,1.8155654859e-05,3.408135230095901e-07,0.5,0.0110648269086,0.00024143983621839268,0.75,4.94994998678,0.38746219522196423,0.47250000000000003,0.0508262213214,0.0014312149750525538,0.6950000000000001,3.5997671905,0.40089113508204166,0.8600000000000001,5.1715934485,0.6126287981954848,0.865603994622623,2.1798822692,0.7341112770929313,1.0,nan,0.0
24,5309,0.9041975308641971,4.40214369673,0.9005831350561717,0.6950000000000001,3.59080457518,0.3318061747138272,0.6950000000000001,2.16656746775,0.11670810448180137,0.6975,3.24411397375,0.1672513921273191,0.6900000000000001,3.59562486405,0.26424642233845663,0.585,1.63969032582,0.10345086566128987,0.7675000000000001,3.36746658082,0.16552968220977188,0.8444785865181481,2.34926803655,0.6862103682404523,0.0,nan,0.0
24,5385,0.9446913580246911,0.704540992091,0.9893986846279301,0.7625000000000001,3.78604310746,0.5901023888282765,0.6000000000000001,0.350223682771,0.011250356440872689,0.6075,0.53280024498,0.016322259200190127,0.5875,0.942584672591,0.04086067170509219,0.5075000000000001,0.5247080524,0.024513516811148474,0.8425,5.41322202484,0.5195740763371888,0.9020933358939881,1.82365038933,0.8073405569144483,0.0,nan,0.0
24,5562,0.9111111111111111,3.46704068844,0.9277259033918042,0.6875,3.47260940672,0.3053084683612869,0.8200000000000001,5.85859828424,0.646269112280788,0.8025,4.78222202233,0.6528548706327092,0.774999999999999,4.33831135137,0.6266902736990392,0.7575000000000001,3.58662947769,0.6319966076674856,0.9575,1.47069165255,0.9403873040526485,0.256769733051661,0.0311738739419,0.0019391134167752427,0.0,nan,0.0
24,5627,0.7688888888888881,1.14963178364,0.020042196589534843,0.6675,3.08982901177,0.23953864679934367,0.66,1.29477396899,0.05664142269838393,0.59,0.31873490164,0.008998431896596739,0.5225000000000001,0.219190316326,0.007333380124952531,0.5675,1.32288744726,0.07757453278449691,0.59,0.0268808640055,0.0006800520880978585,0.8681774534280771,2.1570239868,0.7396917943136283,1.0,nan,0.0
24,5729,0.826172839506172,7.88173872822,0.2527303874014629,0.5,0.229949334488,0.008267520039517588,0.545,0.0638424377883,0.0016319287497223182,0.5,0.00960800657503,0.00019064404558489557,0.5225000000000001,0.219190316326,0.007333380124952531,0.41000000000000003,0.061138050484,0.0020988148281432723,0.6375000000000001,0.143574888608,0.004042646794651298,0.696216631457653,2.24173046183,0.3167345183159406,0.0,nan,0.0
24,7055,0.7412345679012341,0.240953836735,0.0034544429917719535,0.8075000000000001,3.08250987404,0.7465366153010737,0.5675,0.135808247221,0.0037915018234736244,0.54,0.0544888165253,0.0012491588890325654,0.47250000000000003,0.0508262213214,0.0014312149750525538,0.464999999999999,0.227361657949,0.009210600340907097,0.6375000000000001,0.143574888608,0.004042646794651298,0.8713654695602071,2.12812435786,0.7465225225238371,0.0,nan,0.0
24,7341,0.8864197530864191,7.06612440278,0.7988013411354309,0.5,0.229949334488,0.008267520039517588,0.754999999999999,4.13831605146,0.3016467798634021,0.7000000000000001,3.34471543162,0.17548750774547764,0.6125,1.45419165569,0.07053021565195033,0.6025,1.98316124017,0.1351200637642746,0.7675000000000001,3.36746658082,0.16552968220977188,0.8636835029767621,2.19665486946,0.7299086857389359,0.0,nan,0.0
24,7342,0.9061728395061721,4.12469858348,0.9090034906549946,0.59,1.33683094285,0.06887087271721237,0.56,0.106552195677,0.002886404016956384,0.5875,0.294880062322,0.008231729411126706,0.545,0.383801559605,0.013977734558367684,0.52,0.651900204569,0.03184651523376149,0.847499999999999,5.37515014682,0.5465557125218721,0.8137507201843671,2.52404716459,0.6110954566266091,1.0,nan,0.0
24,7343,0.9619753086419751,0.235296049364,0.9969069525548929,0.6325000000000001,2.28471503501,0.14521600791823547,0.715,2.73655618827,0.16564708332808464,0.7075,3.642686181,0.2016949153621743,0.6875,3.52896537652,0.25534041213036474,0.665,3.20215301329,0.29834154678335534,0.9125000000000001,3.20539467255,0.837589685328112,0.8559631265603991,2.26145410807,0.7126967617689446,0.0,nan,0.0
24,7588,0.958024691358024,0.307296979335,0.9958406338861936,0.6025,1.59581804416,0.08717699471160503,0.6175,0.543889766076,0.018981268466100102,0.6950000000000001,3.14324249992,0.15926716273300068,0.6725,3.1073636208,0.20552915788271198,0.845,1.94493213367,0.8816278970429893,0.8150000000000001,5.16127385387,0.37241175680599525,0.8559631265603991,2.26145410807,0.7126967617689446,1.0,nan,0.0
24,7599,0.9456790123456791,0.665064123409,0.9900748799057664,0.75,3.87572172275,0.5421592023828014,0.5675,0.135808247221,0.0037915018234736244,0.6000000000000001,0.430320281909,0.012721277452861788,0.5625,0.569672638938,0.022238077187202894,0.5325,0.799512194251,0.04089618459807038,0.9500000000000001,1.71005103448,0.9284743659741119,0.8646437487996921,2.18829969242,0.7320140079088635,1.0,nan,0.0
24,7903,0.6716049382716051,0.000914446226404,8.994358764957228e-06,0.75,3.87572172275,0.5421592023828014,0.645,0.984506579662,0.039604286600365086,0.68,2.54381206742,0.11663838223779632,0.6425000000000001,2.2338724157,0.1254669910378704,0.5375,0.864410419778,0.045054590937755754,0.64,0.155895954771,0.004416793965665725,0.8857307470712501,1.99084604374,0.7761204609691157,1.0,nan,0.0
24,8207,0.7046913580246911,0.0172654167037,0.00020047606154781445,0.6625,2.98207890641,0.22435727096698696,0.6575000000000001,1.23992613014,0.05347329515383296,0.6975,3.24411397375,0.1672513921273191,0.7375,4.46079439789,0.45919191875379434,0.54,0.89811935596,0.04725757833054966,0.7775000000000001,3.81888107107,0.2014705813724865,0.8859612060687531,1.9885608846,0.7765790060794018,0.0,nan,0.0
24,8290,0.8898765432098761,6.5481291893,0.8223358146202066,0.8925000000000001,1.27129036131,0.9297329925764892,0.8325,5.52027418747,0.7176907571066891,0.77,5.1556128657,0.4890630494615125,0.7825000000000001,4.21950253504,0.6588002965861295,0.75,3.65447578534,0.6048316650448655,0.8300000000000001,5.39444046247,0.45185578840327145,0.783022853850585,2.59638913771,0.5321470944742211,0.0,nan,0.0
24,8961,0.835555555555555,8.99530112658,0.33214696633299734,0.535,0.504827309796,0.020634413429075404,0.6025,0.374071842194,0.012155473895084456,0.6625,1.89412273591,0.07791843736042073,0.6325000000000001,1.95742804236,0.10452173763731228,0.5325,0.799512194251,0.04089618459807038,0.9075000000000001,3.42637321289,0.821010544484204,0.73309007105819,2.48296764271,0.40418198606773914,0.0,nan,0.0
24,9191,0.28098765432098705,5.65685440961e-38,1.8486384437417736e-40,0.5825,1.19270385871,0.05939074662793286,0.63,0.722912119679,0.026862055002768722,0.685,2.74122422284,0.12984946823309762,0.605,1.28614708078,0.060261526906372986,0.5925,1.78427115048,0.11628789430551964,0.6825,0.566909602102,0.01818936761848046,0.8905319761859031,1.94277842974,0.785563956228982,0.0,nan,0.0
24,9518,0.919012345679012,2.54190976675,0.9513546092505234,0.75,3.87572172275,0.5421592023828014,0.725,3.04657028186,0.19454524465900588,0.7000000000000001,3.34471543162,0.17548750774547764,0.625,1.76004870917,0.09058713666937368,0.675,3.35727626654,0.33115505901364856,0.8500000000000001,5.34657107045,0.5599591718445976,0.8706740925676971,2.13444489949,0.745048999699859,1.0,nan,0.0
24,10630,0.7698765432098761,1.2068754295,0.02120572447948693,0.58,1.14670051193,0.056466708655043704,0.7225,2.96705243829,0.18702852016747593,0.7275,4.3684479153,0.28203138899868957,0.6675,2.96157573647,0.19035618460461143,0.7075,3.69638894204,0.4465399662720857,0.867499999999999,4.98169162812,0.650732871509271,0.6800845016324181,2.10624499449,0.28164426045752244,1.0,nan,0.0
24,10672,0.72395061728395,0.0749772296229,0.0009681910494171358,-0.25,2.25892648191e-22,2.1736069571014543e-24,0.6425000000000001,0.937404156946,0.037202184403552586,0.6075,0.53280024498,0.016322259200190127,0.535,0.301417386424,0.010564894231556451,0.5,0.457764158154,0.0208335106584426,0.9275,2.5597701012,0.8807792079261734,0.8137507201843671,2.52404716459,0.6110954566266091,0.0,nan,0.0
24,11039,0.0,6.8740708064e-85,1.501566173007751e-87,0.715,3.8204171267,0.40613910858902014,0.8425,5.05507307047,0.7706958713456477,0.735,4.59693823252,0.3156704697110074,0.7625000000000001,4.468592091,0.5715561179535635,0.72,3.74512121809,0.49310107605568987,0.8125,5.10166604647,0.35958192742918993,0.7560975609756091,2.56958299196,0.4624116549312387,1.0,nan,0.0
24,11140,0.245432098765432,7.0535897123e-43,2.174119656157247e-45,0.5275000000000001,0.431243702588,0.017129647873460503,0.6325000000000001,0.762972757364,0.02871911390116733,0.6975,3.24411397375,0.1672513921273191,0.5775,0.777182839331,0.03228038720870477,0.55,1.04130002472,0.05694360270215228,0.7825000000000001,4.03799813044,0.2211154797455711,0.865565584789706,2.1802201493,0.7340275416899193,1.0,nan,0.0
24,11230,0.8301234567901231,8.38754613144,0.2848823261214069,0.6825,3.38540303793,0.28816078781859183,0.6950000000000001,2.16656746775,0.11670810448180137,0.74,4.73127622718,0.3389974492096883,0.6725,3.1073636208,0.20552915788271198,0.6125,2.18670283938,0.15596666961839553,0.8975000000000001,3.8649103601,0.7845453638578316,0.7756865757633951,2.59741444088,0.5130916440294774,1.0,nan,0.0
24,11275,0.8740740740740741,8.71225952273,0.7009662639755059,0.8250000000000001,2.70640066687,0.7972349522159452,0.8775000000000001,2.77272104311,0.9087967984060947,0.8225,4.18393373046,0.7428836445777991,0.7875000000000001,4.12461354482,0.6796656076150908,0.8200000000000001,2.49950192578,0.8260737429311111,0.8775000000000001,4.66219612284,0.6990095313497489,0.45938160169003206,0.381384712331,0.03205652611581776,1.0,nan,0.0
24,12534,0.895308641975308,5.72048676069,0.855659904467561,0.6900000000000001,3.51375764677,0.314041780208373,0.6525000000000001,1.1338913372,0.04754082669973624,0.665,1.9819238189,0.0827630960650824,0.6475000000000001,2.37658210216,0.13699208983331507,0.5625,1.23856868295,0.07117213146762762,0.735,1.96940596768,0.07946539694471912,0.8021893604762821,2.5639897583,0.5816686846264799,0.0,nan,0.0
24,14112,0.869135802469135,9.21864829256,0.6566467980059696,0.715,3.8204171267,0.40613910858902014,0.77,4.7666328246,0.3684067134725172,0.754999999999999,5.03171128413,0.41242439613219084,0.75,4.509550085,0.5153484253718208,0.705,3.68077558104,0.43731811347938,0.8174999999999991,5.21523802598,0.3853835931307921,0.777222969080084,2.59772171851,0.5170825656140794,0.0,nan,0.0
24,15812,0.8222222222222221,7.33666513717,0.22265857554038293,0.5475,0.647775494003,0.02781096808580936,0.5675,0.135808247221,0.0037915018234736244,0.62,0.744227355105,0.024248149103802203,0.5750000000000001,0.73928154385,0.030385090000342903,0.5,0.457764158154,0.0208335106584426,0.7125,1.21857108993,0.04402405608145988,0.7657384290378331,2.58877714951,0.48728563319789114,1.0,nan,0.0
24,15877,0.741728395061728,0.248599796553,0.00357531179844802,0.375,0.00475059528968,0.00011785154773898143,0.43999999999999906,0.000645916406774,1.1758788858818634e-05,0.545,0.0663325858345,0.0015503547339473943,0.47000000000000003,0.0468684227973,0.0013091556829988634,0.4325,0.108032634604,0.003959069189867469,0.764999999999999,3.25363685412,0.1572533123582306,0.9789130017284421,1.02292773839,0.9161671988366733,1.0,nan,0.0
24,15878,0.8696296296296291,9.17312610949,0.6611880263665388,0.6925,3.55317781954,0.32287581646624536,0.7025,2.37396205821,0.1337308048362775,0.75,4.94994998678,0.38746219522196423,0.6975,3.78685201342,0.2919395217072762,0.65,2.93741753925,0.25225303699669305,0.8,4.72695721589,0.29802746833457316,0.769541002496639,2.5934326145,0.4971390279257114,0.0,nan,0.0
24,16373,0.6641975308641971,0.000439996895755,4.179335303273471e-06,0.6675,3.08982901177,0.23953864679934367,0.65,1.08277618361,0.04477026228087867,0.6925,3.04231433983,0.1515352266900949,0.6925,3.66091210419,0.27331739291863966,0.5975,1.8829670996,0.1254553006330446,0.7000000000000001,0.900605225009,0.030852388919502077,0.880929517956596,2.037902561,0.7664485584509229,1.0,nan,0.0
24,17703,0.9827160493827161,0.049597272693,0.9994327894687538,0.0,1.67702093936e-12,2.110462686185807e-14,0.76,4.34484282011,0.32285257438800574,0.605,0.496724148142,0.01503576346730837,0.635,2.02523985913,0.10949987624131294,0.42750000000000005,0.0955621336714,0.00345062646567464,0.595,0.0323664644305,0.0008277723688460391,0.9251008258114071,1.5782836467,0.8464880355070679,1.0,nan,0.0
24,17743,0.8755555555555551,8.53988891058,0.713746700620254,0.5,0.229949334488,0.008267520039517588,0.6825,1.8358376488,0.09171262662266347,0.665,1.9819238189,0.0827630960650824,0.6725,3.1073636208,0.20552915788271198,0.6625,3.1604506515,0.29038806729415767,0.784999999999999,4.14480603437,0.23134442274641706,0.8367966199347031,2.40164435248,0.6679587534678211,0.0,nan,0.0
24,17938,0.908148148148148,3.85508120226,0.9168833971641102,0.5,0.229949334488,0.008267520039517588,0.262499999999999,4.96177373063e-09,6.018215584960867e-11,0.4375,0.000356994114145,5.8279649283579694e-06,0.3125,5.84942431825e-05,1.0701165849524957e-06,0.4575,0.193051275109,0.007636922539755921,0.7125,1.21857108993,0.04402405608145988,0.9558671019781061,1.25192696292,0.8899901991818976,1.0,nan,0.0
24,17979,0.752592592592592,0.479542544575,0.007412702652472155,0.7125,3.79911872178,0.39661422638715305,0.6825,1.8358376488,0.09171262662266347,0.7325,4.52416727817,0.3042683445826451,0.6525000000000001,2.5214476941,0.1492364088922369,0.49,0.378803280847,0.016660195953825608,0.6775,0.49274740201,0.015543807334386397,0.87866333781448,2.0597256582,0.7618055274698159,1.0,nan,0.0
24,18166,0.997037037037037,0.0145925685785,0.9998465253782642,0.6125,1.81730019175,0.10423334993695878,0.6625,1.3507899043,0.0599481384671547,0.64,1.20070310553,0.04344491531526916,0.5875,0.942584672591,0.04086067170509219,0.5625,1.23856868295,0.07117213146762762,0.8825000000000001,4.4790135166,0.7218682431206305,0.8275398502016511,2.45733612605,0.645463047224736,0.0,nan,0.0
24,18246,0.9624691358024691,0.227420318492,0.997021193897478,0.774999999999999,3.64416225236,0.6365924787083861,0.78,5.17654892337,0.41814709301614134,0.7525000000000001,4.99324506995,0.39989218201373056,0.784999999999999,4.17356434879,0.6692922681857633,0.77,3.43671468942,0.6759386052931006,0.8725,4.83052842391,0.6752710386321171,0.9107355483003641,1.73231270738,0.8227073383605636,1.0,nan,0.0
24,18248,0.8562962962962961,9.93021172232,0.5326967791768765,0.9175000000000001,0.869941613208,0.9562986415467362,0.7725000000000001,4.87155717473,0.38045464743341106,0.8625,2.6164129085,0.8794957839777093,0.7475,4.50689192896,0.5040771237621198,0.8174999999999991,2.55425165056,0.8197564738128573,0.9075000000000001,3.42637321289,0.821010544484204,0.9520261186863831,1.29174180965,0.8851052275542269,0.0,nan,0.0
24,18270,0.9501234567901231,0.509207049846,0.9926716397688449,0.645,2.58157729634,0.17563312673604992,0.764999999999999,4.55524469846,0.34510171409408497,0.7425,4.79245781293,0.35090298036960005,0.6775,3.25117765754,0.22142653328417142,0.6275000000000001,2.49422574775,0.19107562785150198,0.7925000000000001,4.45036717834,0.26359176264602935,0.779181870558863,2.59771275724,0.5221713111308557,1.0,nan,0.0
24,18297,0.853333333333333,9.95360180706,0.5032257125279103,0.75,3.87572172275,0.5421592023828014,0.7525000000000001,4.03717496615,0.2914277472452431,0.745,4.84940690212,0.36295621089231567,0.745,4.50065137625,0.4928169512924159,0.7275,3.75015369413,0.5212198824104457,0.8525,5.31177672382,0.57328338785646,0.7647397733819851,2.58727884204,0.48470107489322045,0.0,nan,0.0
24,18311,0.838024691358024,9.23040762255,0.35465364463681365,0.75,3.87572172275,0.5421592023828014,0.42000000000000004,0.000220460685364,3.801412956810738e-06,0.58,0.231963697187,0.006263866862661728,0.382499999999999,0.00168091621588,3.642511422784277e-05,0.41750000000000004,0.0742816675171,0.00260525004812541,0.8300000000000001,5.39444046247,0.45185578840327145,0.814518916842711,2.52086589499,0.6130332034405752,1.0,nan,0.0
24,18312,0.7891358024691351,2.8048886585,0.058308843483048885,1.0,0.171418538999,0.993438581177323,0.5275000000000001,0.0335599293253,0.0008045140340588484,0.6525000000000001,1.56338450327,0.06065924308172892,0.48250000000000004,0.0697563641577,0.002029752355901804,0.48250000000000004,0.326838702428,0.014017779054103277,0.9025000000000001,3.64695511226,0.8033266051321695,0.9389667754945261,1.42954135759,0.8673396944255393,1.0,nan,0.0
24,18319,0.8538271604938271,9.95352015228,0.5081411141316499,0.47750000000000004,0.129460173019,0.004314116184711656,0.53,0.0368996501639,0.000892529843831524,0.48250000000000004,0.00410565443026,7.687132608733739e-05,0.485,0.0753575515748,0.0022110661700128625,0.615,2.23797999434,0.1614975054872045,0.7525000000000001,2.69242652976,0.1201119049607293,0.9348185135394661,1.4738846767,0.8613176768722798,0.0,nan,0.0
24,18392,0.655308641975308,0.000176328775106,1.6077958315139981e-06,0.5775,1.10174991222,0.05365636670477686,0.595,0.306073034413,0.009611547243574107,0.5975,0.399867816422,0.011683913155610404,0.5775,0.777182839331,0.03228038720870477,0.52,0.651900204569,0.03184651523376149,0.725,1.60785042284,0.0616146650732259,0.812944113693105,2.52731781999,0.6090582199271669,1.0,nan,0.0
24,18476,0.8730864197530861,8.82223139699,0.6923069204027237,0.75,3.87572172275,0.5421592023828014,0.73,3.21023189647,0.2101845703734128,0.784999999999999,5.08941492462,0.5661388013325217,0.7075,4.01659748549,0.3309836223592638,0.6875,3.52060740443,0.3741803088324068,0.8925000000000001,4.07787908048,0.7646858073815598,0.8598041098521221,2.22975668806,0.721322446979948,1.0,nan,0.0
24,18739,0.7308641975308641,0.121673479854,0.0016362596197368362,0.6875,3.47260940672,0.3053084683612869,0.754999999999999,4.13831605146,0.3016467798634021,0.745,4.84940690212,0.36295621089231567,0.6925,3.66091210419,0.27331739291863966,0.5875,1.68737575743,0.10760958668693775,0.847499999999999,5.37515014682,0.5465557125218721,0.869829076243518,2.14213042283,0.7432421086336263,0.0,nan,0.0
24,18763,0.955555555555555,0.361329909466,0.9950167104242177,-0.25,2.25892648191e-22,2.1736069571014543e-24,0.29250000000000004,5.17374045005e-08,6.653860631808652e-10,0.5825,0.251559717061,0.006867995674817282,0.29250000000000004,1.99872014252e-05,3.499382385514645e-07,0.5,0.457764158154,0.0208335106584426,0.9575,1.47069165255,0.9403873040526485,0.928596120606875,1.54068556741,0.851938887827962,1.0,nan,0.0
24,19718,0.8444444444444441,9.69806406821,0.4155289486569892,0.875,1.60629348308,0.9046134759738612,0.77,4.7666328246,0.3684067134725172,0.9225000000000001,0.771726005044,0.9749308433702376,0.6925,3.66091210419,0.27331739291863966,0.635,2.6459188603,0.21035281632824002,0.905,3.53684964693,0.8123064675796221,0.640868062223929,1.73525809571,0.20618860225178587,0.0,nan,0.0
24,19745,0.6167901234567901,2.09011005361e-06,1.6163506362606288e-08,-0.25,2.25892648191e-22,2.1736069571014543e-24,0.857499999999999,4.13059770063,0.8398397174290111,0.8925000000000001,1.53720717083,0.9411644329457705,0.857499999999999,2.07137758083,0.9009023339146294,0.625,2.44317126687,0.18490384428607298,0.857499999999999,5.22411761339,0.5996329844312274,0.6714038793931241,2.02806390368,0.2636977961577474,1.0,nan,0.0
24,20639,0.972345679012345,0.11157861458,0.998635824680369,0.5825,1.19270385871,0.05939074662793286,0.41500000000000004,0.000166831082264,2.839083748707864e-06,0.5275000000000001,0.032676442183,0.0007147004533292296,0.4425,0.0182575614963,0.0004681353001586679,0.3375,0.00718175861816,0.0002037935943651582,0.81,5.03662553224,0.34690795433149946,0.864298060303437,2.19131477661,0.7312570165058423,1.0,nan,0.0
24,25302,0.925925925925925,1.87501817886,0.9665447449866789,0.5,0.229949334488,0.008267520039517588,0.5625,0.115642618977,0.00316401563457934,0.5125000000000001,0.0170460802372,0.00035319464032598167,0.48750000000000004,0.081346395262,0.0024068631397584305,0.39,0.035496461155,0.001152801548301999,0.725,1.60785042284,0.0616146650732259,0.7191088918763201,2.40472887848,0.3699932513181099,0.0,nan,0.0
24,27972,0.779753086419753,1.90704595962,0.03638578376165204,0.6675,3.08982901177,0.23953864679934367,0.7775000000000001,5.07713270215,0.4053294090555331,0.7525000000000001,4.99324506995,0.39989218201373056,0.7025,3.90575295695,0.3111741806310154,0.6675,3.24274584262,0.30639790773173653,0.827499999999999,5.37114168483,0.43839747109906857,0.850240061455732,2.30657018786,0.6996239704150433,0.0,nan,0.0
24,28024,0.8562962962962961,9.93021172232,0.5326967791768765,0.9175000000000001,0.869941613208,0.9562986415467362,0.8500000000000001,4.61798348822,0.8070088802729121,1.0,0.0615611899707,0.9985909171858007,0.899999999999999,0.958596892217,0.9636837411959364,1.0,0.0960346115356,0.9968978653495859,1.0,0.5479707689,0.980807594052432,0.658382946034184,1.90574852805,0.2380812475205454,1.0,nan,0.0
24,28466,0.9456790123456791,0.665064123409,0.9900748799057664,0.61,1.76091483947,0.09976070992402794,0.68,1.7720104108,0.08720298684763285,0.665,1.9819238189,0.0827630960650824,0.68,3.32204206873,0.2296432241808217,0.5875,1.68737575743,0.10760958668693775,0.9575,1.47069165255,0.9403873040526485,0.7730362972921061,2.59623635922,0.5062091525909622,1.0,nan,0.0
24,28484,0.9358024691358021,1.15163664783,0.9812776329214297,0.605,1.65012544697,0.09123426510389657,0.5675,0.135808247221,0.0037915018234736244,0.6375000000000001,1.13529927009,0.04052541366087776,0.625,1.76004870917,0.09058713666937368,0.61,2.13553502485,0.15056390013369142,0.8600000000000001,5.1715934485,0.6126287981954848,0.8394468984059921,2.38418391835,0.6743007868767401,1.0,nan,0.0
24,28512,0.9906172839506171,0.0256262363216,0.9997204877664614,0.827499999999999,2.65058349316,0.8039312523342359,0.725,3.04657028186,0.19454524465900588,0.764999999999999,5.1351772555,0.46332723565311495,0.6775,3.25117765754,0.22142653328417142,0.635,2.6459188603,0.21035281632824002,0.7525000000000001,2.69242652976,0.1201119049607293,0.814518916842711,2.52086589499,0.6130332034405752,0.0,nan,0.0
24,28570,0.7214814814814811,0.062724774874,0.0007985972499510189,0.7225,3.87077859232,0.434993915114556,0.47500000000000003,0.00363307834403,7.324378101731643e-05,0.4625,0.00145132363316,2.5515449756746124e-05,0.5,0.117881002271,0.0036398922340562883,0.4325,0.108032634604,0.003959069189867469,0.6375000000000001,0.143574888608,0.004042646794651298,0.957787593623967,1.23216903867,0.8923755253284837,0.0,nan,0.0
24,28894,0.7851851851851851,2.39841271809,0.048044283588960554,0.5,0.229949334488,0.008267520039517588,0.67,1.52542270102,0.0707279659785001,0.6475000000000001,1.41127200564,0.05322643693711618,0.62,1.63402730353,0.08210390493060918,0.459999999999999,0.203980337784,0.008133108996591787,0.705,1.01937554321,0.03564774924247694,0.9097753024774341,1.74253126289,0.8210389849817463,1.0,nan,0.0
24,29183,0.84,9.39739501567,0.373054682874815,0.5825,1.19270385871,0.05939074662793286,0.6475000000000001,1.03297198276,0.04212585322495492,0.6900000000000001,2.94153648683,0.1440554655840619,0.635,2.02523985913,0.10949987624131294,0.5825,1.59255605642,0.09941067570778976,0.8225,5.30548977302,0.41169542236731416,0.8598041098521221,2.22975668806,0.721322446979948,1.0,nan,0.0
24,29184,0.8222222222222221,7.33666513717,0.22265857554038293,0.5375,0.531341734684,0.021929413452491886,0.5725,0.158853701018,0.004526897226420593,0.62,0.744227355105,0.024248149103802203,0.5700000000000001,0.667516045129,0.026870319362473444,0.449999999999999,0.163123568244,0.006303875201235439,0.774999999999999,3.7072093903,0.19206272956661613,0.8626848473209141,2.20527720211,0.7277106728262942,1.0,nan,0.0
24,29229,0.8493827160493821,9.89949880854,0.46397777262435447,0.4375,0.0407774170753,0.0012001373329679707,0.34750000000000003,2.61831023509e-06,3.784175276493916e-08,0.36750000000000005,3.8232144473e-06,5.189696069491407e-08,0.34750000000000003,0.000338919073874,6.72632756515702e-06,0.3075,0.00257649679507,6.811297582712317e-05,0.7725000000000001,3.59454695223,0.18293535987888776,0.846360668331092,2.33563148992,0.6906190985596292,0.0,nan,0.0
24,29338,0.602962962962962,3.51238811265e-07,2.5725483213092455e-09,-0.25,2.25892648191e-22,2.1736069571014543e-24,0.6900000000000001,2.0320315479,0.10621283237982203,0.7000000000000001,3.34471543162,0.17548750774547764,0.6525000000000001,2.5214476941,0.1492364088922369,0.62,2.34066283892,0.17294409775227762,0.615,0.0665855772739,0.0017792271802159496,0.9519877088534661,1.29214186101,0.8850556042843093,1.0,nan,0.0
24,29381,0.5051851851851851,6.1145374845e-14,3.244498208317599e-16,0.5325,0.479318348679,0.01940443898748682,0.67,1.52542270102,0.0707279659785001,0.625,0.844222322059,0.028215455931497893,0.595,1.08137547727,0.04844257450399504,0.55,1.04130002472,0.05694360270215228,0.66,0.29402030075,0.008786894573074463,0.7350105627040521,2.49227987124,0.408959504483421,1.0,nan,0.0
24,29764,0.829629629629629,8.32691365989,0.2807552659319656,0.6000000000000001,1.54229522206,0.08325452098631647,0.7225,2.96705243829,0.18702852016747593,0.7425,4.79245781293,0.35090298036960005,0.68,3.32204206873,0.2296432241808217,0.5875,1.68737575743,0.10760958668693775,0.774999999999999,3.7072093903,0.19206272956661613,0.8482811599769541,2.32140293189,0.6950910466046059,1.0,nan,0.0
24,30094,0.8212345679012341,7.19579883806,0.21548192397440064,0.625,2.10695488345,0.1287483001647914,0.5625,0.115642618977,0.00316401563457934,0.675,2.35066995921,0.10440422252944115,0.62,1.63402730353,0.08210390493060918,0.5825,1.59255605642,0.09941067570778976,0.63,0.111731436467,0.003089791894229611,0.91937776070674,1.63982336145,0.8372792703607652,0.0,nan,0.0
24,31557,0.8627160493827161,9.69363502426,0.5958208461359686,1.0,0.171418538999,0.993438581177323,0.7925000000000001,5.61204065585,0.4857050049703682,0.725,4.28593124544,0.27121280663439923,0.5575,0.510720599954,0.019539132402891422,0.5825,1.59255605642,0.09941067570778976,0.9275,2.5597701012,0.8807792079261734,0.7937776070674091,2.5834784211,0.5600133354181813,1.0,nan,0.0
24,32060,0.9476543209876541,0.591538374777,0.9913148031330139,0.75,3.87572172275,0.5421592023828014,0.55,0.0760322026101,0.0019808445196020596,0.65,1.48617763858,0.056847765204993364,0.65,2.44878823498,0.14302369912697271,0.5625,1.23856868295,0.07117213146762762,1.0,0.5479707689,0.980807594052432,0.8214326867678121,2.4893609574,0.6303559399342593,1.0,nan,0.0
24,38608,0.802469135802469,4.45983985501,0.10629061880545684,0.75,3.87572172275,0.5421592023828014,0.67,1.52542270102,0.0707279659785001,0.7275,4.3684479153,0.28203138899868957,0.74,4.47755855958,0.47036557578076116,0.764999999999999,3.50197011042,0.6585890536464605,0.7875000000000001,4.24935132488,0.24183762440798223,0.9289802189360471,1.53655572308,0.8525298694297139,0.0,nan,0.0
24,38649,0.811851851851851,5.81386005011,0.15441312996230128,0.8225,2.76184567454,0.7903995591075436,0.78,5.17654892337,0.41814709301614134,0.7925000000000001,4.98639086737,0.6039511667864683,0.7525000000000001,4.50860248578,0.52662186915131,0.867499999999999,1.47028751274,0.9199651141802037,0.7575000000000001,2.9143099695,0.1341267748163512,0.8565776838870751,2.25645694902,0.7140850209150498,0.0,nan,0.0
24,39144,0.6666666666666661,0.000563223601811,5.4119398935172496e-06,0.6675,3.08982901177,0.23953864679934367,0.63,0.722912119679,0.026862055002768722,0.6425000000000001,1.26850956108,0.046530931593127815,0.5575,0.510720599954,0.019539132402891422,0.5,0.457764158154,0.0208335106584426,0.655,0.251951319976,0.007424339784271204,0.9097753024774341,1.74253126289,0.8210389849817463,0.0,nan,0.0
24,39247,0.9037037037037031,4.47262385473,0.8983918519275119,0.5175000000000001,0.346306899877,0.013253979838374055,0.5525,0.0828495589382,0.0021793413160152214,0.5750000000000001,0.196579234264,0.005194554668571065,0.65,2.44878823498,0.14302369912697271,0.595,1.83341232169,0.12080990856309338,0.847499999999999,5.37515014682,0.5465557125218721,0.8508162089494911,2.30214722065,0.7009516222137873,0.0,nan,0.0
24,39495,0.87358024691358,8.76775532409,0.6966501694407767,0.66,2.92684132383,0.2169709458590549,0.6900000000000001,2.0320315479,0.10621283237982203,0.764999999999999,5.1351772555,0.46332723565311495,0.7225,4.29112305551,0.39340895138459653,0.5525,1.07915641865,0.059594003656551715,0.75,2.58347578943,0.11351734019896204,0.8521605531015941,2.29172181719,0.7040395091112407,1.0,nan,0.0
24,39581,0.8029629629629621,4.52828182439,0.10850989122747579,-0.25,2.25892648191e-22,2.1736069571014543e-24,0.6675,1.4661577897,0.06698870229986509,0.735,4.59693823252,0.3156704697110074,0.6175,1.57281953994,0.07809560352607056,0.47000000000000003,0.252878657462,0.010410285025577528,0.9575,1.47069165255,0.9403873040526485,0.8943729594776261,1.90368191824,0.7929512217908765,1.0,nan,0.0
24,40799,0.96395061728395,0.205156111118,0.9973413735291337,0.75,3.87572172275,0.5421592023828014,0.6225,0.611272121038,0.0218668510966721,0.735,4.59693823252,0.3156704697110074,0.68,3.32204206873,0.2296432241808217,0.5725,1.41010599106,0.08440584039462579,0.9550000000000001,1.54783417328,0.9366147013367923,0.8536969464182831,2.27962931435,0.7075512298408891,1.0,nan,0.0
24,40956,0.6474074074074071,7.56140995085e-05,6.654672427141148e-07,-0.25,2.25892648191e-22,2.1736069571014543e-24,0.72,2.88894306987,0.17970880877344605,0.7825000000000001,5.11361098385,0.5533839413417674,0.625,1.76004870917,0.09058713666937368,0.6575000000000001,3.0739585247,0.2748003965827316,0.595,0.0323664644305,0.0008277723688460391,0.988937968119838,0.929853087402,0.9259517551570291,1.0,nan,0.0
24,41042,0.8207407407407401,7.12481626412,0.21194595542192074,-0.25,2.25892648191e-22,2.1736069571014543e-24,0.444999999999999,0.000836651726306,1.544589690603116e-05,0.5425,0.0601534192595,0.0013923583507517183,0.34750000000000003,0.000338919073874,6.72632756515702e-06,0.515,0.598622226525,0.02872156169846932,0.8325,5.4112737329,0.4653642848091331,0.9097753024774341,1.74253126289,0.8210389849817463,1.0,nan,0.0
24,41069,0.810864197530864,5.66756944466,0.14874332372457158,0.7725000000000001,3.67642519645,0.6274413569064394,0.845,4.91646350169,0.7831619162268413,0.827499999999999,4.00429790046,0.7633581063634899,0.8525,2.22779687779,0.890155814378967,0.8025,2.8717024219,0.7790338204467393,0.81,5.03662553224,0.34690795433149946,0.6005377376608411,1.3421007453,0.14418756313729836,0.0,nan,0.0
24,41615,0.544691358024691,6.15187042241e-11,3.6748038902611313e-13,0.9675,0.347937006114,0.9852750989129941,0.847499999999999,4.77047776733,0.7952720407331237,0.919999999999999,0.822323076502,0.9729387667975715,0.7425,4.49086023624,0.48157682593263273,0.81,2.71577684813,0.7999909760634145,0.8775000000000001,4.66219612284,0.6990095313497489,0.820741309775302,2.49274139981,0.6286336815535156,1.0,nan,0.0
24,41703,0.7925925925925921,3.19387848264,0.06866829542473712,0.6975,3.62657536946,0.3408282926247836,0.7875000000000001,5.45310221846,0.45803199880486833,0.6925,3.04231433983,0.1515352266900949,0.735,4.44062353468,0.4480644429158628,0.685,3.49094856662,0.3654155345932082,0.77,3.48119984383,0.1740905651534404,0.7849433454964471,2.59507803812,0.5371322484319275,1.0,nan,0.0
24,41708,0.6498765432098761,9.88584484145e-05,8.796410502311779e-07,0.6775,3.2921304459,0.2714645501577989,0.735,3.38069316729,0.22665890383960335,0.6725,2.25608788585,0.09864607650454021,0.645,2.30491597434,0.13114033849766155,0.51,0.548557708358,0.02585493647090637,0.665,0.342095600486,0.010374551853409216,0.784904935663529,2.59510850275,0.5370325713324492,1.0,nan,0.0
24,41851,0.8898765432098761,6.5481291893,0.8223358146202066,-0.25,2.25892648191e-22,2.1736069571014543e-24,0.635,0.804458863181,0.030678106786716168,0.6425000000000001,1.26850956108,0.046530931593127815,0.6000000000000001,1.18096179118,0.05409607110997252,0.3275,0.00514967756522,0.00014265245282263798,0.65,0.215283379866,0.006258381452085963,0.9193393508738231,1.64023593353,0.8372162770959977,1.0,nan,0.0
24,43759,0.7056790123456791,0.0186957760649,0.00021822599324887974,0.75,3.87572172275,0.5421592023828014,0.75,3.93770438408,0.28145951166570626,0.8625,2.6164129085,0.8794957839777093,0.8174999999999991,3.34602847352,0.7924964130205723,0.7675000000000001,3.47019431667,0.6673046190352812,0.6975,0.845304060036,0.028670560667308546,0.934741693873631,1.47470760439,0.86120442193578,1.0,nan,0.0
24,44059,0.9565432098765431,0.338814346962,0.995362358812071,-0.25,2.25892648191e-22,2.1736069571014543e-24,0.605,0.399145154371,0.013121736656347069,0.6575000000000001,1.72450100359,0.0688752971414608,0.5125000000000001,0.167628923408,0.005408884996133199,0.5325,0.799512194251,0.04089618459807038,0.8225,5.30548977302,0.41169542236731416,0.9020933358939881,1.82365038933,0.8073405569144483,0.0,nan,0.0
24,44938,0.834567901234567,8.89358542251,0.32331260169091025,0.8125,2.97841483307,0.7616903038536309,0.6425000000000001,0.937404156946,0.037202184403552586,0.75,4.94994998678,0.38746219522196423,0.6075,1.34081054616,0.06354493898425606,0.464999999999999,0.227361657949,0.009210600340907097,0.9275,2.5597701012,0.8807792079261734,0.7176877280583821,2.39579980975,0.366582062158601,1.0,nan,0.0
24,50703,0.8562962962962961,9.93021172232,0.5326967791768765,0.675,3.24340703231,0.2632948518214322,0.7000000000000001,2.30406512151,0.12788343489169654,0.7325,4.52416727817,0.3042683445826451,0.7125,4.11839626638,0.3513250769101418,0.645,2.8425718484,0.2378019273481224,0.74,2.16547839725,0.08979863637871237,0.735394661033224,2.4940988521,0.40991713481773673,0.0,nan,0.0
24,50830,0.8967901234567901,5.49541972768,0.8639678432574178,0.6375000000000001,2.4037426958,0.15693714013124066,0.66,1.29477396899,0.05664142269838393,0.655,1.64284475962,0.06466656581353289,0.5650000000000001,0.60100807061,0.023701165577063574,0.5725,1.41010599106,0.08440584039462579,0.81,5.03662553224,0.34690795433149946,0.8275398502016511,2.45733612605,0.645463047224736,0.0,nan,0.0
24,50921,0.9397530864197531,0.931393786098,0.9853802442382006,0.8325,2.5381221455,0.8169033965349473,0.68,1.7720104108,0.08720298684763285,0.64,1.20070310553,0.04344491531526916,0.5925,1.03369865066,0.045799026334790334,0.5975,1.8829670996,0.1254553006330446,0.7025,0.958612846642,0.033175842346707445,0.8290762435183401,2.44867823992,0.6492318615393783,0.0,nan,0.0
24,51734,0.8503703703703701,9.92210384642,0.47376671291117217,0.56,0.817587874183,0.03694087079532278,0.7225,2.96705243829,0.18702852016747593,0.6825,2.64206665124,0.12312052478328678,0.6000000000000001,1.18096179118,0.05409607110997252,0.56,1.19754086626,0.06812715443512825,0.7275,1.69420322214,0.06574165569078794,0.9270213174572691,1.5576226764,0.849499275911858,0.0,nan,0.0
24,52992,0.928395061728395,1.66956536003,0.9709172810808664,0.6725,3.19339579688,0.25524858821991997,0.705,2.44466467572,0.13975391628826192,0.71,3.73997268106,0.21092350741968052,0.75,4.509550085,0.5153484253718208,0.6725,3.32036570247,0.3228077327908523,0.8225,5.30548977302,0.41169542236731416,0.748454004225081,2.54701108613,0.4428530990697006,0.0,nan,0.0
24,54491,0.952098765432098,0.450439417366,0.9936184441395749,0.705,3.72217228156,0.3683973374700657,0.7975000000000001,5.74362062765,0.5141067958155994,0.7775000000000001,5.14632912477,0.5277253208672719,0.77,4.40088631429,0.6048365826536655,0.9450000000000001,0.374456764628,0.9853413412901375,0.9025000000000001,3.64695511226,0.8033266051321695,0.8689456500864221,2.15011805241,0.7413461627638435,0.0,nan,0.0
24,54885,0.9525925925925921,0.436673992854,0.9938374696701218,0.625,2.10695488345,0.1287483001647914,0.55,0.0760322026101,0.0019808445196020596,0.68,2.54381206742,0.11663838223779632,0.585,0.899141900275,0.03855880623583882,0.5625,1.23856868295,0.07117213146762762,0.8500000000000001,5.34657107045,0.5599591718445976,0.945265988092951,1.36266708793,0.8761337136820027,1.0,nan,0.0
24,56634,0.8646913580246911,9.57158926156,0.6148518995042833,0.764999999999999,3.76165982864,0.5995374491691021,0.845,4.91646350169,0.7831619162268413,0.8300000000000001,3.91122140572,0.7732529170103543,0.8525,2.22779687779,0.890155814378967,0.7575000000000001,3.58662947769,0.6319966076674856,0.9400000000000001,2.06508183639,0.9096317018737148,0.429652391012099,0.277258306225,0.02233542208412276,0.0,nan,0.0
24,56758,0.7827160493827161,2.16538181038,0.04241330311328885,0.8125,2.97841483307,0.7616903038536309,0.8225,5.81448074113,0.6608629609393333,0.77,5.1556128657,0.4890630494615125,0.7725000000000001,4.37130796863,0.6158025438465117,0.745,3.68994438921,0.586467302861154,0.68,0.52875382388,0.01682024450708265,0.73808334933743,2.5064210464,0.41663971619321083,0.0,nan,0.0
24,56917,0.829629629629629,8.32691365989,0.2807552659319656,0.7325,3.90548402088,0.4739064961292956,0.77,4.7666328246,0.3684067134725172,0.73,4.44793292916,0.29305251968379875,0.72,4.25207619862,0.3827293526223799,0.6575000000000001,3.0739585247,0.2748003965827316,0.8300000000000001,5.39444046247,0.45185578840327145,0.869444977914346,2.14560928158,0.7424186515123377,1.0,nan,0.0
24,56975,0.776296296296296,1.63451016273,0.030273405380067765,0.6000000000000001,1.54229522206,0.08325452098631647,0.7325,3.29456867211,0.21831520717910696,0.6975,3.24411397375,0.1672513921273191,0.68,3.32204206873,0.2296432241808217,0.7175,3.73936474084,0.48374504690837333,0.8,4.72695721589,0.29802746833457316,0.9289802189360471,1.53655572308,0.8525298694297139,1.0,nan,0.0
24,67160,0.88,7.97556572317,0.7504720580042064,0.68,3.33948794247,0.27975436574198054,0.8500000000000001,4.61798348822,0.8070088802729121,0.774999999999999,5.15475397213,0.5148478590273512,0.8150000000000001,3.4213863728,0.7840368657402845,0.76,3.5602293267,0.6409305670412627,0.8625,5.11353297364,0.6254863375801623,0.830036489341271,2.44314669357,0.6515805461420918,0.0,nan,0.0
24,67299,0.7091358024691351,0.0246115388458,0.00029264542232662724,0.5,0.229949334488,0.008267520039517588,0.6825,1.8358376488,0.09171262662266347,0.6775,2.44662732566,0.11040057265201479,0.6775,3.25117765754,0.22142653328417142,0.6625,3.1604506515,0.29038806729415767,0.545,0.00457987162313,0.00010480596122024456,0.9328212022277701,1.49529782584,0.8583524916732844,1.0,nan,0.0
24,67423,0.652839506172839,0.00013580222658,1.2245245242279746e-06,0.59,1.33683094285,0.06887087271721237,0.6875,1.96587204494,0.1012156083847282,0.705,3.54422748332,0.19271105327834337,0.6375000000000001,2.09396232572,0.11464869592667902,0.6775,3.39284463675,0.3395929955951204,0.6825,0.566909602102,0.01818936761848046,0.9385442673324371,1.43404836364,0.8667347494935239,0.0,nan,0.0
24,67905,0.8,4.12414686623,0.0956954164273913,0.6675,3.08982901177,0.23953864679934367,0.8,5.79732047993,0.5285347735196857,0.7975000000000001,4.89340402148,0.6286584800271333,0.764999999999999,4.44957156147,0.5827045678399672,0.75,3.65447578534,0.6048316650448655,0.845,5.39739801214,0.5330886977673797,0.786863837142308,2.59333407362,0.5421144687499325,1.0,nan,0.0
24,68565,0.8958024691358021,5.64534196077,0.8584662776420502,0.5775,1.10174991222,0.05365636670477686,0.7575000000000001,4.24094820797,0.3121205714301428,0.7175,4.02245483375,0.24004250586792644,0.6950000000000001,3.72469761141,0.28254973141220113,0.665,3.20215301329,0.29834154678335534,0.857499999999999,5.22411761339,0.5996329844312274,0.8021893604762821,2.5639897583,0.5816686846264799,1.0,nan,0.0
24,68688,0.883456790123456,7.49676347462,0.7772228676630261,0.79,3.41437694652,0.6896052169923305,0.8025,5.84204115889,0.5430859142971106,0.78,5.1326012482,0.5405750850113784,0.685,3.46106285872,0.24660263129669105,0.62,2.34066283892,0.17294409775227762,0.8075000000000001,4.96638130596,0.3344031366578586,0.8899942385250621,1.9482082989,0.7845177906772871,0.0,nan,0.0
24,69217,0.9125925925925921,3.28099587811,0.932723767589362,0.7675000000000001,3.73522854462,0.6089089812108868,0.74,3.55858279,0.24400389719472707,0.7675000000000001,5.14804674665,0.47618236692504906,0.7000000000000001,3.8472464456,0.3014825248124273,0.6425000000000001,2.79418766993,0.23075585504105978,0.72,1.44355830706,0.053990861678976966,0.777222969080084,2.59772171851,0.5170825656140794,0.0,nan,0.0
24,69292,0.75358024691358,0.50758278268,0.007900060615303645,0.75,3.87572172275,0.5421592023828014,0.8150000000000001,5.9109088925,0.6168254650117294,0.76,5.09370582847,0.4377463507462638,0.74,4.47755855958,0.47036557578076116,0.7875000000000001,3.15904692466,0.7337560549802922,0.74,2.16547839725,0.08979863637871237,0.751603610524294,2.5570847792,0.45089132688700007,0.0,nan,0.0
24,70225,0.795555555555555,3.5509581742,0.07865542156965102,-0.25,2.25892648191e-22,2.1736069571014543e-24,0.64,0.891685083772,0.03491611291556234,0.5925,0.34414056209,0.00982669626853479,0.58,0.816451287029,0.03427214354653921,0.5375,0.864410419778,0.045054590937755754,0.804999999999999,4.89117902567,0.3220801799350056,0.9116573842903781,1.72248952883,0.824299719852026,1.0,nan,0.0
24,70358,0.8291358024691351,8.2654898049,0.2766583441344612,0.5325,0.479318348679,0.01940443898748682,0.48,0.00457596876779,9.368263474730092e-05,0.5425,0.0601534192595,0.0013923583507517183,0.47500000000000003,0.0550758798553,0.0015635299858192118,0.545,0.968048625474,0.051921606371936435,0.75,2.58347578943,0.11351734019896204,0.9552525446514301,1.25827118308,0.8892188693785597,1.0,nan,0.0
24,70659,0.7832098765432091,2.21069222796,0.04349378859656461,0.5275000000000001,0.431243702588,0.017129647873460503,0.685,1.90046715622,0.0963828435059745,0.6950000000000001,3.14324249992,0.15926716273300068,0.6025,1.23285949306,0.0571130569194628,0.55,1.04130002472,0.05694360270215228,0.5650000000000001,0.0102846168719,0.0002462767672489236,0.90497407336278,1.79337670503,0.8125504563780535,1.0,nan,0.0
24,70707,0.8493827160493821,9.89949880854,0.46397777262435447,0.7225,3.87077859232,0.434993915114556,0.7525000000000001,4.03717496615,0.2914277472452431,0.67,2.16301917188,0.0931225216885862,0.6675,2.96157573647,0.19035618460461143,0.6425000000000001,2.79418766993,0.23075585504105978,0.8825000000000001,4.4790135166,0.7218682431206305,0.853082389091607,2.28448885752,0.7061487721783091,1.0,nan,0.0
24,70749,0.8661728395061721,9.4656645344,0.6289550619661681,0.65,2.69874876189,0.18883458180130702,0.39,3.89895896952e-05,6.22716400015372e-07,0.39,1.81285143436e-05,2.602525862014401e-07,0.36,0.000611243378219,1.2508006054573746e-05,0.365,0.0171073743287,0.0005200457280916588,0.6575000000000001,0.272273547013,0.008079331955624759,0.8905703860188201,1.94239015562,0.7856385705672719,0.0,nan,0.0
24,70793,0.808395061728395,5.30443024983,0.13519855755142712,0.392499999999999,0.00904957159721,0.00023491062375045375,0.59,0.266421243096,0.008182127156348319,0.66,1.8082860466,0.073290845107619,0.545,0.383801559605,0.013977734558367684,0.5275000000000001,0.737970034099,0.03705387451685403,0.6125,0.0609604392079,0.0016198907024052283,0.8893028615325521,1.95517298173,0.783168435588238,0.0,nan,0.0
24,70852,0.799012345679012,3.99314301917,0.0916870398671209,0.5925,1.38683203523,0.0722752540287842,0.705,2.44466467572,0.13975391628826192,0.6975,3.24411397375,0.1672513921273191,0.6900000000000001,3.59562486405,0.26424642233845663,0.595,1.83341232169,0.12080990856309338,0.6975,0.845304060036,0.028670560667308546,0.90013443441521,1.84411922608,0.8037481408405058,0.0,nan,0.0
24,72086,0.515061728395061,3.72929361609e-13,2.0356731867231866e-15,0.40750000000000003,0.015314199453,0.00041389853543176793,0.545,0.0638424377883,0.0016319287497223182,0.585,0.272510180784,0.007522794129219731,0.5650000000000001,0.60100807061,0.023701165577063574,0.41750000000000004,0.0742816675171,0.00260525004812541,0.847499999999999,5.37515014682,0.5465557125218721,0.8713654695602071,2.12812435786,0.7465225225238371,0.0,nan,0.0
24,74604,0.789629629629629,2.85858089135,0.059707204941281705,0.794999999999999,3.32559913082,0.7064574202239023,0.827499999999999,5.69049416152,0.6896451037260515,0.9125000000000001,0.988298690491,0.9661623675184763,0.8300000000000001,2.9534300645,0.8318907705000427,0.9075000000000001,0.785660756184,0.9642730001728637,0.804999999999999,4.89117902567,0.3220801799350056,0.8229690800845011,2.48166877765,0.6341747000762605,0.0,nan,0.0
24,74635,0.769382716049382,1.17798117598,0.020616893534041683,0.382499999999999,0.0062871830605,0.0001589952420361484,0.675,1.64689516573,0.07865717397051657,0.5375,0.0493023616353,0.0011195158652681338,0.5575,0.510720599954,0.019539132402891422,0.655,3.0292905564,0.2671711483724145,0.605,0.0466249616533,0.001218680404975657,0.8252736700595351,2.46966900495,0.6398802075517781,0.0,nan,0.0
24,74688,0.580246913580246,1.50027165189e-08,1.0102113398546963e-10,0.75,3.87572172275,0.5421592023828014,0.75,3.93770438408,0.28145951166570626,0.774999999999999,5.15475397213,0.5148478590273512,0.7000000000000001,3.8472464456,0.3014825248124273,0.625,2.44317126687,0.18490384428607298,0.5,0.000640021975096,1.3177907876453665e-05,0.8560015363933161,2.26114263066,0.712783617861849,1.0,nan,0.0
24,74696,0.892839506172839,6.09715267012,0.8410704120604464,0.6675,3.08982901177,0.23953864679934367,0.7175,2.81214286716,0.17258271394989286,0.6975,3.24411397375,0.1672513921273191,0.7125,4.11839626638,0.3513250769101418,0.6950000000000001,3.5997671905,0.40089113508204166,0.7825000000000001,4.03799813044,0.2211154797455711,0.8636450931438441,2.19698776837,0.7298243061988021,1.0,nan,0.0
24,76409,0.885432098765432,7.21135650005,0.7917506090785318,0.25,1.8155654859e-05,3.408135230095901e-07,0.5325,0.0405311728537,0.0009892554234945475,0.5775,0.213657935139,0.0057071020015753236,0.51,0.156466111589,0.0050039011835061814,0.52,0.651900204569,0.03184651523376149,0.7175,1.36568671715,0.05047990305824693,0.9366621855194931,1.45415228448,0.8640168412870386,0.0,nan,0.0
24,76496,0.8044444444444441,4.73596999522,0.11537187584050052,0.889999999999999,1.316597113,0.9264983200921881,0.8975000000000001,1.6260102565,0.9522139277145455,0.835,3.71973664971,0.7923330102036183,0.9175000000000001,0.644409179119,0.9775826803493999,0.804999999999999,2.82046960448,0.786149202612886,0.9325000000000001,2.35587007575,0.8930652663554908,0.660072978682542,1.92189950101,0.24131568247330287,0.0,nan,0.0
24,78211,0.8740740740740741,8.71225952273,0.7009662639755059,0.8025,3.18299234198,0.7308712261202078,0.8600000000000001,3.96129426243,0.8499550663492761,0.8300000000000001,3.91122140572,0.7732529170103543,0.81,3.56770459187,0.7665615252251965,0.827499999999999,2.3335263494,0.8441988875758888,0.794999999999999,4.54620008212,0.27483817579039954,0.525676973305166,0.73064235188,0.06793862088118889,1.0,nan,0.0
24,79262,0.897283950617283,5.42068552266,0.8666631709312849,0.66,2.92684132383,0.2169709458590549,0.8150000000000001,5.9109088925,0.6168254650117294,0.7575000000000001,5.06523222972,0.42504661697919566,0.7275,4.36033816168,0.41504264257833323,0.827499999999999,2.3335263494,0.8441988875758888,0.8400000000000001,5.42255348317,0.5060279987842049,0.786863837142308,2.59333407362,0.5421144687499325,1.0,nan,0.0
24,79313,0.7886419753086421,2.75183177439,0.05693683995178639,0.7000000000000001,3.66043064064,0.34993745520429637,0.56,0.106552195677,0.002886404016956384,0.6175,0.697626306747,0.022446296623758813,0.515,0.179453828582,0.005842597530576053,0.41250000000000003,0.0652742477224,0.002256781083837373,0.764999999999999,3.25363685412,0.1572533123582306,0.9217591703476091,1.61422891176,0.8411538914535936,1.0,nan,0.0
24,79388,0.8069135802469131,5.08908955405,0.12749993380309882,0.7925000000000001,3.37066696026,0.6980868123799885,0.75,3.93770438408,0.28145951166570626,0.77,5.1556128657,0.4890630494615125,0.7325,4.41710918928,0.43699158751324985,0.715,3.73159266424,0.4744059321048827,0.725,1.60785042284,0.0616146650732259,0.9097753024774341,1.74253126289,0.8210389849817463,0.0,nan,0.0
24,80513,0.8207407407407401,7.12481626412,0.21194595542192074,0.76,3.80833156277,0.5806089794117861,0.76,4.34484282011,0.32285257438800574,0.7825000000000001,5.11361098385,0.5533839413417674,0.7075,4.01659748549,0.3309836223592638,0.5975,1.8829670996,0.1254553006330446,0.8250000000000001,5.34145694963,0.42500540227665706,0.8483195698098711,2.32111517343,0.6951802057773727,1.0,nan,0.0
24,80619,0.9777777777777771,0.0735534361041,0.9991322281161733,0.7625000000000001,3.78604310746,0.5901023888282765,0.8250000000000001,5.75839997238,0.6753315437428715,0.77,5.1556128657,0.4890630494615125,0.7775000000000001,4.30196136896,0.6374913058998407,0.6975,3.62273028608,0.40991962398943665,0.8150000000000001,5.16127385387,0.37241175680599525,0.869406568081428,2.14595666314,0.742336232346597,1.0,nan,0.0
24,80759,0.6167901234567901,2.09011005361e-06,1.6163506362606288e-08,0.5575,0.781421119939,0.03494234074748831,0.7825000000000001,5.27282648257,0.4312095390107146,0.6675,2.07159185417,0.08782961253277492,0.6675,2.96157573647,0.19035618460461143,0.845,1.94493213367,0.8816278970429893,0.605,0.0466249616533,0.001218680404975657,0.854042634914538,2.27688271637,0.7083387970078366,0.0,nan,0.0
24,80766,0.8197530864197531,6.98187831863,0.20497958524294996,0.6000000000000001,1.54229522206,0.08325452098631647,0.7225,2.96705243829,0.18702852016747593,0.6975,3.24411397375,0.1672513921273191,0.645,2.30491597434,0.13114033849766155,0.645,2.8425718484,0.2378019273481224,0.6375000000000001,0.143574888608,0.004042646794651298,0.8905703860188201,1.94239015562,0.7856385705672719,1.0,nan,0.0
24,80873,0.8182716049382711,6.76541348755,0.1947961333479732,0.5,0.229949334488,0.008267520039517588,0.7075,2.5162163777,0.1459548354911815,0.7775000000000001,5.14632912477,0.5277253208672719,0.735,4.44062353468,0.4480644429158628,0.705,3.68077558104,0.43731811347938,0.6325000000000001,0.121547024949,0.003381232586024018,0.9597080852698291,1.21251782985,0.8947230081904074,0.0,nan,0.0
24,84558,0.8256790123456791,7.81548297928,0.24885450546055926,0.6275000000000001,2.16600916121,0.1340894517815094,0.837499999999999,5.30694061297,0.7447759079012688,0.7775000000000001,5.14632912477,0.5277253208672719,0.7925000000000001,4.01809696204,0.7000270466439329,0.75,3.65447578534,0.6048316650448655,0.7775000000000001,3.81888107107,0.2014705813724865,0.8444785865181481,2.34926803655,0.6862103682404523,0.0,nan,0.0
24,104560,0.9170370370370371,2.75730901733,0.9461226098339036,0.515,0.327283615827,0.012412168949035988,0.48,0.00457596876779,9.368263474730092e-05,0.485,0.00465169574699,8.78048477639845e-05,0.4,0.00353196147116,8.019125440535531e-05,0.40750000000000003,0.0572322297413,0.0019508988601827212,0.8500000000000001,5.34657107045,0.5599591718445976,0.850240061455732,2.30657018786,0.6996239704150433,0.0,nan,0.0
24,104598,0.8543209876543211,9.95191107074,0.5130560982831684,0.5,0.229949334488,0.008267520039517588,0.645,0.984506579662,0.039604286600365086,0.685,2.74122422284,0.12984946823309762,0.5825,0.857100490863,0.036363794333808055,0.515,0.598622226525,0.02872156169846932,0.67,0.396808713661,0.012218912587014925,0.8269637027078931,2.46052127845,0.6440463399967404,0.0,nan,0.0
24,104599,0.8804938271604931,7.909040792,0.7543942111504313,-0.25,2.25892648191e-22,2.1736069571014543e-24,0.595,0.306073034413,0.009611547243574107,0.61,0.570872610901,0.017701428314393697,0.5725,0.702731779578,0.028582853161218252,0.47000000000000003,0.252878657462,0.010410285025577528,0.6875,0.649987385917,0.0212277642313411,0.8580756673708471,2.24415665128,0.7174559643998897,1.0,nan,0.0
24,104688,0.743209876543209,0.272829855906,0.003961312240558006,0.75,3.87572172275,0.5421592023828014,0.73,3.21023189647,0.2101845703734128,0.6625,1.89412273591,0.07791843736042073,0.7275,4.36033816168,0.41504264257833323,0.7225,3.74884615157,0.5024689599566232,0.8125,5.10166604647,0.35958192742918993,0.657384290378336,1.89617261773,0.23618284056651137,1.0,nan,0.0
24,104824,0.8222222222222221,7.33666513717,0.22265857554038293,0.5,0.229949334488,0.008267520039517588,0.6000000000000001,0.350223682771,0.011250356440872689,0.6175,0.697626306747,0.022446296623758813,0.6325000000000001,1.95742804236,0.10452173763731228,0.5675,1.32288744726,0.07757453278449691,0.875,4.74836675121,0.6872455229480964,0.882081812944113,2.0267080075,0.76879037985337,0.0,nan,0.0
24,107778,0.589135802469135,5.32648652834e-08,3.7038142579898586e-10,0.78,3.57420735902,0.6546413506775035,0.7175,2.81214286716,0.17258271394989286,0.7375,4.66604031067,0.3272499781206614,0.68,3.32204206873,0.2296432241808217,0.6000000000000001,1.93289684081,0.13022505657667086,0.685,0.607294717538,0.019656650347522793,0.833877472632994,2.42010896574,0.6609208514240124,1.0,nan,0.0
24,107870,0.90716049382716,3.98885899866,0.9130100201946745,0.72,3.85627546634,0.4253346174041899,0.8225,5.81448074113,0.6608629609393333,0.8150000000000001,4.43359723118,0.7105515558229275,0.8125,3.49532942858,0.7753906602279064,0.735,3.7366669611,0.5493070608351384,0.909999999999999,3.31580018855,0.8294382534380504,0.765815248703668,2.58888766871,0.48748450644279595,0.0,nan,0.0
24,107898,0.7614814814814811,0.785708704045,0.012942823084284103,0.605,1.65012544697,0.09123426510389657,0.794999999999999,5.68162213521,0.49982358689079864,0.6975,3.24411397375,0.1672513921273191,0.7025,3.90575295695,0.3111741806310154,0.6075,2.0845246552,0.14528886324904228,0.6175,0.0726891540725,0.001953217228064109,0.9443057422700211,1.37281808285,0.8748203459477142,1.0,nan,0.0
24,108143,0.8824691358024691,7.63651311978,0.7697494679715132,0.5625,0.854865443444,0.039031205854688514,0.6950000000000001,2.16656746775,0.11670810448180137,0.625,0.844222322059,0.028215455931497893,0.485,0.0753575515748,0.0022110661700128625,0.73,3.7477206624,0.5305926549285281,0.7225,1.52428873079,0.05770007728778839,0.8767428461686191,2.07801149447,0.7578322513454719,0.0,nan,0.0
24,108336,0.8469135802469131,9.81694293593,0.4396288900387636,0.41750000000000004,0.0214560047101,0.0005961902727846716,0.56,0.106552195677,0.002886404016956384,0.595,0.371162967116,0.010720482000342223,0.535,0.301417386424,0.010564894231556451,0.387499999999999,0.0330811072385,0.0010671110553766676,0.5575,0.0076266466818,0.00017957706130079562,0.8269637027078931,2.46052127845,0.6440463399967404,0.0,nan,0.0
24,108341,0.9516049382716051,0.464568401841,0.9933925313882169,0.595,1.43776531572,0.075805809796309,0.52,0.0250964139835,0.000585924153425347,0.595,0.371162967116,0.010720482000342223,0.5825,0.857100490863,0.036363794333808055,0.52,0.651900204569,0.03184651523376149,0.8075000000000001,4.96638130596,0.3344031366578586,0.8097560975609751,2.53954123418,0.6009813064045268,1.0,nan,0.0
24,108351,0.598518518518518,1.93721455953e-07,1.3950102663533324e-09,0.665,3.03643577458,0.23188060645368264,0.685,1.90046715622,0.0963828435059745,0.615,0.653232648263,0.02075817796656875,0.65,2.44878823498,0.14302369912697271,0.64,2.74524390281,0.2238314553100825,0.6825,0.566909602102,0.01818936761848046,0.839408488573074,2.38444162541,0.6742092058211128,1.0,nan,0.0
24,108388,0.819259259259259,6.90997297684,0.20154948738506479,0.58,1.14670051193,0.056466708655043704,0.64,0.891685083772,0.03491611291556234,0.5875,0.294880062322,0.008231729411126706,0.5475,0.406958732248,0.014965962073828516,0.6000000000000001,1.93289684081,0.13022505657667086,0.6900000000000001,0.695063501252,0.022908573563659152,0.8406376032264261,2.37612785273,0.6771348628464745,1.0,nan,0.0
24,108411,0.9303703703703701,1.51729639795,0.9740630514984328,0.515,0.327283615827,0.012412168949035988,0.6575000000000001,1.23992613014,0.05347329515383296,0.67,2.16301917188,0.0931225216885862,0.6175,1.57281953994,0.07809560352607056,0.7075,3.69638894204,0.4465399662720857,0.875,4.74836675121,0.6872455229480964,0.8743230266948331,2.10076643282,0.7527762417207062,1.0,nan,0.0
24,108416,0.807407407407407,5.16061498036,0.1300307139542306,0.7125,3.79911872178,0.39661422638715305,0.8174999999999991,5.89071822163,0.6315799703815442,0.804999999999999,4.72020595642,0.664733768041181,0.71,4.06868795279,0.3410907130411924,0.74,3.71738392175,0.5679456059375892,0.804999999999999,4.89117902567,0.3220801799350056,0.8364893412713651,2.40362619139,0.6672204746846497,1.0,nan,0.0
24,108417,0.973333333333333,0.103573081801,0.9987420285683946,0.52,0.366192372488,0.014144421950711491,0.6325000000000001,0.762972757364,0.02871911390116733,0.5325,0.0402278503731,0.000896375505767435,0.5825,0.857100490863,0.036363794333808055,0.605,2.03371835854,0.14014110675452793,0.8,4.72695721589,0.29802746833457316,0.860149798348377,2.22685048292,0.722092746145049,1.0,nan,0.0
24,108652,0.5560493827160491,3.83700223527e-10,2.377924350150725e-12,0.5625,0.854865443444,0.039031205854688514,0.6425000000000001,0.937404156946,0.037202184403552586,0.5650000000000001,0.139315335305,0.0035290235138699015,0.5075000000000001,0.14593722318,0.004626026184234039,0.43999999999999906,0.129322592272,0.0048471231195083165,0.525,0.00196143713536,4.2842842861211104e-05,0.945265988092951,1.36266708793,0.8761337136820027,0.0,nan,0.0
24,109008,0.6819753086419751,0.00243237513315,2.515524947347212e-05,0.595,1.43776531572,0.075805809796309,0.5325,0.0405311728537,0.0009892554234945475,0.63,0.953511462797,0.03270586739790027,0.5275000000000001,0.249529406758,0.008503829812822022,0.5,0.457764158154,0.0208335106584426,0.6950000000000001,0.792654474895,0.026623658815465617,0.8137507201843671,2.52404716459,0.6110954566266091,1.0,nan,0.0
24,109067,0.8479012345679011,9.85439155371,0.44934361122180644,0.75,3.87572172275,0.5421592023828014,0.794999999999999,5.68162213521,0.49982358689079864,0.7525000000000001,4.99324506995,0.39989218201373056,0.7625000000000001,4.468592091,0.5715561179535635,0.71,3.71008111917,0.45579845712505157,0.8,4.72695721589,0.29802746833457316,0.7877856731323211,2.59234329206,0.544504648418899,1.0,nan,0.0
24,129429,0.8172839506172841,6.62001880918,0.18818598258184918,0.76,3.80833156277,0.5806089794117861,0.5875,0.248193081805,0.00753907480949932,0.68,2.54381206742,0.11663838223779632,0.5775,0.777182839331,0.03228038720870477,0.54,0.89811935596,0.04725757833054966,0.7925000000000001,4.45036717834,0.26359176264602935,0.7937776070674091,2.5834784211,0.5600133354181813,1.0,nan,0.0
24,129459,0.838024691358024,9.23040762255,0.35465364463681365,0.605,1.65012544697,0.09123426510389657,0.6925,2.09893194961,0.11137638331923749,0.6875,2.84110896044,0.1368272521070042,0.6725,3.1073636208,0.20552915788271198,0.6375000000000001,2.69580099835,0.2170300514595512,0.705,1.01937554321,0.03564774924247694,0.896331860956404,1.88354592374,0.7966606454417953,1.0,nan,0.0
24,129490,0.9654320987654321,0.18482371782,0.9976300177261647,0.7000000000000001,3.66043064064,0.34993745520429637,0.754999999999999,4.13831605146,0.3016467798634021,0.6975,3.24411397375,0.1672513921273191,0.6575000000000001,2.66775980223,0.16220898113377055,0.625,2.44317126687,0.18490384428607298,0.889999999999999,4.1817302495,0.7543608761881893,0.8252736700595351,2.46966900495,0.6398802075517781,1.0,nan,0.0
24,129672,0.901234567901234,4.83096532861,0.8869078787178988,-0.25,2.25892648191e-22,2.1736069571014543e-24,0.38,2.11961623423e-05,3.3038220331494884e-07,0.405,4.85870795564e-05,7.252533801311813e-07,0.485,0.0753575515748,0.0022110661700128625,0.43500000000000005,0.114771051885,0.004237501569142881,0.725,1.60785042284,0.0616146650732259,0.839408488573074,2.38444162541,0.6742092058211128,1.0,nan,0.0
24,129907,0.725432098765432,0.0833334407371,0.001085359418533422,0.6075,1.70517335106,0.09542823910970515,0.63,0.722912119679,0.026862055002768722,0.65,1.48617763858,0.056847765204993364,0.65,2.44878823498,0.14302369912697271,0.54,0.89811935596,0.04725757833054966,0.65,0.215283379866,0.006258381452085963,0.9058959093527941,1.78364957767,0.8141991735513286,0.0,nan,0.0
24,129987,0.6869135802469131,0.00380436323037,4.031789182809385e-05,0.5,0.229949334488,0.008267520039517588,0.6875,1.96587204494,0.1012156083847282,0.6575000000000001,1.72450100359,0.0688752971414608,0.6575000000000001,2.66775980223,0.16220898113377055,0.6575000000000001,3.0739585247,0.2748003965827316,0.5625,0.00931430021777,0.00022179699962848845,0.9306702515844051,1.51839192721,0.8551113481746149,0.0,nan,0.0
24,130043,0.942716049382716,0.789214828949,0.9879246512529225,0.804999999999999,3.13324120229,0.7387667302679918,0.899999999999999,1.50855866361,0.9561308444667758,0.764999999999999,5.1351772555,0.46332723565311495,0.8300000000000001,2.9534300645,0.8318907705000427,0.6950000000000001,3.5997671905,0.40089113508204166,0.865,5.050154155,0.6381920306472055,0.8598041098521221,2.22975668806,0.721322446979948,0.0,nan,0.0
24,130166,0.8681481481481481,9.30603594748,0.647498400292289,0.875,1.60629348308,0.9046134759738612,0.9325000000000001,0.505897498678,0.9864168149347898,0.9325000000000001,0.591977910675,0.9817197767669593,0.7875000000000001,4.12461354482,0.6796656076150908,0.875,1.32399632241,0.9304391698331036,0.8600000000000001,5.1715934485,0.6126287981954848,0.918225465719224,1.65219638695,0.8353825805871344,0.0,nan,0.0
24,130586,0.741728395061728,0.248599796553,0.00357531179844802,-0.25,2.25892648191e-22,2.1736069571014543e-24,0.28500000000000003,2.91827104351e-08,3.6974322587349135e-10,0.35750000000000004,1.85789751111e-06,2.4621673975913697e-08,0.20750000000000002,1.18043961665e-07,1.7456734763872124e-09,0.25,0.000287083083241,6.700077937932633e-06,0.42750000000000005,1.63236371896e-05,2.8463133191779867e-07,0.892452467831764,1.9232967965,0.7892763607932666,0.0,nan,0.0
24,134922,0.679012345679012,0.00184922959529,1.8849285561260556e-05,0.4375,0.0407774170753,0.0012001373329679707,0.725,3.04657028186,0.19454524465900588,0.6775,2.44662732566,0.11040057265201479,0.6925,3.66091210419,0.27331739291863966,0.635,2.6459188603,0.21035281632824002,0.79,4.35131187346,0.2525890253741258,0.857922028039178,2.2454259653,0.7171110761410288,0.0,nan,0.0
24,134923,0.77037037037037,1.23632019755,0.02180895988706674,0.6725,3.19339579688,0.25524858821991997,0.725,3.04657028186,0.19454524465900588,0.7025,3.44482789671,0.18397456192794812,0.6825,3.39204589184,0.23803602651682232,0.68,3.42701532591,0.3481181174258692,0.735,1.96940596768,0.07946539694471912,0.879969272133666,2.04718135841,0.7644872123830304,0.0,nan,0.0
24,135551,0.7629629629629631,0.849777429932,0.01415378790698835,0.7825000000000001,3.5366403753,0.6635302588018875,0.8250000000000001,5.75839997238,0.6753315437428715,0.7725000000000001,5.15785129619,0.5019559910614049,0.7575000000000001,4.49583986925,0.5491390188688401,0.6425000000000001,2.79418766993,0.23075585504105978,0.774999999999999,3.7072093903,0.19206272956661613,0.823314768580756,2.47990398023,0.6350322797482817,1.0,nan,0.0
24,135973,0.9017283950617281,4.75855973747,0.889275648565574,0.6675,3.08982901177,0.23953864679934367,0.7925000000000001,5.61204065585,0.4857050049703682,0.7825000000000001,5.11361098385,0.5533839413417674,0.8,3.83854099326,0.7295034607752291,0.745,3.68994438921,0.586467302861154,0.8975000000000001,3.8649103601,0.7845453638578316,0.849241405799884,2.31417187399,0.6973166984507051,1.0,nan,0.0
24,136122,0.653827160493827,0.000150812088968,1.3659388629688332e-06,0.5225000000000001,0.386962475173,0.015085678906685914,0.745,3.74426582955,0.26225774313751776,0.745,4.84940690212,0.36295621089231567,0.78,4.26233129539,0.6481973469085701,0.61,2.13553502485,0.15056390013369142,0.8325,5.4112737329,0.4653642848091331,0.8521605531015941,2.29172181719,0.7040395091112407,1.0,nan,0.0
24,136139,0.9422222222222221,0.811617378048,0.9875294048019558,0.8225,2.76184567454,0.7903995591075436,0.837499999999999,5.30694061297,0.7447759079012688,0.784999999999999,5.08941492462,0.5661388013325217,0.8025,3.7739229888,0.7390195045493565,0.76,3.5602293267,0.6409305670412627,0.845,5.39739801214,0.5330886977673797,0.7495678893796811,2.55069625236,0.4456922417247983,1.0,nan,0.0
24,136288,0.93679012345679,1.09312764537,0.9823859643192068,0.7425,3.90250467162,0.5129778565465939,0.8125,5.91933866388,0.6020352293344463,0.7925000000000001,4.98639086737,0.6039511667864683,0.7375,4.46079439789,0.45919191875379434,0.6225,2.39196542392,0.17885989762175142,0.827499999999999,5.37114168483,0.43839747109906857,0.852506241597849,2.28901742132,0.7048312638169436,1.0,nan,0.0
24,136820,0.852345679012345,9.94918628843,0.4933966730295374,0.6025,1.59581804416,0.08717699471160503,0.655,1.18628614563,0.05044078543448361,0.6175,0.697626306747,0.022446296623758813,0.6275000000000001,1.82477750249,0.09506793880523773,0.5650000000000001,1.28035634873,0.0743206311026908,0.655,0.251951319976,0.007424339784271204,0.9385442673324371,1.43404836364,0.8667347494935239,1.0,nan,0.0
24,136846,0.6074074074074071,6.30113801018e-07,4.695188055657384e-09,0.7625000000000001,3.78604310746,0.5901023888282765,0.7925000000000001,5.61204065585,0.4857050049703682,0.804999999999999,4.72020595642,0.664733768041181,0.8075000000000001,3.63836063976,0.7575535699310395,0.875,1.32399632241,0.9304391698331036,0.6525000000000001,0.232978842968,0.00681845062083172,0.7226810063376221,2.42640324353,0.3786222608784741,0.0,nan,0.0
24,137085,0.8148148148148141,6.25413674576,0.17229144133196334,0.847499999999999,2.19907710328,0.8524305352512551,0.875,2.9371846382,0.9016601115906746,0.8775000000000001,2.04491609355,0.9143923271636671,0.8400000000000001,2.62957805471,0.8598083752275696,0.8500000000000001,1.83586587488,0.8910792651739532,0.9400000000000001,2.06508183639,0.9096317018737148,0.660418667178797,1.92519432032,0.2419806306004913,0.0,nan,0.0
24,137869,0.9772839506172831,0.0764490189443,0.9990951946257343,0.8150000000000001,2.92520517447,0.7690699769256915,0.905,1.29230304587,0.9631226576264149,0.8700000000000001,2.32431531423,0.8980168213865604,0.875,1.55891940324,0.9325761850656473,0.8625,1.57161611731,0.9123615397310936,0.972499999999999,1.06370470157,0.9592761383215009,0.0,0.000298444491124,1.290926605456888e-05,0.0,nan,0.0
24,138039,0.716049382716049,0.0419310556463,0.0005178008633277514,0.655,2.81405704528,0.20261750968585615,0.63,0.722912119679,0.026862055002768722,0.6375000000000001,1.13529927009,0.04052541366087776,0.6975,3.78685201342,0.2919395217072762,0.6075,2.0845246552,0.14528886324904228,0.7325,1.87505510865,0.07466035067601375,0.8560015363933161,2.26114263066,0.712783617861849,0.0,nan,0.0
24,140859,0.6948148148148141,0.007592489698,8.374079268687103e-05,0.4375,0.0407774170753,0.0012001373329679707,0.65,1.08277618361,0.04477026228087867,0.6000000000000001,0.430320281909,0.012721277452861788,0.5975,1.13046463887,0.05120708074940015,0.59,1.73558054427,0.11188817729251369,0.59,0.0268808640055,0.0006800520880978585,0.9577491837910501,1.23256316861,0.8923281903524869,1.0,nan,0.0
24,140984,0.9160493827160491,2.86907533056,0.9433443695464244,0.645,2.58157729634,0.17563312673604992,0.7625000000000001,4.44971957781,0.33384560547345515,0.7425,4.79245781293,0.35090298036960005,0.754999999999999,4.50403440052,0.5378884204852736,0.6925,3.5750631355,0.3919222388991723,0.8925000000000001,4.07787908048,0.7646858073815598,0.8857307470712501,1.99084604374,0.7761204609691157,1.0,nan,0.0
24,141053,0.611358024691358,1.0499615438e-06,7.945840362431893e-09,0.625,2.10695488345,0.1287483001647914,0.645,0.984506579662,0.039604286600365086,0.7025,3.44482789671,0.18397456192794812,0.65,2.44878823498,0.14302369912697271,0.5,0.457764158154,0.0208335106584426,0.7025,0.958612846642,0.033175842346707445,1.0,0.832578364411,0.9356943213192823,1.0,nan,0.0
24,141356,0.8508641975308641,9.93114752694,0.478668812441656,0.7025,3.69231397803,0.3591288024578126,0.8250000000000001,5.75839997238,0.6753315437428715,0.8400000000000001,3.52272328593,0.8104410705266275,0.794999999999999,3.9607592891,0.7100011627764398,0.8425,1.9999729196,0.8766968262776946,0.9475,1.79506253565,0.9240935088855149,0.811791818705588,2.53186586144,0.6061433698553393,1.0,nan,0.0
24,142811,0.714567901234567,0.0374782944607,0.0004590357275470413,0.635,2.34422521657,0.1510021739733607,0.595,0.306073034413,0.009611547243574107,0.675,2.35066995921,0.10440422252944115,0.58,0.816451287029,0.03427214354653921,0.535,0.831541238294,0.04293482640112188,0.7825000000000001,4.03799813044,0.2211154797455711,0.8137507201843671,2.52404716459,0.6110954566266091,1.0,nan,0.0
24,142951,0.929382716049382,1.59210394236,0.9725277622503662,0.6475000000000001,2.64035499747,0.1821606136378939,0.804999999999999,5.87714794633,0.5577369661754699,0.7375,4.66604031067,0.3272499781206614,0.764999999999999,4.44957156147,0.5827045678399672,0.68,3.42701532591,0.3481181174258692,0.784999999999999,4.14480603437,0.23134442274641706,0.8876896485500281,1.97134935346,0.7800012629515994,0.0,nan,0.0
24,143324,0.6972839506172831,0.00936449787613,0.00010460400630821445,0.5750000000000001,1.05786796295,0.050957068479292926,0.5725,0.158853701018,0.004526897226420593,0.625,0.844222322059,0.028215455931497893,0.66,2.74121932933,0.168970180241109,0.59,1.73558054427,0.11188817729251369,0.6775,0.49274740201,0.015543807334386397,0.8636835029767621,2.19665486946,0.7299086857389359,1.0,nan,0.0
24,145305,0.7970370370370371,3.73723893905,0.0840534702575794,0.605,1.65012544697,0.09123426510389657,0.7675000000000001,4.66102998653,0.3566220472870218,0.6875,2.84110896044,0.1368272521070042,0.745,4.50065137625,0.4928169512924159,0.6575000000000001,3.0739585247,0.2748003965827316,0.725,1.60785042284,0.0616146650732259,0.9097753024774341,1.74253126289,0.8210389849817463,1.0,nan,0.0
24,145335,0.79753086419753,3.8004266417,0.08591460016567447,0.5225000000000001,0.386962475173,0.015085678906685914,0.55,0.0760322026101,0.0019808445196020596,0.5,0.00960800657503,0.00019064404558489557,0.5425,0.361699120535,0.013046075319581706,0.5875,1.68737575743,0.10760958668693775,0.8,4.72695721589,0.29802746833457316,0.693796811983867,2.22235119014,0.31133330916422863,0.0,nan,0.0
24,145444,0.861728395061728,9.74619215698,0.5862204602544098,0.725,3.88296676126,0.44468658111685044,0.8525,4.45988437035,0.8183572867926733,0.6925,3.04231433983,0.1515352266900949,0.754999999999999,4.50403440052,0.5378884204852736,0.7975000000000001,2.97158322972,0.7644240914246518,0.794999999999999,4.54620008212,0.27483817579039954,0.8017284424812751,2.56526882428,0.5804865999012615,1.0,nan,0.0
24,146557,0.9002469135802461,4.97676136971,0.8820646610310716,-0.25,2.25892648191e-22,2.1736069571014543e-24,0.73,3.21023189647,0.2101845703734128,0.6825,2.64206665124,0.12312052478328678,0.72,4.25207619862,0.3827293526223799,0.5700000000000001,1.36614390934,0.0809356728551557,0.74,2.16547839725,0.08979863637871237,0.8974841559439211,1.87164390411,0.7988241926029965,0.0,nan,0.0
24,146877,0.863209876543209,9.66522118933,0.6006008688021833,0.8075000000000001,3.08250987404,0.7465366153010737,0.865,3.61802363277,0.8689049379537355,0.5625,0.127470210048,0.0031957299530313427,0.715,4.16560542428,0.3616806116461545,0.8400000000000001,2.0552747266,0.8716278148759282,0.865,5.050154155,0.6381920306472055,0.5736892644516991,1.09869866736,0.1114712460598368,1.0,nan,0.0
24,146928,0.803456790123456,4.59712704338,0.11076306229677155,0.7000000000000001,3.66043064064,0.34993745520429637,0.855,4.29710868598,0.8293044046255221,0.8174999999999991,4.35332003141,0.7215358545975985,0.8600000000000001,1.99455025459,0.9059845334955449,0.8150000000000001,2.60859529691,0.8133028230640847,0.885,4.38261011948,0.7329458874527824,0.837718455924716,2.39564550357,0.6701699168213869,1.0,nan,0.0
24,146993,0.8528395061728391,9.95215672019,0.4983106476169169,0.8125,2.97841483307,0.7616903038536309,1.0,0.0407207425312,0.9990245600828886,1.0,0.0615611899707,0.9985909171858007,1.0,0.0525893048762,0.9986895500416582,0.9500000000000001,0.33538941411,0.9871145610422893,0.8,4.72695721589,0.29802746833457316,0.37584021509506405,0.14961187048,0.01115337537181806,1.0,nan,0.0
24,147026,0.815802469135802,6.40078229416,0.1785408060000806,0.5,0.229949334488,0.008267520039517588,0.655,1.18628614563,0.05044078543448361,0.625,0.844222322059,0.028215455931497893,0.615,1.51286353104,0.0742387639920076,0.52,0.651900204569,0.03184651523376149,0.645,0.183443619909,0.0052634610725221746,0.8626848473209141,2.20527720211,0.7277106728262942,1.0,nan,0.0
24,147101,0.9007407407407401,4.90370518382,0.8845042697590298,0.625,2.10695488345,0.1287483001647914,0.865,3.61802363277,0.8689049379537355,0.6825,2.64206665124,0.12312052478328678,0.7225,4.29112305551,0.39340895138459653,0.8600000000000001,1.62330587537,0.9083680224255757,0.8525,5.31177672382,0.57328338785646,0.861724601497983,2.21350245809,0.7255891102975406,0.0,nan,0.0
24,147111,0.852345679012345,9.94918628843,0.4933966730295374,0.595,1.43776531572,0.075805809796309,0.735,3.38069316729,0.22665890383960335,0.6225,0.793079587943,0.026169309510719475,0.774999999999999,4.33831135137,0.6266902736990392,0.605,2.03371835854,0.14014110675452793,0.837499999999999,5.42534811242,0.4924667569670941,0.9010946802381411,1.83409804863,0.8055141392025857,1.0,nan,0.0
24,147193,0.6439506172839501,5.16805668767e-05,4.4795730575607025e-07,0.75,3.87572172275,0.5421592023828014,0.7825000000000001,5.27282648257,0.4312095390107146,0.7975000000000001,4.89340402148,0.6286584800271333,0.7825000000000001,4.21950253504,0.6588002965861295,0.8500000000000001,1.83586587488,0.8910792651739532,0.75,2.58347578943,0.11351734019896204,0.752294987516804,2.55915195564,0.4526599540763415,1.0,nan,0.0
24,819,0.7214814814814811,0.062724774874,0.0007985972499510189,0.725,3.88296676126,0.44468658111685044,0.7025,2.37396205821,0.1337308048362775,0.7225,4.20060722269,0.2606040723516954,0.7075,4.01659748549,0.3309836223592638,0.7775000000000001,3.32655207925,0.7013097266213659,0.8300000000000001,5.39444046247,0.45185578840327145,0.8252736700595351,2.46966900495,0.6398802075517781,0.0,nan,0.0
24,1942,0.755061728395061,0.552241005692,0.008684722394503784,0.715,3.8204171267,0.40613910858902014,0.6725,1.58568294318,0.07461664522920494,0.6075,0.53280024498,0.016322259200190127,0.5925,1.03369865066,0.045799026334790334,0.585,1.63969032582,0.10345086566128987,0.784999999999999,4.14480603437,0.23134442274641706,0.8467447666602651,2.33281092205,0.6915156694297113,0.0,nan,0.0
24,1993,0.905679012345679,4.19335962423,0.9069496690028784,0.6625,2.98207890641,0.22435727096698696,0.7375,3.46867884478,0.23522022445506446,0.835,3.71973664971,0.7923330102036183,0.7525000000000001,4.50860248578,0.52662186915131,0.63,2.54507315037,0.1973748004878439,0.905,3.53684964693,0.8123064675796221,0.8857307470712501,1.99084604374,0.7761204609691157,0.0,nan,0.0
