user,id,mealScore,mealScore_pdf,mealScore_cdf,serviceScore,serviceScore_pdf,serviceScore_cdf,roomScore,roomScore_pdf,roomScore_cdf,equipmentScore,equipmentScore_pdf,equipmentScore_cdf,locationScore,locationScore_pdf,locationScore_cdf
11,101,0.6975,3.03862603262,0.2254973837732614,0.73,4.34143577645,0.20165665665833948,0.6000000000000001,0.264662027862,0.02072943237586122,0.655,1.69144856745,0.10726641502558133,0.9400000000000001,2.17576482944,0.9482591024830995
11,192,0.6675,2.03073771429,0.14957610125173287,0.66,1.0112841701,0.05255253878885176,0.6775,1.63619168797,0.07809399007868792,0.63,0.881492469951,0.0763750251833973,0.745,1.67556906107,0.184152911619272
11,223,0.5825,0.306217637578,0.06565475362575414,0.6775,1.29000797556,0.07244569515322193,0.605,0.289608742791,0.022113271734078524,0.6375000000000001,1.05581155158,0.08358930921498205,0.605,0.21858264817,0.006876488937145873
11,388,0.7825000000000001,4.50110879587,0.5718920514481625,0.7675000000000001,7.54744633538,0.4303769672356349,0.7675000000000001,5.28380055048,0.3921956676514409,0.7575000000000001,5.75328747282,0.5233654303761414,0.915,4.17598727096,0.8695388789248588
11,398,0.847499999999999,2.99919165868,0.8245642206932337,0.66,1.0112841701,0.05255253878885176,0.6325000000000001,0.538005022448,0.03297911400298373,0.635,0.988905088572,0.08103505295268482,0.61,0.248768894196,0.008043717351938368
11,462,0.7075,3.36812062057,0.2575442815927936,0.8300000000000001,4.25820076522,0.8517984337957212,0.68,1.72646761561,0.08229675285679494,0.7975000000000001,5.01896437679,0.7451737621822723,0.79,2.3648064223,0.2687115741262976
11,509,0.8225,3.76033648627,0.7398191670224941,0.6950000000000001,1.83663578476,0.09926030973342881,0.6950000000000001,2.3172463779,0.11252990353139572,0.6375000000000001,1.05581155158,0.08358930921498205,0.919999999999999,3.75855976473,0.8893776106702391
11,568,0.5675,0.952957180855,0.058739055551856295,0.7975000000000001,7.2716616856,0.661148570602478,0.6625,1.15634757194,0.05728826261759505,0.685,3.15819412318,0.1792865160939872,0.9450000000000001,1.83940564789,0.9582838873108117
11,570,0.857499999999999,2.67437608479,0.8529335134267946,0.7825000000000001,7.83643870274,0.5468236388899937,0.8625,3.35892371738,0.893662839222197,0.754999999999999,5.73607283021,0.5090022630524978,0.8775000000000001,6.22485360492,0.6658667962893992
11,610,0.8225,3.76033648627,0.7398191670224941,0.725,3.87153758432,0.18113472568184955,0.7825000000000001,5.70558001312,0.474801021354839,0.6875,3.28878955332,0.18734526063934906,0.9175000000000001,3.96798235639,0.879719278645122
11,630,0.7725000000000001,4.54320637672,0.526616361134582,0.68,1.34682087533,0.07574053687775845,0.74,4.25338620557,0.2605381665562919,0.6375000000000001,1.05581155158,0.08358930921498205,0.6875,1.01914310708,0.053980156346671866
11,658,0.63,1.00155037152,0.0939322856041632,0.5775,0.191406299492,0.004714036297135972,0.59,0.226123632006,0.01828653316453906,0.54,0.0440755382422,0.0003348417071539254,0.665,0.749325329844,0.034233695735006
11,659,0.62,0.797863312615,0.08496143986113469,0.6125,0.506998524782,0.01650189742552365,0.645,0.742143400304,0.040906884241127046,0.5925,1.41830507151,0.038304691972484164,0.65,0.587575762667,0.02422092959763418
11,716,0.8025,4.23213077844,0.6596127828982852,0.7225,3.64717520542,0.17173799088957725,0.8325,5.22400751533,0.7632475928968597,0.715,4.63596475873,0.29688138634661215,0.735,2.24118288477,0.1652306269161083
11,767,0.7325,4.07335418157,0.3510237505439895,0.6950000000000001,1.83663578476,0.09926030973342881,0.7000000000000001,2.52840997867,0.12464186320868913,0.6625,2.0269790454,0.12119203340662257,0.8725,6.24627374327,0.6346603480285529
11,839,0.735,4.1299183927,0.36127848280304065,0.8150000000000001,5.79302809582,0.7763869928515923,0.845,4.5329942237,0.8244186750487649,0.7875000000000001,5.38003893651,0.6930877194092241,0.925,3.34072817114,0.907123859742351
11,858,0.5675,0.952957180855,0.058739055551856295,0.61,0.480352497614,0.015267767768854211,0.65,0.844441910494,0.044868153432677124,0.635,0.988905088572,0.08103505295268482,0.6475000000000001,0.561911993777,0.022784165927930266
11,864,0.75,4.3988761316,0.4254024619284427,0.6900000000000001,1.64089599333,0.09058161950335315,0.71,2.96228335799,0.15208616079595913,0.6375000000000001,1.05581155158,0.08358930921498205,0.919999999999999,3.75855976473,0.8893776106702391
11,922,0.4525,0.00142798272163,2.5926805036204933e-05,0.605,0.428140394415,0.012997236190182648,0.5750000000000001,0.187288407066,0.015207498889855006,0.595,1.37996241447,0.041806492876246444,0.6825,0.948797531812,0.04906868058636858
11,930,0.7125,3.52551630428,0.2747809121982635,0.78,7.84836822044,0.5272125219641629,0.7925000000000001,5.88443005243,0.5328354895224419,0.75,5.6809023214,0.48044847681793923,0.885,6.0636714928,0.7120449519783453
11,995,0.7875000000000001,4.45608880795,0.5942915487541902,0.5775,0.191406299492,0.004714036297135972,0.5325,0.123731185575,0.008716255858290063,0.51,0.00114636854796,1.3250485600226998e-05,0.65,0.587575762667,0.02422092959763418
11,996,0.625,0.895772725986,0.08919226741224881,0.65,0.901188164119,0.04300367105255891,0.6375000000000001,0.611282111881,0.03584791432250448,0.6000000000000001,1.25664704645,0.04841890568763594,0.725,3.28719475484,0.1374433799407387
11,1119,0.5,0.0139906732499,0.00029535819189386886,0.6000000000000001,0.3779552775,0.01098298130152383,0.58,0.198394402084,0.016171086628799566,0.545,0.0844159419717,0.0006463830520964532,0.7325,2.50198200989,0.15930895998303302
11,1128,0.8700000000000001,2.27309606779,0.8838423325031508,0.7425,5.57662373146,0.26361520718721654,0.6775,1.63619168797,0.07809399007868792,0.6925,3.54890612246,0.2044404780969871,0.7725000000000001,1.91512899951,0.2316008817888993
11,1186,0.5750000000000001,0.376635824659,0.06325686566727914,0.7225,3.64717520542,0.17173799088957725,0.6625,1.15634757194,0.05728826261759505,0.6175,0.823273928957,0.06607722658835063,0.67,0.805111229317,0.0381195723739173
11,1356,0.79,4.4277990185,0.6053971979062114,0.7575000000000001,6.92303629184,0.3577791305153264,0.8125,5.86562162804,0.6512919443936972,0.774999999999999,5.66826137323,0.6238392874491869,0.925,3.34072817114,0.907123859742351
11,1357,0.76,4.50352564159,0.4699671440446189,0.8025,6.91844476461,0.6966529250358675,0.8075000000000001,5.92552826253,0.6217975549939055,0.78,5.57566466764,0.651961852106854,0.835,4.70409772838,0.42209981597953367
11,1386,0.5825,0.306217637578,0.06565475362575414,0.6975,1.94863962775,0.10398985668475746,0.7425,4.35539848881,0.27129941028071164,0.7025,4.05533616999,0.24248296464103158,0.8600000000000001,6.01402312301,0.5576303129311192
11,1404,0.75,4.3988761316,0.4254024619284427,0.6725,1.19202396804,0.06624862053839622,0.7875000000000001,5.80766720237,0.5035938914209972,0.6725,2.5134709482,0.1438631268669246,0.75,1.63192705895,0.19237996405230065
11,1500,0.6875,2.69893955972,0.1968056671668768,0.73,4.34143577645,0.20165665665833948,0.5825,0.204553865967,0.016674678866928944,0.5675,0.729467902421,0.00817058130502612,0.9375,2.35531771608,0.9425967423181982
11,1501,0.55,2.45879568518,0.02176313447434479,0.6425000000000001,0.824636297133,0.036532739888552074,0.6025,0.276584158534,0.021405770827161386,0.505,0.000739508370705,8.619435922634617e-06,0.9450000000000001,1.83940564789,0.9582838873108117
11,1511,0.6075,0.586636036658,0.07635728301371097,0.6125,0.506998524782,0.01650189742552365,0.54,0.133064969143,0.009679012536099372,0.52,0.00314096379387,3.265873277425957e-05,0.8700000000000001,6.23148318321,0.6190596677596126
11,1556,0.705,3.28731695897,0.24922472318951747,0.675,1.23861457141,0.06928598113216373,0.705,2.74397201519,0.13782133306603214,0.6625,2.0269790454,0.12119203340662257,0.7825000000000001,2.14335851823,0.25183559936589334
11,1630,0.8525,2.83700141597,0.8391551281989067,0.6525000000000001,0.927350198149,0.04528922468758871,0.6825,1.81936427898,0.08672851251468099,0.6325000000000001,0.930409795272,0.0786377784317694,0.64,0.487935593449,0.018850223547551646
11,1667,0.75,4.3988761316,0.4254024619284427,0.68,1.34682087533,0.07574053687775845,0.6175,0.37504069731,0.026228630746685185,0.6625,2.0269790454,0.12119203340662257,0.8,2.73896096379,0.29415156017605115
11,1680,0.784999999999999,4.48054987309,0.5831199447341457,0.7925000000000001,7.54890606388,0.62406307111825,0.7275,3.72678071029,0.2106360822790719,0.6950000000000001,3.6777426077,0.21347401773793662,0.8700000000000001,6.23148318321,0.6190596677596126
11,1725,0.615,0.70771632169,0.08120069272479344,0.685,1.47923132207,0.08279452538006153,0.6475000000000001,0.791734324592,0.042823589274097754,0.6000000000000001,1.25664704645,0.04841890568763594,0.7425,1.7446498867,0.17988594651211143
11,1764,0.7725000000000001,4.54320637672,0.526616361134582,0.7075,2.50028228733,0.12609235061165025,0.7425,4.35539848881,0.27129941028071164,0.67,2.38848576345,0.13773607687257666,0.857499999999999,5.92398102335,0.5427051295411462
11,1770,0.635,1.1152164071,0.09922092374194025,0.6025,0.402752498051,0.011958734720907643,0.64,0.652006906933,0.03742643935234272,0.5775,1.18403385617,0.01779273214214686,0.835,4.70409772838,0.42209981597953367
11,1799,0.8250000000000001,3.69062354035,0.7491332714998097,0.81,6.27533615718,0.7462025762966157,0.885,1.89502289419,0.9522512803170003,0.8400000000000001,2.70829688029,0.9118592447308465,0.8,2.73896096379,0.29415156017605115
11,1872,0.6075,0.586636036658,0.07635728301371097,0.66,1.0112841701,0.05255253878885176,0.6475000000000001,0.791734324592,0.042823589274097754,0.6075,1.02795639328,0.05698604883834837,0.9475,1.68340390147,0.9626856544692737
11,1927,0.5,0.0139906732499,0.00029535819189386886,0.66,1.0112841701,0.05255253878885176,0.5775,0.192655658284,0.01568235639265813,0.5775,1.18403385617,0.01779273214214686,0.8400000000000001,5.01579752715,0.44640374757697654
11,1996,0.62,0.797863312615,0.08496143986113469,0.67,1.14964009057,0.06332235643209798,0.495,0.0815694760447,0.0048897129494102146,0.525,0.00574551584878,5.4100432777371415e-05,0.7325,2.50198200989,0.15930895998303302
11,1997,0.7775000000000001,4.53027618048,0.5493068908533019,0.6900000000000001,1.64089599333,0.09058161950335315,0.685,1.91472505319,0.09139562804854282,0.6625,2.0269790454,0.12119203340662257,0.67,0.805111229317,0.0381195723739173
11,2335,0.75,4.3988761316,0.4254024619284427,0.675,1.23861457141,0.06928598113216373,0.64,0.652006906933,0.03742643935234272,0.5825,1.34913593592,0.024155411461179464,0.6900000000000001,1.06587211571,0.056583985941685844
11,2465,-0.25,1.40219663423e-34,9.378004218411393e-37,0.7225,3.64717520542,0.17173799088957725,0.6675,1.30388656073,0.06343348799353737,0.7775000000000001,5.62578814638,0.6379584460520517,0.7225,3.43256917614,0.12902326259858607
11,2605,-0.25,1.40219663423e-34,9.378004218411393e-37,0.339999999999999,1.83549772881e-06,2.9452856893787438e-08,0.339999999999999,0.0043297564468,0.00015397370876513427,0.3025,2.97686052296e-14,1.8732180524827425e-16,0.59,0.143979875285,0.00418623740967834
11,2876,0.6075,0.586636036658,0.07635728301371097,0.8400000000000001,3.29489538422,0.8894753492372766,0.8174999999999991,5.76544100759,0.680386586305976,0.794999999999999,5.11935002711,0.7324995292979174,0.9550000000000001,1.26675373206,0.9737001024427449
11,2877,0.6875,2.69893955972,0.1968056671668768,0.635,0.747790943049,0.030635095731726233,0.6725,1.46405339452,0.07034819092141367,0.75,5.6809023214,0.48044847681793923,0.8075000000000001,3.08271073741,0.3159489293966114
11,2958,0.6825,2.52866464458,0.18373698495224605,0.65,0.901188164119,0.04300367105255891,0.5325,0.123731185575,0.008716255858290063,0.59,1.43601366036,0.03473219730602546,0.8775000000000001,6.22485360492,0.6658667962893992
11,4771,0.6025,0.514964295529,0.07360621532897314,0.705,2.34627009321,0.12003643684586357,0.705,2.74397201519,0.13782133306603214,0.635,0.988905088572,0.08103505295268482,0.8975000000000001,5.47453685083,0.7845443841654653
11,4778,0.7875000000000001,4.45608880795,0.5942915487541902,0.6875,1.55609620171,0.08658709530747594,0.774999999999999,5.51317171627,0.43270419089270346,0.7125,4.52610029144,0.28542806541580107,0.9400000000000001,2.17576482944,0.9482591024830995
11,4801,0.7075,3.36812062057,0.2575442815927936,0.735,4.83126150711,0.22458242647165905,0.64,0.652006906933,0.03742643935234272,0.625,0.817479103946,0.07214781820246972,0.764999999999999,1.78449305487,0.21774626551336398
11,4805,0.7675000000000001,4.53968564376,0.5039022551087462,0.7725000000000001,7.73801300129,0.4686278793137738,0.8400000000000001,4.83095752145,0.8009983232163091,0.74,5.49227043967,0.4244987586566368,0.9125000000000001,4.38119310137,0.8588416739595748
11,4819,0.6025,0.514964295529,0.07360621532897314,0.6725,1.19202396804,0.06624862053839622,0.715,3.18177886144,0.16744613237970937,0.6725,2.5134709482,0.1438631268669246,0.7225,3.43256917614,0.12902326259858607
11,4977,0.64,1.23669574856,0.10509747762954609,0.71,2.66523483602,0.13254696872449,0.685,1.91472505319,0.09139562804854282,0.725,5.03606013289,0.3452973385105028,0.8500000000000001,5.58459036665,0.4994884919342649
11,5024,0.67,2.11158427068,0.15475377772343155,0.7000000000000001,2.07068085416,0.10901187443958914,0.7625000000000001,5.11510848304,0.3661938093895986,0.6525000000000001,1.5866273815,0.10316961897030896,0.7425,1.7446498867,0.17988594651211143
11,5041,0.75,4.3988761316,0.4254024619284427,0.41000000000000003,8.89966252029e-05,1.6739286754109271e-06,0.47750000000000004,0.064704738625,0.0036128469329781946,0.454999999999999,8.34762598256e-06,8.174464614620565e-08,0.6375000000000001,0.464389538872,0.017659940082129413
11,5303,0.25,1.28516587349e-09,1.5024598732076147e-11,0.75,6.29148739394,0.3081559582582466,0.5,0.0867536293729,0.00531045765702978,0.47250000000000003,4.41571448938e-05,4.6145319075202774e-07,0.8600000000000001,6.01402312301,0.5576303129311192
11,5309,0.6950000000000001,2.95422623637,0.218006204489566,0.6975,1.94863962775,0.10398985668475746,0.6950000000000001,2.3172463779,0.11252990353139572,0.6900000000000001,3.4191413355,0.19573026081755135,0.7675000000000001,1.82470540588,0.22225710364562581
11,5385,0.7625000000000001,4.51967640536,0.4812469954721341,0.6075,0.454036223655,0.014099860103012759,0.6000000000000001,0.264662027862,0.02072943237586122,0.5875,1.43073493723,0.031143820556791373,0.8425,5.1666787423,0.4591327435014404
11,5562,0.6875,2.69893955972,0.1968056671668768,0.8025,6.91844476461,0.6966529250358675,0.8200000000000001,5.70002956784,0.6947205530268334,0.774999999999999,5.66826137323,0.6238392874491869,0.9575,1.14517224339,0.9767132175568856
11,5627,0.6675,2.03073771429,0.14957610125173287,0.59,0.286096319644,0.0076733371526693395,0.66,1.08743894432,0.05448420972460016,0.5225000000000001,0.00421142799089,4.177026265170483e-05,0.59,0.143979875285,0.00418623740967834
11,5729,0.5,0.0139906732499,0.00029535819189386886,0.5,0.00634869815525,0.0001353103607502475,0.545,0.139518378628,0.010360381848957935,0.5225000000000001,0.00421142799089,4.177026265170483e-05,0.6375000000000001,0.464389538872,0.017659940082129413
11,7055,0.8075000000000001,4.13062164803,0.6805247859115533,0.54,0.0419602227001,0.0008950500671766962,0.5675,0.172991775943,0.01385796045175908,0.47250000000000003,4.41571448938e-05,4.6145319075202774e-07,0.6375000000000001,0.464389538872,0.017659940082129413
11,7341,0.5,0.0139906732499,0.00029535819189386886,0.7000000000000001,2.07068085416,0.10901187443958914,0.754999999999999,4.84385852392,0.32883548604885376,0.6125,0.900743911844,0.06179090216500634,0.7675000000000001,1.82470540588,0.22225710364562581
11,7342,0.59,0.36560821828,0.06814678989899903,0.5875,0.265250552251,0.006984344343500111,0.56,0.16068462957,0.0126076728760522,0.545,0.0844159419717,0.0006463830520964532,0.847499999999999,5.4523407386,0.4856906380009747
11,7343,0.6325000000000001,1.05739969466,0.09650556243535899,0.7075,2.50028228733,0.12609235061165025,0.715,3.18177886144,0.16744613237970937,0.6875,3.28878955332,0.18734526063934906,0.9125000000000001,4.38119310137,0.8588416739595748
11,7588,0.6025,0.514964295529,0.07360621532897314,0.6950000000000001,1.83663578476,0.09926030973342881,0.6175,0.37504069731,0.026228630746685185,0.6725,2.5134709482,0.1438631268669246,0.8150000000000001,3.47862534031,0.34052314539958584
11,7599,0.75,4.3988761316,0.4254024619284427,0.6000000000000001,0.3779552775,0.01098298130152383,0.5675,0.172991775943,0.01385796045175908,0.5625,0.51161611665,0.005080861601823059,0.9500000000000001,1.53588016465,0.9667079745724828
11,7903,0.75,4.3988761316,0.4254024619284427,0.68,1.34682087533,0.07574053687775845,0.645,0.742143400304,0.040906884241127046,0.6425000000000001,1.21090406371,0.08924524161642636,0.64,0.487935593449,0.018850223547551646
11,8207,0.6625,1.87257542879,0.13981989945744464,0.6975,1.94863962775,0.10398985668475746,0.6575000000000001,1.02180148171,0.05184834143778639,0.7375,5.42985476155,0.4108448899315964,0.7775000000000001,2.0205851601,0.2414334328157533
11,8290,0.8925000000000001,1.60758483665,0.9273175589078406,0.77,7.65391059608,0.44938321430973804,0.8325,5.22400751533,0.7632475928968597,0.7825000000000001,5.51793886275,0.665830433199248,0.8300000000000001,4.38684776524,0.399371964199845
11,8961,0.535,0.330485754773,0.002373058642106382,0.6625,1.04219792173,0.05511899212143199,0.6025,0.276584158534,0.021405770827161386,0.6325000000000001,0.930409795272,0.0786377784317694,0.9075000000000001,4.77753832175,0.8359354440142879
11,9191,0.5825,0.306217637578,0.06565475362575414,0.685,1.47923132207,0.08279452538006153,0.63,0.505226235378,0.031675590522589066,0.605,1.10334968975,0.05432289838693305,0.6825,0.948797531812,0.04906868058636858
11,9518,0.75,4.3988761316,0.4254024619284427,0.7000000000000001,2.07068085416,0.10901187443958914,0.725,3.61879616721,0.2014539654058475,0.625,0.817479103946,0.07214781820246972,0.8500000000000001,5.58459036665,0.4994884919342649
11,10630,0.58,0.303339454674,0.06489605377031632,0.7275,4.10333465985,0.1911018788385184,0.7225,3.51017142525,0.1925426352547764,0.6675,2.26555001988,0.13191898985635384,0.867499999999999,6.20021264285,0.6035166696360121
11,10672,-0.25,1.40219663423e-34,9.378004218411393e-37,0.6075,0.454036223655,0.014099860103012759,0.6425000000000001,0.695595806873,0.03911033584929217,0.535,0.0222393651932,0.00017493242184676492,0.9275,3.13477987221,0.9152176313459399
11,11039,0.715,3.60175189527,0.28369037019717547,0.735,4.83126150711,0.22458242647165905,0.8425,4.68511800516,0.8128948021812241,0.7625000000000001,5.76624507158,0.552176339155301,0.8125,3.3412280933,0.3319994010783683
11,11140,0.5275000000000001,0.0752596883788,0.0011075359668682174,0.6975,1.94863962775,0.10398985668475746,0.6325000000000001,0.538005022448,0.03297911400298373,0.5775,1.18403385617,0.01779273214214686,0.7825000000000001,2.14335851823,0.25183559936589334
11,11230,0.6825,2.52866464458,0.18373698495224605,0.74,5.32903807313,0.24998263136603063,0.6950000000000001,2.3172463779,0.11252990353139572,0.6725,2.5134709482,0.1438631268669246,0.8975000000000001,5.47453685083,0.7845443841654653
11,11275,0.8250000000000001,3.69062354035,0.7491332714998097,0.8225,5.02827065818,0.8169852254232475,0.8775000000000001,2.34944494499,0.9363631529845962,0.7875000000000001,5.38003893651,0.6930877194092241,0.8775000000000001,6.22485360492,0.6658667962893992
11,12534,0.6900000000000001,2.78421447727,0.20365961838581847,0.665,1.07524677121,0.05776530649931902,0.6525000000000001,0.900326876855,0.0470484470284652,0.6475000000000001,1.38928498475,0.09573704574289428,0.735,2.24118288477,0.1652306269161083
11,14112,0.715,3.60175189527,0.28369037019717547,0.754999999999999,6.72505864148,0.34071606748486044,0.77,5.36373242796,0.40550574899947583,0.75,5.6809023214,0.48044847681793923,0.8174999999999991,3.62096093334,0.34939664554565386
11,15812,0.5475,2.10162332423,0.01603792738452686,0.62,0.587999387384,0.020607566344632195,0.5675,0.172991775943,0.01385796045175908,0.5750000000000001,1.0789128047,0.014961691294806722,0.7125,2.92620589658,0.0958510844824303
11,15877,0.375,1.50920599805e-05,2.2348049724460643e-07,0.545,0.0525077907802,0.0011303348531764353,0.43999999999999906,0.036172663501,0.0017550496451531536,0.47000000000000003,3.50545014123e-05,3.628565684355241e-07,0.764999999999999,1.78449305487,0.21774626551336398
11,15878,0.6925,2.86936562333,0.2107266365232336,0.75,6.29148739394,0.3081559582582466,0.7025,2.63574548622,0.13109685029565601,0.6975,3.80531332023,0.22282813617291333,0.8,2.73896096379,0.29415156017605115
11,16373,0.6675,2.03073771429,0.14957610125173287,0.6925,1.73422371678,0.09479868289872725,0.65,0.844441910494,0.044868153432677124,0.6925,3.54890612246,0.2044404780969871,0.7000000000000001,1.49433706299,0.06893896288416793
11,17703,0.0,2.38736996628e-20,2.0755143555110542e-22,0.605,0.428140394415,0.012997236190182648,0.76,5.02689287215,0.3535158128264344,0.635,0.988905088572,0.08103505295268482,0.595,0.166291451884,0.004960893465844274
11,17743,0.5,0.0139906732499,0.00029535819189386886,0.665,1.07524677121,0.05776530649931902,0.6825,1.81936427898,0.08672851251468099,0.6725,2.5134709482,0.1438631268669246,0.784999999999999,2.21194397993,0.25727868080169297
11,17938,0.5,0.0139906732499,0.00029535819189386886,0.4375,0.000343847852318,6.895274207194117e-06,0.262499999999999,0.000471314045938,1.3805023008604807e-05,0.3125,1.39814696412e-13,9.009877300303912e-16,0.7125,2.92620589658,0.0958510844824303
11,17979,0.7125,3.52551630428,0.2747809121982635,0.7325,4.58455548802,0.21281324397227006,0.6825,1.81936427898,0.08672851251468099,0.6525000000000001,1.5866273815,0.10316961897030896,0.6775,0.889749716823,0.04447433002071514
11,18166,0.6125,0.665499766387,0.07948456481150579,0.64,0.799196089487,0.034502926340084165,0.6625,1.15634757194,0.05728826261759505,0.5875,1.43073493723,0.031143820556791373,0.8825000000000001,6.13446235816,0.6967937817012544
11,18246,0.774999999999999,4.53878836712,0.5379697101572165,0.7525000000000001,6.51389661664,0.32416482627233706,0.78,5.64622876707,0.46061018700462436,0.784999999999999,5.45269171408,0.6795452776681661,0.8725,6.24627374327,0.6346603480285529
11,18248,0.9175000000000001,1.00909758589,0.9596749801332666,0.8625,1.66043903829,0.9436591725225485,0.7725000000000001,5.44030628248,0.41901153230517074,0.7475,5.64326899281,0.46629189638458013,0.9075000000000001,4.77753832175,0.8359354440142879
11,18270,0.645,1.36580946379,0.11160061136991473,0.7425,5.57662373146,0.26361520718721654,0.764999999999999,5.20082996051,0.37908927763019007,0.6775,2.76836855795,0.1570653369284295,0.7925000000000001,2.4495359587,0.27472831452552554
11,18297,0.75,4.3988761316,0.4254024619284427,0.745,5.82086249879,0.27786296270796834,0.7525000000000001,4.74941157653,0.31684351998542576,0.745,5.59916528636,0.452237524012229,0.8525,5.70809897518,0.513606304968958
11,18311,0.75,4.3988761316,0.4254024619284427,0.58,0.208401040763,0.005213589828101101,0.42000000000000004,0.0252882558792,0.0011452339169446355,0.382499999999999,2.42782921734e-09,1.8817966377977746e-11,0.8300000000000001,4.38684776524,0.399371964199845
11,18312,1.0,0.119047662252,0.9965978257591277,0.6525000000000001,0.927350198149,0.04528922468758871,0.5275000000000001,0.117694027126,0.008112748905499142,0.48250000000000004,0.000108595739148,1.1797422807722227e-06,0.9025000000000001,5.14564857765,0.8111133701603381
11,18319,0.47750000000000004,0.00498168106279,9.765263544721768e-05,0.48250000000000004,0.00279084362043,5.966180113498764e-05,0.53,0.120695788065,0.008410729349786004,0.485,0.000135210238688,1.4833437927025589e-06,0.7525000000000001,1.63943599213,0.19646636419720964
11,18392,0.5775,0.32180520225,0.06412042297380893,0.5975,0.35382543691,0.010068401985800515,0.595,0.243739217303,0.019459949785564114,0.5775,1.18403385617,0.01779273214214686,0.725,3.28719475484,0.1374433799407387
11,18476,0.75,4.3988761316,0.4254024619284427,0.784999999999999,7.80007574496,0.5663743473043826,0.73,3.83400993178,0.22008723924181167,0.7075,4.29640733458,0.2633665704682688,0.8925000000000001,5.75421901462,0.7564501005864551
11,18739,0.6875,2.69893955972,0.1968056671668768,0.745,5.82086249879,0.27786296270796834,0.754999999999999,4.84385852392,0.32883548604885376,0.6925,3.54890612246,0.2044404780969871,0.847499999999999,5.4523407386,0.4856906380009747
11,18763,-0.25,1.40219663423e-34,9.378004218411393e-37,0.5825,0.226380865936,0.005756862627179277,0.29250000000000004,0.00118005768357,3.7114962753524185e-05,0.29250000000000004,6.10181877615e-15,3.751455942670939e-17,0.9575,1.14517224339,0.9767132175568856
11,19718,0.875,2.11727424581,0.8948167703262729,0.9225000000000001,0.291096774599,0.988565398375421,0.77,5.36373242796,0.40550574899947583,0.6925,3.54890612246,0.2044404780969871,0.905,4.96582579359,0.8237546199433303
11,19745,-0.25,1.40219663423e-34,9.378004218411393e-37,0.8925000000000001,0.638322100056,0.9754964342440386,0.857499999999999,3.70555350794,0.8760007268376012,0.857499999999999,1.77037055898,0.950811321520706,0.857499999999999,5.92398102335,0.5427051295411462
11,20639,0.5825,0.306217637578,0.06565475362575414,0.5275000000000001,0.0235170341468,0.0004961432568145596,0.41500000000000004,0.0230035111981,0.0010245737109818636,0.4425,2.36518554057e-06,2.216071242341256e-08,0.81,3.20915611938,0.32381256482432924
11,25302,0.5,0.0139906732499,0.00029535819189386886,0.5125000000000001,0.0115201290475,0.0002437597237524686,0.5625,0.164613672515,0.013014263806549872,0.48750000000000004,0.000167977124548,1.8609124593732773e-06,0.725,3.28719475484,0.1374433799407387
11,27972,0.6675,2.03073771429,0.14957610125173287,0.7525000000000001,6.51389661664,0.32416482627233706,0.7775000000000001,5.58194850688,0.4465739844553398,0.7025,4.05533616999,0.24248296464103158,0.827499999999999,4.22879266807,0.3886026625158526
11,28024,0.9175000000000001,1.00909758589,0.9596749801332666,1.0,0.0402683619135,0.9988022393090339,0.8500000000000001,4.21293772699,0.8462914094782072,0.899999999999999,0.397608622309,0.9920440994955598,1.0,0.132231634581,0.9979686845192014
11,28466,0.61,0.625150560811,0.0778716376652491,0.665,1.07524677121,0.05776530649931902,0.68,1.72646761561,0.08229675285679494,0.68,2.89764415006,0.16414765578720744,0.9575,1.14517224339,0.9767132175568856
11,28484,0.605,0.549920206817,0.07493695849104814,0.6375000000000001,0.773602669007,0.03253688801476472,0.5675,0.172991775943,0.01385796045175908,0.625,0.817479103946,0.07214781820246972,0.8600000000000001,6.01402312301,0.5576303129311192
11,28512,0.827499999999999,3.6190508499,0.7582707349009593,0.764999999999999,7.41973143773,0.4116636970100998,0.725,3.61879616721,0.2014539654058475,0.6775,2.76836855795,0.1570653369284295,0.7525000000000001,1.63943599213,0.19646636419720964
11,28570,0.7225,3.81850445636,0.3115283478660744,0.4625,0.00110705182888,2.3262213062448396e-05,0.47500000000000003,0.0624704632236,0.0034538874521844723,0.5,0.000484590156803,5.605917593909592e-06,0.6375000000000001,0.464389538872,0.017659940082129413
11,28894,0.5,0.0139906732499,0.00029535819189386886,0.6475000000000001,0.875481360626,0.04078290565426111,0.67,1.38242573822,0.06679072662495185,0.62,0.806615948511,0.06811145151952654,0.705,1.97157908639,0.07751828423539539
11,29183,0.5825,0.306217637578,0.06565475362575414,0.6900000000000001,1.64089599333,0.09058161950335315,0.6475000000000001,0.791734324592,0.042823589274097754,0.635,0.988905088572,0.08103505295268482,0.8225,3.91845190697,0.3682386884690051
11,29184,0.5375,0.54034922487,0.003443884261631581,0.62,0.587999387384,0.020607566344632195,0.5725,0.182248085612,0.014745642038445245,0.5700000000000001,0.846897248799,0.010140470508640448,0.774999999999999,1.96583679006,0.23645127740879118
11,29229,0.4375,0.000640891493286,1.1143302989566166e-05,0.36750000000000005,9.12642594103e-06,1.55500165071944e-07,0.34750000000000003,0.00522574107561,0.00018971549727395302,0.34750000000000003,2.32651368756e-11,1.637343789581974e-13,0.7725000000000001,1.91512899951,0.2316008817888993
11,29338,-0.25,1.40219663423e-34,9.378004218411393e-37,0.7000000000000001,2.07068085416,0.10901187443958914,0.6900000000000001,2.11214742707,0.10145928864902687,0.6525000000000001,1.5866273815,0.10316961897030896,0.615,0.281741428976,0.0093688235950193
11,29381,0.5325,0.196649300315,0.0017279139315101162,0.625,0.642021605045,0.023682786882339844,0.67,1.38242573822,0.06679072662495185,0.595,1.37996241447,0.041806492876246444,0.66,0.694225976553,0.03062517970748385
11,29764,0.6000000000000001,0.481727864835,0.07236070413836748,0.7425,5.57662373146,0.26361520718721654,0.7225,3.51017142525,0.1925426352547764,0.68,2.89764415006,0.16414765578720744,0.774999999999999,1.96583679006,0.23645127740879118
11,30094,0.625,0.895772725986,0.08919226741224881,0.675,1.23861457141,0.06928598113216373,0.5625,0.164613672515,0.013014263806549872,0.62,0.806615948511,0.06811145151952654,0.63,0.397457557925,0.014431590687392123
11,31557,1.0,0.119047662252,0.9965978257591277,0.725,3.87153758432,0.18113472568184955,0.7925000000000001,5.88443005243,0.5328354895224419,0.5575,0.333254422512,0.0029877800892260968,0.9275,3.13477987221,0.9152176313459399
11,32060,0.75,4.3988761316,0.4254024619284427,0.65,0.901188164119,0.04300367105255891,0.55,0.146216145424,0.011074602261188433,0.65,1.48579437545,0.0993299557139252,1.0,0.132231634581,0.9979686845192014
11,38608,0.75,4.3988761316,0.4254024619284427,0.7275,4.10333465985,0.1911018788385184,0.67,1.38242573822,0.06679072662495185,0.74,5.49227043967,0.4244987586566368,0.7875000000000001,2.28568018007,0.2628996121168288
11,38649,0.8225,3.76033648627,0.7398191670224941,0.7925000000000001,7.54890606388,0.62406307111825,0.78,5.64622876707,0.46061018700462436,0.7525000000000001,5.71189215546,0.49469087154009916,0.7575000000000001,1.68328788778,0.20476140329725717
11,39144,0.6675,2.03073771429,0.14957610125173287,0.6425000000000001,0.824636297133,0.036532739888552074,0.63,0.505226235378,0.031675590522589066,0.5575,0.333254422512,0.0029877800892260968,0.655,0.640186793575,0.027289668217837376
11,39247,0.5175000000000001,0.029982519356,0.0006613068092817747,0.5750000000000001,0.175397814792,0.004255736242467113,0.5525,0.149679764054,0.011444454275274048,0.65,1.48579437545,0.0993299557139252,0.847499999999999,5.4523407386,0.4856906380009747
11,39495,0.66,1.79546772034,0.13523513652412888,0.764999999999999,7.41973143773,0.4116636970100998,0.6900000000000001,2.11214742707,0.10145928864902687,0.7225,4.94243894095,0.33282326731253215,0.75,1.63192705895,0.19237996405230065
11,39581,-0.25,1.40219663423e-34,9.378004218411393e-37,0.735,4.83126150711,0.22458242647165905,0.6675,1.30388656073,0.06343348799353737,0.6175,0.823273928957,0.06607722658835063,0.9575,1.14517224339,0.9767132175568856
11,40799,0.75,4.3988761316,0.4254024619284427,0.735,4.83126150711,0.22458242647165905,0.6225,0.420875608942,0.028215236031274866,0.68,2.89764415006,0.16414765578720744,0.9550000000000001,1.26675373206,0.9737001024427449
11,40956,-0.25,1.40219663423e-34,9.378004218411393e-37,0.7825000000000001,7.83643870274,0.5468236388899937,0.72,3.40103280834,0.18390353684023078,0.625,0.817479103946,0.07214781820246972,0.595,0.166291451884,0.004960893465844274
11,41042,-0.25,1.40219663423e-34,9.378004218411393e-37,0.5425,0.0469684417909,0.0010061045287827093,0.444999999999999,0.039353822275,0.0019437868591670824,0.34750000000000003,2.32651368756e-11,1.637343789581974e-13,0.8325,4.5456185523,0.4105374999853177
11,41069,0.7725000000000001,4.54320637672,0.526616361134582,0.827499999999999,4.51265844752,0.8408355915816572,0.845,4.5329942237,0.8244186750487649,0.8525,2.02094916056,0.9413398580203953,0.81,3.20915611938,0.32381256482432924
11,41615,0.9675,0.308363934972,0.9900570563228692,0.919999999999999,0.308933916537,0.987815620224701,0.847499999999999,4.37533758347,0.8355551615202901,0.7425,5.54877071788,0.43830131249342774,0.8775000000000001,6.22485360492,0.6658667962893992
11,41703,0.6975,3.03862603262,0.2254973837732614,0.6925,1.73422371678,0.09479868289872725,0.7875000000000001,5.80766720237,0.5035938914209972,0.735,5.36171894023,0.3973542517725551,0.77,1.86817517697,0.22687250452812263
11,41708,0.6775,2.35978486438,0.17151669062725372,0.6725,1.19202396804,0.06624862053839622,0.735,4.0457905851,0.23978833537325417,0.645,1.29749489084,0.09237960037930326,0.665,0.749325329844,0.034233695735006
11,41851,-0.25,1.40219663423e-34,9.378004218411393e-37,0.6425000000000001,0.824636297133,0.036532739888552074,0.635,0.573318263877,0.034367727804265856,0.6000000000000001,1.25664704645,0.04841890568763594,0.65,0.587575762667,0.02422092959763418
11,43759,0.75,4.3988761316,0.4254024619284427,0.8625,1.66043903829,0.9436591725225485,0.75,4.65321931084,0.3050898820514153,0.8174999999999991,4.02235850966,0.8360869729591384,0.6975,1.3320553329,0.06541593840847876
11,44059,-0.25,1.40219663423e-34,9.378004218411393e-37,0.6575000000000001,0.982083841612,0.05006114460316394,0.605,0.289608742791,0.022113271734078524,0.5125000000000001,0.00144461671374,1.6472044674964375e-05,0.8225,3.91845190697,0.3682386884690051
11,44938,0.8125,4.01737122079,0.7008994256459129,0.75,6.29148739394,0.3081559582582466,0.6425000000000001,0.695595806873,0.03911033584929217,0.6075,1.02795639328,0.05698604883834837,0.9275,3.13477987221,0.9152176313459399
11,50703,0.675,2.27623335877,0.16572181543658773,0.7325,4.58455548802,0.21281324397227006,0.7000000000000001,2.52840997867,0.12464186320868913,0.7125,4.52610029144,0.28542806541580107,0.74,1.85830747744,0.17539244116932132
11,50830,0.6375000000000001,1.17498807116,0.10208327377786525,0.655,0.95421782471,0.04764100885649915,0.66,1.08743894432,0.05448420972460016,0.5650000000000001,0.61663716885,0.006489276164149671,0.81,3.20915611938,0.32381256482432924
11,50921,0.8325,3.47098250022,0.7759983703666933,0.64,0.799196089487,0.034502926340084165,0.68,1.72646761561,0.08229675285679494,0.5925,1.41830507151,0.038304691972484164,0.7025,1.70723410742,0.07292998017259208
11,51734,0.56,2.15216789527,0.047239342643693776,0.6825,1.40968347072,0.07918484079065717,0.7225,3.51017142525,0.1925426352547764,0.6000000000000001,1.25664704645,0.04841890568763594,0.7275,3.05941713474,0.14539028622855876
11,52992,0.6725,2.19345684953,0.160134877820702,0.71,2.66523483602,0.13254696872449,0.705,2.74397201519,0.13782133306603214,0.75,5.6809023214,0.48044847681793923,0.8225,3.91845190697,0.3682386884690051
11,54491,0.705,3.28731695897,0.24922472318951747,0.7775000000000001,7.83578423489,0.5076022327229197,0.7975000000000001,5.93203248148,0.5623895817796225,0.77,5.73021860895,0.5953303298320703,0.9025000000000001,5.14564857765,0.8111133701603381
11,54885,0.625,0.895772725986,0.08919226741224881,0.68,1.34682087533,0.07574053687775845,0.55,0.146216145424,0.011074602261188433,0.585,1.40156725787,0.027598473004148135,0.8500000000000001,5.58459036665,0.4994884919342649
11,56634,0.764999999999999,4.53173747185,0.49256211768134983,0.8300000000000001,4.25820076522,0.8517984337957212,0.845,4.5329942237,0.8244186750487649,0.8525,2.02094916056,0.9413398580203953,0.9400000000000001,2.17576482944,0.9482591024830995
11,56758,0.8125,4.01737122079,0.7008994256459129,0.77,7.65391059608,0.44938321430973804,0.8225,5.62443848046,0.7088782488729379,0.7725000000000001,5.70306751068,0.6096235292300592,0.68,0.918673838278,0.04673469905955772
11,56917,0.7325,4.07335418157,0.3510237505439895,0.73,4.34143577645,0.20165665665833948,0.77,5.36373242796,0.40550574899947583,0.72,4.84438778997,0.3205888356681182,0.8300000000000001,4.38684776524,0.399371964199845
11,56975,0.6000000000000001,0.481727864835,0.07236070413836748,0.6975,1.94863962775,0.10398985668475746,0.7325,3.9403787639,0.22980541471072916,0.68,2.89764415006,0.16414765578720744,0.8,2.73896096379,0.29415156017605115
11,67160,0.68,2.44397587123,0.17752127284964997,0.774999999999999,7.79885873684,0.48805389232201635,0.8500000000000001,4.21293772699,0.8462914094782072,0.8150000000000001,4.16173891264,0.8258562222084824,0.8625,6.09069754685,0.5727641027587689
11,67299,0.5,0.0139906732499,0.00029535819189386886,0.6775,1.29000797556,0.07244569515322193,0.6825,1.81936427898,0.08672851251468099,0.6775,2.76836855795,0.1570653369284295,0.545,0.0315657916347,0.0007443113453315048
11,67423,0.59,0.36560821828,0.06814678989899903,0.705,2.34627009321,0.12003643684586357,0.6875,2.0123799782,0.09630404989767473,0.6375000000000001,1.05581155158,0.08358930921498205,0.6825,0.948797531812,0.04906868058636858
11,67905,0.6675,2.03073771429,0.14957610125173287,0.7975000000000001,7.2716616856,0.661148570602478,0.8,5.94374027801,0.5772360540102849,0.764999999999999,5.76173400854,0.566587859126192,0.845,5.31261339821,0.47223301986247285
11,68565,0.5775,0.32180520225,0.06412042297380893,0.7175,3.22447640919,0.1545742152629474,0.7575000000000001,4.93640996957,0.34106123365634416,0.6950000000000001,3.6777426077,0.21347401773793662,0.857499999999999,5.92398102335,0.5427051295411462
11,68688,0.79,4.4277990185,0.6053971979062114,0.78,7.84836822044,0.5272125219641629,0.8025,5.94681146162,0.5921010850315371,0.685,3.15819412318,0.1792865160939872,0.8075000000000001,3.08271073741,0.3159489293966114
11,69217,0.7675000000000001,4.53968564376,0.5039022551087462,0.7675000000000001,7.54744633538,0.4303769672356349,0.74,4.25338620557,0.2605381665562919,0.7000000000000001,3.93128623486,0.2324992526499511,0.72,3.46946651122,0.1203714045286041
11,69292,0.75,4.3988761316,0.4254024619284427,0.76,7.10596384057,0.3753187044211229,0.8150000000000001,5.82062753338,0.6659018709140967,0.74,5.49227043967,0.4244987586566368,0.74,1.85830747744,0.17539244116932132
11,70225,-0.25,1.40219663423e-34,9.378004218411393e-37,0.5925,0.307838471637,0.00841557317940163,0.64,0.652006906933,0.03742643935234272,0.58,1.27551904241,0.020870482762527343,0.804999999999999,2.96211206218,0.308394136767983
11,70358,0.5325,0.196649300315,0.0017279139315101162,0.5425,0.0469684417909,0.0010061045287827093,0.48,0.0669843797365,0.0037774489522066556,0.47500000000000003,5.54921197713e-05,5.85500128063674e-07,0.75,1.63192705895,0.19237996405230065
11,70659,0.5275000000000001,0.0752596883788,0.0011075359668682174,0.6950000000000001,1.83663578476,0.09926030973342881,0.685,1.91472505319,0.09139562804854282,0.6025,1.18119624528,0.051467239233619934,0.5650000000000001,0.065084489903,0.0016767788342604009
11,70707,0.7225,3.81850445636,0.3115283478660744,0.67,1.14964009057,0.06332235643209798,0.7525000000000001,4.74941157653,0.31684351998542576,0.6675,2.26555001988,0.13191898985635384,0.8825000000000001,6.13446235816,0.6967937817012544
11,70749,0.65,1.50226746131,0.11876781924347701,0.39,3.14042137569e-05,5.633840723669552e-07,0.39,0.0138871501942,0.0005710303821443822,0.36,1.29084866883e-10,9.39358860849321e-13,0.6575000000000001,0.667050238321,0.02892364465221119
11,70793,0.392499999999999,4.60569490402e-05,7.111873305196342e-07,0.66,1.0112841701,0.05255253878885176,0.59,0.226123632006,0.01828653316453906,0.545,0.0844159419717,0.0006463830520964532,0.6125,0.264904273048,0.008685663009292051
11,70852,0.5925,0.392035987395,0.06909343918430313,0.6975,1.94863962775,0.10398985668475746,0.705,2.74397201519,0.13782133306603214,0.6900000000000001,3.4191413355,0.19573026081755135,0.6975,1.3320553329,0.06541593840847876
11,72086,0.40750000000000003,0.000115070029687,1.8452454967700783e-06,0.585,0.245336586953,0.006346307639813725,0.545,0.139518378628,0.010360381848957935,0.5650000000000001,0.61663716885,0.006489276164149671,0.847499999999999,5.4523407386,0.4856906380009747
11,74604,0.794999999999999,4.36007405304,0.627372969975568,0.9125000000000001,0.371016918651,0.985274614089561,0.827499999999999,5.4433007695,0.736564006763899,0.8300000000000001,3.29486221644,0.8818563354056468,0.804999999999999,2.96211206218,0.308394136767983
11,74635,0.382499999999999,2.44969349004e-05,3.6921548517595124e-07,0.5375,0.0374424829433,0.0007958947217443648,0.675,1.54867833492,0.0741134918261788,0.5575,0.333254422512,0.0029877800892260968,0.605,0.21858264817,0.006876488937145873
11,74688,0.75,4.3988761316,0.4254024619284427,0.774999999999999,7.79885873684,0.48805389232201635,0.75,4.65321931084,0.3050898820514153,0.7000000000000001,3.93128623486,0.2324992526499511,0.5,0.00464823906663,9.179375427323269e-05
11,74696,0.6675,2.03073771429,0.14957610125173287,0.6975,1.94863962775,0.10398985668475746,0.7175,3.29151852006,0.17553778461006686,0.7125,4.52610029144,0.28542806541580107,0.7825000000000001,2.14335851823,0.25183559936589334
11,76409,0.25,1.28516587349e-09,1.5024598732076147e-11,0.5775,0.191406299492,0.004714036297135972,0.5325,0.123731185575,0.008716255858290063,0.51,0.00114636854796,1.3250485600226998e-05,0.7175,3.38832023997,0.11177484557890546
11,76496,0.889999999999999,1.67636707368,0.9232129284915758,0.835,3.76324271018,0.8718428337650657,0.8975000000000001,1.25367005173,0.9717671555509381,0.9175000000000001,0.176442593166,0.9968541261285235,0.9325000000000001,2.73432769811,0.9298829269313162
11,78211,0.8025,4.23213077844,0.6596127828982852,0.8300000000000001,4.25820076522,0.8517984337957212,0.8600000000000001,3.53251425538,0.8850485132446322,0.81,4.4301634083,0.8043701633897564,0.794999999999999,2.54005013035,0.28096407550606345
11,79262,0.66,1.79546772034,0.13523513652412888,0.7575000000000001,6.92303629184,0.3577791305153264,0.8150000000000001,5.82062753338,0.6659018709140967,0.7275,5.12501957546,0.3579996829754792,0.8400000000000001,5.01579752715,0.44640374757697654
11,79313,0.7000000000000001,3.122391774,0.23319880633925555,0.6175,0.560912026578,0.01917143013490077,0.56,0.16068462957,0.0126076728760522,0.515,0.00184247547747,2.0556157426496848e-05,0.764999999999999,1.78449305487,0.21774626551336398
11,79388,0.7925000000000001,4.39576342522,0.6164274220904683,0.77,7.65391059608,0.44938321430973804,0.75,4.65321931084,0.3050898820514153,0.7325,5.28806321383,0.38404089529603047,0.725,3.28719475484,0.1374433799407387
11,80513,0.76,4.50352564159,0.4699671440446189,0.7825000000000001,7.83643870274,0.5468236388899937,0.76,5.02689287215,0.3535158128264344,0.7075,4.29640733458,0.2633665704682688,0.8250000000000001,4.07238032097,0.3782266295096396
11,80619,0.7625000000000001,4.51967640536,0.4812469954721341,0.77,7.65391059608,0.44938321430973804,0.8250000000000001,5.53879323434,0.7228343646966882,0.7775000000000001,5.62578814638,0.6379584460520517,0.8150000000000001,3.47862534031,0.34052314539958584
11,80759,0.5575,2.48903500479,0.041413192103773123,0.6675,1.11089356388,0.06049738984534829,0.7825000000000001,5.70558001312,0.474801021354839,0.6675,2.26555001988,0.13191898985635384,0.605,0.21858264817,0.006876488937145873
11,80766,0.6000000000000001,0.481727864835,0.07236070413836748,0.6975,1.94863962775,0.10398985668475746,0.7225,3.51017142525,0.1925426352547764,0.645,1.29749489084,0.09237960037930326,0.6375000000000001,0.464389538872,0.017659940082129413
11,80873,0.5,0.0139906732499,0.00029535819189386886,0.7775000000000001,7.83578423489,0.5076022327229197,0.7075,2.85288453604,0.1448172818826122,0.735,5.36171894023,0.3973542517725551,0.6325000000000001,0.419128865818,0.015452187231923169
11,84558,0.6275000000000001,0.947674635969,0.09149616575581067,0.7775000000000001,7.83578423489,0.5076022327229197,0.837499999999999,4.96980829096,0.7887458400583696,0.7925000000000001,5.21316058619,0.7195824923195647,0.7775000000000001,2.0205851601,0.2414334328157533
11,104560,0.515,0.0267056308615,0.0005905945190897284,0.485,0.00313536316599,6.706102026247827e-05,0.48,0.0669843797365,0.0037774489522066556,0.4,2.081814269e-08,1.69951273946886e-10,0.8500000000000001,5.58459036665,0.4994884919342649
11,104598,0.5,0.0139906732499,0.00029535819189386886,0.685,1.47923132207,0.08279452538006153,0.645,0.742143400304,0.040906884241127046,0.5825,1.34913593592,0.024155411461179464,0.67,0.805111229317,0.0381195723739173
11,104599,-0.25,1.40219663423e-34,9.378004218411393e-37,0.61,0.480352497614,0.015267767768854211,0.595,0.243739217303,0.019459949785564114,0.5725,0.964911402155,0.012405571424852982,0.6875,1.01914310708,0.053980156346671866
11,104688,0.75,4.3988761316,0.4254024619284427,0.6625,1.04219792173,0.05511899212143199,0.73,3.83400993178,0.22008723924181167,0.7275,5.12501957546,0.3579996829754792,0.8125,3.3412280933,0.3319994010783683
11,104824,0.5,0.0139906732499,0.00029535819189386886,0.6175,0.560912026578,0.01917143013490077,0.6000000000000001,0.264662027862,0.02072943237586122,0.6325000000000001,0.930409795272,0.0786377784317694,0.875,6.24415402732,0.6502769401300722
11,107778,0.78,4.51770202162,0.560617705785375,0.7375,5.07998569615,0.23697123671035097,0.7175,3.29151852006,0.17553778461006686,0.68,2.89764415006,0.16414765578720744,0.685,0.981471014215,0.05148078136219989
11,107870,0.72,3.74841838663,0.30206921386756586,0.8150000000000001,5.79302809582,0.7763869928515923,0.8225,5.62443848046,0.7088782488729379,0.8125,4.29784223328,0.8152810097460275,0.909999999999999,4.58218616345,0.8476364236535954
11,107898,0.605,0.549920206817,0.07493695849104814,0.6975,1.94863962775,0.10398985668475746,0.794999999999999,5.91211219738,0.5475827360785412,0.7025,4.05533616999,0.24248296464103158,0.6175,0.29928274299,0.0100949570201685
11,108143,0.5625,1.73609740707,0.05210793431099742,0.625,0.642021605045,0.023682786882339844,0.6950000000000001,2.3172463779,0.11252990353139572,0.485,0.000135210238688,1.4833437927025589e-06,0.7225,3.43256917614,0.12902326259858607
11,108336,0.41750000000000004,0.000207460550543,3.414976077704665e-06,0.595,0.330432593957,0.009213239732218383,0.56,0.16068462957,0.0126076728760522,0.535,0.0222393651932,0.00017493242184676492,0.5575,0.0500761159189,0.001246987381396685
11,108341,0.595,0.420269867097,0.07010846677304727,0.595,0.330432593957,0.009213239732218383,0.52,0.108877874812,0.007263277883455047,0.5825,1.34913593592,0.024155411461179464,0.8075000000000001,3.08271073741,0.3159489293966114
11,108351,0.665,1.95103219049,0.14459913808912256,0.615,0.533882198691,0.01780295841542827,0.685,1.91472505319,0.09139562804854282,0.65,1.48579437545,0.0993299557139252,0.6825,0.948797531812,0.04906868058636858
11,108388,0.58,0.303339454674,0.06489605377031632,0.5875,0.265250552251,0.006984344343500111,0.64,0.652006906933,0.03742643935234272,0.5475,0.114648744081,0.0008935774944101606,0.6900000000000001,1.06587211571,0.056583985941685844
11,108411,0.515,0.0267056308615,0.0005905945190897284,0.67,1.14964009057,0.06332235643209798,0.6575000000000001,1.02180148171,0.05184834143778639,0.6175,0.823273928957,0.06607722658835063,0.875,6.24415402732,0.6502769401300722
11,108416,0.7125,3.52551630428,0.2747809121982635,0.804999999999999,6.71736571601,0.7137007819527522,0.8174999999999991,5.76544100759,0.680386586305976,0.71,4.41282166284,0.27425373030604244,0.804999999999999,2.96211206218,0.308394136767983
11,108417,0.52,0.0343204347548,0.0007413718954029528,0.5325,0.0297231004422,0.0006286701943685268,0.6325000000000001,0.538005022448,0.03297911400298373,0.5825,1.34913593592,0.024155411461179464,0.8,2.73896096379,0.29415156017605115
11,108652,0.5625,1.73609740707,0.05210793431099742,0.5650000000000001,0.121002039415,0.002786347705494202,0.6425000000000001,0.695595806873,0.03911033584929217,0.5075000000000001,0.000917899117242,1.068232883612452e-05,0.525,0.0141518128786,0.0003073473013362099
11,109008,0.595,0.420269867097,0.07010846677304727,0.63,0.695395859577,0.027026690178330044,0.5325,0.123731185575,0.008716255858290063,0.5275000000000001,0.00795716431946,7.10600860516364e-05,0.6950000000000001,1.21319237032,0.06224242997981139
11,109067,0.75,4.3988761316,0.4254024619284427,0.7525000000000001,6.51389661664,0.32416482627233706,0.794999999999999,5.91211219738,0.5475827360785412,0.7625000000000001,5.76624507158,0.552176339155301,0.8,2.73896096379,0.29415156017605115
11,129429,0.76,4.50352564159,0.4699671440446189,0.68,1.34682087533,0.07574053687775845,0.5875,0.218356585028,0.017731064691071996,0.5775,1.18403385617,0.01779273214214686,0.7925000000000001,2.4495359587,0.27472831452552554
11,129459,0.605,0.549920206817,0.07493695849104814,0.6875,1.55609620171,0.08658709530747594,0.6925,2.2138359664,0.10686638815841161,0.6725,2.5134709482,0.1438631268669246,0.705,1.97157908639,0.07751828423539539
11,129490,0.7000000000000001,3.122391774,0.23319880633925555,0.6975,1.94863962775,0.10398985668475746,0.754999999999999,4.84385852392,0.32883548604885376,0.6575000000000001,1.79996182861,0.11162993792928591,0.889999999999999,5.87290734097,0.7419130903652159
11,129672,-0.25,1.40219663423e-34,9.378004218411393e-37,0.405,6.89294296992e-05,1.2811428632932088e-06,0.38,0.0111844312627,0.00044607298390595275,0.485,0.000135210238688,1.4833437927025589e-06,0.725,3.28719475484,0.1374433799407387
11,129907,0.6075,0.586636036658,0.07635728301371097,0.65,0.901188164119,0.04300367105255891,0.63,0.505226235378,0.031675590522589066,0.65,1.48579437545,0.0993299557139252,0.65,0.587575762667,0.02422092959763418
11,129987,0.5,0.0139906732499,0.00029535819189386886,0.6575000000000001,0.982083841612,0.05006114460316394,0.6875,2.0123799782,0.09630404989767473,0.6575000000000001,1.79996182861,0.11162993792928591,0.5625,0.0597120488029,0.0015208636203135977
11,130043,0.804999999999999,4.18291284817,0.6701322415304984,0.764999999999999,7.41973143773,0.4116636970100998,0.899999999999999,1.14468071736,0.9747637245888441,0.8300000000000001,3.29486221644,0.8818563354056468,0.865,6.15304357584,0.5880718572163925
11,130166,0.875,2.11727424581,0.8948167703262729,0.9325000000000001,0.230461886932,0.9911603426121771,0.9325000000000001,0.272173447988,0.9952726163861401,0.7875000000000001,5.38003893651,0.6930877194092241,0.8600000000000001,6.01402312301,0.5576303129311192
11,130586,-0.25,1.40219663423e-34,9.378004218411393e-37,0.35750000000000004,5.15456139234e-06,8.589739889877453e-08,0.28500000000000003,0.000944725154031,2.9176620348318118e-05,0.20750000000000002,1.86719532826e-21,9.617157924919693e-24,0.42750000000000005,9.1907746125e-05,1.4320266667139592e-06
11,134922,0.4375,0.000640891493286,1.1143302989566166e-05,0.6775,1.29000797556,0.07244569515322193,0.725,3.61879616721,0.2014539654058475,0.6925,3.54890612246,0.2044404780969871,0.79,2.3648064223,0.2687115741262976
11,134923,0.6725,2.19345684953,0.160134877820702,0.7025,2.20313014275,0.1143519367880257,0.725,3.61879616721,0.2014539654058475,0.6825,3.02769849002,0.17155420680532732,0.735,2.24118288477,0.1652306269161083
11,135551,0.7825000000000001,4.50110879587,0.5718920514481625,0.7725000000000001,7.73801300129,0.4686278793137738,0.8250000000000001,5.53879323434,0.7228343646966882,0.7575000000000001,5.75328747282,0.5233654303761414,0.774999999999999,1.96583679006,0.23645127740879118
11,135973,0.6675,2.03073771429,0.14957610125173287,0.7825000000000001,7.83643870274,0.5468236388899937,0.7925000000000001,5.88443005243,0.5328354895224419,0.8,4.91230440891,0.7575891215810704,0.8975000000000001,5.47453685083,0.7845443841654653
11,136122,0.5225000000000001,0.0409910022851,0.0008348120934214783,0.745,5.82086249879,0.27786296270796834,0.745,4.45610474543,0.28231407079559206,0.78,5.57566466764,0.651961852106854,0.8325,4.5456185523,0.4105374999853177
11,136139,0.8225,3.76033648627,0.7398191670224941,0.784999999999999,7.80007574496,0.5663743473043826,0.837499999999999,4.96980829096,0.7887458400583696,0.8025,4.79970693805,0.7697303353463711,0.845,5.31261339821,0.47223301986247285
11,136288,0.7425,4.28020530765,0.39283524184836455,0.7925000000000001,7.54890606388,0.62406307111825,0.8125,5.86562162804,0.6512919443936972,0.7375,5.42985476155,0.4108448899315964,0.827499999999999,4.22879266807,0.3886026625158526
11,136820,0.6025,0.514964295529,0.07360621532897314,0.6175,0.560912026578,0.01917143013490077,0.655,0.959436099837,0.04937247511382356,0.6275000000000001,0.843418549658,0.07422128074064434,0.655,0.640186793575,0.027289668217837376
11,136846,0.7625000000000001,4.51967640536,0.4812469954721341,0.804999999999999,6.71736571601,0.7137007819527522,0.7925000000000001,5.88443005243,0.5328354895224419,0.8075000000000001,4.55821748577,0.7931337492818074,0.6525000000000001,0.61368092686,0.02572241264374574
11,137085,0.847499999999999,2.99919165868,0.8245642206932337,0.8775000000000001,1.01710745875,0.9633435163608112,0.875,2.51031569056,0.9302893086335371,0.8400000000000001,2.70829688029,0.9118592447308465,0.9400000000000001,2.17576482944,0.9482591024830995
11,137869,0.8150000000000001,3.95670109046,0.7108675520088055,0.8700000000000001,1.29902499928,0.9547037383488216,0.905,0.946351060688,0.9799804411924844,0.875,1.03779606057,0.9750373287882002,0.972499999999999,0.586958849016,0.9893526925068503
11,138039,0.655,1.64566277413,0.12663485489568085,0.6375000000000001,0.773602669007,0.03253688801476472,0.63,0.505226235378,0.031675590522589066,0.6975,3.80531332023,0.22282813617291333,0.7325,2.50198200989,0.15930895998303302
11,140859,0.4375,0.000640891493286,1.1143302989566166e-05,0.6000000000000001,0.3779552775,0.01098298130152383,0.65,0.844441910494,0.044868153432677124,0.5975,1.32457581656,0.04519027520906554,0.59,0.143979875285,0.00418623740967834
11,140984,0.645,1.36580946379,0.11160061136991473,0.7425,5.57662373146,0.26361520718721654,0.7625000000000001,5.11510848304,0.3661938093895986,0.754999999999999,5.73607283021,0.5090022630524978,0.8925000000000001,5.75421901462,0.7564501005864551
11,141053,0.625,0.895772725986,0.08919226741224881,0.7025,2.20313014275,0.1143519367880257,0.645,0.742143400304,0.040906884241127046,0.65,1.48579437545,0.0993299557139252,0.7025,1.70723410742,0.07292998017259208
11,141356,0.7025,3.20534786263,0.24110866798109368,0.8400000000000001,3.29489538422,0.8894753492372766,0.8250000000000001,5.53879323434,0.7228343646966882,0.794999999999999,5.11935002711,0.7324995292979174,0.9475,1.68340390147,0.9626856544692737
11,142811,0.635,1.1152164071,0.09922092374194025,0.675,1.23861457141,0.06928598113216373,0.595,0.243739217303,0.019459949785564114,0.58,1.27551904241,0.020870482762527343,0.7825000000000001,2.14335851823,0.25183559936589334
11,142951,0.6475000000000001,1.43314306863,0.11509892376466786,0.7375,5.07998569615,0.23697123671035097,0.804999999999999,5.94085647578,0.6069625883289603,0.764999999999999,5.76173400854,0.566587859126192,0.784999999999999,2.21194397993,0.25727868080169297
11,143324,0.5750000000000001,0.376635824659,0.06325686566727914,0.625,0.642021605045,0.023682786882339844,0.5725,0.182248085612,0.014745642038445245,0.66,1.91189342325,0.11626907253005499,0.6775,0.889749716823,0.04447433002071514
11,145305,0.605,0.549920206817,0.07493695849104814,0.6875,1.55609620171,0.08658709530747594,0.7675000000000001,5.28380055048,0.3921956676514409,0.745,5.59916528636,0.452237524012229,0.725,3.28719475484,0.1374433799407387
11,145335,0.5225000000000001,0.0409910022851,0.0008348120934214783,0.5,0.00634869815525,0.0001353103607502475,0.55,0.146216145424,0.011074602261188433,0.5425,0.0613405814089,0.0004655346950111036,0.8,2.73896096379,0.29415156017605115
11,145444,0.725,3.88620147953,0.32115974515715406,0.6925,1.73422371678,0.09479868289872725,0.8525,4.04661333442,0.8566165791661648,0.754999999999999,5.73607283021,0.5090022630524978,0.794999999999999,2.54005013035,0.28096407550606345
11,146557,-0.25,1.40219663423e-34,9.378004218411393e-37,0.6825,1.40968347072,0.07918484079065717,0.73,3.83400993178,0.22008723924181167,0.72,4.84438778997,0.3205888356681182,0.74,1.85830747744,0.17539244116932132
11,146877,0.8075000000000001,4.13062164803,0.6805247859115533,0.5625,0.109704019041,0.0024981479082452343,0.865,3.18560239904,0.9018433569319149,0.715,4.63596475873,0.29688138634661215,0.865,6.15304357584,0.5880718572163925
11,146928,0.7000000000000001,3.122391774,0.23319880633925555,0.8174999999999991,5.54168526377,0.790556459882194,0.855,3.87720259201,0.8665219039193834,0.8600000000000001,1.65147193681,0.9550876983062832,0.885,6.0636714928,0.7120449519783453
11,146993,0.8125,4.01737122079,0.7008994256459129,1.0,0.0402683619135,0.9988022393090339,1.0,0.00379445562252,0.999935416380743,1.0,0.000771687652899,0.9999910672100777,0.8,2.73896096379,0.29415156017605115
11,147026,0.5,0.0139906732499,0.00029535819189386886,0.625,0.642021605045,0.023682786882339844,0.655,0.959436099837,0.04937247511382356,0.615,0.854885564217,0.0639825999492902,0.645,0.536727680465,0.021410970004895894
11,147101,0.625,0.895772725986,0.08919226741224881,0.6825,1.40968347072,0.07918484079065717,0.865,3.18560239904,0.9018433569319149,0.7225,4.94243894095,0.33282326731253215,0.8525,5.70809897518,0.513606304968958
11,147111,0.595,0.420269867097,0.07010846677304727,0.6225,0.615061003406,0.022111405395940496,0.735,4.0457905851,0.23978833537325417,0.774999999999999,5.66826137323,0.6238392874491869,0.837499999999999,4.86120522731,0.43405684733148725
11,147193,0.75,4.3988761316,0.4254024619284427,0.7975000000000001,7.2716616856,0.661148570602478,0.7825000000000001,5.70558001312,0.474801021354839,0.7825000000000001,5.51793886275,0.665830433199248,0.75,1.63192705895,0.19237996405230065
11,819,0.725,3.88620147953,0.32115974515715406,0.7225,3.64717520542,0.17173799088957725,0.7025,2.63574548622,0.13109685029565601,0.7075,4.29640733458,0.2633665704682688,0.8300000000000001,4.38684776524,0.399371964199845
11,1942,0.715,3.60175189527,0.28369037019717547,0.6075,0.454036223655,0.014099860103012759,0.6725,1.46405339452,0.07034819092141367,0.5925,1.41830507151,0.038304691972484164,0.784999999999999,2.21194397993,0.25727868080169297
11,1993,0.6625,1.87257542879,0.13981989945744464,0.835,3.76324271018,0.8718428337650657,0.7375,4.15015516663,0.2500334948262413,0.7525000000000001,5.71189215546,0.49469087154009916,0.905,4.96582579359,0.8237546199433303
