user,id,distanceScore,distanceScore_pdf,distanceScore_cdf,locationScore,locationScore_pdf,locationScore_cdf,mealScore,mealScore_pdf,mealScore_cdf,equipmentScore,equipmentScore_pdf,equipmentScore_cdf,serviceScore,serviceScore_pdf,serviceScore_cdf,bathScore,bathScore_pdf,bathScore_cdf,roomScore,roomScore_pdf,roomScore_cdf
9,101,0.9797530864197531,2.50467248781,0.9022820023555289,0.9400000000000001,2.92999213222,0.8504972463470561,0.6975,3.18824781759,0.3932349523951386,0.655,4.27254486046,0.22073932728603687,0.73,5.3949294332,0.4470709660352188,0.625,3.51873281125,0.34348636299258517,0.6000000000000001,1.11965127489,0.07113968052089051
9,192,0.755061728395061,1.33361940021,0.0703469915534327,0.745,2.55421594046,0.15128085110306821,0.6675,2.87239566039,0.30192504046213503,0.63,2.79181395015,0.13265033713579275,0.66,3.10717924499,0.12492345656930792,0.5325,1.6600366137,0.08444750422505458,0.6775,3.26220114099,0.2315368066563539
9,223,0.8103703703703701,3.78831096855,0.21308083316338278,0.605,0.306560110394,0.006617893711650608,0.5825,1.47146517945,0.11530574607520411,0.6375000000000001,3.21917760506,0.15516855390533127,0.6775,3.99194568779,0.1869371653645608,0.5575,2.34078807318,0.1342340355653005,0.605,1.19856813681,0.07693136344303239
9,388,0.851358024691358,4.33565810913,0.38383037584774987,0.915,3.66385445309,0.767466496545294,0.7825000000000001,3.18092945195,0.6738646842620586,0.7575000000000001,3.75967311403,0.6941501966221411,0.7675000000000001,4.39303142257,0.6342317000019528,0.675,3.34452842277,0.516282827875876,0.7675000000000001,3.75630655244,0.5751745525385198
9,398,0.720493827160493,0.49503503506,0.04115265785907493,0.61,0.36370020161,0.008293519499950334,0.847499999999999,2.10092965051,0.8499915380460679,0.635,3.07281124214,0.14730421055096557,0.66,3.10717924499,0.12492345656930792,0.545,1.98686828855,0.10720145216601815,0.6325000000000001,1.81509885729,0.11763942454513797
9,462,0.810864197530864,3.8039375041,0.21495547328612735,0.79,3.52595074733,0.29024791039951925,0.7075,3.25720996683,0.4254774585527483,0.7975000000000001,2.66324855079,0.8237194479576171,0.8300000000000001,2.12178247169,0.8347545557082379,0.64,3.50399223069,0.3962388065795296,0.68,3.33475858415,0.23978361595259262
9,509,0.9125925925925921,4.41579982229,0.6537033958164482,0.919999999999999,3.54076631771,0.7854831382930363,0.8225,2.60966694965,0.7909792059793648,0.6375000000000001,3.21917760506,0.15516855390533127,0.6950000000000001,4.80146153383,0.2642310589738438,0.5125000000000001,1.2264149532,0.05577248282569708,0.6950000000000001,3.69687376793,0.2926913913994321
9,568,0.9432098765432091,3.920212757,0.7831004923728139,0.9450000000000001,2.75063248385,0.8647025096766449,0.5675,1.22943760153,0.09506846305157257,0.685,5.21986955627,0.3681155651317844,0.7975000000000001,3.22836236184,0.7488470104824171,0.865,1.00138885317,0.91097998506525,0.6625,2.78070122037,0.18613714818930568
9,570,0.946172839506172,3.83335094997,0.7945889590493747,0.8775000000000001,4.10738337647,0.6186938322908383,0.857499999999999,1.88826894268,0.8699366564953869,0.754999999999999,3.81592112187,0.6846803302508438,0.7825000000000001,3.82628316035,0.6959168116245358,0.735,2.75456117048,0.7032915980974312,0.8625,2.14329641927,0.8670932218220937
9,610,0.899753086419753,4.45099106186,0.5967056932863716,0.9175000000000001,3.60383721,0.7765517508198848,0.8225,2.60966694965,0.7909792059793648,0.6875,5.20135463717,0.3811449117849557,0.725,5.40603762819,0.4200533511866554,0.615,3.482966741,0.3084408006463555,0.7825000000000001,3.59962805072,0.6303878628061077
9,630,0.7629629629629631,1.64993364534,0.08210395672222753,0.6875,0.878365606922,0.0527276408114207,0.7725000000000001,3.26002846979,0.6416386721783988,0.6375000000000001,3.21917760506,0.15516855390533127,0.68,4.11996454836,0.1970774365399603,0.5575,2.34078807318,0.1342340355653005,0.74,3.95159264616,0.46889340075008235
9,658,0.65679012345679,0.164592673061,0.023762754191473515,0.665,0.576275929309,0.03711752699948418,0.63,2.29283535219,0.20460620415623892,0.54,0.244711438212,0.0029842672775155232,0.5775,0.258325937644,0.010667857525772272,0.47750000000000004,0.67648184071,0.0230185199749656,0.59,0.987514478517,0.06063038447308686
9,659,0.622222222222222,0.128322887346,0.018784799255962152,0.65,0.557984358177,0.0287191706908845,0.62,2.11975614848,0.18254032690402267,0.5925,1.71837498806,0.053626119196629476,0.6125,0.97487197939,0.029669785775339005,0.47750000000000004,0.67648184071,0.0230185199749656,0.645,2.19434366677,0.14264487028876943
9,716,0.819259259259259,4.02869884768,0.24788730540963494,0.735,2.28594242236,0.12706337841154253,0.8025,2.94437444687,0.735292860759871,0.715,4.59218074189,0.5164454468475406,0.7225,5.39820401275,0.4065462458370945,0.645,3.48713737808,0.4137183719748575,0.8325,2.81290833364,0.792408264103533
9,767,0.9007407407407401,4.45059775379,0.601101565874443,0.8725,4.08346849994,0.5982081247604059,0.7325,3.35154782556,0.5083157801988403,0.6625,4.68069425694,0.2543538101042881,0.6950000000000001,4.80146153383,0.2642310589738438,0.5975,3.29861577683,0.24885877458249403,0.7000000000000001,3.78523087596,0.31140381774081155
9,839,1.0,1.6592616847,0.9442492792812623,0.925,3.40556110841,0.8028539703796318,0.735,3.3549489071,0.5166991317259517,0.7875000000000001,2.96791623462,0.7955469336811163,0.8150000000000001,2.58365847889,0.799511962723374,0.7275,2.88159124188,0.6821437835455182,0.845,2.55089026407,0.8259600360422548
9,858,0.631604938271604,0.135494494984,0.020021349088517337,0.6475000000000001,0.560357033218,0.02732126407884084,0.5675,1.22943760153,0.09506846305157257,0.635,3.07281124214,0.14730421055096557,0.61,0.891257234567,0.02733833639153832,0.5525,2.1975753705,0.12288849464717574,0.65,2.35832643549,0.1540243741840119
9,864,0.899753086419753,4.45099106186,0.5967056932863716,0.919999999999999,3.54076631771,0.7854831382930363,0.75,3.35142399177,0.5670493001622859,0.6375000000000001,3.21917760506,0.15516855390533127,0.6900000000000001,4.59705562246,0.24072331259744245,0.5625,2.48380465605,0.14629605753705135,0.71,3.91053671018,0.3499390702824895
9,922,0.5837037037037031,0.108590122158,0.014257192844354723,0.6825,0.77627238635,0.04859905893932085,0.4525,0.145435117429,0.0301059004838707,0.595,1.75570455683,0.057969691418869304,0.605,0.741382541594,0.023266284271186884,0.454999999999999,0.401350720896,0.011000904399688965,0.5750000000000001,0.838413258577,0.046995026477655716
9,930,0.750123456790123,1.15996334726,0.06419787423489648,0.885,4.10300268664,0.6495135568063835,0.7125,3.28489745163,0.44183459395890934,0.75,3.92301372779,0.6653299996909509,0.78,3.92314643307,0.6862297918222314,0.685,3.29061599147,0.5494627312222261,0.7925000000000001,3.475080493,0.6657751664530207
9,995,0.7664197530864191,1.80179928088,0.08806776416796888,0.65,0.557984358177,0.0287191706908845,0.7875000000000001,3.13166954501,0.6896489247369118,0.51,0.0163163618237,0.00012781327323371937,0.5775,0.258325937644,0.010667857525772272,0.52,1.37574328988,0.06552114710798411,0.5325,0.507319357992,0.018361559601701823
9,996,0.8390123456790121,4.28773211675,0.330555883542364,0.725,1.99380325464,0.10564283103130448,0.625,2.20673356017,0.19335684119873137,0.6000000000000001,1.82199816182,0.06691593741189841,0.65,2.63864004818,0.09620899908717653,0.5325,1.6600366137,0.08444750422505458,0.6375000000000001,1.96053205181,0.127074665029524
9,1119,0.8874074074074071,4.434532081,0.5418218511608401,0.7325,2.21536443239,0.12143641155621374,0.5,0.413436322087,0.04251232363789973,0.545,0.334252670899,0.004423636351281831,0.6000000000000001,0.613668040335,0.01988752164526766,0.5075000000000001,1.13478901014,0.049871927834279135,0.58,0.883052853323,0.05129698843503781
9,1128,0.7935802469135801,3.11738354356,0.15475956833921997,0.7725000000000001,3.22274814691,0.23094310332510481,0.8700000000000001,1.62861321772,0.8919052190238245,0.6925,5.12852632359,0.40698728662712946,0.7425,5.20742574432,0.5135668511108681,0.6025,3.36844115255,0.26553222678324717,0.6775,3.26220114099,0.2315368066563539
9,1186,0.712592592592592,0.403863171288,0.037618950935112076,0.67,0.609019848136,0.04007335844473918,0.5750000000000001,1.34850222593,0.10473310897195362,0.6175,2.21335176066,0.10160118471237051,0.7225,5.39820401275,0.4065462458370945,0.65,3.46677888856,0.43110435299260086,0.6625,2.78070122037,0.18613714818930568
9,1356,0.8316049382716041,4.22728562993,0.2989976645362831,0.925,3.40556110841,0.8028539703796318,0.79,3.10456302309,0.6974445603906694,0.774999999999999,3.32083088,0.7562106464826661,0.7575000000000001,4.75327051139,0.5884844233301422,0.73,2.84142748205,0.6892980124302506,0.8125,3.17667241737,0.732401248668666
9,1357,0.6083950617283951,0.119898240355,0.017071148810332736,0.835,3.66360824325,0.4531866223477022,0.76,3.32460731964,0.6004467920183524,0.78,3.1832991286,0.7724729843128685,0.8025,3.03163716514,0.7644943656021275,0.72,2.98911667426,0.6601166224775117,0.8075000000000001,3.25736243145,0.7163144823436627
9,1386,0.866666666666666,4.37280198843,0.45048219754326224,0.8600000000000001,3.94967216335,0.5479129417961509,0.5825,1.47146517945,0.11530574607520411,0.7025,4.89794518609,0.4571771208565206,0.6975,4.89297014413,0.2763506378232681,0.6525000000000001,3.45567186307,0.4397575215336931,0.7425,3.93974452411,0.47875789236459465
9,1404,0.575802469135802,0.10549738987,0.013411508981293518,0.75,2.68222859264,0.16437319842020653,0.75,3.35142399177,0.5670493001622859,0.6725,5.07752985756,0.3033253790485969,0.6725,3.73312042213,0.1676241248076078,0.77,1.9689777751,0.7865680151648515,0.7875000000000001,3.53941886062,0.6482371919011833
9,1500,0.8859259259259251,4.43066736061,0.5352550041342558,0.9375,3.01612896422,0.8430640689877393,0.6875,3.10091134437,0.361773804353174,0.5675,0.989682768321,0.018575560300005577,0.73,5.3949294332,0.4470709660352188,0.387499999999999,0.0247293818683,0.00042617790269201296,0.5825,0.907052501785,0.05353436134055432
9,1501,0.775308641975308,2.22119630127,0.10592164896853618,0.9450000000000001,2.75063248385,0.8647025096766449,0.55,0.970062062001,0.07586363895297453,0.505,0.00879915974212,6.670916375953466e-05,0.6425000000000001,2.29014715992,0.07772320695131216,0.4,0.0478822718273,0.0008662833142691836,0.6025,1.15794994115,0.07398620890086746
9,1511,0.724444444444444,0.551461866947,0.04321718900410252,0.8700000000000001,4.0641315457,0.5880226675508087,0.6075,1.90073823371,0.15741148445943115,0.52,0.0484339749476,0.0004278618756986312,0.6125,0.97487197939,0.029669785775339005,0.5925,3.21498469646,0.23256910412938375,0.54,0.568852734411,0.022398847947698537
9,1556,0.675555555555555,0.203127550624,0.027180651989092513,0.7825000000000001,3.41769357093,0.26418590875512,0.705,3.24167836545,0.41735361239364277,0.6625,4.68069425694,0.2543538101042881,0.675,3.86264450593,0.17711877477554389,0.6525000000000001,3.45567186307,0.4397575215336931,0.705,3.85635066099,0.33051493632908674
9,1630,0.6335802469135801,0.137198831711,0.020290663452512247,0.64,0.563527936184,0.023100084986826967,0.8525,1.99446778813,0.8602300810560892,0.6325000000000001,2.93000695531,0.13980153341502272,0.6525000000000001,2.75439052219,0.10295022556309837,0.6075,3.4243516619,0.28251996995338335,0.6825,3.40424121846,0.24820803650207235
9,1667,0.902222222222222,4.44938999736,0.6076942434633116,0.8,3.61021123717,0.3259856695162875,0.75,3.35142399177,0.5670493001622859,0.6625,4.68069425694,0.2543538101042881,0.68,4.11996454836,0.1970774365399603,0.49,0.852577211722,0.032557650803676855,0.6175,1.43921585522,0.09335035242092127
9,1680,0.875061728395061,4.39769784529,0.48729420269463886,0.8700000000000001,4.0641315457,0.5880226675508087,0.784999999999999,3.15712243737,0.6817875908494615,0.6950000000000001,5.07833728813,0.4197474051274568,0.7925000000000001,3.42902721676,0.7322041963143578,0.6975,3.2110114363,0.5901181642673353,0.7275,3.98291571444,0.4192484699584892
9,1725,0.760987654320987,1.56664976749,0.07892752235223527,0.7425,2.48893863953,0.14497670216438047,0.615,2.03225493484,0.17216015153394076,0.6000000000000001,1.82199816182,0.06691593741189841,0.685,4.3676429915,0.21830235018748748,0.625,3.51873281125,0.34348636299258517,0.6475000000000001,2.27568344088,0.148232105508964
9,1764,0.880987654320987,4.41628937524,0.5134098984196726,0.857499999999999,3.91534154864,0.5380814499433764,0.7725000000000001,3.26002846979,0.6416386721783988,0.67,4.99942227065,0.2907259121289508,0.7075,5.18425250742,0.32683629254647545,0.645,3.48713737808,0.4137183719748575,0.7425,3.93974452411,0.47875789236459465
9,1770,0.722962962962963,0.529363640836,0.042416720756071176,0.835,3.66360824325,0.4531866223477022,0.635,2.3776915992,0.21628311957312513,0.5775,1.34770397474,0.03028859779900979,0.6025,0.674865853012,0.021497108388495074,0.5525,2.1975753705,0.12288849464717574,0.64,2.03655481179,0.1320705917633113
9,1799,0.7614814814814811,1.58722008319,0.07970624866719182,0.8,3.61021123717,0.3259856695162875,0.8250000000000001,2.56217587804,0.7974442273118436,0.8400000000000001,1.34952609983,0.908006713392591,0.81,2.75373785279,0.7861736235701506,0.8500000000000001,1.07761020063,0.8953448189803281,0.885,1.59162636587,0.9090970636566056
9,1872,0.7866666666666661,2.78473467553,0.1343461314551231,0.9475,2.65787039406,0.8714635202816277,0.6075,1.90073823371,0.15741148445943115,0.6075,1.93827677725,0.08098765963122392,0.66,3.10717924499,0.12492345656930792,0.52,1.37574328988,0.06552114710798411,0.6475000000000001,2.27568344088,0.148232105508964
9,1927,0.8172839506172841,3.98276016893,0.23997405839717015,0.8400000000000001,3.69974759129,0.4715889027660805,0.5,0.413436322087,0.04251232363789973,0.5775,1.34770397474,0.03028859779900979,0.66,3.10717924499,0.12492345656930792,0.52,1.37574328988,0.06552114710798411,0.5775,0.860222064508,0.04911812300319112
9,1996,0.7866666666666661,2.78473467553,0.1343461314551231,0.7325,2.21536443239,0.12143641155621374,0.62,2.11975614848,0.18254032690402267,0.525,0.0775067345639,0.0007382697680436939,0.67,3.60429807928,0.15845258254364789,0.6000000000000001,3.33527166581,0.2571518584244983,0.495,0.204333132152,0.005217141441421232
9,1997,0.493827160493827,0.0716272339085,0.006082883992606276,0.67,0.609019848136,0.04007335844473918,0.7775000000000001,3.22366282657,0.6578505120424238,0.6625,4.68069425694,0.2543538101042881,0.6900000000000001,4.59705562246,0.24072331259744245,0.59,3.16815141344,0.2245895037726389,0.685,3.47036944535,0.2568020258620344
9,2335,0.884444444444444,4.42656111569,0.5286940671229428,0.6900000000000001,0.936376190288,0.0549951482207381,0.75,3.35142399177,0.5670493001622859,0.5825,1.50168501273,0.0374232552915195,0.675,3.86264450593,0.17711877477554389,0.485,0.780111712767,0.02847713733850138,0.64,2.03655481179,0.1320705917633113
9,2465,0.8153086419753081,3.93256717152,0.23215574632281966,0.7225,1.91681533028,0.10075426102640242,-0.25,0.997355701004,0.012499999999999997,0.7775000000000001,3.25266867245,0.764427774194641,0.7225,5.39820401275,0.4065462458370945,0.555,2.26907130298,0.12847172995704512,0.6675,2.9476459063,0.20045968727870211
9,2605,0.803456790123456,3.54273300753,0.18771077862542832,0.59,0.156223932037,0.0032097143141461533,-0.25,0.997355701004,0.012499999999999997,0.3025,1.54010420481e-09,1.8705285917703667e-11,0.339999999999999,0.000119535511159,3.5235190225244917e-06,0.355,0.00365039325845,6.249422721940832e-05,0.339999999999999,0.00122998351188,5.1464318791672904e-05
9,2876,0.886913580246913,4.43327348673,0.5396322682607378,0.9550000000000001,2.37083466758,0.8903277687743969,0.6075,1.90073823371,0.15741148445943115,0.794999999999999,2.74128174702,0.8169635357173284,0.8400000000000001,1.82200414663,0.8544656503022057,0.889999999999999,0.8133529714,0.9337623917163718,0.8174999999999991,3.09194327415,0.7480744771158481
9,2877,0.845432098765432,4.3178905221,0.35818711575037676,0.8075000000000001,3.63300527164,0.3531658230939328,0.6875,3.10091134437,0.361773804353174,0.75,3.92301372779,0.6653299996909509,0.635,1.9364333451,0.06187124237592474,0.635,3.51592563382,0.378686644112519,0.6725,3.10910782625,0.2156044667568292
9,2958,0.9797530864197531,2.50467248781,0.9022820023555289,0.8775000000000001,4.10738337647,0.6186938322908383,0.6825,3.05036877807,0.3463937127672704,0.59,1.67546299583,0.04938248341277338,0.65,2.63864004818,0.09620899908717653,0.7475,2.50163517281,0.7361926930140519,0.5325,0.507319357992,0.018361559601701823
9,4771,0.79753086419753,3.29638375004,0.16743208364353132,0.8975000000000001,3.99165379282,0.7002316452576743,0.6025,1.81332486528,0.1481264940881134,0.635,3.07281124214,0.14730421055096557,0.705,5.12259838776,0.3139511974195066,0.5175000000000001,1.32427915622,0.06214648185807005,0.705,3.85635066099,0.33051493632908674
9,4778,0.941234567901234,3.97423476696,0.7753029889642028,0.9400000000000001,2.92999213222,0.8504972463470561,0.7875000000000001,3.13166954501,0.6896489247369118,0.7125,4.64926805101,0.5048941853885754,0.6875,4.48511548417,0.22936935922034768,0.6575000000000001,3.43223168627,0.4569778422711892,0.774999999999999,3.68234746447,0.6030748431161695
9,4801,0.8103703703703701,3.78831096855,0.21308083316338278,0.764999999999999,3.05157367953,0.20740508391397336,0.7075,3.25720996683,0.4254774585527483,0.625,2.53412952295,0.11934730501526578,0.735,5.34679217405,0.4739407894312767,0.6725,3.35740134327,0.5079053845258713,0.64,2.03655481179,0.1320705917633113
9,4805,0.940246913580246,4.0000597888,0.7713650003146074,0.9125000000000001,3.72077751136,0.7582350564276905,0.7675000000000001,3.29024430581,0.6252604792462363,0.74,4.11749128036,0.6251079840122281,0.7725000000000001,4.20755086488,0.6557343404770049,0.6975,3.2110114363,0.5901181642673353,0.8400000000000001,2.65892361137,0.8129337408609972
9,4819,0.884444444444444,4.42656111569,0.5286940671229428,0.7225,1.91681533028,0.10075426102640242,0.6025,1.81332486528,0.1481264940881134,0.6725,5.07752985756,0.3033253790485969,0.6725,3.73312042213,0.1676241248076078,0.56,2.41245835273,0.14017563186355592,0.715,3.94864880881,0.3695934884246487
9,4977,0.7970370370370371,3.27458248486,0.16580961557745025,0.8500000000000001,3.81175537994,0.5091081510927088,0.64,2.4609188651,0.2283804055989648,0.725,4.38851636534,0.5613189779178395,0.71,5.2385881784,0.3398663627455188,0.705,3.15119195236,0.6139836083276914,0.685,3.47036944535,0.2568020258620344
9,5024,0.9032098765432091,4.44814998375,0.6120881198691689,0.7425,2.48893863953,0.14497670216438047,0.67,2.90468093551,0.3091465945523552,0.6525000000000001,4.12530834551,0.2102412564497412,0.7000000000000001,4.97701883077,0.28868968904217657,0.495,0.928170403519,0.037008112778764,0.7625000000000001,3.80093884439,0.5562799011009515
9,5041,0.8246913580246911,4.13387984734,0.2700709648912098,0.6375000000000001,0.561324165015,0.021693558157228773,0.75,3.35142399177,0.5670493001622859,0.454999999999999,4.4910517615e-05,7.805182929214767e-07,0.41000000000000003,0.00155950965614,4.018466665264014e-05,0.36250000000000004,0.00575248983892,9.716356167570626e-05,0.47750000000000004,0.10737558272,0.0025497164903734004
9,5303,0.78716049382716,2.80905627381,0.13572731687780137,0.8600000000000001,3.94967216335,0.5479129417961509,0.25,3.00656530575e-05,0.025000450015304515,0.47250000000000003,0.000141698083389,2.194862514173259e-06,0.75,5.00156356854,0.5518850760176162,0.6950000000000001,3.22860888508,0.5820684257013633,0.5,0.239287292947,0.006324979176266131
9,5309,0.9041975308641971,4.44654354329,0.6164805919340268,0.7675000000000001,3.11022563932,0.21510760424218583,0.6950000000000001,3.1681416033,0.3852892251618045,0.6900000000000001,5.17024340996,0.3941118340526072,0.6975,4.89297014413,0.2763506378232681,0.585,3.06501625714,0.2090014815482189,0.6950000000000001,3.69687376793,0.2926913913994321
9,5385,0.9446913580246911,3.87764538332,0.788876898702132,0.8425,3.72321541496,0.48086688473806827,0.7625000000000001,3.31456820562,0.6087460501318903,0.5875,1.62550097549,0.04525469665886567,0.6075,0.813454926248,0.025208652575555796,0.5075000000000001,1.13478901014,0.049871927834279135,0.6000000000000001,1.11965127489,0.07113968052089051
9,5562,0.9111111111111111,4.42367737704,0.6471554932998917,0.9575,2.27343632785,0.8961331914359644,0.6875,3.10091134437,0.361773804353174,0.774999999999999,3.32083088,0.7562106464826661,0.8025,3.03163716514,0.7644943656021275,0.7575000000000001,2.27071332959,0.7600700033349221,0.8200000000000001,3.04805135335,0.7557496839346192
9,5627,0.7688888888888881,1.91458919999,0.09265521012782374,0.59,0.156223932037,0.0032097143141461533,0.6675,2.87239566039,0.30192504046213503,0.5225000000000001,0.0616371515409,0.0005649266421110461,0.59,0.416534790489,0.014796340591337541,0.5675,2.62438510709,0.15906802477939325,0.66,2.69609161533,0.17929106254459312
9,5729,0.826172839506172,4.15746865916,0.27621296121497296,0.6375000000000001,0.561324165015,0.021693558157228773,0.5,0.413436322087,0.04251232363789973,0.5225000000000001,0.0616371515409,0.0005649266421110461,0.5,0.0508298137333,0.0015068007545758618,0.41000000000000003,0.0777102139703,0.001484394106278557,0.545,0.608328246687,0.025342328304845944
9,7055,0.7412345679012341,0.895688574036,0.05510729614356942,0.6375000000000001,0.561324165015,0.021693558157228773,0.8075000000000001,2.8691468309,0.7498292160337885,0.47250000000000003,0.000141698083389,2.194862514173259e-06,0.54,0.108556340462,0.00467603272657102,0.464999999999999,0.51648258006,0.01557943202045164,0.5675,0.777668443651,0.04093844071450774
9,7341,0.8864197530864191,4.43198468015,0.5374433144186983,0.7675000000000001,3.11022563932,0.21510760424218583,0.5,0.413436322087,0.04251232363789973,0.6125,2.05404249144,0.09095173144079288,0.7000000000000001,4.97701883077,0.28868968904217657,0.6025,3.36844115255,0.26553222678324717,0.754999999999999,3.86090225328,0.5275426681421562
9,7342,0.9061728395061721,4.44216709467,0.625259827876796,0.847499999999999,3.77968427976,0.49961928406052336,0.59,1.59768117759,0.1268132240961584,0.545,0.334252670899,0.004423636351281831,0.5875,0.37781981388,0.013804200735097708,0.52,1.37574328988,0.06552114710798411,0.56,0.721066277045,0.035319688620604785
9,7343,0.9619753086419751,3.26643584281,0.8508940463972126,0.9125000000000001,3.72077751136,0.7582350564276905,0.6325000000000001,2.33544288156,0.21039162170896183,0.6875,5.20135463717,0.3811449117849557,0.7075,5.18425250742,0.32683629254647545,0.665,3.39533277436,0.4825820820762938,0.715,3.94864880881,0.3695934884246487
9,7588,0.958024691358024,3.42231593608,0.8376791467523726,0.8150000000000001,3.63424189167,0.3804264315286977,0.6025,1.81332486528,0.1481264940881134,0.6725,5.07752985756,0.3033253790485969,0.6950000000000001,4.80146153383,0.2642310589738438,0.845,1.09617931882,0.8899092528077919,0.6175,1.43921585522,0.09335035242092127
9,7599,0.9456790123456791,3.84830563727,0.7926922459507351,0.9500000000000001,2.56342655919,0.8779904591546583,0.75,3.35142399177,0.5670493001622859,0.5625,0.81202083289,0.014075852238090478,0.6000000000000001,0.613668040335,0.01988752164526766,0.5325,1.6600366137,0.08444750422505458,0.5675,0.777668443651,0.04093844071450774
9,7903,0.6716049382716051,0.193180418484,0.02639821560160756,0.64,0.563527936184,0.023100084986826967,0.75,3.35142399177,0.5670493001622859,0.6425000000000001,3.519083872,0.17201110596906596,0.68,4.11996454836,0.1970774365399603,0.5375,1.78618376142,0.09306025948816404,0.645,2.19434366677,0.14264487028876943
9,8207,0.7046913580246911,0.335985980797,0.03470935386764972,0.7775000000000001,3.32631366856,0.24732016929899223,0.6625,2.80490712175,0.28773020019660733,0.7375,4.16301772772,0.6147571719927105,0.6975,4.89297014413,0.2763506378232681,0.54,1.85167492564,0.09760726598979932,0.6575000000000001,2.61120664848,0.1726569192895984
9,8290,0.8898765432098761,4.44031154194,0.5527786347544617,0.8300000000000001,3.64181937617,0.43492877679252556,0.8925000000000001,1.20604104642,0.9236598643201632,0.7825000000000001,3.11272650472,0.7803432677234583,0.77,4.30064587199,0.6450989421697428,0.75,2.44576572184,0.7423772527950574,0.8325,2.81290833364,0.792408264103533
9,8961,0.835555555555555,4.26376064363,0.3157736284580365,0.9075000000000001,3.82506266432,0.7393650424569909,0.535,0.772212372874,0.06282729546225722,0.6325000000000001,2.93000695531,0.13980153341502272,0.6625,3.22821914218,0.13284225875036346,0.5325,1.6600366137,0.08444750422505458,0.6025,1.15794994115,0.07398620890086746
9,9191,0.28098765432098705,0.00288019592471,0.00011174791372408209,0.6825,0.77627238635,0.04859905893932085,0.5825,1.47146517945,0.11530574607520411,0.605,1.8938989585,0.07619900949147258,0.685,4.3676429915,0.21830235018748748,0.5925,3.21498469646,0.23256910412938375,0.63,1.74595795639,0.11318861966781285
9,9518,0.919012345679012,4.36737244,0.6819093037373507,0.8500000000000001,3.81175537994,0.5091081510927088,0.75,3.35142399177,0.5670493001622859,0.625,2.53412952295,0.11934730501526578,0.7000000000000001,4.97701883077,0.28868968904217657,0.675,3.34452842277,0.516282827875876,0.725,3.9821932958,0.4092915151449137
9,10630,0.7698765432098761,1.9606043513,0.09456884604864343,0.867499999999999,4.04045492217,0.5778910866287512,0.58,1.43008315195,0.11167888864023108,0.6675,4.90621548429,0.27834086088541177,0.7275,5.40504366393,0.43356907585971993,0.7075,3.1284913291,0.6218335298349342,0.7225,3.97862830819,0.3993398722980409
9,10672,0.72395061728395,0.543966581525,0.04294671822193962,0.9275,3.3334674369,0.8112783756657831,-0.25,0.997355701004,0.012499999999999997,0.535,0.173453449776,0.0019460474451842204,0.6075,0.813454926248,0.025208652575555796,0.5,1.00744639222,0.04184548540163715,0.6425000000000001,2.11455872003,0.13725909077856202
9,11039,0.0,4.70182434701e-07,1.2121227648484577e-08,0.8125,3.63521980543,0.37133943117620305,0.715,3.29706863725,0.4500622825724654,0.7625000000000001,3.64193126416,0.7126570500836411,0.735,5.34679217405,0.4739407894312767,0.72,2.98911667426,0.6601166224775117,0.8425,2.6054351676,0.8195144116970303
9,11140,0.245432098765432,0.00119749865809,4.309477607440444e-05,0.7825000000000001,3.41769357093,0.26418590875512,0.5275000000000001,0.682848608556,0.05737496142303228,0.5775,1.34770397474,0.03028859779900979,0.6975,4.89297014413,0.2763506378232681,0.55,2.12655425095,0.11748345697358262,0.6325000000000001,1.81509885729,0.11763942454513797
9,11230,0.8301234567901231,4.21068145344,0.2927471067316883,0.8975000000000001,3.99165379282,0.7002316452576743,0.6825,3.05036877807,0.3463937127672704,0.6725,5.07752985756,0.3033253790485969,0.74,5.26227805756,0.5004780819208171,0.6125,3.46668013313,0.2997530841627516,0.6950000000000001,3.69687376793,0.2926913913994321
9,11275,0.8740740740740741,4.39461119959,0.48295232365599794,0.8775000000000001,4.10738337647,0.6186938322908383,0.8250000000000001,2.56217587804,0.7974442273118436,0.7875000000000001,2.96791623462,0.7955469336811163,0.8225,2.34793890973,0.8179941626048455,0.8200000000000001,1.19134349547,0.8614289859778805,0.8775000000000001,1.77404880879,0.8964787205420999
9,12534,0.895308641975308,4.44913091055,0.5769255689728038,0.735,2.28594242236,0.12706337841154253,0.6900000000000001,3.12447168264,0.3695557720623022,0.6475000000000001,3.82340123319,0.1903667714843838,0.665,3.35146688115,0.14106639833889234,0.5625,2.48380465605,0.14629605753705135,0.6525000000000001,2.4419968508,0.16002459449625933
9,14112,0.869135802469135,4.37973927478,0.46128772549667374,0.8174999999999991,3.63277971253,0.38951023677763386,0.715,3.29706863725,0.4500622825724654,0.75,3.92301372779,0.6653299996909509,0.754999999999999,4.8392179123,0.5764932915117755,0.705,3.15119195236,0.6139836083276914,0.77,3.73259989698,0.5845358802691951
9,15812,0.8222222222222221,4.08981524822,0.2599170061971653,0.7125,1.59857454822,0.08316771920277138,0.5475,0.93540518322,0.07348193914405717,0.5750000000000001,1.26200811213,0.02702550735754363,0.62,1.25950426237,0.03801815865468097,0.5,1.00744639222,0.04184548540163715,0.5675,0.777668443651,0.04093844071450774
9,15877,0.741728395061728,0.908767805534,0.05555283335515111,0.764999999999999,3.05157367953,0.20740508391397336,0.375,0.0148113280491,0.02536489274972298,0.47000000000000003,0.000115689472547,1.874794915569318e-06,0.545,0.11663545059,0.00523866266439615,0.4325,0.197118049656,0.004424475705684159,0.43999999999999906,0.0194336376391,0.0005790521086739247
9,15878,0.8696296296296291,4.38117141412,0.4634509127368265,0.8,3.61021123717,0.3259856695162875,0.6925,3.14688275348,0.37739520486707545,0.6975,5.02183227785,0.4323737123476885,0.75,5.00156356854,0.5518850760176162,0.65,3.46677888856,0.43110435299260086,0.7025,3.82294050611,0.3209149312186128
9,16373,0.6641975308641971,0.177399441903,0.02502779015389447,0.7000000000000001,1.20706742131,0.06566615503124351,0.6675,2.87239566039,0.30192504046213503,0.6925,5.12852632359,0.40698728662712946,0.6925,4.70269626559,0.2523493823718143,0.5975,3.29861577683,0.24885877458249403,0.65,2.35832643549,0.1540243741840119
9,17703,0.9827160493827161,2.3752312785,0.9095112922175261,0.595,0.200426910639,0.004098352680290107,0.0,2.7446244561e-14,0.02500000000000027,0.635,3.07281124214,0.14730421055096557,0.605,0.741382541594,0.023266284271186884,0.42750000000000005,0.163422282082,0.0035249274162965885,0.76,3.82186980465,0.546751197065999
9,17743,0.8755555555555551,4.39924907444,0.4894662881743942,0.784999999999999,3.45789546415,0.27278121224175894,0.5,0.413436322087,0.04251232363789973,0.6725,5.07752985756,0.3033253790485969,0.665,3.35146688115,0.14106639833889234,0.6625,3.40777915774,0.4740781687372147,0.6825,3.40424121846,0.24820803650207235
9,17938,0.908148148148148,4.43613095167,0.6340288012681519,0.7125,1.59857454822,0.08316771920277138,0.5,0.413436322087,0.04251232363789973,0.3125,3.41160757964e-09,4.2268842981827324e-11,0.4375,0.00529923605896,0.00012421306804432207,0.4575,0.428915946336,0.012038558323071203,0.262499999999999,0.000192736650985,6.751753197034183e-06
9,17979,0.752592592592592,1.24439826699,0.06716523176490673,0.6775,0.694077990477,0.04493168874223324,0.7125,3.28489745163,0.44183459395890934,0.6525000000000001,4.12530834551,0.2102412564497412,0.7325,5.37551820325,0.4605359710657535,0.49,0.852577211722,0.032557650803676855,0.6825,3.40424121846,0.24820803650207235
9,18166,0.997037037037037,1.77501727442,0.9391623423894208,0.8825000000000001,4.10993567271,0.6392462503660264,0.6125,1.9884121221,0.1671343118710733,0.5875,1.62550097549,0.04525469665886567,0.64,2.17271052164,0.07214449081954652,0.5625,2.48380465605,0.14629605753705135,0.6625,2.78070122037,0.18613714818930568
9,18246,0.9624691358024691,3.2464301473,0.8525021658394962,0.8725,4.08346849994,0.5982081247604059,0.774999999999999,3.24262916109,0.6497673177725677,0.784999999999999,3.04093909823,0.7880356047746471,0.7525000000000001,4.92226860041,0.5642907443214833,0.77,1.9689777751,0.7865680151648515,0.78,3.62820133793,0.6213528652395542
9,18248,0.8562962962962961,4.34740153872,0.40527053969126015,0.9075000000000001,3.82506266432,0.7393650424569909,0.9175000000000001,0.833842275322,0.9489293190428674,0.7475,3.97391797058,0.65545848069327,0.8625,1.36132809254,0.8894831196173174,0.8174999999999991,1.20654573131,0.8584320177121392,0.7725000000000001,3.70795200208,0.5938367677496633
9,18270,0.9501234567901231,3.70707492993,0.8094874551204345,0.7925000000000001,3.55348666388,0.29909812259088,0.645,2.54212632915,0.2408889418900314,0.6775,5.18449254051,0.32900849953345535,0.7425,5.20742574432,0.5135668511108681,0.6275000000000001,3.52116818215,0.3522867235436619,0.764999999999999,3.77908401727,0.5657551216803274
9,18297,0.853333333333333,4.34051323315,0.39239948564666416,0.8525,3.84555969138,0.5186795078963988,0.75,3.35142399177,0.5670493001622859,0.745,4.02318347845,0.6454617769707733,0.745,5.14509937805,0.5265089786200543,0.7275,2.88159124188,0.6821437835455182,0.7525000000000001,3.87894152069,0.5178676505618347
9,18311,0.838024691358024,4.28154409948,0.32632410159252245,0.8300000000000001,3.64181937617,0.43492877679252556,0.75,3.35142399177,0.5670493001622859,0.382499999999999,5.55350615071e-07,8.03071285575654e-09,0.58,0.28330809272,0.011344270422659926,0.41750000000000004,0.1086487872,0.002178189343157337,0.42000000000000004,0.00832250773899,0.00032105489091622375
9,18312,0.7891358024691351,2.90565398162,0.14137167196586176,0.9025000000000001,3.91582620569,0.7200069342162391,1.0,0.229477900339,0.9877419807183354,0.48250000000000004,0.000407848234609,4.630282626121659e-06,0.6525000000000001,2.75439052219,0.10295022556309837,0.48250000000000004,0.744923837459,0.026570981355632264,0.5275000000000001,0.465048116419,0.015930322143841665
9,18319,0.8538271604938271,4.34168434373,0.39454323868359964,0.7525000000000001,2.74524873818,0.17115766323678824,0.47750000000000004,0.259041254589,0.03505113272351553,0.485,0.000563223522997,5.831868075938342e-06,0.48250000000000004,0.0305859836445,0.0008028393758633884,0.615,3.482966741,0.3084408006463555,0.53,0.48627944884,0.017119515671106457
9,18392,0.655308641975308,0.162324838101,0.02352060405953665,0.725,1.99380325464,0.10564283103130448,0.5775,1.38908755101,0.1081550082752339,0.5775,1.34770397474,0.03028859779900979,0.5975,0.557517028773,0.01842456219785429,0.52,1.37574328988,0.06552114710798411,0.595,1.04960200288,0.06572006337051375
9,18476,0.8730864197530861,4.39155258341,0.4786134799778907,0.8925000000000001,4.05064587413,0.6801184422760387,0.75,3.35142399177,0.5670493001622859,0.7075,4.7707134136,0.4813478631523105,0.784999999999999,3.72830803953,0.7053602784551019,0.6875,3.27613234123,0.5576712804850295,0.73,3.98102194161,0.42920391366900734
9,18739,0.7308641975308641,0.661512622504,0.04709776191645762,0.847499999999999,3.77968427976,0.49961928406052336,0.6875,3.10091134437,0.361773804353174,0.6925,5.12852632359,0.40698728662712946,0.745,5.14509937805,0.5265089786200543,0.5875,3.11811496708,0.21673101712575976,0.754999999999999,3.86090225328,0.5275426681421562
9,18763,0.955555555555555,3.51550711406,0.8291132089876312,0.9575,2.27343632785,0.8961331914359644,-0.25,0.997355701004,0.012499999999999997,0.29250000000000004,6.83747509829e-10,8.144767095907856e-12,0.5825,0.311415219899,0.012087002257714072,0.5,1.00744639222,0.04184548540163715,0.29250000000000004,0.00041346896311,1.5469540618249586e-05
9,19718,0.8444444444444441,4.31418581284,0.3539243393384647,0.905,3.87220995659,0.7297427340449988,0.875,1.52874576474,0.8997974315948024,0.6925,5.12852632359,0.40698728662712946,0.9225000000000001,0.916994983677,0.950233936084845,0.635,3.51592563382,0.378686644112519,0.77,3.73259989698,0.5845358802691951
9,19745,0.6167901234567901,0.124755964494,0.01809759443525484,0.857499999999999,3.91534154864,0.5380814499433764,-0.25,0.997355701004,0.012499999999999997,0.857499999999999,0.983560712808,0.9282165273637106,0.8925000000000001,0.887194169983,0.9234382250758575,0.625,3.51873281125,0.34348636299258517,0.857499999999999,2.26369786453,0.8560747100177306
9,20639,0.972345679012345,2.82884441647,0.8825267469080771,0.81,3.63502655452,0.36225130931184674,0.5825,1.47146517945,0.11530574607520411,0.4425,2.22897071563e-05,3.767919392743158e-07,0.5275000000000001,0.0900825345618,0.0034354872581488075,0.3375,0.00128096832628,2.302108826526292e-05,0.41500000000000004,0.00696970474714,0.00028297389498304894
9,25302,0.925925925925925,4.2855135447,0.7118396708697796,0.725,1.99380325464,0.10564283103130448,0.5,0.413436322087,0.04251232363789973,0.48750000000000004,0.00078999326537,7.5056542413929855e-06,0.5125000000000001,0.0681701746147,0.0022488296331482707,0.39,0.0283514343125,0.0004924375568031498,0.5625,0.739686649827,0.03714559859280665
9,27972,0.779753086419753,2.44087885679,0.11628041563444098,0.827499999999999,3.63576226739,0.42583240864381744,0.6675,2.87239566039,0.30192504046213503,0.7025,4.89794518609,0.4571771208565206,0.7525000000000001,4.92226860041,0.5642907443214833,0.6675,3.38278471551,0.4910547484254212,0.7775000000000001,3.6557694496,0.6122476938339123
9,28024,0.8562962962962961,4.34740153872,0.40527053969126015,1.0,0.890305367815,0.9605425122969109,0.9175000000000001,0.833842275322,0.9489293190428674,0.899999999999999,0.516788042834,0.9585961851240603,1.0,0.617026352382,0.9853382877288239,1.0,0.236681408802,0.9880536569950018,0.8500000000000001,2.4387546476,0.8384357967740027
9,28466,0.9456790123456791,3.84830563727,0.7926922459507351,0.9575,2.27343632785,0.8961331914359644,0.61,1.94456062263,0.16221809812245477,0.68,5.21256944744,0.3420083436430616,0.665,3.35146688115,0.14106639833889234,0.5875,3.11811496708,0.21673101712575976,0.68,3.33475858415,0.23978361595259262
9,28484,0.9358024691358021,4.10638561355,0.7533446728811666,0.8600000000000001,3.94967216335,0.5479129417961509,0.605,1.85698132529,0.1527143523478205,0.625,2.53412952295,0.11934730501526578,0.6375000000000001,2.05469016365,0.06686014671735893,0.61,3.44717651099,0.2911100814260097,0.5675,0.777668443651,0.04093844071450774
9,28512,0.9906172839506171,2.03702915834,0.9269336961723833,0.7525000000000001,2.74524873818,0.17115766323678824,0.827499999999999,2.51368273709,0.8037892502002936,0.6775,5.18449254051,0.32900849953345535,0.764999999999999,4.48469197079,0.6231343859513084,0.635,3.51592563382,0.378686644112519,0.725,3.9821932958,0.4092915151449137
9,28570,0.7214814814814811,0.508401793175,0.04164814297010394,0.6375000000000001,0.561324165015,0.021693558157228773,0.7225,3.32697325767,0.4749086092316891,0.5,0.00454255506093,3.4412999484115164e-05,0.4625,0.0150296031664,0.0003602092207994326,0.4325,0.197118049656,0.004424475705684159,0.47500000000000003,0.0968877041431,0.002294558470382679
9,28894,0.7851851851851851,2.71145047282,0.13027482947364483,0.705,1.3595375765,0.07207924547578747,0.5,0.413436322087,0.04251232363789973,0.62,2.30998503641,0.1072530595097888,0.6475000000000001,2.52293864722,0.08975698712254843,0.459999999999999,0.457321012849,0.013146183998430443,0.67,3.0292454746,0.20793112552138987
9,29183,0.84,4.29344432278,0.3347935392549921,0.8225,3.63118315471,0.4076686430292338,0.5825,1.47146517945,0.11530574607520411,0.635,3.07281124214,0.14730421055096557,0.6900000000000001,4.59705562246,0.24072331259744245,0.5825,3.00902222448,0.20140834928662305,0.6475000000000001,2.27568344088,0.148232105508964
9,29184,0.8222222222222221,4.08981524822,0.2599170061971653,0.774999999999999,3.27585438334,0.239066864958751,0.5375,0.803457421519,0.0647967334999624,0.5700000000000001,1.08125332314,0.02116410290445048,0.62,1.25950426237,0.03801815865468097,0.449999999999999,0.348908135309,0.009126796107558484,0.5725,0.817480200328,0.04492532697890552
9,29229,0.8493827160493821,4.33040068998,0.3752712241431285,0.7725000000000001,3.22274814691,0.23094310332510481,0.4375,0.0997255810815,0.028284945018226367,0.34750000000000003,4.83297166806e-08,6.446632903514714e-10,0.36750000000000005,0.000297263492917,8.865015009913042e-06,0.3075,0.00024291479288,4.552253183705335e-06,0.34750000000000003,0.0014426712267,6.146814645916136e-05
9,29338,0.602962962962962,0.117094956181,0.016427569101922397,0.615,0.419025201483,0.010251882966099917,-0.25,0.997355701004,0.012499999999999997,0.6525000000000001,4.12530834551,0.2102412564497412,0.7000000000000001,4.97701883077,0.28868968904217657,0.62,3.50641134151,0.3259191556468053,0.6900000000000001,3.59159917107,0.2744633119084226
9,29381,0.5051851851851851,0.0770190563997,0.006927259645005473,0.66,0.559686750035,0.03428360363377664,0.5325,0.741689132,0.06093507009506834,0.595,1.75570455683,0.057969691418869304,0.625,1.47371944725,0.04484430313496499,0.55,2.12655425095,0.11748345697358262,0.67,3.0292454746,0.20793112552138987
9,29764,0.829629629629629,4.20475870876,0.29066921209517305,0.774999999999999,3.27585438334,0.239066864958751,0.6000000000000001,1.76980246043,0.1436476162724328,0.68,5.21256944744,0.3420083436430616,0.7425,5.20742574432,0.5135668511108681,0.5875,3.11811496708,0.21673101712575976,0.7225,3.97862830819,0.3993398722980409
9,30094,0.8212345679012341,4.07046312978,0.2558871562918922,0.63,0.539098146859,0.017551071915004813,0.625,2.20673356017,0.19335684119873137,0.62,2.30998503641,0.1072530595097888,0.675,3.86264450593,0.17711877477554389,0.5825,3.00902222448,0.20140834928662305,0.5625,0.739686649827,0.03714559859280665
9,31557,0.8627160493827161,4.36250909133,0.4332275847986318,0.9275,3.3334674369,0.8112783756657831,1.0,0.229477900339,0.9877419807183354,0.5575,0.649357665972,0.010430096007344175,0.725,5.40603762819,0.4200533511866554,0.5825,3.00902222448,0.20140834928662305,0.7925000000000001,3.475080493,0.6657751664530207
9,32060,0.9476543209876541,3.78736435412,0.8002341398482598,1.0,0.890305367815,0.9605425122969109,0.75,3.35142399177,0.5670493001622859,0.65,3.97516624253,0.20011520034768404,0.65,2.63864004818,0.09620899908717653,0.5625,2.48380465605,0.14629605753705135,0.55,0.646614033823,0.02848013433077714
9,38608,0.802469135802469,3.50378967385,0.18423093994911455,0.7875000000000001,3.49404862382,0.28147201003446765,0.75,3.35142399177,0.5670493001622859,0.74,4.11749128036,0.6251079840122281,0.7275,5.40504366393,0.43356907585971993,0.764999999999999,2.08952274214,0.7764224965198736,0.67,3.0292454746,0.20793112552138987
9,38649,0.811851851851851,3.8343952646,0.21872757698249062,0.7575000000000001,2.86969015755,0.1851958815859493,0.8225,2.60966694965,0.7909792059793648,0.7525000000000001,3.87036584745,0.6750720948578632,0.7925000000000001,3.42902721676,0.7322041963143578,0.867499999999999,0.985352001168,0.913463600125805,0.78,3.62820133793,0.6213528652395542
9,39144,0.6666666666666661,0.182288967653,0.025471779325431074,0.655,0.555243203616,0.031500362568190526,0.6675,2.87239566039,0.30192504046213503,0.5575,0.649357665972,0.010430096007344175,0.6425000000000001,2.29014715992,0.07772320695131216,0.5,1.00744639222,0.04184548540163715,0.63,1.74595795639,0.11318861966781285
9,39247,0.9037037037037031,4.44739356668,0.6142845541863194,0.847499999999999,3.77968427976,0.49961928406052336,0.5175000000000001,0.574199819184,0.051099854910405064,0.65,3.97516624253,0.20011520034768404,0.5750000000000001,0.236260955036,0.010050209527910336,0.595,3.25850125743,0.24066166253414717,0.5525,0.665396817548,0.03012018903238537
9,39495,0.87358024691358,4.39307788996,0.4807825241902576,0.75,2.68222859264,0.16437319842020653,0.66,2.76977443766,0.2807616619385607,0.7225,4.43622274052,0.5502884089445725,0.764999999999999,4.48469197079,0.6231343859513084,0.5525,2.1975753705,0.12288849464717574,0.6900000000000001,3.59159917107,0.2744633119084226
9,39581,0.8029629629629621,3.52337432042,0.18596605139423922,0.9575,2.27343632785,0.8961331914359644,-0.25,0.997355701004,0.012499999999999997,0.6175,2.21335176066,0.10160118471237051,0.735,5.34679217405,0.4739407894312767,0.47000000000000003,0.578522764498,0.018315803549921423,0.6675,2.9476459063,0.20045968727870211
9,40799,0.96395061728395,3.18579738049,0.8572668897351046,0.9550000000000001,2.37083466758,0.8903277687743969,0.75,3.35142399177,0.5670493001622859,0.68,5.21256944744,0.3420083436430616,0.735,5.34679217405,0.4739407894312767,0.5725,2.76023821243,0.17253202617885902,0.6225,1.55393580592,0.10082875588552928
9,40956,0.6474074074074071,0.15159965568,0.02228183962160992,0.595,0.200426910639,0.004098352680290107,-0.25,0.997355701004,0.012499999999999997,0.625,2.53412952295,0.11934730501526578,0.7825000000000001,3.82628316035,0.6959168116245358,0.6575000000000001,3.43223168627,0.4569778422711892,0.72,3.97199480565,0.3894009308409613
9,41042,0.8207407407407401,4.06040759427,0.2538795234066066,0.8325,3.65099567255,0.44404410803905936,-0.25,0.997355701004,0.012499999999999997,0.34750000000000003,4.83297166806e-08,6.446632903514714e-10,0.5425,0.112491194865,0.004952306641905947,0.515,1.27452608936,0.05889832505109227,0.444999999999999,0.0245758304379,0.0006885333410690282
9,41069,0.810864197530864,3.8039375041,0.21495547328612735,0.81,3.63502655452,0.36225130931184674,0.7725000000000001,3.26002846979,0.6416386721783988,0.8525,1.07396933874,0.9230771039015682,0.827499999999999,2.19705710101,0.8293559682199549,0.8025,1.34620630278,0.8394003551426874,0.845,2.55089026407,0.8259600360422548
9,41615,0.544691358024691,0.0937731669848,0.010311354841662889,0.8775000000000001,4.10738337647,0.6186938322908383,0.9675,0.383925487984,0.95297373797802,0.7425,4.07096965423,0.6353437976215589,0.919999999999999,0.931643309258,0.9479209667530152,0.81,1.26495858387,0.8491768202374899,0.847499999999999,2.49531708829,0.8322680058224721
9,41703,0.7925925925925921,3.0711516537,0.15170345811285793,0.77,3.16740601798,0.22295498709094327,0.6975,3.18824781759,0.3932349523951386,0.735,4.20787064057,0.6042934580010288,0.6925,4.70269626559,0.2523493823718143,0.685,3.29061599147,0.5494627312222261,0.7875000000000001,3.53941886062,0.6482371919011833
9,41708,0.6498765432098761,0.1547215531,0.022659974001366302,0.665,0.576275929309,0.03711752699948418,0.6775,2.99533749113,0.3312776006454373,0.645,3.67107745973,0.1809986548739743,0.6725,3.73312042213,0.1676241248076078,0.51,1.17986546105,0.052764948684050975,0.735,3.97026747981,0.4490857698028238
9,41851,0.8898765432098761,4.44031154194,0.5527786347544617,0.65,0.557984358177,0.0287191706908845,-0.25,0.997355701004,0.012499999999999997,0.6000000000000001,1.82199816182,0.06691593741189841,0.6425000000000001,2.29014715992,0.07772320695131216,0.3275,0.000721322700067,1.3293532412206866e-05,0.635,1.88666420404,0.12226613501581321
9,43759,0.7056790123456791,0.343409008154,0.035044834888211945,0.6975,1.13441111385,0.06273988932036084,0.75,3.35142399177,0.5670493001622859,0.8174999999999991,2.01214437025,0.8705151594796586,0.8625,1.36132809254,0.8894831196173174,0.7675000000000001,2.02903047643,0.7815706273998346,0.75,3.89592834686,0.5081488370661978
9,44059,0.9565432098765431,3.4786544027,0.8325671636641503,0.8225,3.63118315471,0.4076686430292338,-0.25,0.997355701004,0.012499999999999997,0.5125000000000001,0.0218208539823,0.00017520057472773513,0.6575000000000001,2.98813726153,0.11730469267162325,0.5325,1.6600366137,0.08444750422505458,0.605,1.19856813681,0.07693136344303239
9,44938,0.834567901234567,4.25562889471,0.3115664717074744,0.9275,3.3334674369,0.8112783756657831,0.8125,2.78797878688,0.7639744223702563,0.6075,1.93827677725,0.08098765963122392,0.75,5.00156356854,0.5518850760176162,0.464999999999999,0.51648258006,0.01557943202045164,0.6425000000000001,2.11455872003,0.13725909077856202
9,50703,0.8562962962962961,4.34740153872,0.40527053969126015,0.74,2.42258346231,0.13883705611110286,0.675,2.96617830354,0.3238254810336462,0.7125,4.64926805101,0.5048941853885754,0.7325,5.37551820325,0.4605359710657535,0.645,3.48713737808,0.4137183719748575,0.7000000000000001,3.78523087596,0.31140381774081155
9,50830,0.8967901234567901,4.45036502835,0.5835178587350622,0.81,3.63502655452,0.36225130931184674,0.6375000000000001,2.4195331896,0.22227974044545015,0.5650000000000001,0.89948418304,0.016214539333165363,0.655,2.87070780911,0.10998142325982752,0.5725,2.76023821243,0.17253202617885902,0.66,2.69609161533,0.17929106254459312
9,50921,0.9397530864197531,4.01267378854,0.7693865393743815,0.7025,1.28227579913,0.06877735372737911,0.8325,2.4140503143,0.8161099499469853,0.5925,1.71837498806,0.053626119196629476,0.64,2.17271052164,0.07214449081954652,0.5975,3.29861577683,0.24885877458249403,0.68,3.33475858415,0.23978361595259262
9,51734,0.8503703703703701,4.33309111381,0.37954950285345024,0.7275,2.06928717591,0.11072202191988925,0.56,1.11486987421,0.08628029922738718,0.6000000000000001,1.82199816182,0.06691593741189841,0.6825,4.24557278311,0.20753497921635206,0.56,2.41245835273,0.14017563186355592,0.7225,3.97862830819,0.3993398722980409
9,52992,0.928395061728395,4.24790717273,0.7223757084823028,0.8225,3.63118315471,0.4076686430292338,0.6725,2.93595116101,0.3164475991805059,0.75,3.92301372779,0.6653299996909509,0.71,5.2385881784,0.3398663627455188,0.6725,3.35740134327,0.5079053845258713,0.705,3.85635066099,0.33051493632908674
9,54491,0.952098765432098,3.6396967606,0.8167439737483928,0.9025000000000001,3.91582620569,0.7200069342162391,0.705,3.24167836545,0.41735361239364277,0.77,3.4534116927,0.7392729073109046,0.7775000000000001,4.01891652542,0.6763019923140114,0.9450000000000001,0.48295896139,0.9683197757009397,0.7975000000000001,3.40660335474,0.6829810966713413
9,54885,0.9525925925925921,3.62243268771,0.8185370988965297,0.8500000000000001,3.81175537994,0.5091081510927088,0.625,2.20673356017,0.19335684119873137,0.585,1.56764112686,0.04126157829764727,0.68,4.11996454836,0.1970774365399603,0.5625,2.48380465605,0.14629605753705135,0.55,0.646614033823,0.02848013433077714
9,56634,0.8646913580246911,4.36753282873,0.44184980952067743,0.9400000000000001,2.92999213222,0.8504972463470561,0.764999999999999,3.30312561181,0.6170184634785372,0.8525,1.07396933874,0.9230771039015682,0.8300000000000001,2.12178247169,0.8347545557082379,0.7575000000000001,2.27071332959,0.7600700033349221,0.845,2.55089026407,0.8259600360422548
9,56758,0.7827160493827161,2.58859590912,0.12373143347428883,0.68,0.732622826482,0.046713994554881004,0.8125,2.78797878688,0.7639744223702563,0.7725000000000001,3.38776093049,0.7478246459617162,0.77,4.30064587199,0.6450989421697428,0.745,2.55593420128,0.729870386294686,0.8225,3.00312933146,0.7633138755147701
9,56917,0.829629629629629,4.20475870876,0.29066921209517305,0.8300000000000001,3.64181937617,0.43492877679252556,0.7325,3.35154782556,0.5083157801988403,0.72,4.48584102172,0.5391362691965744,0.73,5.3949294332,0.4470709660352188,0.6575000000000001,3.43223168627,0.4569778422711892,0.77,3.73259989698,0.5845358802691951
9,56975,0.776296296296296,2.26965784045,0.10813933349173356,0.8,3.61021123717,0.3259856695162875,0.6000000000000001,1.76980246043,0.1436476162724328,0.68,5.21256944744,0.3420083436430616,0.6975,4.89297014413,0.2763506378232681,0.7175,3.02077542524,0.6526038362167872,0.7325,3.97673438815,0.43915158507271984
9,67160,0.88,4.41323367793,0.5090496370299866,0.8625,3.98250383605,0.5578285608798033,0.68,3.02340709667,0.3388012604128129,0.8150000000000001,2.09395387932,0.8653826699946842,0.774999999999999,4.1136786611,0.6661360500846721,0.76,2.21064920937,0.7656718236580569,0.8500000000000001,2.4387546476,0.8384357967740027
9,67299,0.7091358024691351,0.371673542879,0.036279720867960094,0.545,0.0162198754737,0.000594630640743712,0.5,0.413436322087,0.04251232363789973,0.6775,5.18449254051,0.32900849953345535,0.6775,3.99194568779,0.1869371653645608,0.6625,3.40777915774,0.4740781687372147,0.6825,3.40424121846,0.24820803650207235
9,67423,0.652839506172839,0.158736028645,0.023124280262165783,0.6825,0.77627238635,0.04859905893932085,0.59,1.59768117759,0.1268132240961584,0.6375000000000001,3.21917760506,0.15516855390533127,0.705,5.12259838776,0.3139511974195066,0.6775,3.33148066174,0.5246278813728654,0.6875,3.53289396455,0.2655568797010753
9,67905,0.8,3.40260983606,0.17570342769075026,0.845,3.74999375638,0.4902077426462338,0.6675,2.87239566039,0.30192504046213503,0.764999999999999,3.58058634338,0.7216855251244412,0.7975000000000001,3.22836236184,0.7488470104824171,0.75,2.44576572184,0.7423772527950574,0.8,3.37082088279,0.6914530905096735
9,68565,0.8958024691358021,4.44960546323,0.5791227903661902,0.857499999999999,3.91534154864,0.5380814499433764,0.5775,1.38908755101,0.1081550082752339,0.6950000000000001,5.07833728813,0.4197474051274568,0.7175,5.3574946805,0.37964349540194103,0.665,3.39533277436,0.4825820820762938,0.7575000000000001,3.84186554058,0.5371713310853009
9,68688,0.883456790123456,4.4237115815,0.5243235554274344,0.8075000000000001,3.63300527164,0.3531658230939328,0.79,3.10456302309,0.6974445603906694,0.685,5.21986955627,0.3681155651317844,0.78,3.92314643307,0.6862297918222314,0.62,3.50641134151,0.3259191556468053,0.8025,3.33401629462,0.6998343493210595
9,69217,0.9125925925925921,4.41579982229,0.6537033958164482,0.72,1.83850911578,0.09605985494572183,0.7675000000000001,3.29024430581,0.6252604792462363,0.7000000000000001,4.96107598144,0.44485302907569574,0.7675000000000001,4.39303142257,0.6342317000019528,0.6425000000000001,3.49608712136,0.4049891421243234,0.74,3.95159264616,0.46889340075008235
9,69292,0.75358024691358,1.27951594751,0.06841154623983578,0.74,2.42258346231,0.13883705611110286,0.75,3.35142399177,0.5670493001622859,0.74,4.11749128036,0.6251079840122281,0.76,4.66516548254,0.6002578501733757,0.7875000000000001,1.58491356725,0.8175430181133618,0.8150000000000001,3.13481458834,0.7402908180025575
9,70225,0.795555555555555,3.20815399489,0.16100740345552142,0.804999999999999,3.62854674926,0.34408831575302584,-0.25,0.997355701004,0.012499999999999997,0.58,1.42805347547,0.03375956445949726,0.5925,0.459222570381,0.015890184831278405,0.5375,1.78618376142,0.09306025948816404,0.64,2.03655481179,0.1320705917633113
9,70358,0.8291358024691351,4.19863530293,0.28859429165529404,0.75,2.68222859264,0.16437319842020653,0.5325,0.741689132,0.06093507009506834,0.47500000000000003,0.000177605567995,2.5914885499707886e-06,0.5425,0.112491194865,0.004952306641905947,0.545,1.98686828855,0.10720145216601815,0.48,0.118693829287,0.0028321285271576957
9,70659,0.7832098765432091,2.61321113943,0.12501583083244,0.5650000000000001,0.0386694210569,0.0010949415260890019,0.5275000000000001,0.682848608556,0.05737496142303228,0.6025,1.85594575985,0.0715128008126289,0.6950000000000001,4.80146153383,0.2642310589738438,0.55,2.12655425095,0.11748345697358262,0.685,3.47036944535,0.2568020258620344
9,70707,0.8493827160493821,4.33040068998,0.3752712241431285,0.8825000000000001,4.10993567271,0.6392462503660264,0.7225,3.32697325767,0.4749086092316891,0.6675,4.90621548429,0.27834086088541177,0.67,3.60429807928,0.15845258254364789,0.6425000000000001,3.49608712136,0.4049891421243234,0.7525000000000001,3.87894152069,0.5178676505618347
9,70749,0.8661728395061721,4.37146106942,0.44832312089448456,0.6575000000000001,0.556239437788,0.03288927118786206,0.65,2.62092325218,0.2537976508499653,0.36,1.18417957936e-07,1.624423354627855e-09,0.39,0.000678498006277,1.916475817803061e-05,0.365,0.00668984806545,0.00011268773879438568,0.39,0.00350985340009,0.0001598337471310098
9,70793,0.808395061728395,3.72318484068,0.2056613859014139,0.6125,0.391827732468,0.00923807302320474,0.392499999999999,0.0269505341698,0.025721460348048307,0.545,0.334252670899,0.004423636351281831,0.66,3.10717924499,0.12492345656930792,0.5275000000000001,1.54086940774,0.07644823773207629,0.59,0.987514478517,0.06063038447308686
9,70852,0.799012345679012,3.36069419986,0.17236345938433423,0.6975,1.13441111385,0.06273988932036084,0.5925,1.64035642937,0.13086071482185965,0.6900000000000001,5.17024340996,0.3941118340526072,0.6975,4.89297014413,0.2763506378232681,0.595,3.25850125743,0.24066166253414717,0.705,3.85635066099,0.33051493632908674
9,72086,0.515061728395061,0.0815091523539,0.007710278396949468,0.847499999999999,3.77968427976,0.49961928406052336,0.40750000000000003,0.0431152803358,0.026239104027044383,0.5650000000000001,0.89948418304,0.016214539333165363,0.585,0.342850850436,0.012904120242365844,0.41750000000000004,0.1086487872,0.002178189343157337,0.545,0.608328246687,0.025342328304845944
9,74604,0.789629629629629,2.92960198147,0.1428124795831594,0.804999999999999,3.62854674926,0.34408831575302584,0.794999999999999,3.04538707849,0.7128221881106098,0.8300000000000001,1.62194742344,0.8931855898050516,0.9125000000000001,0.92082643362,0.9409298327684156,0.9075000000000001,0.680631291891,0.9468029821088557,0.827499999999999,2.91014906565,0.7780988273525584
9,74635,0.769382716049382,1.93753616611,0.09360634712786667,0.605,0.306560110394,0.006617893711650608,0.382499999999999,0.0192780486953,0.02549210754076281,0.5575,0.649357665972,0.010430096007344175,0.5375,0.104759633358,0.00440941029491145,0.655,3.44412017353,0.44838234226327134,0.675,3.18687487349,0.22347491821504525
9,74688,0.580246913580246,0.107219297297,0.01388419801192172,0.5,0.00491908678165,0.00018093710710340695,0.75,3.35142399177,0.5670493001622859,0.7000000000000001,4.96107598144,0.44485302907569574,0.774999999999999,4.1136786611,0.6661360500846721,0.625,3.51873281125,0.34348636299258517,0.75,3.89592834686,0.5081488370661978
9,74696,0.892839506172839,4.44588504617,0.565943779494947,0.7825000000000001,3.41769357093,0.26418590875512,0.6675,2.87239566039,0.30192504046213503,0.7125,4.64926805101,0.5048941853885754,0.6975,4.89297014413,0.2763506378232681,0.6950000000000001,3.22860888508,0.5820684257013633,0.7175,3.96207194456,0.3794826396775903
9,76409,0.885432098765432,4.4293232143,0.5330673510709989,0.7175,1.75914161415,0.09156260170371061,0.25,3.00656530575e-05,0.025000450015304515,0.51,0.0163163618237,0.00012781327323371937,0.5775,0.258325937644,0.010667857525772272,0.52,1.37574328988,0.06552114710798411,0.5325,0.507319357992,0.018361559601701823
9,76496,0.8044444444444441,3.58075851256,0.1912286288853091,0.9325000000000001,3.18045878355,0.8275680383943791,0.889999999999999,1.24923587689,0.9205909848449361,0.9175000000000001,0.417083259324,0.9667156146789253,0.835,1.97076161007,0.8449859836170774,0.804999999999999,1.31636814392,0.8427279839845931,0.8975000000000001,1.30390778126,0.9271667632346565
9,78211,0.8740740740740741,4.39461119959,0.48295232365599794,0.794999999999999,3.57663706367,0.3080116863015372,0.8025,2.94437444687,0.735292860759871,0.81,2.2586540904,0.8545013847542248,0.8300000000000001,2.12178247169,0.8347545557082379,0.827499999999999,1.15539217128,0.8702213383523507,0.8600000000000001,2.2038050612,0.8616592276682171
9,79262,0.897283950617283,4.45064627405,0.5857156420717297,0.8400000000000001,3.69974759129,0.4715889027660805,0.66,2.76977443766,0.2807616619385607,0.7275,4.34228871848,0.5722322238201223,0.7575000000000001,4.75327051139,0.5884844233301422,0.827499999999999,1.15539217128,0.8702213383523507,0.8150000000000001,3.13481458834,0.7402908180025575
9,79313,0.7886419753086421,2.88161957092,0.13994271209703263,0.764999999999999,3.05157367953,0.20740508391397336,0.7000000000000001,3.20720323727,0.4012295056367393,0.515,0.0288217184857,0.00023816393413310187,0.6175,1.1592506117,0.034995767079263225,0.41250000000000003,0.0871320446649,0.0016902687464709833,0.56,0.721066277045,0.035319688620604785
9,79388,0.8069135802469131,3.67163783409,0.20018345757545686,0.725,1.99380325464,0.10564283103130448,0.7925000000000001,3.07580084405,0.705170359968488,0.7325,4.25241996007,0.5937180729644294,0.77,4.30064587199,0.6450989421697428,0.715,3.05045156843,0.6450143978762577,0.75,3.89592834686,0.5081488370661978
9,80513,0.8207407407407401,4.06040759427,0.2538795234066066,0.8250000000000001,3.63239270097,0.41674772316674036,0.76,3.32460731964,0.6004467920183524,0.7075,4.7707134136,0.4813478631523105,0.7825000000000001,3.82628316035,0.6959168116245358,0.5975,3.29861577683,0.24885877458249403,0.76,3.82186980465,0.546751197065999
9,80619,0.9777777777777771,2.59127012274,0.8972489911490866,0.8150000000000001,3.63424189167,0.3804264315286977,0.7625000000000001,3.31456820562,0.6087460501318903,0.7775000000000001,3.25266867245,0.764427774194641,0.77,4.30064587199,0.6450989421697428,0.6975,3.2110114363,0.5901181642673353,0.8250000000000001,2.95716595342,0.7707644628208188
9,80759,0.6167901234567901,0.124755964494,0.01809759443525484,0.605,0.306560110394,0.006617893711650608,0.5575,1.07777727966,0.08353960937771918,0.6675,4.90621548429,0.27834086088541177,0.6675,3.47691192624,0.14960143114288071,0.845,1.09617931882,0.8899092528077919,0.7825000000000001,3.59962805072,0.6303878628061077
9,80766,0.8197530864197531,4.03952729697,0.2498794707251128,0.6375000000000001,0.561324165015,0.021693558157228773,0.6000000000000001,1.76980246043,0.1436476162724328,0.645,3.67107745973,0.1809986548739743,0.6975,4.89297014413,0.2763506378232681,0.645,3.48713737808,0.4137183719748575,0.7225,3.97862830819,0.3993398722980409
9,80873,0.8182716049382711,4.00625721626,0.24391933943205257,0.6325000000000001,0.549369748761,0.018912280641712395,0.5,0.413436322087,0.04251232363789973,0.735,4.20787064057,0.6042934580010288,0.7775000000000001,4.01891652542,0.6763019923140114,0.705,3.15119195236,0.6139836083276914,0.7075,3.88551861,0.340193148375181
9,84558,0.8256790123456791,4.14983621589,0.2741617654507855,0.7775000000000001,3.32631366856,0.24732016929899223,0.6275000000000001,2.2499166507,0.19892770423424327,0.7925000000000001,2.81808966817,0.8100140612758591,0.7775000000000001,4.01891652542,0.6763019923140114,0.75,2.44576572184,0.7423772527950574,0.837499999999999,2.71133723291,0.8062206895655044
9,104560,0.9170370370370371,4.38489363067,0.67326468753576,0.8500000000000001,3.81175537994,0.5091081510927088,0.515,0.548946105278,0.049696082227537436,0.4,1.73890225068e-06,2.6255700327776072e-08,0.485,0.0331119338672,0.0008824346835713232,0.40750000000000003,0.0691210769341,0.001301023714196973,0.48,0.118693829287,0.0028321285271576957
9,104598,0.8543209876543211,4.34284328932,0.396687566947185,0.67,0.609019848136,0.04007335844473918,0.5,0.413436322087,0.04251232363789973,0.5825,1.50168501273,0.0374232552915195,0.685,4.3676429915,0.21830235018748748,0.515,1.27452608936,0.05889832505109227,0.645,2.19434366677,0.14264487028876943
9,104599,0.8804938271604931,4.41476622209,0.5112293904480013,0.6875,0.878365606922,0.0527276408114207,-0.25,0.997355701004,0.012499999999999997,0.5725,1.1726057486,0.023981649190672312,0.61,0.891257234567,0.02733833639153832,0.47000000000000003,0.578522764498,0.018315803549921423,0.595,1.04960200288,0.06572006337051375
9,104688,0.743209876543209,0.949116462396,0.05692883732277529,0.8125,3.63521980543,0.37133943117620305,0.75,3.35142399177,0.5670493001622859,0.7275,4.34228871848,0.5722322238201223,0.6625,3.22821914218,0.13284225875036346,0.7225,2.95540258502,0.6675477064060111,0.73,3.98102194161,0.42920391366900734
9,104824,0.8222222222222221,4.08981524822,0.2599170061971653,0.875,4.09800031696,0.6084360023628181,0.5,0.413436322087,0.04251232363789973,0.6325000000000001,2.93000695531,0.13980153341502272,0.6175,1.1592506117,0.034995767079263225,0.5675,2.62438510709,0.15906802477939325,0.6000000000000001,1.11965127489,0.07113968052089051
9,107778,0.589135802469135,0.110818148404,0.01485307075870568,0.685,0.824914513978,0.05059951894593033,0.78,3.20310363193,0.6658843044188647,0.68,5.21256944744,0.3420083436430616,0.7375,5.30892182271,0.4872623060381529,0.6000000000000001,3.33527166581,0.2571518584244983,0.7175,3.96207194456,0.3794826396775903
9,107870,0.90716049382716,4.43936465676,0.6296458043027033,0.909999999999999,3.77454386946,0.7488652387791007,0.72,3.31810102753,0.4666020387807319,0.8125,2.17623375964,0.8600449984337282,0.8150000000000001,2.58365847889,0.799511962723374,0.735,2.75456117048,0.7032915980974312,0.8225,3.00312933146,0.7633138755147701
9,107898,0.7614814814814811,1.58722008319,0.07970624866719182,0.6175,0.444818214744,0.011332027923311231,0.605,1.85698132529,0.1527143523478205,0.7025,4.89794518609,0.4571771208565206,0.6975,4.89297014413,0.2763506378232681,0.6075,3.4243516619,0.28251996995338335,0.794999999999999,3.44135811829,0.6744209301850888
9,108143,0.8824691358024691,4.42078754701,0.519955895930045,0.7225,1.91681533028,0.10075426102640242,0.5625,1.15252425879,0.0891144269229507,0.485,0.000563223522997,5.831868075938342e-06,0.625,1.47371944725,0.04484430313496499,0.73,2.84142748205,0.6892980124302506,0.6950000000000001,3.69687376793,0.2926913913994321
9,108336,0.8469135802469131,4.32296923708,0.3645878186072804,0.5575,0.0266443248445,0.000853867702663633,0.41750000000000004,0.0578156165737,0.02674079471991374,0.535,0.173453449776,0.0019460474451842204,0.595,0.506128442145,0.01709596796570305,0.387499999999999,0.0247293818683,0.00042617790269201296,0.56,0.721066277045,0.035319688620604785
9,108341,0.9516049382716051,3.65679526366,0.8149423639184998,0.8075000000000001,3.63300527164,0.3531658230939328,0.595,1.6832877712,0.13501521967950386,0.5825,1.50168501273,0.0374232552915195,0.595,0.506128442145,0.01709596796570305,0.52,1.37574328988,0.06552114710798411,0.52,0.400834086903,0.012683102967503376
9,108351,0.598518518518518,0.114960187544,0.015911938928310238,0.6825,0.77627238635,0.04859905893932085,0.665,2.83912640652,0.2947854363127336,0.65,3.97516624253,0.20011520034768404,0.615,1.06426244604,0.03221751334596103,0.64,3.50399223069,0.3962388065795296,0.685,3.47036944535,0.2568020258620344
9,108388,0.819259259259259,4.02869884768,0.24788730540963494,0.6900000000000001,0.936376190288,0.0549951482207381,0.58,1.43008315195,0.11167888864023108,0.5475,0.386503120938,0.005323501552254109,0.5875,0.37781981388,0.013804200735097708,0.6000000000000001,3.33527166581,0.2571518584244983,0.64,2.03655481179,0.1320705917633113
9,108411,0.9303703703703701,4.21444641776,0.7307340900395725,0.875,4.09800031696,0.6084360023628181,0.515,0.548946105278,0.049696082227537436,0.6175,2.21335176066,0.10160118471237051,0.67,3.60429807928,0.15845258254364789,0.7075,3.1284913291,0.6218335298349342,0.6575000000000001,2.61120664848,0.1726569192895984
9,108416,0.807407407407407,3.6890735138,0.2020009275153387,0.804999999999999,3.62854674926,0.34408831575302584,0.7125,3.28489745163,0.44183459395890934,0.71,4.70889881559,0.4931969798924184,0.804999999999999,2.93623271799,0.7719536963762819,0.74,2.65919772795,0.7168294412917608,0.8174999999999991,3.09194327415,0.7480744771158481
9,108417,0.973333333333333,2.78583950939,0.8852994409949284,0.8,3.61021123717,0.3259856695162875,0.52,0.600219676673,0.05256771981833231,0.5825,1.50168501273,0.0374232552915195,0.5325,0.0973792942547,0.003904138173517541,0.605,3.39812497063,0.27399115868967916,0.6325000000000001,1.81509885729,0.11763942454513797
9,108652,0.5560493827160491,0.098087351701,0.011401063244451913,0.525,0.00914501177316,0.00035111594294736655,0.5625,1.15252425879,0.0891144269229507,0.5075000000000001,0.0120525870734,9.258554253076598e-05,0.5650000000000001,0.172722679965,0.008035165341289612,0.43999999999999906,0.255813756252,0.0061168584126563095,0.6425000000000001,2.11455872003,0.13725909077856202
9,109008,0.6819753086419751,0.222157092017,0.028543676972900906,0.6950000000000001,1.06478495932,0.05999157349429501,0.595,1.6832877712,0.13501521967950386,0.5275000000000001,0.0963399534446,0.0009549302628911635,0.63,1.70150814217,0.05277803755676578,0.5,1.00744639222,0.04184548540163715,0.5325,0.507319357992,0.018361559601701823
9,109067,0.8479012345679011,4.32607925167,0.3688589702499403,0.8,3.61021123717,0.3259856695162875,0.75,3.35142399177,0.5670493001622859,0.7625000000000001,3.64193126416,0.7126570500836411,0.7525000000000001,4.92226860041,0.5642907443214833,0.71,3.10420856127,0.6296247463549971,0.794999999999999,3.44135811829,0.6744209301850888
9,129429,0.8172839506172841,3.98276016893,0.23997405839717015,0.7925000000000001,3.55348666388,0.29909812259088,0.76,3.32460731964,0.6004467920183524,0.5775,1.34770397474,0.03028859779900979,0.68,4.11996454836,0.1970774365399603,0.54,1.85167492564,0.09760726598979932,0.5875,0.959140853138,0.05819741302684639
9,129459,0.838024691358024,4.28154409948,0.32632410159252245,0.705,1.3595375765,0.07207924547578747,0.605,1.85698132529,0.1527143523478205,0.6725,5.07752985756,0.3033253790485969,0.6875,4.48511548417,0.22936935922034768,0.6375000000000001,3.51066922079,0.38747020415364886,0.6925,3.64630594638,0.2835115424558269
9,129490,0.9654320987654321,3.12431197517,0.8619411444025513,0.889999999999999,4.07316512576,0.6699626635921638,0.7000000000000001,3.20720323727,0.4012295056367393,0.6575000000000001,4.41536206375,0.2316003039130808,0.6975,4.89297014413,0.2763506378232681,0.625,3.51873281125,0.34348636299258517,0.754999999999999,3.86090225328,0.5275426681421562
9,129672,0.901234567901234,4.45027950243,0.6032993167482137,0.725,1.99380325464,0.10564283103130448,-0.25,0.997355701004,0.012499999999999997,0.485,0.000563223522997,5.831868075938342e-06,0.405,0.00125654572241,3.317432674238385e-05,0.43500000000000005,0.215595673475,0.0049401406736761765,0.38,0.00282395510648,0.00012833160234274976
9,129907,0.725432098765432,0.566848909829,0.043769397343029724,0.65,0.557984358177,0.0287191706908845,0.6075,1.90073823371,0.15741148445943115,0.65,3.97516624253,0.20011520034768404,0.65,2.63864004818,0.09620899908717653,0.54,1.85167492564,0.09760726598979932,0.63,1.74595795639,0.11318861966781285
9,129987,0.6869135802469131,0.23977318153,0.02968304405707514,0.5625,0.0339572349997,0.0010043255439789033,0.5,0.413436322087,0.04251232363789973,0.6575000000000001,4.41536206375,0.2316003039130808,0.6575000000000001,2.98813726153,0.11730469267162325,0.6575000000000001,3.43223168627,0.4569778422711892,0.6875,3.53289396455,0.2655568797010753
9,130043,0.942716049382716,3.93401300815,0.7811611693216858,0.865,4.013018715,0.5678235287473484,0.804999999999999,2.90752635112,0.7426080595673462,0.8300000000000001,1.62194742344,0.8931855898050516,0.764999999999999,4.48469197079,0.6231343859513084,0.6950000000000001,3.22860888508,0.5820684257013633,0.899999999999999,1.24990853745,0.9303587482466751
9,130166,0.8681481481481481,4.37691866841,0.4569634548504903,0.8600000000000001,3.94967216335,0.5479129417961509,0.875,1.52874576474,0.8997974315948024,0.7875000000000001,2.96791623462,0.7955469336811163,0.9325000000000001,0.758356638602,0.9587344260350463,0.875,0.932312700963,0.9206590757649697,0.9325000000000001,0.692546403555,0.9611665400701406
9,130586,0.741728395061728,0.908767805534,0.05555283335515111,0.42750000000000005,0.000680073189972,2.066901585229313e-05,-0.25,0.997355701004,0.012499999999999997,0.20750000000000002,3.56344342406e-13,3.663987030284574e-15,0.35750000000000004,0.000212037304426,6.345016048168867e-06,0.25,1.082578148e-05,1.7851127358036298e-07,0.28500000000000003,0.000343515181036,1.2638091249504128e-05
9,134922,0.679012345679012,0.212888182826,0.027899385347137443,0.79,3.52595074733,0.29024791039951925,0.4375,0.0997255810815,0.028284945018226367,0.6925,5.12852632359,0.40698728662712946,0.6775,3.99194568779,0.1869371653645608,0.635,3.51592563382,0.378686644112519,0.725,3.9821932958,0.4092915151449137
9,134923,0.77037037037037,1.98378994094,0.09554276581354358,0.735,2.28594242236,0.12706337841154253,0.6725,2.93595116101,0.3164475991805059,0.6825,5.2240605111,0.35505751098152594,0.7025,5.05354858561,0.3012294634571352,0.68,3.31819772725,0.5329400355992744,0.725,3.9821932958,0.4092915151449137
9,135551,0.7629629629629631,1.64993364534,0.08210395672222753,0.774999999999999,3.27585438334,0.239066864958751,0.7825000000000001,3.18092945195,0.6738646842620586,0.7575000000000001,3.75967311403,0.6941501966221411,0.7725000000000001,4.20755086488,0.6557343404770049,0.6425000000000001,3.49608712136,0.4049891421243234,0.8250000000000001,2.95716595342,0.7707644628208188
9,135973,0.9017283950617281,4.44987757354,0.6054968898805911,0.8975000000000001,3.99165379282,0.7002316452576743,0.6675,2.87239566039,0.30192504046213503,0.8,2.58406085315,0.8302788152439997,0.7825000000000001,3.82628316035,0.6959168116245358,0.745,2.55593420128,0.729870386294686,0.7925000000000001,3.475080493,0.6657751664530207
9,136122,0.653827160493827,0.160143843153,0.02328174882853171,0.8325,3.65099567255,0.44404410803905936,0.5225000000000001,0.627003673407,0.05410159011806841,0.78,3.1832991286,0.7724729843128685,0.745,5.14509937805,0.5265089786200543,0.61,3.44717651099,0.2911100814260097,0.745,3.92643250017,0.4885909040042645
9,136139,0.9422222222222221,3.94761728089,0.7792150796867641,0.845,3.74999375638,0.4902077426462338,0.8225,2.60966694965,0.7909792059793648,0.8025,2.50383027453,0.8366388819297914,0.784999999999999,3.72830803953,0.7053602784551019,0.76,2.21064920937,0.7656718236580569,0.837499999999999,2.71133723291,0.8062206895655044
9,136288,0.93679012345679,4.08415898405,0.757389452129611,0.827499999999999,3.63576226739,0.42583240864381744,0.7425,3.35842157856,0.5418806486999246,0.7375,4.16301772772,0.6147571719927105,0.7925000000000001,3.42902721676,0.7322041963143578,0.6225,3.51387625937,0.3346950773691374,0.8125,3.17667241737,0.732401248668666
9,136820,0.852345679012345,4.33812490518,0.3881137328140977,0.655,0.555243203616,0.031500362568190526,0.6025,1.81332486528,0.1481264940881134,0.6275000000000001,2.65942396685,0.12583763074415977,0.6175,1.1592506117,0.034995767079263225,0.5650000000000001,2.55454273494,0.15259414838015745,0.655,2.52639641733,0.16623496662736004
9,136846,0.6074074074074071,0.119370846168,0.016952991923688095,0.6525000000000001,0.556050585545,0.030111551321555373,0.7625000000000001,3.31456820562,0.6087460501318903,0.8075000000000001,2.34090639461,0.8487518688448012,0.804999999999999,2.93623271799,0.7719536963762819,0.875,0.932312700963,0.9206590757649697,0.7925000000000001,3.475080493,0.6657751664530207
9,137085,0.8148148148148141,3.91934859246,0.23021699063035791,0.9400000000000001,2.92999213222,0.8504972463470561,0.847499999999999,2.10092965051,0.8499915380460679,0.8400000000000001,1.34952609983,0.908006713392591,0.8775000000000001,1.14118536919,0.9083816118590003,0.8500000000000001,1.07761020063,0.8953448189803281,0.875,1.83566003717,0.8919666328595579
9,137869,0.9772839506172831,2.61292926813,0.895964003610136,0.972499999999999,1.69999939462,0.925884814228794,0.8150000000000001,2.74529951517,0.7708913007905948,0.875,0.738612648991,0.9431419377792056,0.8700000000000001,1.26463781455,0.8993390130821093,0.8625,1.01649350691,0.908457433279853,0.905,1.14622162244,0.9363465938597941
9,138039,0.716049382716049,0.440499237857,0.03907698342126511,0.7325,2.21536443239,0.12143641155621374,0.655,2.6969274644,0.2670935189140832,0.6975,5.02183227785,0.4323737123476885,0.6375000000000001,2.05469016365,0.06686014671735893,0.6075,3.4243516619,0.28251996995338335,0.63,1.74595795639,0.11318861966781285
9,140859,0.6948148148148141,0.275023536133,0.03171034190564433,0.59,0.156223932037,0.0032097143141461533,0.4375,0.0997255810815,0.028284945018226367,0.5975,1.78944988083,0.062401644174671235,0.6000000000000001,0.613668040335,0.01988752164526766,0.59,3.16815141344,0.2245895037726389,0.65,2.35832643549,0.1540243741840119
9,140984,0.9160493827160491,4.39275247254,0.6689299991010372,0.8925000000000001,4.05064587413,0.6801184422760387,0.645,2.54212632915,0.2408889418900314,0.754999999999999,3.81592112187,0.6846803302508438,0.7425,5.20742574432,0.5135668511108681,0.6925,3.24524609191,0.5739759199800909,0.7625000000000001,3.80093884439,0.5562799011009515
9,141053,0.611358024691358,0.12153261368,0.01742880425313273,0.7025,1.28227579913,0.06877735372737911,0.625,2.20673356017,0.19335684119873137,0.65,3.97516624253,0.20011520034768404,0.7025,5.05354858561,0.3012294634571352,0.5,1.00744639222,0.04184548540163715,0.645,2.19434366677,0.14264487028876943
9,141356,0.8508641975308641,4.33438855359,0.3816896224973557,0.9475,2.65787039406,0.8714635202816277,0.7025,3.22501163634,0.4092700126870932,0.794999999999999,2.74128174702,0.8169635357173284,0.8400000000000001,1.82200414663,0.8544656503022057,0.8425,1.10462453783,0.8871581581217769,0.8250000000000001,2.95716595342,0.7707644628208188
9,142811,0.714567901234567,0.424218641168,0.03843656228678286,0.7825000000000001,3.41769357093,0.26418590875512,0.635,2.3776915992,0.21628311957312513,0.58,1.42805347547,0.03375956445949726,0.675,3.86264450593,0.17711877477554389,0.535,1.72227127041,0.08867503090462497,0.595,1.04960200288,0.06572006337051375
9,142951,0.929382716049382,4.23155760568,0.7265631608026493,0.784999999999999,3.45789546415,0.27278121224175894,0.6475000000000001,2.58185029943,0.24729404330403004,0.764999999999999,3.58058634338,0.7216855251244412,0.7375,5.30892182271,0.4872623060381529,0.68,3.31819772725,0.5329400355992744,0.804999999999999,3.29619521188,0.7081223249271769
9,143324,0.6972839506172831,0.288247088699,0.0324054928591588,0.6775,0.694077990477,0.04493168874223324,0.5750000000000001,1.34850222593,0.10473310897195362,0.66,4.55203718744,0.24281102355899642,0.625,1.47371944725,0.04484430313496499,0.59,3.16815141344,0.2245895037726389,0.5725,0.817480200328,0.04492532697890552
9,145305,0.7970370370370371,3.27458248486,0.16580961557745025,0.725,1.99380325464,0.10564283103130448,0.605,1.85698132529,0.1527143523478205,0.745,4.02318347845,0.6454617769707733,0.6875,4.48511548417,0.22936935922034768,0.6575000000000001,3.43223168627,0.4569778422711892,0.7675000000000001,3.75630655244,0.5751745525385198
9,145335,0.79753086419753,3.29638375004,0.16743208364353132,0.8,3.61021123717,0.3259856695162875,0.5225000000000001,0.627003673407,0.05410159011806841,0.5425,0.287069613345,0.003648014613443104,0.5,0.0508298137333,0.0015068007545758618,0.5875,3.11811496708,0.21673101712575976,0.55,0.646614033823,0.02848013433077714
9,145444,0.861728395061728,4.3600819154,0.4289201367876303,0.794999999999999,3.57663706367,0.3080116863015372,0.725,3.33475424272,0.4832359957561278,0.754999999999999,3.81592112187,0.6846803302508438,0.6925,4.70269626559,0.2523493823718143,0.7975000000000001,1.41447575637,0.8325034556923032,0.8525,2.3812535181,0.8444609964843793
9,146557,0.9002469135802461,4.45083428916,0.5989036780968504,0.74,2.42258346231,0.13883705611110286,-0.25,0.997355701004,0.012499999999999997,0.72,4.48584102172,0.5391362691965744,0.6825,4.24557278311,0.20753497921635206,0.5700000000000001,2.69304465256,0.16571508811647548,0.73,3.98102194161,0.42920391366900734
9,146877,0.863209876543209,4.36374307563,0.43538221438333746,0.865,4.013018715,0.5678235287473484,0.8075000000000001,2.8691468309,0.7498292160337885,0.715,4.59218074189,0.5164454468475406,0.5625,0.161842047436,0.007617301437250394,0.8400000000000001,1.11272700525,0.8843864163618282,0.865,2.08228132068,0.8723752874432368
9,146928,0.803456790123456,3.54273300753,0.18771077862542832,0.885,4.10300268664,0.6495135568063835,0.7000000000000001,3.20720323727,0.4012295056367393,0.8600000000000001,0.94218558588,0.9306232021339507,0.8174999999999991,2.50297255159,0.8058697108000497,0.8150000000000001,1.22374640366,0.8553945914604452,0.855,2.32287631524,0.8503413339631578
9,146993,0.8528395061728391,4.33932757907,0.3902563144270289,0.8,3.61021123717,0.3259856695162875,0.8125,2.78797878688,0.7639744223702563,1.0,0.172003534914,0.9897561950207785,1.0,0.617026352382,0.9853382877288239,0.9500000000000001,0.460988015358,0.97067966989203,1.0,0.220492656199,0.9884740254918679
9,147026,0.815802469135802,3.94551715057,0.23410096337500688,0.645,0.56249201729,0.02591758451213335,0.5,0.413436322087,0.04251232363789973,0.615,2.1279827133,0.09617690054809405,0.625,1.47371944725,0.04484430313496499,0.52,1.37574328988,0.06552114710798411,0.655,2.52639641733,0.16623496662736004
9,147101,0.9007407407407401,4.45059775379,0.601101565874443,0.8525,3.84555969138,0.5186795078963988,0.625,2.20673356017,0.19335684119873137,0.7225,4.43622274052,0.5502884089445725,0.6825,4.24557278311,0.20753497921635206,0.8600000000000001,1.03062970219,0.9058983252261765,0.865,2.08228132068,0.8723752874432368
9,147111,0.852345679012345,4.33812490518,0.3881137328140977,0.837499999999999,3.67984392187,0.46236517247135345,0.595,1.6832877712,0.13501521967950386,0.774999999999999,3.32083088,0.7562106464826661,0.6225,1.36453646852,0.04129727448332782,0.605,3.39812497063,0.27399115868967916,0.735,3.97026747981,0.4490857698028238
9,147193,0.6439506172839501,0.14753957931,0.02176490865803667,0.75,2.68222859264,0.16437319842020653,0.75,3.35142399177,0.5670493001622859,0.7825000000000001,3.11272650472,0.7803432677234583,0.7975000000000001,3.22836236184,0.7488470104824171,0.8500000000000001,1.07761020063,0.8953448189803281,0.7825000000000001,3.59962805072,0.6303878628061077
9,819,0.7214814814814811,0.508401793175,0.04164814297010394,0.8300000000000001,3.64181937617,0.43492877679252556,0.725,3.33475424272,0.4832359957561278,0.7075,4.7707134136,0.4813478631523105,0.7225,5.39820401275,0.4065462458370945,0.7775000000000001,1.79440795166,0.8006741095809542,0.7025,3.82294050611,0.3209149312186128
9,1942,0.755061728395061,1.33361940021,0.0703469915534327,0.784999999999999,3.45789546415,0.27278121224175894,0.715,3.29706863725,0.4500622825724654,0.5925,1.71837498806,0.053626119196629476,0.6075,0.813454926248,0.025208652575555796,0.585,3.06501625714,0.2090014815482189,0.6725,3.10910782625,0.2156044667568292
9,1993,0.905679012345679,4.44341170722,0.6230658535757766,0.905,3.87220995659,0.7297427340449988,0.6625,2.80490712175,0.28773020019660733,0.7525000000000001,3.87036584745,0.6750720948578632,0.835,1.97076161007,0.8449859836170774,0.63,3.52137786269,0.361090349013937,0.7375,3.961824111,0.4590012758269903
