user,id,roomScore,roomScore_pdf,roomScore_cdf,equipmentScore,equipmentScore_pdf,equipmentScore_cdf,serviceScore,serviceScore_pdf,serviceScore_cdf,bathScore,bathScore_pdf,bathScore_cdf,mealScore,mealScore_pdf,mealScore_cdf,locationScore,locationScore_pdf,locationScore_cdf,chargeScore,chargeScore_pdf,chargeScore_cdf,distanceScore,distanceScore_pdf,distanceScore_cdf,kinnennScore,kinnennScore_pdf,kinnennScore_cdf
10,101,0.6000000000000001,0.0331611414293,0.0006099904160495015
,0.655,2.4587603562,0.0974759526026194
,0.73,5.01534687545,0.3115926567026475
,0.625,2.45137656014,0.15696643856238668
,0.6975,3.11305498112,0.4551432932662305
,0.9400000000000001,2.29791794492,0.8762977189475858
,0.9297100057614741,1.06467958941,0.9009689294065901
,0.9797530864197531,1.36143495706,0.8820326424604685
,1.0,nan,nan
10,192,0.6775,0.907981643156,0.023120600454044217
,0.63,1.45398103652,0.04914945506265155
,0.66,1.87370802925,0.06957846706379689
,0.5325,0.606559685236,0.025835512734198464
,0.6675,2.87117450817,0.36487239375542
,0.745,2.6215901479,0.15002870924798478
,0.8213942769348951,2.42803741751,0.7123076490282377
,0.755061728395061,2.51998124192,0.31264725087676626
,1.0,nan,nan
10,223,0.605,0.0426400598769,0.0007985804888455167
,0.6375000000000001,1.72526313896,0.061054082189764464
,0.6775,2.62378224776,0.10875761481975373
,0.5575,0.963512417476,0.04521897709772671
,0.5825,1.62112877014,0.17225849087437703
,0.605,0.148900563677,0.004540540323327875
,0.8713654695602071,1.79456605079,0.8183583859928101
,0.8103703703703701,3.00692186961,0.4676942612921755
,0.0,nan,nan
10,388,0.7675000000000001,6.32141437007,0.32652385370299325
,0.7575000000000001,5.58674291211,0.5647258292860093
,0.7675000000000001,5.67545637306,0.5166200186341203
,0.675,3.61815160569,0.3101010516022088
,0.7825000000000001,2.5894461806,0.7094124813514924
,0.915,3.05810460404,0.8093602653452261
,0.713885154599577,2.66960958794,0.42013267615372796
,0.851358024691358,2.98416429034,0.5917430837478795
,1.0,nan,nan
10,398,0.6325000000000001,0.15528227284,0.0032254428426321357
,0.635,1.63172650997,0.056858482575200646
,0.66,1.87370802925,0.06957846706379689
,0.545,0.770480248674,0.03441234145920356
,0.847499999999999,1.56924495355,0.8445446640618746
,0.61,0.172119315804,0.0053418980129039395
,0.8828884194353751,1.63945415326,0.8381416576652254
,0.720493827160493,2.05503490998,0.23343563968049014
,0.0,nan,nan
10,462,0.68,0.987773215126,0.02548920152904524
,0.7975000000000001,4.32637869797,0.767267292580931
,0.8300000000000001,3.68420413411,0.8245828888746158
,0.64,2.83130247505,0.1965949179652642
,0.7075,3.14494629667,0.48645533636541116
,0.79,3.89782967152,0.29794361955590654
,0.965469560207413,0.72903528551,0.932738139849289
,0.810864197530864,3.0088385848,0.4691796363548282
,1.0,nan,nan
10,509,0.6950000000000001,1.58344017392,0.04451498255700239
,0.6375000000000001,1.72526313896,0.061054082189764464
,0.6950000000000001,3.46042214524,0.16192335611714764
,0.5125000000000001,0.400501050454,0.015874227187398404
,0.8225,1.95700601259,0.8005412297103267
,0.919999999999999,2.90653291937,0.8242725782669634
,0.6792778951411561,2.34982463659,0.33289146692687854
,0.9125925925925921,2.34681461421,0.7578747874572203
,0.0,nan,nan
10,568,0.6625,0.530531447786,0.012536704001608287
,0.685,3.90057748663,0.19265359956114342
,0.7975000000000001,5.09699289143,0.6805515639337036
,0.865,1.41251539469,0.9287606092795692
,0.5675,1.41562218112,0.14950726523868801
,0.9450000000000001,2.14977011007,0.8874157535267965
,0.786863837142308,2.72432693894,0.6228556770859337
,0.9432098765432091,1.89040549546,0.8228075900565954
,1.0,nan,nan
10,570,0.8625,3.29403569871,0.8868947987167813
,0.754999999999999,5.6164890906,0.550720353318416
,0.7825000000000001,5.50372137422,0.6007793100679559
,0.735,4.08184305899,0.5482886337286312
,0.857499999999999,1.42663245739,0.859516753138961
,0.8775000000000001,4.04801754961,0.6750089009885687
,0.765700019204916,2.80946936447,0.5641535855788429
,0.946172839506172,1.84563590964,0.8283424347567578
,1.0,nan,nan
10,610,0.7825000000000001,6.88858490626,0.42612734880339764
,0.6875,4.02000626846,0.20255463030337204
,0.725,4.82837297005,0.2869759920125592
,0.615,2.19830375544,0.13372107167815905
,0.8225,1.95700601259,0.8005412297103267
,0.9175000000000001,2.98253447643,0.8169111677464805
,0.880929517956596,1.66567253497,0.8349044629718253
,0.899753086419753,2.52318272067,0.7265949495144326
,0.0,nan,nan
10,630,0.74,4.49712288642,0.17628406527877538
,0.6375000000000001,1.72526313896,0.061054082189764464
,0.68,2.73968137422,0.11546158450627703
,0.5575,0.963512417476,0.04521897709772671
,0.7725000000000001,2.72911536888,0.6828088815395787
,0.6875,1.08833161895,0.046229145138717134
,0.9405031688112151,0.952708882165,0.911847803510671
,0.7629629629629631,2.61585896582,0.3329409572063354
,0.0,nan,nan
10,658,0.59,0.0197551032427,0.00035073522102597397
,0.54,0.0755466504658,0.0016310363215829233
,0.5775,0.175049110461,0.004330440409650214
,0.47750000000000004,0.176137589109,0.006219162641577336
,0.63,2.35328392796,0.266412094975018
,0.665,0.688737800302,0.026474294981476208
,0.656270405223737,2.0825722887,0.2818532687722904
,0.65679012345679,1.24500008634,0.12942554682395732
,0.0,nan,nan
10,659,0.645,0.265352219187,0.005800344644512394
,0.5925,0.51961106187,0.014277987322669185
,0.6125,0.558840908729,0.01611667513487735
,0.47750000000000004,0.176137589109,0.006219162641577336
,0.62,2.19644062619,0.24366115570862026
,0.65,0.490001536748,0.01769750471465356
,0.531745726906087,0.834349105197,0.10855236250740818
,0.622222222222222,0.917112424254,0.09231021023058157
,0.0,nan,nan
10,716,0.8325,5.48118342343,0.7551063132052627
,0.715,5.15028462691,0.32962385568507213
,0.7225,4.7285881544,0.27502897395281184
,0.645,2.95525545633,0.21106222893828686
,0.8025,2.28067924903,0.7581624122445343
,0.735,2.31839851146,0.12533382733590717
,0.7945073938928361,2.67416392479,0.6434937225069209
,0.819259259259259,3.03345575811,0.4945529609783736
,0.0,nan,nan
10,767,0.7000000000000001,1.82897901337,0.053036056832462576
,0.6625,2.80745210665,0.11721428618288743
,0.6950000000000001,3.46042214524,0.16192335611714764
,0.5975,1.77231301038,0.09902130658591479
,0.7325,3.10695935419,0.564954964812529
,0.8725,4.14611604251,0.6545191435134772
,0.7599385442673321,2.81824702961,0.547938594300202
,0.9007407407407401,2.51016588508,0.7290805622528299
,0.0,nan,nan
10,839,0.845,4.58173929027,0.8180819218263256
,0.7875000000000001,4.75266333438,0.7218298273565672
,0.8150000000000001,4.39639353894,0.7639028654246722
,0.7275,4.10562711477,0.5175703634965214
,0.735,3.09401827249,0.5727065214172913
,0.925,2.75375166825,0.8384235809526828
,0.782024198194737,2.75093420004,0.6096048825033195
,1.0,1.10565891962,0.9069512450194069
,1.0,nan,nan
10,858,0.65,0.325700546721,0.007273498214417841
,0.635,1.63172650997,0.056858482575200646
,0.61,0.518233540483,0.014770840062566282
,0.5525,0.882746719769,0.04060530951355273
,0.5675,1.41562218112,0.14950726523868801
,0.6475000000000001,0.461699024245,0.016508151861481773
,0.7714614941425001,2.79443344425,0.580299946795144
,0.631604938271604,0.997423666115,0.10128708433353398
,0.0,nan,nan
10,864,0.71,2.39074836194,0.0740577276404802
,0.6375000000000001,1.72526313896,0.061054082189764464
,0.6900000000000001,3.2170621054,0.14523016781555959
,0.5625,1.04902683044,0.0502483503336092
,0.75,2.98398849237,0.6183590239034367
,0.919999999999999,2.90653291937,0.8242725782669634
,0.8713654695602071,1.79456605079,0.8183583859928101
,0.899753086419753,2.52318272067,0.7265949495144326
,0.0,nan,nan
10,922,0.5750000000000001,0.00874257465526,0.00014732728642914805
,0.595,0.561547044143,0.015628902095412334
,0.605,0.444110044192,0.012368820475316443
,0.454999999999999,0.0974982165542,0.003215195501960523
,0.4525,0.494390364128,0.049538665068699875
,0.6825,0.988549952085,0.04103957594922865
,0.9174188592279621,1.2028338196,0.8870449227967194
,0.5837037037037031,0.647568442668,0.062465582882842235
,1.0,nan,nan
10,930,0.7925000000000001,7.01113170175,0.4958085059223667
,0.75,5.65505608859,0.5225297668474582
,0.78,5.54968091578,0.5869611641433949
,0.685,3.7904227431,0.34716970321720636
,0.7125,3.15086252067,0.502197676049328
,0.885,3.88210451848,0.7047601648129538
,0.56024582293067,1.04117415699,0.13515656137449159
,0.750123456790123,2.45725568168,0.3003569851355231
,1.0,nan,nan
10,995,0.5325,0.000669220118879,9.779854779690294e-06
,0.51,0.01942328695,0.00037255480785350266
,0.5775,0.175049110461,0.004330440409650214
,0.52,0.470137658363,0.019133660535048714
,0.7875000000000001,2.51522595506,0.722175215853458
,0.65,0.490001536748,0.01769750471465356
,0.8674860764355671,1.84701251281,0.8112948223308651
,0.7664197530864191,2.65577820184,0.342052814468771
,1.0,nan,nan
10,996,0.6375000000000001,0.193165072312,0.004093497350825642
,0.6000000000000001,0.653313592859,0.018661570939966617
,0.65,1.50516841502,0.05272429903627054
,0.5325,0.606559685236,0.025835512734198464
,0.625,2.27520958775,0.2548404826859987
,0.725,2.0245339971,0.10362951776590741
,0.8703668139043591,1.80806804647,0.8165594906639391
,0.8390123456790121,3.0301481672,0.5545834988783198
,0.0,nan,nan
10,1119,0.58,0.011531613886,0.00019771315743390857
,0.545,0.0930354928511,0.002051156639255606
,0.6000000000000001,0.378834760708,0.010314991952873697
,0.5075000000000001,0.358795175453,0.01397750673662159
,0.5,0.753269715628,0.07868702594538762
,0.7325,2.24381271058,0.1196311962425737
,0.8574227002112541,1.98238466983,0.7920251344266449
,0.8874074074074071,2.67620444377,0.6944804700996658
,0.0,nan,nan
10,1128,0.6775,0.907981643156,0.023120600454044217
,0.6925,4.25365773328,0.22324207119516928
,0.7425,5.39468570154,0.37679794736092753
,0.6025,1.89085501812,0.10817797884262566
,0.8700000000000001,1.26151846826,0.8763017040981891
,0.7725000000000001,3.44387979974,0.23357815879244326
,0.858882273862108,1.96286697254,0.7949043336681295
,0.7935802469135801,2.91241554883,0.41792312982836105
,1.0,nan,nan
10,1186,0.6625,0.530531447786,0.012536704001608287
,0.6175,1.06554525631,0.03348614280324312
,0.7225,4.7285881544,0.27502897395281184
,0.65,3.07663164343,0.22614317858773875
,0.5750000000000001,1.51593353675,0.16049741487190738
,0.67,0.766664149865,0.030110274032346285
,0.7987708853466481,2.64204739972,0.654827553876795
,0.712592592592592,1.94550116917,0.21763146647668935
,0.0,nan,nan
10,1356,0.8125,6.60259237206,0.6333531547700421
,0.774999999999999,5.19671741838,0.6595251468844529
,0.7575000000000001,5.64695129261,0.4599118354747659
,0.73,4.10041392644,0.5278284824978451
,0.79,2.47722630597,0.7284158944560747
,0.925,2.75375166825,0.8384235809526828
,0.704513155367774,2.59691428014,0.3954442837600194
,0.8316049382716041,3.04158462665,0.5320880411080953
,0.0,nan,nan
10,1357,0.8075000000000001,6.78260107479,0.5998701406234859
,0.78,5.03319829166,0.6851084435187984
,0.8025,4.91755802307,0.7055959580939845
,0.72,4.10488884447,0.4867655696974408
,0.76,2.88248567077,0.6477086517425423
,0.835,4.48569333192,0.4903355369130516
,0.283887075091223,0.130862932303,0.012138376339182886
,0.6083950617283951,0.809809112954,0.08038568862972258
,0.0,nan,nan
10,1386,0.7425,4.68339217777,0.18775995027282677
,0.7025,4.6903051821,0.2680021880714679
,0.6975,3.58227090181,0.17072675213986077
,0.6525000000000001,3.13611533852,0.2339092962339902
,0.5825,1.62112877014,0.17225849087437703
,0.8600000000000001,4.34137020059,0.6013942190792196
,0.694680238140964,2.50852067158,0.3703342168110124
,0.866666666666666,2.88262016769,0.6367096611744236
,0.0,nan,nan
10,1404,0.7875000000000001,6.97725557874,0.46081443173740433
,0.6725,3.29103097977,0.14769456738702438
,0.6725,2.3976770416,0.0962073492327534
,0.77,3.66908252129,0.6852921557501241
,0.75,2.98398849237,0.6183590239034367
,0.75,2.77456703091,0.16351903870819587
,0.41317457269060803,0.360827217275,0.042128658233514284
,0.575802469135802,0.602634365418,0.057528546962771376
,0.0,nan,nan
10,1500,0.5825,0.0132182148506,0.00022860581048623295
,0.5675,0.222724924589,0.005422817975089309
,0.73,5.01534687545,0.3115926567026475
,0.387499999999999,0.0123182024324,0.00033847881506876917
,0.6875,3.05542143176,0.42428013282721544
,0.9375,2.37296313156,0.8704592355487661
,0.9097753024774341,1.29399729604,0.8775049956058032
,0.8859259259259251,2.6932224789,0.6905030780847974
,0.0,nan,nan
10,1501,0.6025,0.0376267638341,0.0006983670608450402
,0.505,0.0152096315462,0.00028636417145486414
,0.6425000000000001,1.26118782218,0.04236814539210802
,0.4,0.0186780891557,0.0005296946448100285
,0.55,1.20235237363,0.1266436032379478
,0.9450000000000001,2.14977011007,0.8874157535267965
,0.8521605531015941,2.05222353189,0.7814093839709795
,0.775308641975308,2.75175955163,0.366093838879338
,0.0,nan,nan
10,1511,0.54,0.00108414851466,1.623717950452379e-05
,0.52,0.0311864834154,0.000621407924070311
,0.6125,0.558840908729,0.01611667513487735
,0.5925,1.65696665165,0.09044951975591978
,0.6075,1.99914169564,0.21744008908904178
,0.8700000000000001,4.19107714967,0.6440970660205576
,0.8636450931438441,1.89886172216,0.8041008583047331
,0.724444444444444,2.10990794834,0.2416627003142482
,1.0,nan,nan
10,1556,0.705,2.09831290076,0.06284446568517219
,0.6625,2.80745210665,0.11721428618288743
,0.675,2.509714715,0.10234114648308548
,0.6525000000000001,3.13611533852,0.2339092962339902
,0.705,3.13946114775,0.4785994778553691
,0.7825000000000001,3.7139534877,0.2693880581578983
,0.788745918955252,2.71288479336,0.6279724106038665
,0.675555555555555,1.45993176885,0.1547658411896854
,1.0,nan,nan
10,1630,0.6825,1.07289481721,0.028063908636612817
,0.6325000000000001,1.5412812449,0.05289287308007007
,0.6525000000000001,1.59274940974,0.056596051393422823
,0.6075,2.01217187521,0.11793448436858858
,0.8525,1.49684374431,0.8522090063118167
,0.64,0.384409971445,0.013342222686992037
,0.888611484540042,1.56343399276,0.8473063727220682
,0.6335802469135801,1.01513775925,0.10327475248560003
,0.0,nan,nan
10,1667,0.6175,0.0782030979604,0.0015334335196816899
,0.6625,2.80745210665,0.11721428618288743
,0.68,2.73968137422,0.11546158450627703
,0.49,0.239478167186,0.008799810045973966
,0.75,2.98398849237,0.6183590239034367
,0.8,4.11147132143,0.33802286144901206
,0.660072978682542,2.12830103422,0.2898594722425324
,0.902222222222222,2.49045067469,0.7327847503648302
,0.0,nan,nan
10,1680,0.7275,3.56900194983,0.12589818651019194
,0.6950000000000001,4.36717883584,0.23401863703747128
,0.7925000000000001,5.25596781255,0.654660142359906
,0.6975,3.95829413662,0.39565815362239504
,0.784999999999999,2.55265231651,0.7158402424153218
,0.8700000000000001,4.19107714967,0.6440970660205576
,0.8974841559439211,1.44785936444,0.8606631270732454
,0.875061728395061,2.80777694854,0.6606041713925118
,1.0,nan,nan
10,1725,0.6475000000000001,0.294182938008,0.0064992234162945875
,0.6000000000000001,0.653313592859,0.018661570939966617
,0.685,2.97609962435,0.12974872715857322
,0.625,2.45137656014,0.15696643856238668
,0.615,2.11739150629,0.23287654207034067
,0.7425,2.54527704647,0.14357016987012883
,0.84251968503937,2.17713956606,0.7610182823482905
,0.760987654320987,2.59246496941,0.3277968663647335
,1.0,nan,nan
10,1764,0.7425,4.68339217777,0.18775995027282677
,0.67,3.1689072449,0.13961974720888162
,0.7075,4.06337747274,0.20896778313754533
,0.645,2.95525545633,0.21106222893828686
,0.7725000000000001,2.72911536888,0.6828088815395787
,0.857499999999999,4.37112458657,0.5905029249374283
,0.7307470712502401,2.7671037645,0.46603343900126676
,0.880987654320987,2.74760583328,0.6770674167583214
,0.0,nan,nan
10,1770,0.64,0.215017248659,0.004603293773497814
,0.5775,0.317441229959,0.008100338435813866
,0.6025,0.410412353615,0.01130111878068097
,0.5525,0.882746719769,0.04060530951355273
,0.635,2.43022960247,0.2783714417264595
,0.835,4.48569333192,0.4903355369130516
,0.785327443825619,2.73321636365,0.6186631583136979
,0.722962962962963,2.08933585592,0.23855214791723495
,0.0,nan,nan
10,1799,0.885,1.89284980027,0.9444741006385481
,0.8400000000000001,2.32343194055,0.9083397763719148
,0.81,4.61559705304,0.7413677055165364
,0.8500000000000001,1.75249969604,0.9050664509691828
,0.8250000000000001,1.91682562082,0.8053834791424809
,0.8,4.11147132143,0.33802286144901206
,0.434415210293835,0.417485025496,0.0503814070003273
,0.7614814814814811,2.59835157756,0.32907855049246154
,0.0,nan,nan
10,1872,0.6475000000000001,0.294182938008,0.0064992234162945875
,0.6075,0.811946240329,0.024140047811492767
,0.66,1.87370802925,0.06957846706379689
,0.52,0.470137658363,0.019133660535048714
,0.6075,1.99914169564,0.21744008908904178
,0.9475,2.076854362,0.8926988577764994
,0.683272517764547,2.39300002663,0.3423647812968861
,0.7866666666666661,2.85806816002,0.39797095311117087
,0.0,nan,nan
10,1927,0.5775,0.0100472331198,0.00017077929340537603
,0.5775,0.317441229959,0.008100338435813866
,0.66,1.87370802925,0.06957846706379689
,0.52,0.470137658363,0.019133660535048714
,0.5,0.753269715628,0.07868702594538762
,0.8400000000000001,4.48474352067,0.5127675435868408
,0.814518916842711,2.50014664118,0.6953629470788127
,0.8172839506172841,3.02903215733,0.4885651785155838
,0.0,nan,nan
10,1996,0.495,4.93343935196e-05,6.407970258744822e-07
,0.525,0.039210950415,0.0007967123232865087
,0.67,2.28785085546,0.09035091790344654
,0.6000000000000001,1.83120964286,0.10352554847902999
,0.62,2.19644062619,0.24366115570862026
,0.7325,2.24381271058,0.1196311962425737
,0.8560015363933161,2.0013335701,0.7891943694812393
,0.7866666666666661,2.85806816002,0.39797095311117087
,0.0,nan,nan
10,1997,0.685,1.16350854353,0.030858252879929618
,0.6625,2.80745210665,0.11721428618288743
,0.6900000000000001,3.2170621054,0.14523016781555959
,0.59,1.6006090936,0.08637774029989975
,0.7775000000000001,2.66089965066,0.6962853654399801
,0.67,0.766664149865,0.030110274032346285
,0.8905703860188201,1.53765191849,0.8503437115284085
,0.493827160493827,0.276800606428,0.022972180335771
,1.0,nan,nan
10,2335,0.64,0.215017248659,0.004603293773497814
,0.5825,0.376048800615,0.009830672502637916
,0.675,2.509714715,0.10234114648308548
,0.485,0.212177050069,0.00767181810391473
,0.75,2.98398849237,0.6183590239034367
,0.6900000000000001,1.14058913712,0.0490149684536582
,0.9059343191857111,1.34118221803,0.8724444347376481
,0.884444444444444,2.70992250914,0.6865007086851358
,0.0,nan,nan
10,2465,0.6675,0.638406396393,0.01545215972391692
,0.7775000000000001,5.1175101829,0.6724190248449045
,0.7225,4.7285881544,0.27502897395281184
,0.555,0.922535471937,0.04286166482178445
,-0.25,3.41320516706e-06,1.2377376473211286e-07
,0.7225,1.95322515276,0.09865752453014423
,0.937007874015748,0.987977884075,0.9084564472209631
,0.8153086419753081,3.02376082934,0.4825869723771007
,1.0,nan,nan
10,2605,0.339999999999999,2.74168588416e-11,2.401697686220837e-13
,0.3025,9.57947362219e-09,1.0215480987178021e-10
,0.339999999999999,2.13328444013e-07,2.6444559044185835e-09
,0.355,0.00389011386103,9.886142417236093e-05
,-0.25,3.41320516706e-06,1.2377376473211286e-07
,0.59,0.0946072588452,0.002740693326014893
,0.8767428461686191,1.72195750472,0.8278131191110227
,0.803456790123456,2.97478205907,0.4470111097686179
,1.0,nan,nan
10,2876,0.8174999999999991,6.37684738462,0.6658197837107555
,0.794999999999999,4.43753154169,0.7563118524731878
,0.8400000000000001,3.19190768105,0.8589632360690392
,0.889999999999999,0.933926687502,0.957843437561873
,0.6075,1.99914169564,0.21744008908904178
,0.9550000000000001,1.86375781913,0.9074704858948641
,0.602458229306702,1.44537433777,0.18723076914046277
,0.886913580246913,2.68191193473,0.6931574769794497
,0.0,nan,nan
10,2877,0.6725,0.763668135006,0.018949748552764954
,0.75,5.65505608859,0.5225297668474582
,0.635,1.04548765449,0.033735703469109014
,0.635,2.705522734,0.1827522476725335
,0.6875,3.05542143176,0.42428013282721544
,0.8075000000000001,4.24396685153,0.36937171752304876
,0.748454004225081,2.81698139146,0.5155557169249428
,0.845432098765432,3.01038458019,0.5739777213736839
,1.0,nan,nan
10,2958,0.5325,0.000669220118879,9.779854779690294e-06
,0.59,0.480187060893,0.013028753399106596
,0.65,1.50516841502,0.05272429903627054
,0.7475,3.98894421468,0.598799041455099
,0.6825,3.01751375983,0.409095365908658
,0.8775000000000001,4.04801754961,0.6750089009885687
,0.8905703860188201,1.53765191849,0.8503437115284085
,0.9797530864197531,1.36143495706,0.8820326424604685
,0.0,nan,nan
10,4771,0.705,2.09831290076,0.06284446568517219
,0.635,1.63172650997,0.056858482575200646
,0.705,3.94470781712,0.19895737057557364
,0.5175000000000001,0.445950637151,0.01798875718964665
,0.6025,1.92104704702,0.20763995699855292
,0.8975000000000001,3.56373144288,0.7513449667608358
,0.7637795275590551,2.81309342787,0.5587544316154914
,0.79753086419753,2.93960055339,0.4294836253246692
,1.0,nan,nan
10,4778,0.774999999999999,6.65789270578,0.37525741512065075
,0.7125,5.06766367025,0.3168503484023205
,0.6875,3.0961416453,0.13733881795005598
,0.6575000000000001,3.25219404169,0.24988178128703717
,0.7875000000000001,2.51522595506,0.722175215853458
,0.9400000000000001,2.29791794492,0.8762977189475858
,0.594814672556174,1.36377360125,0.17649699054256418
,0.941234567901234,1.92030972458,0.8190439263567747
,1.0,nan,nan
10,4801,0.64,0.215017248659,0.004603293773497814
,0.625,1.28895788009,0.04229745587386244
,0.735,5.18337339274,0.3370978709740005
,0.6725,3.57045703886,0.3011149316562646
,0.7075,3.14494629667,0.48645533636541116
,0.764999999999999,3.22739646089,0.20855482865083447
,0.8214326867678121,2.42761930586,0.7124009015104806
,0.8103703703703701,3.00692186961,0.4676942612921755
,1.0,nan,nan
10,4805,0.8400000000000001,4.95057749839,0.7942479514705933
,0.74,5.64691995605,0.4659247633788307
,0.7725000000000001,5.6464003137,0.5449366429187938
,0.6975,3.95829413662,0.39565815362239504
,0.7675000000000001,2.79363029939,0.6690003804859839
,0.9125000000000001,3.13311129445,0.8016211142032817
,0.7753024774342231,2.78097326355,0.591008341647743
,0.940246913580246,1.93527244178,0.817139935588402
,0.0,nan,nan
10,4819,0.715,2.70488879099,0.08678816706239045
,0.6725,3.29103097977,0.14769456738702438
,0.6725,2.3976770416,0.0962073492327534
,0.56,1.00567713806,0.04768021678796221
,0.6025,1.92104704702,0.20763995699855292
,0.7225,1.95322515276,0.09865752453014423
,0.8751680430190121,1.74319556013,0.8250846559020605
,0.884444444444444,2.70992250914,0.6865007086851358
,0.0,nan,nan
10,4977,0.685,1.16350854353,0.030858252879929618
,0.725,5.42524474176,0.3825789917933871
,0.71,4.18040470267,0.21927288937397044
,0.705,4.03051559807,0.425630230234323
,0.64,2.50559695458,0.2907117610867973
,0.8500000000000001,4.44048924242,0.5574404432230722
,0.7945073938928361,2.67416392479,0.6434937225069209
,0.7970370370370371,2.93636229496,0.4280327683971583
,1.0,nan,nan
10,5024,0.7625000000000001,6.04679002991,0.2955881900309182
,0.6525000000000001,2.34641961888,0.09146993128039042
,0.7000000000000001,3.70381848715,0.17983445993504923
,0.495,0.269629550571,0.010071350076689554
,0.67,2.89869671253,0.3720849750159914
,0.7425,2.54527704647,0.14357016987012883
,0.9289802189360471,1.07257365551,0.9001890622173496
,0.9032098765432091,2.4771845675,0.7352379114945168
,1.0,nan,nan
10,5041,0.47750000000000004,1.30320045718e-05,1.6070528545148975e-07
,0.454999999999999,0.000990671976941,1.5727955098227415e-05
,0.41000000000000003,3.32860656598e-05,4.86671087085664e-07
,0.36250000000000004,0.00512148517145,0.0001324586560675837
,0.75,2.98398849237,0.6183590239034367
,0.6375000000000001,0.361069183675,0.012410617310288915
,0.7061647781832141,2.61059258435,0.39974475133225784
,0.8246913580246911,3.04120233949,0.5110549793665623
,0.0,nan,nan
10,5303,0.5,7.11968696262e-05,9.389391757140396e-07
,0.47250000000000003,0.00273392420242,4.593822596452116e-05
,0.75,5.55099602959,0.41788051261567793
,0.6950000000000001,3.92931386633,0.38579814561205056
,0.25,0.0626491928327,0.004343542812714128
,0.8600000000000001,4.34137020059,0.6013942190792196
,0.865603994622623,1.87243569187,0.8077946654071044
,0.78716049382716,2.86222450422,0.3993833727411452
,1.0,nan,nan
10,5309,0.6950000000000001,1.58344017392,0.04451498255700239
,0.6900000000000001,4.13781624878,0.21275228201023194
,0.6975,3.58227090181,0.17072675213986077
,0.585,1.49073109635,0.07865100803469827
,0.6950000000000001,3.10099894856,0.4473753923667113
,0.7675000000000001,3.30060916808,0.21671503093223693
,0.8444785865181481,2.15215133558,0.7652586464704028
,0.9041975308641971,2.46382356605,0.7376779232077998
,0.0,nan,nan
10,5385,0.6000000000000001,0.0331611414293,0.0006099904160495015
,0.5875,0.443182091446,0.011875036107303224
,0.6075,0.480019969551,0.01352351255067631
,0.5075000000000001,0.358795175453,0.01397750673662159
,0.7625000000000001,2.85399500088,0.6548794966630083
,0.8425,4.47895061782,0.5239728983950741
,0.9020933358939881,1.38920901521,0.8672010004845909
,0.9446913580246911,1.86800477698,0.8255915941918456
,0.0,nan,nan
10,5562,0.8200000000000001,6.24843130829,0.681603418854215
,0.774999999999999,5.19671741838,0.6595251468844529
,0.8025,4.91755802307,0.7055959580939845
,0.7575000000000001,3.86931564927,0.6381223804035112
,0.6875,3.05542143176,0.42428013282721544
,0.9575,1.79486240826,0.9120435215501403
,0.256769733051661,0.101629074632,0.00899875018454601
,0.9111111111111111,2.36787182328,0.7543824075041627
,0.0,nan,nan
10,5627,0.66,0.482578869,0.011271110004023952
,0.5225000000000001,0.0349919831543,0.0007040486789433815
,0.59,0.271883814398,0.007085991123870346
,0.5675,1.13925738673,0.055717107938285576
,0.6675,2.87117450817,0.36487239375542
,0.59,0.0946072588452,0.002740693326014893
,0.8681774534280771,1.83766796777,0.81256857411061
,0.7688888888888881,2.68344469533,0.34864459823874006
,1.0,nan,nan
10,5729,0.545,0.00148495854157,2.2610458461078355e-05
,0.5225000000000001,0.0349919831543,0.0007040486789433815
,0.5,0.00612722617315,0.00011519233158406595
,0.41000000000000003,0.0257783747812,0.00075025065661559
,0.5,0.753269715628,0.07868702594538762
,0.6375000000000001,0.361069183675,0.012410617310288915
,0.696216631457653,2.52307387016,0.3741995041576107
,0.826172839506172,3.04218136605,0.5155612497665926
,0.0,nan,nan
10,7055,0.5675,0.00571490181011,9.386130119293834e-05
,0.47250000000000003,0.00273392420242,4.593822596452116e-05
,0.54,0.039471670051,0.0008472591593809346
,0.464999999999999,0.12758537835,0.004334785095785328
,0.8075000000000001,2.20007193043,0.7693645779909821
,0.6375000000000001,0.361069183675,0.012410617310288915
,0.8713654695602071,1.79456605079,0.8183583859928101
,0.7412345679012341,2.34013304345,0.2790317364211332
,0.0,nan,nan
10,7341,0.754999999999999,5.57467142553,0.25196794621437935
,0.6125,0.932540222472,0.02849617657718249
,0.7000000000000001,3.70381848715,0.17983445993504923
,0.6025,1.89085501812,0.10817797884262566
,0.5,0.753269715628,0.07868702594538762
,0.7675000000000001,3.30060916808,0.21671503093223693
,0.8636835029767621,1.89834400512,0.8041737833235663
,0.8864197530864191,2.68758471786,0.6918316739020525
,0.0,nan,nan
10,7342,0.56,0.0036914873584,5.9103618255843365e-05
,0.545,0.0930354928511,0.002051156639255606
,0.5875,0.249531686457,0.006434559334154486
,0.52,0.470137658363,0.019133660535048714
,0.59,1.73068638226,0.18482526588005938
,0.847499999999999,4.45679729164,0.5463181142776083
,0.8137507201843671,2.50784982699,0.6934393792582766
,0.9061728395061721,2.43682792566,0.7425181316731879
,1.0,nan,nan
10,7343,0.715,2.70488879099,0.08678816706239045
,0.6875,4.02000626846,0.20255463030337204
,0.7075,4.06337747274,0.20896778313754533
,0.665,3.41765310367,0.27490082789013703
,0.6325000000000001,2.39192563578,0.2723436714430247
,0.9125000000000001,3.13311129445,0.8016211142032817
,0.8559631265603991,2.00184488601,0.7891174887732785
,0.9619753086419751,1.61084599858,0.8556416300930028
,0.0,nan,nan
10,7588,0.6175,0.0782030979604,0.0015334335196816899
,0.6725,3.29103097977,0.14769456738702438
,0.6950000000000001,3.46042214524,0.16192335611714764
,0.845,1.87293988875,0.8960041401438066
,0.6025,1.92104704702,0.20763995699855292
,0.8150000000000001,4.34966091829,0.4016153186097496
,0.8559631265603991,2.00184488601,0.7891174887732785
,0.958024691358024,1.66867977578,0.8491637888641551
,1.0,nan,nan
10,7599,0.5675,0.00571490181011,9.386130119293834e-05
,0.5625,0.185119939158,0.004405663733192778
,0.6000000000000001,0.378834760708,0.010314991952873697
,0.5325,0.606559685236,0.025835512734198464
,0.75,2.98398849237,0.6183590239034367
,0.9500000000000001,2.0048271919,0.8978007659582701
,0.8646437487996921,1.88539502698,0.8059904440279928
,0.9456790123456791,1.85308820413,0.8274291697171583
,1.0,nan,nan
10,7903,0.645,0.265352219187,0.005800344644512394
,0.6425000000000001,1.92131907583,0.07016564185314483
,0.68,2.73968137422,0.11546158450627703
,0.5375,0.66871604539,0.029021837685821894
,0.75,2.98398849237,0.6183590239034367
,0.64,0.384409971445,0.013342222686992037
,0.8857307470712501,1.60158031238,0.8427476476130396
,0.6716049382716051,1.41261723815,0.14909201814063155
,1.0,nan,nan
10,8207,0.6575000000000001,0.438330015662,0.010120723278571707
,0.7375,5.62710714326,0.451830760883313
,0.6975,3.58227090181,0.17072675213986077
,0.54,0.701486941522,0.030734353857469907
,0.6625,2.8127732376,0.35066071847261315
,0.7775000000000001,3.58202673114,0.25114528923614854
,0.8859612060687531,1.59851922072,0.843116393448388
,0.7046913580246911,1.8370779321,0.20268898192489584
,0.0,nan,nan
10,8290,0.8325,5.48118342343,0.7551063132052627
,0.7825000000000001,4.94407845023,0.697581009325823
,0.77,5.66452334427,0.5307964961923541
,0.75,3.96266992095,0.6087390768537149
,0.8925000000000001,1.00445987835,0.9016956797197431
,0.8300000000000001,4.47246858525,0.46793424200781103
,0.783022853850585,2.74578006491,0.6123495595821247
,0.8898765432098761,2.64715747034,0.7010526946644196
,0.0,nan,nan
10,8961,0.6025,0.0376267638341,0.0006983670608450402
,0.6325000000000001,1.5412812449,0.05289287308007007
,0.6625,1.97320636525,0.07438652185272221
,0.5325,0.606559685236,0.025835512734198464
,0.535,1.04356814299,0.10982682470378849
,0.9075000000000001,3.28089700416,0.7855847052623787
,0.73309007105819,2.77692727507,0.47252845685662737
,0.835555555555555,3.03700895811,0.5440962878685218
,0.0,nan,nan
10,9191,0.63,0.138953009067,0.002857986895818023
,0.605,0.756167923116,0.022180521776854385
,0.685,2.97609962435,0.12974872715857322
,0.5925,1.65696665165,0.09044951975591978
,0.5825,1.62112877014,0.17225849087437703
,0.6825,0.988549952085,0.04103957594922865
,0.8905319761859031,1.53815613113,0.8502846408919464
,0.28098765432098705,0.0173069267671,0.0009682462262617955
,0.0,nan,nan
10,9518,0.725,3.3888184189,0.11720152361750957
,0.625,1.28895788009,0.04229745587386244
,0.7000000000000001,3.70381848715,0.17983445993504923
,0.675,3.61815160569,0.3101010516022088
,0.75,2.98398849237,0.6183590239034367
,0.8500000000000001,4.44048924242,0.5574404432230722
,0.8706740925676971,1.80391342593,0.817114433087305
,0.919012345679012,2.25390281406,0.7726438703758731
,1.0,nan,nan
10,10630,0.7225,3.2118411016,0.10895142117839421
,0.6675,3.04741952947,0.1318495007790859
,0.7275,4.92406953144,0.29916743169137006
,0.7075,4.04952076753,0.43573081421181536
,0.58,1.58554995836,0.16825024601372934
,0.867499999999999,4.23317572756,0.633566143366551
,0.6800845016324181,2.35864253242,0.33479041029402656
,0.7698765432098761,2.69430302075,0.3513002861303032
,1.0,nan,nan
10,10672,0.6425000000000001,0.239022960299,0.005170377979656511
,0.535,0.0610282662485,0.001290742203613209
,0.6075,0.480019969551,0.01352351255067631
,0.5,0.302831744439,0.011501190195945699
,-0.25,3.41320516706e-06,1.2377376473211286e-07
,0.9275,2.67722309014,0.8452122972323952
,0.8137507201843671,2.50784982699,0.6934393792582766
,0.72395061728395,2.10305191715,0.24062246324625455
,0.0,nan,nan
10,11039,0.8425,4.76711171355,0.8063955455671057
,0.7625000000000001,5.50689871226,0.5924710839075712
,0.735,5.18337339274,0.3370978709740005
,0.72,4.10488884447,0.4867655696974408
,0.715,3.15127915379,0.5100757068574732
,0.8125,4.31755380335,0.3907806356469349
,0.7560975609756091,2.82060223531,0.5371083354044244
,0.0,5.23374296823e-05,1.9988453070697773e-06
,1.0,nan,nan
10,11140,0.6325000000000001,0.15528227284,0.0032254428426321357
,0.5775,0.317441229959,0.008100338435813866
,0.6975,3.58227090181,0.17072675213986077
,0.55,0.844144299069,0.038446942553016325
,0.5275000000000001,0.972326392326,0.10227052845588437
,0.7825000000000001,3.7139534877,0.2693880581578983
,0.865565584789706,1.87295424058,0.8077227355063035
,0.245432098765432,0.00952010367044,0.000503511670318302
,1.0,nan,nan
10,11230,0.6950000000000001,1.58344017392,0.04451498255700239
,0.6725,3.29103097977,0.14769456738702438
,0.74,5.33004407485,0.3633907835526164
,0.6125,2.13579152664,0.12830353834690397
,0.6825,3.01751375983,0.409095365908658
,0.8975000000000001,3.56373144288,0.7513449667608358
,0.7756865757633951,2.77947769349,0.5920762224745539
,0.8301234567901231,3.04240099902,0.5275813245127567
,1.0,nan,nan
10,11275,0.8775000000000001,2.31282839428,0.9287352151827968
,0.7875000000000001,4.75266333438,0.7218298273565672
,0.8225,4.04785029072,0.7955812249604581
,0.8200000000000001,2.50728518022,0.8413289369135961
,0.8250000000000001,1.91682562082,0.8053834791424809
,0.8775000000000001,4.04801754961,0.6750089009885687
,0.45938160169003206,0.495114280652,0.061745149141282124
,0.8740740740740741,2.81723353554,0.6578263745944191
,1.0,nan,nan
10,12534,0.6525000000000001,0.360097480113,0.008130125410188673
,0.6475000000000001,2.1287064872,0.08028617339829477
,0.665,2.07547571204,0.07944680851476119
,0.5625,1.04902683044,0.0502483503336092
,0.6900000000000001,3.07215245204,0.43193991510319524
,0.735,2.31839851146,0.12533382733590717
,0.8021893604762821,2.61426115437,0.6638123388118089
,0.895308641975308,2.58042598712,0.7152527671960427
,0.0,nan,nan
10,14112,0.77,6.44433863654,0.3424831706164112
,0.75,5.65505608859,0.5225297668474582
,0.754999999999999,5.62192466,0.4458242706328367
,0.705,4.03051559807,0.425630230234323
,0.715,3.15127915379,0.5100757068574732
,0.8174999999999991,4.3785421839,0.41252625183167035
,0.777222969080084,2.773225587,0.5963418457619937
,0.869135802469135,2.86193578393,0.6438019394290743
,0.0,nan,nan
10,15812,0.5675,0.00571490181011,9.386130119293834e-05
,0.5750000000000001,0.291092817763,0.0073400646302974985
,0.62,0.695896205382,0.02080726168643557
,0.5,0.302831744439,0.011501190195945699
,0.5475,1.17434803806,0.12367285698103751
,0.7125,1.67893603912,0.08051221902817901
,0.7657384290378331,2.8093897787,0.5642614953001706
,0.8222222222222221,3.03848841973,0.5035489104852534
,1.0,nan,nan
10,15877,0.43999999999999906,5.85058742655e-07,6.499683702199967e-09
,0.47000000000000003,0.00237411433718,3.9563061583719e-05
,0.545,0.0488448425314,0.001067299967009516
,0.4325,0.0513763924023,0.0015887851358865014
,0.375,0.247749756998,0.02173489336466133
,0.764999999999999,3.22739646089,0.20855482865083447
,0.9789130017284421,0.628794153462,0.9418497536296695
,0.741728395061728,2.34675726185,0.28018899377821044
,1.0,nan,nan
10,15878,0.7025,1.96069933036,0.057771918666547094
,0.6975,4.47802722805,0.24507573807820426
,0.75,5.55099602959,0.41788051261567793
,0.65,3.07663164343,0.22614317858773875
,0.6925,3.08735535334,0.4396396215765773
,0.8,4.11147132143,0.33802286144901206
,0.769541002496639,2.80013648207,0.5749276742520165
,0.8696296296296291,2.85766334896,0.6452141879699076
,0.0,nan,nan
10,16373,0.65,0.325700546721,0.007273498214417841
,0.6925,4.25365773328,0.22324207119516928
,0.6925,3.3385853234,0.15342463114995547
,0.5975,1.77231301038,0.09902130658591479
,0.6675,2.87117450817,0.36487239375542
,0.7000000000000001,1.3651426659,0.061523150312599556
,0.880929517956596,1.66567253497,0.8349044629718253
,0.6641975308641971,1.3268252157,0.13894833365437448
,1.0,nan,nan
10,17703,0.76,5.89662632846,0.2806572733564237
,0.635,1.63172650997,0.056858482575200646
,0.605,0.444110044192,0.012368820475316443
,0.42750000000000005,0.044263092707,0.001350079885821981
,0.0,0.00110420152781,5.283622052181213e-05
,0.595,0.110393444815,0.003252314014792424
,0.9251008258114071,1.11520443145,0.8959457976700698
,0.9827160493827161,1.32194320765,0.8860078545505654
,1.0,nan,nan
10,17743,0.6825,1.07289481721,0.028063908636612817
,0.6725,3.29103097977,0.14769456738702438
,0.665,2.07547571204,0.07944680851476119
,0.6625,3.36378163679,0.2664237510788154
,0.5,0.753269715628,0.07868702594538762
,0.784999999999999,3.77724612599,0.27875245177874175
,0.8367966199347031,2.24873265305,0.748352442831052
,0.8755555555555551,2.80298585292,0.6619895466374117
,0.0,nan,nan
10,17938,0.262499999999999,2.21352330929e-15,1.6641939716197518e-17
,0.3125,2.36943817512e-08,2.58281797217008e-10
,0.4375,0.000190500109821,2.9914256764904814e-06
,0.4575,0.104374397675,0.0034674514254779023
,0.5,0.753269715628,0.07868702594538762
,0.7125,1.67893603912,0.08051221902817901
,0.9558671019781061,0.809194413331,0.9253585666830859
,0.908148148148148,2.40948588417,0.7473046696450102
,1.0,nan,nan
10,17979,0.6825,1.07289481721,0.028063908636612817
,0.6525000000000001,2.34641961888,0.09146993128039042
,0.7325,5.10188433106,0.3242402158235502
,0.49,0.239478167186,0.008799810045973966
,0.7125,3.15086252067,0.502197676049328
,0.6775,0.89509140917,0.03633310379173456
,0.87866333781448,1.69610203831,0.8310952877309975
,0.752592592592592,2.48885898666,0.30646339428663116
,1.0,nan,nan
10,18166,0.6625,0.530531447786,0.012536704001608287
,0.5875,0.443182091446,0.011875036107303224
,0.64,1.18615661032,0.039309620315424294
,0.5625,1.04902683044,0.0502483503336092
,0.6125,2.07788518691,0.2276324569956515
,0.8825000000000001,3.9397543531,0.6949823737684906
,0.8275398502016511,2.35916137391,0.7270196845265862
,0.997037037037037,1.14094092084,0.9036231388096381
,0.0,nan,nan
10,18246,0.78,6.82432451014,0.40898350379772586
,0.784999999999999,4.85046003881,0.7098250866588308
,0.7525000000000001,5.58989744479,0.43180804672363404
,0.77,3.66908252129,0.6852921557501241
,0.774999999999999,2.69544142084,0.6895897643507428
,0.8725,4.14611604251,0.6545191435134772
,0.9107355483003641,1.28233973148,0.8787419494940907
,0.9624691358024691,1.60366841729,0.8564353368596105
,1.0,nan,nan
10,18248,0.7725000000000001,6.55671599843,0.3587367563704449
,0.7475,5.66372489309,0.5083798071982867
,0.8625,2.14497065737,0.9187367353355973
,0.8174999999999991,2.57190753197,0.8349799309022614
,0.9175000000000001,0.778390734756,0.9238572021010174
,0.9075000000000001,3.28089700416,0.7855847052623787
,0.9520261186863831,0.843306029936,0.9221853302115192
,0.8562962962962961,2.95661105419,0.6064137658304924
,0.0,nan,nan
10,18270,0.764999999999999,6.18864831215,0.31088430149477336
,0.6775,3.53600743928,0.16476209642862158
,0.7425,5.39468570154,0.37679794736092753
,0.6275000000000001,2.51501780906,0.16317442547397912
,0.645,2.57892513567,0.3034240130103451
,0.7925000000000001,3.95486418584,0.3077599610617334
,0.779181870558863,2.76463165367,0.6017660175838475
,0.9501234567901231,1.78619660687,0.8355163108639527
,1.0,nan,nan
10,18297,0.7525000000000001,5.40457276376,0.23824277296544843
,0.745,5.66526011252,0.49421708778537965
,0.745,5.45320226839,0.39035910727084316
,0.7275,4.10562711477,0.5175703634965214
,0.75,2.98398849237,0.6183590239034367
,0.8525,4.42074217066,0.5685176944154878
,0.7647397733819851,2.81136850532,0.5614548786048762
,0.853333333333333,2.97375626904,0.597627585386248
,0.0,nan,nan
10,18311,0.42000000000000004,9.70699436251e-08,1.0237935507568263e-09
,0.382499999999999,7.48887685767e-06,9.658255730395575e-08
,0.58,0.191597464908,0.004788480415111416
,0.41750000000000004,0.0326174674694,0.0009683286659007274
,0.75,2.98398849237,0.6183590239034367
,0.8300000000000001,4.47246858525,0.46793424200781103
,0.814518916842711,2.50014664118,0.6953629470788127
,0.838024691358024,3.03237984536,0.5515896400390519
,1.0,nan,nan
10,18312,0.5275000000000001,0.000481727163345,6.926764138871587e-06
,0.48250000000000004,0.00474546598449,8.247841876679558e-05
,0.6525000000000001,1.59274940974,0.056596051393422823
,0.48250000000000004,0.199533320777,0.00715731571348625
,1.0,0.349646141343,0.967822514711757
,0.9025000000000001,3.42480367741,0.7688186085537416
,0.9389667754945261,0.968093355289,0.9103722734898068
,0.7891358024691351,2.87843561386,0.4050532703248488
,1.0,nan,nan
10,18319,0.53,0.0005681927805,8.236348050324093e-06
,0.485,0.00542925840952,9.51790287273294e-05
,0.48250000000000004,0.00248364519665,4.427026064840676e-05
,0.615,2.19830375544,0.13372107167815905
,0.47750000000000004,0.615346641076,0.06335016337704254
,0.7525000000000001,2.85099108539,0.17055101662693753
,0.9348185135394661,1.01055678141,0.9062687589315275
,0.8538271604938271,2.97102586315,0.5990954349307432
,0.0,nan,nan
10,18392,0.595,0.0256597647622,0.00046367738786447867
,0.5775,0.317441229959,0.008100338435813866
,0.5975,0.34928489658,0.00940525520951368
,0.52,0.470137658363,0.019133660535048714
,0.5775,1.55047845253,0.16433031827263436
,0.725,2.0245339971,0.10362951776590741
,0.812944113693105,2.51585788304,0.6914132960699906
,0.655308641975308,1.22912230881,0.12759288377747754
,1.0,nan,nan
10,18476,0.73,3.75184181618,0.13504874832725144
,0.7075,4.88773325191,0.2919540339468586
,0.784999999999999,5.45116478089,0.6144742728050652
,0.6875,3.82845949753,0.35669374926702363
,0.75,2.98398849237,0.6183590239034367
,0.8925000000000001,3.69658216811,0.7331914234106095
,0.8598041098521221,1.95051351541,0.7967080826393242
,0.8730864197530861,2.8265208607,0.6550393213677612
,1.0,nan,nan
10,18739,0.754999999999999,5.57467142553,0.25196794621437935
,0.6925,4.25365773328,0.22324207119516928
,0.745,5.45320226839,0.39035910727084316
,0.5875,1.54518460505,0.08244569663934931
,0.6875,3.05542143176,0.42428013282721544
,0.847499999999999,4.45679729164,0.5463181142776083
,0.869829076243518,1.81533874091,0.8155852695262602
,0.7308641975308641,2.19878068293,0.25549337639630454
,0.0,nan,nan
10,18763,0.29250000000000004,1.01367710512e-13,8.064140948669368e-16
,0.29250000000000004,3.79310963238e-09,3.958957347208075e-11
,0.5825,0.209472954676,0.005289533609834522
,0.5,0.302831744439,0.011501190195945699
,-0.25,3.41320516706e-06,1.2377376473211286e-07
,0.9575,1.79486240826,0.9120435215501403
,0.928596120606875,1.07674452472,0.8997762878110663
,0.955555555555555,1.70516614548,0.8449985968506313
,1.0,nan,nan
10,19718,0.77,6.44433863654,0.3424831706164112
,0.6925,4.25365773328,0.22324207119516928
,0.9225000000000001,0.449970102872,0.9877826908873033
,0.635,2.705522734,0.1827522476725335
,0.875,1.19986506483,0.8824540929085491
,0.905,3.35340383944,0.777291612919431
,0.640868062223929,1.89501351033,0.2512187052539323
,0.8444444444444441,3.01401493839,0.5710026917226182
,0.0,nan,nan
10,19745,0.857499999999999,3.65329216851,0.8695314114750162
,0.857499999999999,1.62084813324,0.9426564174485178
,0.8925000000000001,1.07564004537,0.9659226790315645
,0.625,2.45137656014,0.15696643856238668
,-0.25,3.41320516706e-06,1.2377376473211286e-07
,0.857499999999999,4.37112458657,0.5905029249374283
,0.6714038793931241,2.26139792908,0.3147343982596353
,0.6167901234567901,0.873432267304,0.08744791687243415
,1.0,nan,nan
10,20639,0.41500000000000004,6.10055233629e-08,6.353606208433775e-10
,0.4425,0.000461402963016,7.046427480441895e-06
,0.5275000000000001,0.0227283951836,0.00046722025576137016
,0.3375,0.00200517017747,4.896477343929352e-05
,0.5825,1.62112877014,0.17225849087437703
,0.81,4.28229532811,0.38003017591749627
,0.864298060303437,1.89005795054,0.8053378786568248
,0.972345679012345,1.46292795054,0.871574390361612
,1.0,nan,nan
10,25302,0.5625,0.00427612998693,6.904635126322765e-05
,0.48750000000000004,0.00620351307067,0.00010970006776365838
,0.5125000000000001,0.0113022953586,0.00022108607147777734
,0.39,0.0134037653045,0.0003706137862376874
,0.5,0.753269715628,0.07868702594538762
,0.725,2.0245339971,0.10362951776590741
,0.7191088918763201,2.70463768309,0.43417129961948975
,0.925925925925925,2.15146585113,0.78787347152248
,0.0,nan,nan
10,27972,0.7775000000000001,6.74727287734,0.3920163876765117
,0.7025,4.6903051821,0.2680021880714679
,0.7525000000000001,5.58989744479,0.43180804672363404
,0.6675,3.47011761883,0.28351084410297533
,0.6675,2.87117450817,0.36487239375542
,0.827499999999999,4.46057480378,0.4567672082464908
,0.850240061455732,2.07746144495,0.777443846968372
,0.779753086419753,2.79571308607,0.3784226222900169
,0.0,nan,nan
10,28024,0.8500000000000001,4.20845997494,0.8400579682216494
,0.899999999999999,0.525873375856,0.9852175749916809
,1.0,0.0209117694,0.9995855687488219
,1.0,0.0675870282993,0.9979421858107999
,0.9175000000000001,0.778390734756,0.9238572021010174
,1.0,0.838457445826,0.966464985968228
,0.658382946034184,2.10802646109,0.2862796944081254
,0.8562962962962961,2.95661105419,0.6064137658304924
,1.0,nan,nan
10,28466,0.68,0.987773215126,0.02548920152904524
,0.68,3.65824127385,0.17375499800936897
,0.665,2.07547571204,0.07944680851476119
,0.5875,1.54518460505,0.08244569663934931
,0.61,2.03845363651,0.22248705378080474
,0.9575,1.79486240826,0.9120435215501403
,0.7730362972921061,2.7892447365,0.5846966041870396
,0.9456790123456791,1.85308820413,0.8274291697171583
,1.0,nan,nan
10,28484,0.5675,0.00571490181011,9.386130119293834e-05
,0.625,1.28895788009,0.04229745587386244
,0.6375000000000001,1.11426390535,0.03643474662174265
,0.61,2.07372531771,0.1230417422796013
,0.605,1.95999242569,0.2124912096923503
,0.8600000000000001,4.34137020059,0.6013942190792196
,0.8394468984059921,2.21585633409,0.7542687559368115
,0.9358024691358021,2.00262037755,0.8083890530396223
,1.0,nan,nan
10,28512,0.725,3.3888184189,0.11720152361750957
,0.6775,3.53600743928,0.16476209642862158
,0.764999999999999,5.67916164254,0.5024252382343593
,0.635,2.705522734,0.1827522476725335
,0.827499999999999,1.87685859764,0.8101255356741724
,0.7525000000000001,2.85099108539,0.17055101662693753
,0.814518916842711,2.50014664118,0.6953629470788127
,0.9906172839506171,1.21998341575,0.8960467407737527
,0.0,nan,nan
10,28570,0.47500000000000003,1.07101234396e-05,1.3111874232047009e-07
,0.5,0.0118483816092,0.00021903943054555141
,0.4625,0.000828808911084,1.3940813218716642e-05
,0.4325,0.0513763924023,0.0015887851358865014
,0.7225,3.14234840363,0.5336863414728458
,0.6375000000000001,0.361069183675,0.012410617310288915
,0.957787593623967,0.79257944175,0.9268966164005477
,0.7214814814814811,2.06875580792,0.23547207948248336
,0.0,nan,nan
10,28894,0.67,0.698757974434,0.01712268732832907
,0.62,1.13680498431,0.03623841459702633
,0.6475000000000001,1.42069987139,0.0490676152314784
,0.459999999999999,0.111667613742,0.0037374150038230964
,0.5,0.753269715628,0.07868702594538762
,0.705,1.48644220343,0.06864968338673948
,0.9097753024774341,1.29399729604,0.8775049956058032
,0.7851851851851851,2.84535490146,0.3937461503146512
,1.0,nan,nan
10,29183,0.6475000000000001,0.294182938008,0.0064992234162945875
,0.635,1.63172650997,0.056858482575200646
,0.6900000000000001,3.2170621054,0.14523016781555959
,0.5825,1.43728323638,0.07499120302779012
,0.5825,1.62112877014,0.17225849087437703
,0.8225,4.42636526299,0.4345441087221021
,0.8598041098521221,1.95051351541,0.7967080826393242
,0.84,3.02769986885,0.557575046584281
,1.0,nan,nan
10,29184,0.5725,0.00759741677986,0.000126933560553591
,0.5700000000000001,0.243828438679,0.006005674501323438
,0.62,0.695896205382,0.02080726168643557
,0.449999999999999,0.08492010454,0.0027597812048242385
,0.5375,1.06850400328,0.11246678938397683
,0.774999999999999,3.51366250589,0.2422753678849629
,0.8626848473209141,1.91179792581,0.8022712722380813
,0.8222222222222221,3.03848841973,0.5035489104852534
,1.0,nan,nan
10,29229,0.34750000000000003,6.30820053769e-11,5.615452771409594e-13
,0.34750000000000003,4.78592372525e-07,5.655396592335263e-09
,0.36750000000000005,1.72333683703e-06,2.2734109315147067e-08
,0.3075,0.000601159675878,1.3751602182365117e-05
,0.4375,0.434079740312,0.042584985892736155
,0.7725000000000001,3.44387979974,0.23357815879244326
,0.846360668331092,2.12793790612,0.7692864158037827
,0.8493827160493821,2.9937437728,0.5858388399211054
,0.0,nan,nan
10,29338,0.6900000000000001,1.36176868494,0.03716184679381951
,0.6525000000000001,2.34641961888,0.09146993128039042
,0.7000000000000001,3.70381848715,0.17983445993504923
,0.62,2.32438460247,0.145027286392576
,-0.25,3.41320516706e-06,1.2377376473211286e-07
,0.615,0.198335328956,0.006266728303120414
,0.9519877088534661,0.843653094609,0.9221529323028406
,0.602962962962962,0.7710455519,0.07609284130269615
,1.0,nan,nan
10,29381,0.67,0.698757974434,0.01712268732832907
,0.595,0.561547044143,0.015628902095412334
,0.625,0.800777082367,0.024544270899334683
,0.55,0.844144299069,0.038446942553016325
,0.5325,1.01923143303,0.10724844935274387
,0.66,0.616787133872,0.023212934485528868
,0.7350105627040521,2.78426397311,0.4778686713936723
,0.5051851851851851,0.310060136993,0.02630209769377384
,1.0,nan,nan
10,29764,0.7225,3.2118411016,0.10895142117839421
,0.68,3.65824127385,0.17375499800936897
,0.7425,5.39468570154,0.37679794736092753
,0.5875,1.54518460505,0.08244569663934931
,0.6000000000000001,1.88234488572,0.20288577172223413
,0.774999999999999,3.51366250589,0.2422753678849629
,0.8482811599769541,2.10303947551,0.7733492237109912
,0.829629629629629,3.04256410147,0.52607886175142
,1.0,nan,nan
10,30094,0.5625,0.00427612998693,6.904635126322765e-05
,0.62,1.13680498431,0.03623841459702633
,0.675,2.509714715,0.10234114648308548
,0.5825,1.43728323638,0.07499120302779012
,0.625,2.27520958775,0.2548404826859987
,0.63,0.29780373375,0.00994600501810827
,0.91937776070674,1.18009434914,0.8893788405218284
,0.8212345679012341,3.03702546542,0.5005486390101918
,0.0,nan,nan
10,31557,0.7925000000000001,7.01113170175,0.4958085059223667
,0.5575,0.153070228039,0.0035623621209746655
,0.725,4.82837297005,0.2869759920125592
,0.5825,1.43728323638,0.07499120302779012
,1.0,0.349646141343,0.967822514711757
,0.9275,2.67722309014,0.8452122972323952
,0.7937776070674091,2.6793706816,0.6415402477497781
,0.8627160493827161,2.91330924823,0.625259922628598
,1.0,nan,nan
10,32060,0.55,0.00202266870206,3.1314404833582576e-05
,0.65,2.23634569671,0.08574196502577854
,0.65,1.50516841502,0.05272429903627054
,0.5625,1.04902683044,0.0502483503336092
,0.75,2.98398849237,0.6183590239034367
,1.0,0.838457445826,0.966464985968228
,0.8214326867678121,2.42761930586,0.7124009015104806
,0.9476543209876541,1.82330622572,0.8310601643874954
,1.0,nan,nan
10,38608,0.67,0.698757974434,0.01712268732832907
,0.74,5.64691995605,0.4659247633788307
,0.7275,4.92406953144,0.29916743169137006
,0.764999999999999,3.75545061206,0.6667275073319628
,0.75,2.98398849237,0.6183590239034367
,0.7875000000000001,3.83858140822,0.28827265758892967
,0.9289802189360471,1.07257365551,0.9001890622173496
,0.802469135802469,2.96939762728,0.4440756963755408
,0.0,nan,nan
10,38649,0.78,6.82432451014,0.40898350379772586
,0.7525000000000001,5.63928986568,0.5366491723836728
,0.7925000000000001,5.25596781255,0.654660142359906
,0.867499999999999,1.35941287086,0.9322252915710907
,0.8225,1.95700601259,0.8005412297103267
,0.7575000000000001,3.00308663064,0.18518677098606423
,0.8565776838870751,1.99365856253,0.7903452223040657
,0.811851851851851,3.01251776468,0.47215316262211937
,0.0,nan,nan
10,39144,0.63,0.138953009067,0.002857986895818023
,0.5575,0.153070228039,0.0035623621209746655
,0.6425000000000001,1.26118782218,0.04236814539210802
,0.5,0.302831744439,0.011501190195945699
,0.6675,2.87117450817,0.36487239375542
,0.655,0.550617089658,0.020296787547613854
,0.9097753024774341,1.29399729604,0.8775049956058032
,0.6666666666666661,1.35498958998,0.14225912588919934
,0.0,nan,nan
10,39247,0.5525,0.0023557659461,3.6777497447272336e-05
,0.65,2.23634569671,0.08574196502577854
,0.5750000000000001,0.159749428934,0.003912194376322094
,0.595,1.71421610619,0.09466331689619535
,0.5175000000000001,0.885345229751,0.09298958782372467
,0.847499999999999,4.45679729164,0.5463181142776083
,0.8508162089494911,2.0699060973,0.7786385953554403
,0.9037037037037031,2.47051575616,0.7364595668646097
,0.0,nan,nan
10,39495,0.6900000000000001,1.36176868494,0.03716184679381951
,0.7225,5.36534524586,0.36908946941383075
,0.764999999999999,5.67916164254,0.5024252382343593
,0.5525,0.882746719769,0.04060530951355273
,0.66,2.78200162454,0.34366704122305813
,0.75,2.77456703091,0.16351903870819587
,0.8521605531015941,2.05222353189,0.7814093839709795
,0.87358024691358,2.82189848894,0.6564339945698856
,1.0,nan,nan
10,39581,0.6675,0.638406396393,0.01545215972391692
,0.6175,1.06554525631,0.03348614280324312
,0.735,5.18337339274,0.3370978709740005
,0.47000000000000003,0.145417379542,0.005016458721083389
,-0.25,3.41320516706e-06,1.2377376473211286e-07
,0.9575,1.79486240826,0.9120435215501403
,0.8943729594776261,1.48801723856,0.8560961945490795
,0.8029629629629621,2.97211416917,0.4455427383234345
,1.0,nan,nan
10,40799,0.6225,0.098797377597,0.001974116993161529
,0.68,3.65824127385,0.17375499800936897
,0.735,5.18337339274,0.3370978709740005
,0.5725,1.23413019475,0.061648663746983565
,0.75,2.98398849237,0.6183590239034367
,0.9550000000000001,1.86375781913,0.9074704858948641
,0.8536969464182831,2.03192915526,0.7845468276387066
,0.96395061728395,1.5822094888,0.8587952325639894
,1.0,nan,nan
10,40956,0.72,3.03856981465,0.10113922833022362
,0.625,1.28895788009,0.04229745587386244
,0.7825000000000001,5.50372137422,0.6007793100679559
,0.6575000000000001,3.25219404169,0.24988178128703717
,-0.25,3.41320516706e-06,1.2377376473211286e-07
,0.595,0.110393444815,0.003252314014792424
,0.988937968119838,0.562699880905,0.9478161341500765
,0.6474074074074071,1.14721782405,0.11820795934947552
,1.0,nan,nan
10,41042,0.444999999999999,9.02714178059e-07,1.01637623669738e-08
,0.34750000000000003,4.78592372525e-07,5.655396592335263e-09
,0.5425,0.043933134843,0.000951425240888969
,0.515,0.422746074005,0.01690308861575039
,-0.25,3.41320516706e-06,1.2377376473211286e-07
,0.8325,4.48084806204,0.4791266223551838
,0.9097753024774341,1.29399729604,0.8775049956058032
,0.8207407407407401,3.03621339571,0.49904907165083745
,1.0,nan,nan
10,41069,0.845,4.58173929027,0.8180819218263256
,0.8525,1.80761427645,0.9340902256066547
,0.827499999999999,3.80650987246,0.8152193291305643
,0.8025,2.95394517565,0.7935182309085078
,0.7725000000000001,2.72911536888,0.6828088815395787
,0.81,4.28229532811,0.38003017591749627
,0.6005377376608411,1.42455466095,0.1844749649365262
,0.810864197530864,3.0088385848,0.4691796363548282
,0.0,nan,nan
10,41615,0.847499999999999,4.39526381982,0.8293033236175873
,0.7425,5.65965252948,0.48005945972246034
,0.919999999999999,0.487196163309,0.986611728355415
,0.81,2.76470592574,0.814966199856568
,0.9675,0.475792548505,0.9545183334972365
,0.8775000000000001,4.04801754961,0.6750089009885687
,0.820741309775302,2.4351203818,0.7107199052918345
,0.544691358024691,0.452576881379,0.041216790276302866
,1.0,nan,nan
10,41703,0.7875000000000001,6.97725557874,0.46081443173740433
,0.735,5.60028552081,0.4377950690669684
,0.6925,3.3385853234,0.15342463114995547
,0.685,3.7904227431,0.34716970321720636
,0.6975,3.11305498112,0.4551432932662305
,0.77,3.37281611427,0.22505703637503582
,0.7849433454964471,2.73537479177,0.6176129191291216
,0.7925925925925921,2.90516957487,0.4150502337166454
,1.0,nan,nan
10,41708,0.735,4.12305105596,0.15473362591028042
,0.645,2.02365293314,0.07509627740708474
,0.6725,2.3976770416,0.0962073492327534
,0.51,0.37919207546,0.014899803309623342
,0.6775,2.97393599887,0.39411444754000013
,0.665,0.688737800302,0.026474294981476208
,0.784904935663529,2.7355892219,0.6175078497214659
,0.6498765432098761,1.17230929925,0.1210714787626737
,1.0,nan,nan
10,41851,0.635,0.173304586205,0.0036358089017028126
,0.6000000000000001,0.653313592859,0.018661570939966617
,0.6425000000000001,1.26118782218,0.04236814539210802
,0.3275,0.00135501751582,3.236235796373824e-05
,-0.25,3.41320516706e-06,1.2377376473211286e-07
,0.65,0.490001536748,0.01769750471465356
,0.9193393508738231,1.18053767871,0.8893335047812722
,0.8898765432098761,2.64715747034,0.7010526946644196
,1.0,nan,nan
10,43759,0.75,5.22953876247,0.22494919517769418
,0.8174999999999991,3.37674681866,0.8444173573049811
,0.8625,2.14497065737,0.9187367353355973
,0.7675000000000001,3.71326126825,0.6760638199295226
,0.75,2.98398849237,0.6183590239034367
,0.6975,1.30671051325,0.05818364695769972
,0.934741693873631,1.01135579248,0.9061910976103196
,0.7056790123456791,1.85053863714,0.2045100246306797
,1.0,nan,nan
10,44059,0.605,0.0426400598769,0.0007985804888455167
,0.5125000000000001,0.0219068066105,0.0004241607642823896
,0.6575000000000001,1.77707958157,0.06501558969425242
,0.5325,0.606559685236,0.025835512734198464
,-0.25,3.41320516706e-06,1.2377376473211286e-07
,0.8225,4.42636526299,0.4345441087221021
,0.9020933358939881,1.38920901521,0.8672010004845909
,0.9565432098765431,1.69054262958,0.8466754869940674
,0.0,nan,nan
10,44938,0.6425000000000001,0.239022960299,0.005170377979656511
,0.6075,0.811946240329,0.024140047811492767
,0.75,5.55099602959,0.41788051261567793
,0.464999999999999,0.12758537835,0.004334785095785328
,0.8125,2.11898676529,0.780162336301832
,0.9275,2.67722309014,0.8452122972323952
,0.7176877280583821,2.69551824911,0.4303340095851982
,0.834567901234567,3.03847982734,0.5410960285660711
,1.0,nan,nan
10,50703,0.7000000000000001,1.82897901337,0.053036056832462576
,0.7125,5.06766367025,0.3168503484023205
,0.7325,5.10188433106,0.3242402158235502
,0.645,2.95525545633,0.21106222893828686
,0.675,2.95012648464,0.38670909657460467
,0.74,2.46923455709,0.1373020983940167
,0.735394661033224,2.78565321609,0.47893837017345425
,0.8562962962962961,2.95661105419,0.6064137658304924
,0.0,nan,nan
10,50830,0.66,0.482578869,0.011271110004023952
,0.5650000000000001,0.203185076746,0.004890746883367547
,0.655,1.68340411897,0.06069060790902317
,0.5725,1.23413019475,0.061648663746983565
,0.6375000000000001,2.46813916421,0.28449449080411654
,0.81,4.28229532811,0.38003017591749627
,0.8275398502016511,2.35916137391,0.7270196845265862
,0.8967901234567901,2.56159531247,0.7190617037153719
,0.0,nan,nan
10,50921,0.68,0.987773215126,0.02548920152904524
,0.5925,0.51961106187,0.014277987322669185
,0.64,1.18615661032,0.039309620315424294
,0.5975,1.77231301038,0.09902130658591479
,0.8325,1.79772462255,0.8193115064783228
,0.7025,1.4250636641,0.06501060112481827
,0.8290762435183401,2.34135419857,0.7306306334190291
,0.9397530864197531,1.94275544755,0.8161823978732188
,0.0,nan,nan
10,51734,0.7225,3.2118411016,0.10895142117839421
,0.6000000000000001,0.653313592859,0.018661570939966617
,0.6825,2.85719741587,0.12245736956696031
,0.56,1.00567713806,0.04768021678796221
,0.56,1.32056198758,0.1392499423050506
,0.7275,2.09679062405,0.10878098447583125
,0.9270213174572691,1.0939604865,0.8980670955528091
,0.8503703703703701,2.98905814061,0.5887933271817605
,0.0,nan,nan
10,52992,0.705,2.09831290076,0.06284446568517219
,0.75,5.65505608859,0.5225297668474582
,0.71,4.18040470267,0.21927288937397044
,0.6725,3.57045703886,0.3011149316562646
,0.6725,2.92503068345,0.37936488707763877
,0.8225,4.42636526299,0.4345441087221021
,0.748454004225081,2.81698139146,0.5155557169249428
,0.928395061728395,2.1144537643,0.793140075909629
,0.0,nan,nan
10,54491,0.7975000000000001,6.98939296336,0.5308329809926089
,0.77,5.33870479536,0.6331771698715534
,0.7775000000000001,5.58887310806,0.5730365456426079
,0.9450000000000001,0.295984979366,0.9892090860343782
,0.705,3.13946114775,0.4785994778553691
,0.9025000000000001,3.42480367741,0.7688186085537416
,0.8689456500864221,1.82728301997,0.8139762757764779
,0.952098765432098,1.75662336866,0.8390153740170891
,0.0,nan,nan
10,54885,0.55,0.00202266870206,3.1314404833582576e-05
,0.585,0.408501352797,0.010810906048463303
,0.68,2.73968137422,0.11546158450627703
,0.5625,1.04902683044,0.0502483503336092
,0.625,2.27520958775,0.2548404826859987
,0.8500000000000001,4.44048924242,0.5574404432230722
,0.945265988092951,0.906205402843,0.9162739247027112
,0.9525925925925921,1.74924805553,0.8398810209708154
,1.0,nan,nan
10,56634,0.845,4.58173929027,0.8180819218263256
,0.8525,1.80761427645,0.9340902256066547
,0.8300000000000001,3.68420413411,0.8245828888746158
,0.7575000000000001,3.86931564927,0.6381223804035112
,0.764999999999999,2.8243588333,0.6619776721224757
,0.9400000000000001,2.29791794492,0.8762977189475858
,0.429652391012099,0.40411871472,0.04842499511495289
,0.8646913580246911,2.89834025601,0.630999948157041
,0.0,nan,nan
10,56758,0.8225,6.11061243195,0.6970541034733896
,0.7725000000000001,5.27053769777,0.6464399273298542
,0.77,5.66452334427,0.5307964961923541
,0.745,4.01270919229,0.5887964470099485
,0.8125,2.11898676529,0.780162336301832
,0.68,0.941031277681,0.038627928769607536
,0.73808334933743,2.79464189593,0.4864404967980366
,0.7827160493827161,2.82336867465,0.38674752367991505
,0.0,nan,nan
10,56917,0.77,6.44433863654,0.3424831706164112
,0.72,5.29939061081,0.35575731208193595
,0.73,5.01534687545,0.3115926567026475
,0.6575000000000001,3.25219404169,0.24988178128703717
,0.7325,3.10695935419,0.564954964812529
,0.8300000000000001,4.47246858525,0.46793424200781103
,0.869444977914346,1.82053203181,0.8148870035778237
,0.829629629629629,3.04256410147,0.52607886175142
,1.0,nan,nan
10,56975,0.7325,3.93673969507,0.1446591118871824
,0.68,3.65824127385,0.17375499800936897
,0.6975,3.58227090181,0.17072675213986077
,0.7175,4.09919068043,0.4765099043897787
,0.6000000000000001,1.88234488572,0.20288577172223413
,0.8,4.11147132143,0.33802286144901206
,0.9289802189360471,1.07257365551,0.9001890622173496
,0.776296296296296,2.76177407184,0.36881658288535046
,1.0,nan,nan
10,67160,0.8500000000000001,4.20845997494,0.8400579682216494
,0.8150000000000001,3.4981953824,0.8358236832373702
,0.774999999999999,5.62115268419,0.5590225598375527
,0.76,3.83355098578,0.6477514321623904
,0.68,2.99641309,0.4015776661569751
,0.8625,4.30840859161,0.6122071030575642
,0.830036489341271,2.33011311424,0.7328735186614345
,0.88,2.75803160836,0.674348570723333
,0.0,nan,nan
10,67299,0.6825,1.07289481721,0.028063908636612817
,0.6775,3.53600743928,0.16476209642862158
,0.6775,2.62378224776,0.10875761481975373
,0.6625,3.36378163679,0.2664237510788154
,0.5,0.753269715628,0.07868702594538762
,0.545,0.0204916576221,0.0005155208724325188
,0.9328212022277701,1.03147933568,0.9042295192722682
,0.7091358024691351,1.89787426739,0.21098866839005564
,1.0,nan,nan
10,67423,0.6875,1.25975866859,0.033886148930218934
,0.6375000000000001,1.72526313896,0.061054082189764464
,0.705,3.94470781712,0.19895737057557364
,0.6775,3.66407907975,0.3192042170433146
,0.59,1.73068638226,0.18482526588005938
,0.6825,0.988549952085,0.04103957594922865
,0.9385442673324371,0.972356691623,0.9099623459927298
,0.652839506172839,1.20302387689,0.1245903280760297
,0.0,nan,nan
10,67905,0.8,6.95778570298,0.548269809660378
,0.764999999999999,5.45710439385,0.6061774289375231
,0.7975000000000001,5.09699289143,0.6805515639337036
,0.75,3.96266992095,0.6087390768537149
,0.6675,2.87117450817,0.36487239375542
,0.845,4.46962785629,0.5351593548950009
,0.786863837142308,2.72432693894,0.6228556770859337
,0.8,2.95509205049,0.43676126489681044
,1.0,nan,nan
10,68565,0.7575000000000001,5.73897382685,0.26611129967436076
,0.6950000000000001,4.36717883584,0.23401863703747128
,0.7175,4.51811766574,0.25190653776212724
,0.665,3.41765310367,0.27490082789013703
,0.5775,1.55047845253,0.16433031827263436
,0.857499999999999,4.37112458657,0.5905029249374283
,0.8021893604762821,2.61426115437,0.6638123388118089
,0.8958024691358021,2.57417781927,0.7165255100701927
,1.0,nan,nan
10,68688,0.8025,6.91258602014,0.565610580198786
,0.685,3.90057748663,0.19265359956114342
,0.78,5.54968091578,0.5869611641433949
,0.62,2.32438460247,0.145027286392576
,0.79,2.47722630597,0.7284158944560747
,0.8075000000000001,4.24396685153,0.36937171752304876
,0.8899942385250621,1.54522075559,0.8494556174250162
,0.883456790123456,2.72087505857,0.6838188213033526
,0.0,nan,nan
10,69217,0.74,4.49712288642,0.17628406527877538
,0.7000000000000001,4.58585193749,0.2564062533535314
,0.7675000000000001,5.67545637306,0.5166200186341203
,0.6425000000000001,2.89355380043,0.20375109306227873
,0.7675000000000001,2.79363029939,0.6690003804859839
,0.72,1.88294138312,0.0938625376301668
,0.777222969080084,2.773225587,0.5963418457619937
,0.9125925925925921,2.34681461421,0.7578747874572203
,0.0,nan,nan
10,69292,0.8150000000000001,6.49512919238,0.6497276284646263
,0.74,5.64691995605,0.4659247633788307
,0.76,5.66487722152,0.4740531090941339
,0.7875000000000001,3.31130484318,0.7464848354713707
,0.75,2.98398849237,0.6183590239034367
,0.74,2.46923455709,0.1373020983940167
,0.751603610524294,2.81980862999,0.5244330410823037
,0.75358024691358,2.50136792244,0.3089277103145607
,0.0,nan,nan
10,70225,0.64,0.215017248659,0.004603293773497814
,0.58,0.345727715277,0.008928885819064869
,0.5925,0.295900416875,0.007795365421899684
,0.5375,0.66871604539,0.029021837685821894
,-0.25,3.41320516706e-06,1.2377376473211286e-07
,0.804999999999999,4.20265628964,0.3588128269038018
,0.9116573842903781,1.27120231512,0.8799189188924741
,0.795555555555555,2.92637161342,0.4236899516562321
,1.0,nan,nan
10,70358,0.48,1.58332280679e-05,1.9667781048602667e-07
,0.47500000000000003,0.00314417388502,5.327469750878488e-05
,0.5425,0.043933134843,0.000951425240888969
,0.545,0.770480248674,0.03441234145920356
,0.5325,1.01923143303,0.10724844935274387
,0.75,2.77456703091,0.16351903870819587
,0.9552525446514301,0.814573192625,0.9248596190843832
,0.8291358024691351,3.04267271424,0.5245763319005737
,1.0,nan,nan
10,70659,0.685,1.16350854353,0.030858252879929618
,0.6025,0.703314827101,0.02035677033971462
,0.6950000000000001,3.46042214524,0.16192335611714764
,0.55,0.844144299069,0.038446942553016325
,0.5275000000000001,0.972326392326,0.10227052845588437
,0.5650000000000001,0.041727971252,0.0011152303743667338
,0.90497407336278,1.35311245636,0.8711508463076589
,0.7832098765432091,2.82784435626,0.38814288651849493
,1.0,nan,nan
10,70707,0.7525000000000001,5.40457276376,0.23824277296544843
,0.6675,3.04741952947,0.1318495007790859
,0.67,2.28785085546,0.09035091790344654
,0.6425000000000001,2.89355380043,0.20375109306227873
,0.7225,3.14234840363,0.5336863414728458
,0.8825000000000001,3.9397543531,0.6949823737684906
,0.853082389091607,2.04005739005,0.7832955923581104
,0.8493827160493821,2.9937437728,0.5858388399211054
,1.0,nan,nan
10,70749,0.39,5.45271364715e-09,5.3433409996158e-11
,0.36,1.31608771643e-06,1.6032017668542038e-08
,0.39,8.60263807548e-06,1.197078014192774e-07
,0.365,0.00560641601674,0.00014586006494856399
,0.65,2.64974692049,0.31649683518656774
,0.6575000000000001,0.582993010918,0.021713507691885056
,0.8905703860188201,1.53765191849,0.8503437115284085
,0.8661728395061721,2.88661983102,0.6352851555713032
,0.0,nan,nan
10,70793,0.59,0.0197551032427,0.00035073522102597397
,0.545,0.0930354928511,0.002051156639255606
,0.66,1.87370802925,0.06957846706379689
,0.5275000000000001,0.54881208459,0.022948891759934472
,0.392499999999999,0.291478071776,0.026445016122454215
,0.6125,0.184835431115,0.005787931792064487
,0.8893028615325521,1.55431905625,0.8483841431417694
,0.808395061728395,2.99874430676,0.4617626050388679
,0.0,nan,nan
10,70852,0.705,2.09831290076,0.06284446568517219
,0.6900000000000001,4.13781624878,0.21275228201023194
,0.6975,3.58227090181,0.17072675213986077
,0.595,1.71421610619,0.09466331689619535
,0.5925,1.76806167798,0.18919861848302372
,0.6975,1.30671051325,0.05818364695769972
,0.90013443441521,1.41400589075,0.8644554217894613
,0.799012345679012,2.9490362842,0.4338456304168101
,0.0,nan,nan
10,72086,0.545,0.00148495854157,2.2610458461078355e-05
,0.5650000000000001,0.203185076746,0.004890746883367547
,0.585,0.22875657509,0.005837018564899028
,0.41750000000000004,0.0326174674694,0.0009683286659007274
,0.40750000000000003,0.333682198895,0.031127880886303142
,0.847499999999999,4.45679729164,0.5463181142776083
,0.8713654695602071,1.79456605079,0.8183583859928101
,0.515061728395061,0.341549822995,0.029517873034797994
,0.0,nan,nan
10,74604,0.827499999999999,5.8098848481,0.7268683912807401
,0.8300000000000001,2.77765927838,0.8828598483140602
,0.9125000000000001,0.613797721494,0.9824974274690706
,0.9075000000000001,0.671424551844,0.9718027401593023
,0.794999999999999,2.39974289791,0.7406090767868722
,0.804999999999999,4.20265628964,0.3588128269038018
,0.8229690800845011,2.41076319462,0.7161177634864768
,0.789629629629629,2.8823834923,0.4064756965385121
,0.0,nan,nan
10,74635,0.675,0.833343045593,0.020944998828639306
,0.5575,0.153070228039,0.0035623621209746655
,0.5375,0.0354241319572,0.0007537220180550822
,0.655,3.19466817236,0.24182297956475207
,0.382499999999999,0.265810790573,0.02366012884650215
,0.605,0.148900563677,0.004540540323327875
,0.8252736700595351,2.3850101529,0.7216440150866393
,0.769382716049382,2.6888890563,0.34997110164392364
,0.0,nan,nan
10,74688,0.75,5.22953876247,0.22494919517769418
,0.7000000000000001,4.58585193749,0.2564062533535314
,0.774999999999999,5.62115268419,0.5590225598375527
,0.625,2.45137656014,0.15696643856238668
,0.75,2.98398849237,0.6183590239034367
,0.5,0.00344657636623,7.652905835804774e-05
,0.8560015363933161,2.0013335701,0.7891943694812393
,0.580246913580246,0.62752853105,0.06026188581852635
,1.0,nan,nan
10,74696,0.7175,2.86945330013,0.09375510836215266
,0.7125,5.06766367025,0.3168503484023205
,0.6975,3.58227090181,0.17072675213986077
,0.6950000000000001,3.92931386633,0.38579814561205056
,0.6675,2.87117450817,0.36487239375542
,0.7825000000000001,3.7139534877,0.2693880581578983
,0.8636450931438441,1.89886172216,0.8041008583047331
,0.892839506172839,2.61122258852,0.7088431701653233
,1.0,nan,nan
10,76409,0.5325,0.000669220118879,9.779854779690294e-06
,0.51,0.01942328695,0.00037255480785350266
,0.5775,0.175049110461,0.004330440409650214
,0.52,0.470137658363,0.019133660535048714
,0.25,0.0626491928327,0.004343542812714128
,0.7175,1.81375483387,0.08924190312012778
,0.9366621855194931,0.991518128946,0.9081143029899874
,0.885432098765432,2.69882490505,0.6891717068998404
,0.0,nan,nan
10,76496,0.8975000000000001,1.31073636909,0.96434211522738
,0.9175000000000001,0.298460730256,0.9922786162920383
,0.835,3.43802260492,0.8423889596068339
,0.804999999999999,2.89141967688,0.8008250692522185
,0.889999999999999,1.03043795792,0.8991521904895357
,0.9325000000000001,2.52449364855,0.8582162768901523
,0.660072978682542,2.12830103422,0.2898594722425324
,0.8044444444444441,2.97997111814,0.4499517447640798
,0.0,nan,nan
10,78211,0.8600000000000001,3.47218379448,0.8784376970638789
,0.81,3.74037038875,0.8177265185904987
,0.8300000000000001,3.68420413411,0.8245828888746158
,0.827499999999999,2.31359071735,0.8594066583699475
,0.8025,2.28067924903,0.7581624122445343
,0.794999999999999,4.00956160365,0.3177159927983924
,0.525676973305166,0.796693999,0.10360421972396895
,0.8740740740740741,2.81723353554,0.6578263745944191
,1.0,nan,nan
10,79262,0.8150000000000001,6.49512919238,0.6497276284646263
,0.7275,5.47887213419,0.39621046576470315
,0.7575000000000001,5.64695129261,0.4599118354747659
,0.827499999999999,2.31359071735,0.8594066583699475
,0.66,2.78200162454,0.34366704122305813
,0.8400000000000001,4.48474352067,0.5127675435868408
,0.786863837142308,2.72432693894,0.6228556770859337
,0.897283950617283,2.55526164652,0.7203251263387411
,1.0,nan,nan
10,79313,0.56,0.0036914873584,5.9103618255843365e-05
,0.515,0.0246758288472,0.00048232669963400746
,0.6175,0.64758789206,0.019128467210421673
,0.41250000000000003,0.0278985897665,0.0008173153207978914
,0.7000000000000001,3.12349822621,0.4629393231959908
,0.764999999999999,3.22739646089,0.20855482865083447
,0.9217591703476091,1.15280955898,0.8921565613641438
,0.7886419753086421,2.87444551142,0.40363280411726393
,1.0,nan,nan
10,79388,0.75,5.22953876247,0.22494919517769418
,0.7325,5.56655276877,0.4238350932671695
,0.77,5.66452334427,0.5307964961923541
,0.715,4.09078370792,0.46627187378519086
,0.7925000000000001,2.43871239407,0.734560918840619
,0.725,2.0245339971,0.10362951776590741
,0.9097753024774341,1.29399729604,0.8775049956058032
,0.8069135802469131,2.9920792744,0.45732490198894254
,0.0,nan,nan
10,80513,0.76,5.89662632846,0.2806572733564237
,0.7075,4.88773325191,0.2919540339468586
,0.7825000000000001,5.50372137422,0.6007793100679559
,0.5975,1.77231301038,0.09902130658591479
,0.76,2.88248567077,0.6477086517425423
,0.8250000000000001,4.4451949076,0.44563427331172767
,0.8483195698098711,2.1025396527,0.7734299915070337
,0.8207407407407401,3.03621339571,0.49904907165083745
,1.0,nan,nan
10,80619,0.8250000000000001,5.96416223203,0.7121492873365083
,0.7775000000000001,5.1175101829,0.6724190248449045
,0.77,5.66452334427,0.5307964961923541
,0.6975,3.95829413662,0.39565815362239504
,0.7625000000000001,2.85399500088,0.6548794966630083
,0.8150000000000001,4.34966091829,0.4016153186097496
,0.869406568081428,1.82105135277,0.8148170672731383
,0.9777777777777771,1.38812362293,0.8793170756654671
,1.0,nan,nan
10,80759,0.7825000000000001,6.88858490626,0.42612734880339764
,0.6675,3.04741952947,0.1318495007790859
,0.6675,2.1804010359,0.08476611418433204
,0.845,1.87293988875,0.8960041401438066
,0.5575,1.29008480821,0.13598676135880802
,0.605,0.148900563677,0.004540540323327875
,0.854042634914538,2.02735111747,0.7852484510058207
,0.6167901234567901,0.873432267304,0.08744791687243415
,0.0,nan,nan
10,80766,0.7225,3.2118411016,0.10895142117839421
,0.645,2.02365293314,0.07509627740708474
,0.6975,3.58227090181,0.17072675213986077
,0.645,2.95525545633,0.21106222893828686
,0.6000000000000001,1.88234488572,0.20288577172223413
,0.6375000000000001,0.361069183675,0.012410617310288915
,0.8905703860188201,1.53765191849,0.8503437115284085
,0.8197530864197531,3.03442845929,0.49605120619325416
,1.0,nan,nan
10,80873,0.7075,2.24171288487,0.06826830640713695
,0.735,5.60028552081,0.4377950690669684
,0.7775000000000001,5.58887310806,0.5730365456426079
,0.705,4.03051559807,0.425630230234323
,0.5,0.753269715628,0.07868702594538762
,0.6325000000000001,0.317803092106,0.010715293112693024
,0.9597080852698291,0.77625726178,0.9284030385156689
,0.8182716049382711,3.03135032927,0.4915579774681442
,0.0,nan,nan
10,84558,0.837499999999999,5.13130959298,0.7816449356627986
,0.7925000000000001,4.54585975522,0.7450819887807005
,0.7775000000000001,5.58887310806,0.5730365456426079
,0.75,3.96266992095,0.6087390768537149
,0.6275000000000001,2.31436029854,0.26057748671064973
,0.7775000000000001,3.58202673114,0.25114528923614854
,0.8444785865181481,2.15215133558,0.7652586464704028
,0.8256790123456791,3.04190925464,0.5140590029356311
,0.0,nan,nan
10,104560,0.48,1.58332280679e-05,1.9667781048602667e-07
,0.4,2.69189615538e-05,3.637312541698014e-07
,0.485,0.002834887453,5.090935336787424e-05
,0.40750000000000003,0.0238049413213,0.0006883011417615223
,0.515,0.864964564797,0.09080181092986982
,0.8500000000000001,4.44048924242,0.5574404432230722
,0.850240061455732,2.07746144495,0.777443846968372
,0.9170370370370371,2.28275427478,0.768163186193245
,0.0,nan,nan
10,104598,0.645,0.265352219187,0.005800344644512394
,0.5825,0.376048800615,0.009830672502637916
,0.685,2.97609962435,0.12974872715857322
,0.515,0.422746074005,0.01690308861575039
,0.5,0.753269715628,0.07868702594538762
,0.67,0.766664149865,0.030110274032346285
,0.8269637027078931,2.36578097641,0.7256585511365268
,0.8543209876543211,2.96824439558,0.6005619235125201
,0.0,nan,nan
10,104599,0.595,0.0256597647622,0.00046367738786447867
,0.5725,0.266586737573,0.006643339103527723
,0.61,0.518233540483,0.014770840062566282
,0.47000000000000003,0.145417379542,0.005016458721083389
,-0.25,3.41320516706e-06,1.2377376473211286e-07
,0.6875,1.08833161895,0.046229145138717134
,0.8580756673708471,1.97365976041,0.7933167185831131
,0.8804938271604931,2.75283805525,0.6757092808795913
,1.0,nan,nan
10,104688,0.73,3.75184181618,0.13504874832725144
,0.7275,5.47887213419,0.39621046576470315
,0.6625,1.97320636525,0.07438652185272221
,0.7225,4.1078651452,0.4970320802418222
,0.75,2.98398849237,0.6183590239034367
,0.8125,4.31755380335,0.3907806356469349
,0.657384290378336,2.09600789933,0.2841805008323569
,0.743209876543209,2.36655602423,0.28368035093126404
,1.0,nan,nan
10,104824,0.6000000000000001,0.0331611414293,0.0006099904160495015
,0.6325000000000001,1.5412812449,0.05289287308007007
,0.6175,0.64758789206,0.019128467210421673
,0.5675,1.13925738673,0.055717107938285576
,0.5,0.753269715628,0.07868702594538762
,0.875,4.0983938861,0.6648253452089812
,0.882081812944113,1.6502394606,0.8368149145812118
,0.8222222222222221,3.03848841973,0.5035489104852534
,0.0,nan,nan
10,107778,0.7175,2.86945330013,0.09375510836215266
,0.68,3.65824127385,0.17375499800936897
,0.7375,5.25951955241,0.3501526299305479
,0.6000000000000001,1.83120964286,0.10352554847902999
,0.78,2.62554831832,0.7028935879551155
,0.685,1.03765033176,0.04357199672047425
,0.833877472632994,2.28433528574,0.741735934370097
,0.589135802469135,0.680309981438,0.06607146106165603
,1.0,nan,nan
10,107870,0.8225,6.11061243195,0.6970541034733896
,0.8125,3.61950787439,0.8269264934957292
,0.8150000000000001,4.39639353894,0.7639028654246722
,0.735,4.08184305899,0.5482886337286312
,0.72,3.14701902921,0.5258242803820719
,0.909999999999999,3.20742059791,0.7936952899853671
,0.765815248703668,2.80922977223,0.5644773055454746
,0.90716049382716,2.42319881991,0.7449181518945247
,0.0,nan,nan
10,107898,0.794999999999999,7.00721206906,0.5133343373202335
,0.7025,4.6903051821,0.2680021880714679
,0.6975,3.58227090181,0.17072675213986077
,0.6075,2.01217187521,0.11793448436858858
,0.605,1.95999242569,0.2124912096923503
,0.6175,0.212654277045,0.006780290963178273
,0.9443057422700211,0.915435953468,0.915399318830707
,0.7614814814814811,2.59835157756,0.32907855049246154
,1.0,nan,nan
10,108143,0.6950000000000001,1.58344017392,0.04451498255700239
,0.485,0.00542925840952,9.51790287273294e-05
,0.625,0.800777082367,0.024544270899334683
,0.73,4.10041392644,0.5278284824978451
,0.5625,1.35164861389,0.14259007921343664
,0.7225,1.95322515276,0.09865752453014423
,0.8767428461686191,1.72195750472,0.8278131191110227
,0.8824691358024691,2.73168010752,0.681126189228326
,0.0,nan,nan
10,108336,0.56,0.0036914873584,5.9103618255843365e-05
,0.535,0.0610282662485,0.001290742203613209
,0.595,0.321670616458,0.008566954501243704
,0.387499999999999,0.0123182024324,0.00033847881506876917
,0.41750000000000004,0.364564087348,0.0346171574681146
,0.5575,0.0321479593764,0.0008395941723879991
,0.8269637027078931,2.36578097641,0.7256585511365268
,0.8469135802469131,3.00454035521,0.5784332802623896
,0.0,nan,nan
10,108341,0.52,0.000291047278823,4.085593201111901e-06
,0.5825,0.376048800615,0.009830672502637916
,0.595,0.321670616458,0.008566954501243704
,0.52,0.470137658363,0.019133660535048714
,0.595,1.8058177898,0.19366589167321985
,0.8075000000000001,4.24396685153,0.36937171752304876
,0.8097560975609751,2.54668313363,0.6833432103629706
,0.9516049382716051,1.76400612844,0.8381460830846142
,1.0,nan,nan
10,108351,0.685,1.16350854353,0.030858252879929618
,0.65,2.23634569671,0.08574196502577854
,0.615,0.601930396864,0.017567113106987546
,0.64,2.83130247505,0.1965949179652642
,0.665,2.84251565932,0.3577300497200673
,0.6825,0.988549952085,0.04103957594922865
,0.839408488573074,2.21633634337,0.7541836360463872
,0.598518518518518,0.740671672096,0.0727339078581758
,1.0,nan,nan
10,108388,0.64,0.215017248659,0.004603293773497814
,0.5475,0.103043740435,0.002296069108204051
,0.5875,0.249531686457,0.006434559334154486
,0.6000000000000001,1.83120964286,0.10352554847902999
,0.58,1.58554995836,0.16825024601372934
,0.6900000000000001,1.14058913712,0.0490149684536582
,0.8406376032264261,2.20092658989,0.7568983077342615
,0.819259259259259,3.03345575811,0.4945529609783736
,1.0,nan,nan
10,108411,0.6575000000000001,0.438330015662,0.010120723278571707
,0.6175,1.06554525631,0.03348614280324312
,0.67,2.28785085546,0.09035091790344654
,0.7075,4.04952076753,0.43573081421181536
,0.515,0.864964564797,0.09080181092986982
,0.875,4.0983938861,0.6648253452089812
,0.8743230266948331,1.75460237498,0.8236068081914263
,0.9303703703703701,2.08472739902,0.7972874304220373
,1.0,nan,nan
10,108416,0.8174999999999991,6.37684738462,0.6658197837107555
,0.71,4.98004520968,0.3042897023145918
,0.804999999999999,4.82094654929,0.71776998972701
,0.74,4.0525346184,0.5686290123847748
,0.7125,3.15086252067,0.502197676049328
,0.804999999999999,4.20265628964,0.3588128269038018
,0.8364893412713651,2.25251128681,0.7476608745389641
,0.807407407407407,2.99435128181,0.4588030350559523
,1.0,nan,nan
10,108417,0.6325000000000001,0.15528227284,0.0032254428426321357
,0.5825,0.376048800615,0.009830672502637916
,0.5325,0.0284374104613,0.0005946488199075886
,0.605,1.95119490807,0.11298040242107182
,0.52,0.906261130229,0.09522898311933954
,0.8,4.11147132143,0.33802286144901206
,0.860149798348377,1.94587612179,0.7973815512499757
,0.973333333333333,1.4491789496,0.8730124625889732
,1.0,nan,nan
10,108652,0.6425000000000001,0.239022960299,0.005170377979656511
,0.5075000000000001,0.0171989773778,0.0003268283779597156
,0.5650000000000001,0.109563784737,0.002579370291175119
,0.43999999999999906,0.063955274017,0.00201975389538781
,0.5625,1.35164861389,0.14259007921343664
,0.525,0.00957258470873,0.00022741246073069489
,0.945265988092951,0.906205402843,0.9162739247027112
,0.5560493827160491,0.502837077278,0.04663808477892442
,0.0,nan,nan
10,109008,0.5325,0.000669220118879,9.779854779690294e-06
,0.5275000000000001,0.043881648273,0.0009004797973974639
,0.63,0.917147702529,0.02883418735665423
,0.5,0.302831744439,0.011501190195945699
,0.595,1.8058177898,0.19366589167321985
,0.6950000000000001,1.24979372461,0.05498833481345239
,0.8137507201843671,2.50784982699,0.6934393792582766
,0.6819753086419751,1.53900580163,0.16439065062172958
,1.0,nan,nan
10,109067,0.794999999999999,7.00721206906,0.5133343373202335
,0.7625000000000001,5.50689871226,0.5924710839075712
,0.7525000000000001,5.58989744479,0.43180804672363404
,0.71,4.06592238963,0.4458756643099948
,0.75,2.98398849237,0.6183590239034367
,0.8,4.11147132143,0.33802286144901206
,0.7877856731323211,2.71879819811,0.6253645225967995
,0.8479012345679011,3.0003796016,0.5813986902091457
,1.0,nan,nan
10,129429,0.5875,0.0173007614244,0.0003044782956428999
,0.5775,0.317441229959,0.008100338435813866
,0.68,2.73968137422,0.11546158450627703
,0.54,0.701486941522,0.030734353857469907
,0.76,2.88248567077,0.6477086517425423
,0.7925000000000001,3.95486418584,0.3077599610617334
,0.7937776070674091,2.6793706816,0.6415402477497781
,0.8172839506172841,3.02903215733,0.4885651785155838
,1.0,nan,nan
10,129459,0.6925,1.46963826424,0.04069987607135603
,0.6725,3.29103097977,0.14769456738702438
,0.6875,3.0961416453,0.13733881795005598
,0.6375000000000001,2.76859477334,0.18959496096574652
,0.605,1.95999242569,0.2124912096923503
,0.705,1.48644220343,0.06864968338673948
,0.896331860956404,1.46268210109,0.8589862317616284
,0.838024691358024,3.03237984536,0.5515896400390519
,1.0,nan,nan
10,129490,0.754999999999999,5.57467142553,0.25196794621437935
,0.6575000000000001,2.57318311125,0.10376546854133334
,0.6975,3.58227090181,0.17072675213986077
,0.625,2.45137656014,0.15696643856238668
,0.7000000000000001,3.12349822621,0.4629393231959908
,0.889999999999999,3.76038944492,0.7238698220099842
,0.8252736700595351,2.3850101529,0.7216440150866393
,0.9654320987654321,1.56086545745,0.8611234217167512
,1.0,nan,nan
10,129672,0.38,1.98768789643e-09,1.902746634600676e-11
,0.485,0.00542925840952,9.51790287273294e-05
,0.405,2.38922704723e-05,3.449683207341374e-07
,0.43500000000000005,0.0553007029026,0.0017220780499862943
,-0.25,3.41320516706e-06,1.2377376473211286e-07
,0.725,2.0245339971,0.10362951776590741
,0.839408488573074,2.21633634337,0.7541836360463872
,0.901234567901234,2.50361913312,0.7303185349022097
,1.0,nan,nan
10,129907,0.63,0.138953009067,0.002857986895818023
,0.65,2.23634569671,0.08574196502577854
,0.65,1.50516841502,0.05272429903627054
,0.54,0.701486941522,0.030734353857469907
,0.6075,1.99914169564,0.21744008908904178
,0.65,0.490001536748,0.01769750471465356
,0.9058959093527941,1.34165842326,0.87239291100753
,0.725432098765432,2.12361464878,0.2437533294058732
,0.0,nan,nan
10,129987,0.6875,1.25975866859,0.033886148930218934
,0.6575000000000001,2.57318311125,0.10376546854133334
,0.6575000000000001,1.77707958157,0.06501558969425242
,0.6575000000000001,3.25219404169,0.24988178128703717
,0.5,0.753269715628,0.07868702594538762
,0.5625,0.0382832503661,0.0010152716603187115
,0.9306702515844051,1.05435397935,0.9019863203837913
,0.6869135802469131,1.60155964194,0.17214454207176003
,0.0,nan,nan
10,130043,0.899999999999999,1.21192083345,0.9674942429492361
,0.8300000000000001,2.77765927838,0.8828598483140602
,0.764999999999999,5.67916164254,0.5024252382343593
,0.6950000000000001,3.92931386633,0.38579814561205056
,0.804999999999999,2.24046191912,0.7638138803317946
,0.865,4.27231606689,0.6229336527520097
,0.8598041098521221,1.95051351541,0.7967080826393242
,0.942716049382716,1.89787819158,0.8218722114741842
,0.0,nan,nan
10,130166,0.9325000000000001,0.380805830847,0.9913108912765799
,0.7875000000000001,4.75266333438,0.7218298273565672
,0.9325000000000001,0.323389059237,0.9916210177398409
,0.875,1.2068627263,0.9418423713133315
,0.875,1.19986506483,0.8824540929085491
,0.8600000000000001,4.34137020059,0.6013942190792196
,0.918225465719224,1.1934386036,0.8880113442573285
,0.8681481481481481,2.87034581279,0.640971168234626
,0.0,nan,nan
10,130586,0.28500000000000003,3.97877702585e-14,3.119933761318045e-16
,0.20750000000000002,6.22979339082e-13,5.506078380851993e-15
,0.35750000000000004,8.19064921539e-07,1.0559382062613949e-08
,0.25,4.68595556429e-05,9.547574532797336e-07
,-0.25,3.41320516706e-06,1.2377376473211286e-07
,0.42750000000000005,0.00011485010325,2.1418109581313915e-06
,0.892452467831764,1.51301364644,0.8532144913930406
,0.741728395061728,2.34675726185,0.28018899377821044
,0.0,nan,nan
10,134922,0.725,3.3888184189,0.11720152361750957
,0.6925,4.25365773328,0.22324207119516928
,0.6775,2.62378224776,0.10875761481975373
,0.635,2.705522734,0.1827522476725335
,0.4375,0.434079740312,0.042584985892736155
,0.79,3.89782967152,0.29794361955590654
,0.857922028039178,1.97571368232,0.7930133290272205
,0.679012345679012,1.50218291795,0.15988532142797038
,0.0,nan,nan
10,134923,0.725,3.3888184189,0.11720152361750957
,0.6825,3.77987571671,0.18305280354063036
,0.7025,3.8247415533,0.18924532439149283
,0.68,3.70815453143,0.32841990357764217
,0.6725,2.92503068345,0.37936488707763877
,0.735,2.31839851146,0.12533382733590717
,0.879969272133666,1.67855459302,0.8332988243743603
,0.77037037037037,2.69968626859,0.3526321366081837
,0.0,nan,nan
10,135551,0.8250000000000001,5.96416223203,0.7121492873365083
,0.7575000000000001,5.58674291211,0.5647258292860093
,0.7725000000000001,5.6464003137,0.5449366429187938
,0.6425000000000001,2.89355380043,0.20375109306227873
,0.7825000000000001,2.5894461806,0.7094124813514924
,0.774999999999999,3.51366250589,0.2422753678849629
,0.823314768580756,2.40693563254,0.7169504753833067
,0.7629629629629631,2.61585896582,0.3329409572063354
,1.0,nan,nan
10,135973,0.7925000000000001,7.01113170175,0.4958085059223667
,0.8,4.21274865666,0.7779416816311547
,0.7825000000000001,5.50372137422,0.6007793100679559
,0.745,4.01270919229,0.5887964470099485
,0.6675,2.87117450817,0.36487239375542
,0.8975000000000001,3.56373144288,0.7513449667608358
,0.849241405799884,2.09052307783,0.7753626526204749
,0.9017283950617281,2.49704728191,0.7315532683761965
,1.0,nan,nan
10,136122,0.745,4.8681014124,0.19969972683761927
,0.78,5.03319829166,0.6851084435187984
,0.745,5.45320226839,0.39035910727084316
,0.61,2.07372531771,0.1230417422796013
,0.5225000000000001,0.927723118936,0.09752134856124713
,0.8325,4.48084806204,0.4791266223551838
,0.8521605531015941,2.05222353189,0.7814093839709795
,0.653827160493827,1.21340847351,0.12578362198503976
,1.0,nan,nan
10,136139,0.837499999999999,5.13130959298,0.7816449356627986
,0.8025,4.0969888767,0.7883292611292756
,0.784999999999999,5.45116478089,0.6144742728050652
,0.76,3.83355098578,0.6477514321623904
,0.8225,1.95700601259,0.8005412297103267
,0.845,4.46962785629,0.5351593548950009
,0.7495678893796811,2.81819434425,0.5186942078254116
,0.9422222222222221,1.90535331681,0.8209331420601116
,1.0,nan,nan
10,136288,0.8125,6.60259237206,0.6333531547700421
,0.7375,5.62710714326,0.451830760883313
,0.7925000000000001,5.25596781255,0.654660142359906
,0.6225,2.38780533942,0.1509174842508725
,0.7425,3.04575041109,0.5957393726508762
,0.827499999999999,4.46057480378,0.4567672082464908
,0.852506241597849,2.04766500476,0.7821180262550029
,0.93679012345679,1.98765814644,0.8103595614022654
,1.0,nan,nan
10,136820,0.655,0.397572524925,0.009076550553195535
,0.6275000000000001,1.36986491613,0.04562031410076028
,0.6175,0.64758789206,0.019128467210421673
,0.5650000000000001,1.09355620479,0.052926334080265924
,0.6025,1.92104704702,0.20763995699855292
,0.655,0.550617089658,0.020296787547613854
,0.9385442673324371,0.972356691623,0.9099623459927298
,0.852345679012345,2.97906329223,0.5946879044961445
,1.0,nan,nan
10,136846,0.7925000000000001,7.01113170175,0.4958085059223667
,0.8075000000000001,3.8604598062,0.8082252855800659
,0.804999999999999,4.82094654929,0.71776998972701
,0.875,1.2068627263,0.9418423713133315
,0.7625000000000001,2.85399500088,0.6548794966630083
,0.6525000000000001,0.519630181794,0.018959264689049554
,0.7226810063376221,2.72616228961,0.44387162072575004
,0.6074074074074071,0.802623878648,0.07958943050974834
,0.0,nan,nan
10,137085,0.875,2.46409195536,0.922765195951488
,0.8400000000000001,2.32343194055,0.9083397763719148
,0.8775000000000001,1.5539844097,0.9463460677309703
,0.8500000000000001,1.75249969604,0.9050664509691828
,0.847499999999999,1.56924495355,0.8445446640618746
,0.9400000000000001,2.29791794492,0.8762977189475858
,0.660418667178797,2.13243736064,0.2905959164765231
,0.8148148148148141,3.02231134444,0.4810941128901723
,0.0,nan,nan
10,137869,0.905,1.03116483151,0.9730927316600643
,0.875,1.0644297299,0.9659287727087049
,0.8700000000000001,1.83618334653,0.9336502877224115
,0.8625,1.46669688433,0.9251618153655716
,0.8150000000000001,2.07839460045,0.7854090611749291
,0.972499999999999,1.4082467567,0.936006379711569
,0.0,0.00425589285373,0.0002603581886591522
,0.9772839506172831,1.3948397051,0.8786299249409926
,0.0,nan,nan
10,138039,0.63,0.138953009067,0.002857986895818023
,0.6975,4.47802722805,0.24507573807820426
,0.6375000000000001,1.11426390535,0.03643474662174265
,0.6075,2.01217187521,0.11793448436858858
,0.655,2.71759385011,0.32991652389328735
,0.7325,2.24381271058,0.1196311962425737
,0.8560015363933161,2.0013335701,0.7891943694812393
,0.716049382716049,1.99334221435,0.22443929376641464
,0.0,nan,nan
10,140859,0.65,0.325700546721,0.007273498214417841
,0.5975,0.60608546174,0.017087891327598043
,0.6000000000000001,0.378834760708,0.010314991952873697
,0.59,1.6006090936,0.08637774029989975
,0.4375,0.434079740312,0.042584985892736155
,0.59,0.0946072588452,0.002740693326014893
,0.9577491837910501,0.792908868499,0.9268661672303783
,0.6948148148148141,1.70444631667,0.18520317393021143
,1.0,nan,nan
10,140984,0.7625000000000001,6.04679002991,0.2955881900309182
,0.754999999999999,5.6164890906,0.550720353318416
,0.7425,5.39468570154,0.37679794736092753
,0.6925,3.89797277642,0.376013551756891
,0.645,2.57892513567,0.3034240130103451
,0.8925000000000001,3.69658216811,0.7331914234106095
,0.8857307470712501,1.60158031238,0.8427476476130396
,0.9160493827160491,2.29709706863,0.7659015264704672
,1.0,nan,nan
10,141053,0.645,0.265352219187,0.005800344644512394
,0.65,2.23634569671,0.08574196502577854
,0.7025,3.8247415533,0.18924532439149283
,0.5,0.302831744439,0.011501190195945699
,0.625,2.27520958775,0.2548404826859987
,0.7025,1.4250636641,0.06501060112481827
,1.0,0.497749717451,0.9536740715185748
,0.611358024691358,0.831738720294,0.0828174720325375
,1.0,nan,nan
10,141356,0.8250000000000001,5.96416223203,0.7121492873365083
,0.794999999999999,4.43753154169,0.7563118524731878
,0.8400000000000001,3.19190768105,0.8589632360690392
,0.8425,1.93426195748,0.8912452806945834
,0.7025,3.1323065816,0.47075942190020703
,0.9475,2.076854362,0.8926988577764994
,0.811791818705588,2.52715317721,0.6885077614098857
,0.8508641975308641,2.98663717708,0.5902688096466187
,1.0,nan,nan
10,142811,0.595,0.0256597647622,0.00046367738786447867
,0.58,0.345727715277,0.008928885819064869
,0.675,2.509714715,0.10234114648308548
,0.535,0.637078541218,0.027389829095423136
,0.635,2.43022960247,0.2783714417264595
,0.7825000000000001,3.7139534877,0.2693880581578983
,0.8137507201843671,2.50784982699,0.6934393792582766
,0.714567901234567,1.97281782225,0.22150140086065673
,1.0,nan,nan
10,142951,0.804999999999999,6.85407198498,0.5828216422590147
,0.764999999999999,5.45710439385,0.6061774289375231
,0.7375,5.25951955241,0.3501526299305479
,0.68,3.70815453143,0.32841990357764217
,0.6475000000000001,2.61467863956,0.3099161543755884
,0.784999999999999,3.77724612599,0.27875245177874175
,0.8876896485500281,1.57561221683,0.8458595319896616
,0.929382716049382,2.09960204187,0.7952210931146951
,0.0,nan,nan
10,143324,0.5725,0.00759741677986,0.000126933560553591
,0.66,2.68948635416,0.11034343568938623
,0.625,0.800777082367,0.024544270899334683
,0.59,1.6006090936,0.08637774029989975
,0.5750000000000001,1.51593353675,0.16049741487190738
,0.6775,0.89509140917,0.03633310379173456
,0.8636835029767621,1.89834400512,0.8041737833235663
,0.6972839506172831,1.7372283989,0.18945209828211043
,1.0,nan,nan
10,145305,0.7675000000000001,6.32141437007,0.32652385370299325
,0.745,5.66526011252,0.49421708778537965
,0.6875,3.0961416453,0.13733881795005598
,0.6575000000000001,3.25219404169,0.24988178128703717
,0.605,1.95999242569,0.2124912096923503
,0.725,2.0245339971,0.10362951776590741
,0.9097753024774341,1.29399729604,0.8775049956058032
,0.7970370370370371,2.93636229496,0.4280327683971583
,1.0,nan,nan
10,145335,0.55,0.00202266870206,3.1314404833582576e-05
,0.5425,0.0838905863023,0.0018301722828548885
,0.5,0.00612722617315,0.00011519233158406595
,0.5875,1.54518460505,0.08244569663934931
,0.5225000000000001,0.927723118936,0.09752134856124713
,0.8,4.11147132143,0.33802286144901206
,0.693796811983867,2.50003631654,0.368121865516977
,0.79753086419753,2.93960055339,0.4294836253246692
,0.0,nan,nan
10,145444,0.8525,4.02206860096,0.8503459682798378
,0.754999999999999,5.6164890906,0.550720353318416
,0.6925,3.3385853234,0.15342463114995547
,0.7975000000000001,3.07684703297,0.7784399475881967
,0.725,3.1359938642,0.5415346190445036
,0.794999999999999,4.00956160365,0.3177159927983924
,0.8017284424812751,2.61811050059,0.6626064904689926
,0.861728395061728,2.92050778489,0.6223790095233386
,1.0,nan,nan
10,146557,0.73,3.75184181618,0.13504874832725144
,0.72,5.29939061081,0.35575731208193595
,0.6825,2.85719741587,0.12245736956696031
,0.5700000000000001,1.18611982347,0.058623588803133994
,-0.25,3.41320516706e-06,1.2377376473211286e-07
,0.74,2.46923455709,0.1373020983940167
,0.8974841559439211,1.44785936444,0.8606631270732454
,0.9002469135802461,2.51668719501,0.7278393629074063
,0.0,nan,nan
10,146877,0.865,3.11936703484,0.8949107764891175
,0.715,5.15028462691,0.32962385568507213
,0.5625,0.0994273105885,0.0023183120558708616
,0.8400000000000001,1.99623874879,0.8863322846629431
,0.8075000000000001,2.20007193043,0.7693645779909821
,0.865,4.27231606689,0.6229336527520097
,0.5736892644516991,1.1571941305,0.14991973759677887
,0.863209876543209,2.90963817499,0.626697689387291
,1.0,nan,nan
10,146928,0.855,3.83679239087,0.8601692416947957
,0.8600000000000001,1.53199479918,0.9465968322524198
,0.8174999999999991,4.28248481332,0.7747519992287795
,0.8150000000000001,2.63641254696,0.8284694969797703
,0.7000000000000001,3.12349822621,0.4629393231959908
,0.885,3.88210451848,0.7047601648129538
,0.837718455924716,2.23735470217,0.7504201660264166
,0.803456790123456,2.97478205907,0.4470111097686179
,1.0,nan,nan
10,146993,1.0,0.0165664635574,0.9997085491798375
,1.0,0.00925451245611,0.9998271210317518
,1.0,0.0209117694,0.9995855687488219
,0.9500000000000001,0.262321530781,0.990603473946829
,0.8125,2.11898676529,0.780162336301832
,0.8,4.11147132143,0.33802286144901206
,0.37584021509506405,0.276698029302,0.030281988632436273
,0.8528395061728391,2.97643546155,0.5961584001322664
,1.0,nan,nan
10,147026,0.655,0.397572524925,0.009076550553195535
,0.615,0.997468419228,0.030908035620616656
,0.625,0.800777082367,0.024544270899334683
,0.52,0.470137658363,0.019133660535048714
,0.5,0.753269715628,0.07868702594538762
,0.645,0.434689311811,0.015387932231437966
,0.8626848473209141,1.91179792581,0.8022712722380813
,0.815802469135802,3.02515776617,0.48408053468900003
,1.0,nan,nan
10,147101,0.865,3.11936703484,0.8949107764891175
,0.7225,5.36534524586,0.36908946941383075
,0.6825,2.85719741587,0.12245736956696031
,0.8600000000000001,1.5219239355,0.9214262534617532
,0.625,2.27520958775,0.2548404826859987
,0.8525,4.42074217066,0.5685176944154878
,0.861724601497983,1.9247199056,0.8004292709122989
,0.9007407407407401,2.51016588508,0.7290805622528299
,0.0,nan,nan
10,147111,0.735,4.12305105596,0.15473362591028042
,0.774999999999999,5.19671741838,0.6595251468844529
,0.6225,0.746934398779,0.022610223260967892
,0.605,1.95119490807,0.11298040242107182
,0.595,1.8058177898,0.19366589167321985
,0.837499999999999,4.48699285923,0.5015521339954983
,0.9010946802381411,1.40182590286,0.865807363399451
,0.852345679012345,2.97906329223,0.5946879044961445
,1.0,nan,nan
10,147193,0.7825000000000001,6.88858490626,0.42612734880339764
,0.7825000000000001,4.94407845023,0.697581009325823
,0.7975000000000001,5.09699289143,0.6805515639337036
,0.8500000000000001,1.75249969604,0.9050664509691828
,0.75,2.98398849237,0.6183590239034367
,0.75,2.77456703091,0.16351903870819587
,0.752294987516804,2.82017924724,0.5263827252088624
,0.6439506172839501,1.11285952973,0.11430191134107108
,1.0,nan,nan
10,819,0.7025,1.96069933036,0.057771918666547094
,0.7075,4.88773325191,0.2919540339468586
,0.7225,4.7285881544,0.27502897395281184
,0.7775000000000001,3.52543909186,0.7122816240522486
,0.725,3.1359938642,0.5415346190445036
,0.8300000000000001,4.47246858525,0.46793424200781103
,0.8252736700595351,2.3850101529,0.7216440150866393
,0.7214814814814811,2.06875580792,0.23547207948248336
,0.0,nan,nan
10,1942,0.6725,0.763668135006,0.018949748552764954
,0.5925,0.51961106187,0.014277987322669185
,0.6075,0.480019969551,0.01352351255067631
,0.585,1.49073109635,0.07865100803469827
,0.715,3.15127915379,0.5100757068574732
,0.784999999999999,3.77724612599,0.27875245177874175
,0.8467447666602651,2.12297312281,0.7701027999604587
,0.755061728395061,2.51998124192,0.31264725087676626
,0.0,nan,nan
10,1993,0.7375,4.31008802655,0.1652749729506532
,0.7525000000000001,5.63928986568,0.5366491723836728
,0.835,3.43802260492,0.8423889596068339
,0.63,2.57864627169,0.16954151701366768
,0.6625,2.8127732376,0.35066071847261315
,0.905,3.35340383944,0.777291612919431
,0.8857307470712501,1.60158031238,0.8427476476130396
,0.905679012345679,2.44361017629,0.7413130843301812
,0.0,nan,nan
