user,id,chargeScore,chargeScore_pdf,chargeScore_cdf,equipmentScore,equipmentScore_pdf,equipmentScore_cdf,locationScore,locationScore_pdf,locationScore_cdf,roomScore,roomScore_pdf,roomScore_cdf,distanceScore,distanceScore_pdf,distanceScore_cdf,bathScore,bathScore_pdf,bathScore_cdf,serviceScore,serviceScore_pdf,serviceScore_cdf
7,101,0.9297100057614741,8.88153644166,0.6748451250928239,0.655,4.23131684894,0.6155946614829847,0.9400000000000001,1.19731084955,0.93516836959304,0.6000000000000001,2.70145701687,0.3077446463113368,0.9797530864197531,1.50325092435,0.9246304460370478,0.625,2.83590570271,0.6333517846422507,0.73,2.09819203506,0.8101265307175012
7,192,0.8213942769348951,0.250322007176,0.0026429783292738246,0.63,4.37706667036,0.5057521027471633,0.745,2.79372732786,0.5214188066087119,0.6775,4.06924585674,0.5803826321153797,0.755061728395061,2.48562347589,0.31623740645225984,0.5325,2.90798318665,0.3563810094139068,0.66,5.04308000878,0.4245952748130067
7,223,0.8713654695602071,6.70795747417,0.12716991374893455,0.6375000000000001,4.44838170605,0.5389108254376674,0.605,1.84640448138,0.15174937454464316,0.605,2.80348451538,0.32150490859732833,0.8103703703703701,3.10620413239,0.47297418969413485,0.5575,3.04034145369,0.4309882835932358,0.6775,6.98449187285,0.5308420240415765
7,388,0.713885154599577,1.40851623052e-06,9.133177486586132e-09,0.7575000000000001,1.63594419016,0.888392630876326,0.915,1.63544676486,0.8996574576628102,0.7675000000000001,1.97647690558,0.8711626225281477,0.851358024691358,3.14215605588,0.6023478261428876,0.675,2.32199484211,0.7632861705367883,0.7675000000000001,1.32110095401,0.8685255471141349
7,398,0.8828884194353751,8.85057866614,0.21754675352169517,0.635,4.43589961273,0.5278030950320979,0.61,1.92395596482,0.16117486382395574,0.6325000000000001,3.43851974363,0.40713487781651386,0.720493827160493,2.05391147528,0.2380845290306875,0.545,2.98937159519,0.3932702561234242,0.66,5.04308000878,0.4245952748130067
7,462,0.965469560207413,3.62408498848,0.9016105765333043,0.7975000000000001,1.03400240563,0.9414641022551997,0.79,2.35998695656,0.6372986686309398,0.68,4.06436376887,0.5905506653675396,0.810864197530864,3.10906136703,0.47450882573430575,0.64,2.70713903196,0.6749542250743108,0.8300000000000001,0.794891513816,0.9343508151988642
7,509,0.6792778951411561,4.95572055386e-09,2.7314883937088154e-11,0.6375000000000001,4.44838170605,0.5389108254376674,0.919999999999999,1.55273494036,0.9076295602370119,0.6950000000000001,3.93502797478,0.6507552547329626,0.9125925925925921,2.64535409295,0.7822772719445094,0.5125000000000001,2.72109256572,0.29998374131420985,0.6950000000000001,6.94316539144,0.6572851079358842
7,568,0.786863837142308,0.00915379528043,8.970088650709184e-05,0.685,3.14219000024,0.727114686780076,0.9450000000000001,1.10740770533,0.9409297158715214,0.6625,3.99670585133,0.5196730154350776,0.9432098765432091,2.19430124005,0.8567211886424673,0.865,0.309329385353,0.98155168608419,0.7975000000000001,1.06145637772,0.904282184468127
7,570,0.765700019204916,0.001051656127,9.245973479226124e-06,0.754999999999999,1.67282137987,0.8842564777930202,0.8775000000000001,2.07005588167,0.8290100194187455,0.8625,0.43747230523,0.9678454910887674,0.946172839506172,2.14341033109,0.8631477223420583,0.735,1.49749870798,0.8782736877123738,0.7825000000000001,1.19221313323,0.8873806694329153
7,610,0.880929517956596,8.54581208716,0.20050301183114416,0.6875,3.04722928954,0.7348509666854902,0.9175000000000001,1.59458538565,0.9036952161404493,0.7825000000000001,1.57336559313,0.8977168727569007,0.899753086419753,2.79337398486,0.7473366969408252,0.615,2.90801438957,0.6046225328112563,0.725,2.51547930744,0.798658576705707
7,630,0.9405031688112151,7.51435273411,0.7638031095622109,0.6375000000000001,4.44838170605,0.5389108254376674,0.6875,2.90689452494,0.35344749857227853,0.74,2.81324674916,0.805458053439865,0.7629629629629631,2.59464741048,0.3363074833223196,0.5575,3.04034145369,0.4309882835932358,0.68,7.15923956538,0.5485313413993469
7,658,0.656270405223737,6.81916102263e-11,3.431472991603227e-13,0.54,1.68586954014,0.25241084587427504,0.665,2.71672140257,0.289958214973588,0.59,2.5104218666,0.2816974972602996,0.65679012345679,1.4611504258,0.12659268334253695,0.47750000000000004,2.27617905593,0.21220799683593244,0.5775,1.69494287547,0.16891756567595842
7,659,0.531745726906087,5.48019838961e-24,1.8914895699038234e-26,0.5925,2.98396994819,0.3643691401633542,0.65,2.53142990953,0.2505483688937572,0.645,3.71844645998,0.4519084798248306,0.622222222222222,1.13794602123,0.08165370388816826,0.47750000000000004,2.27617905593,0.21220799683593244,0.6125,3.32397473445,0.2509422734291564
7,716,0.7945073938928361,0.01929458604,0.000193731382936528,0.715,2.24597061132,0.8064811200656035,0.735,2.87130729207,0.4930784306622442,0.8325,0.688724752332,0.9513136076059718,0.819259259259259,3.14802074289,0.5007858113785616,0.645,2.659084518,0.6883708176197401,0.7225,2.78613940255,0.7920404547935174
7,767,0.7599385442673321,0.000559138176885,4.745712518272186e-06,0.6625,4.00536076949,0.6465195641228176,0.8725,2.09874853137,0.8185852478929148,0.7000000000000001,3.8564658884,0.6702407919381421,0.9007407407407401,2.78282137828,0.7500903849328677,0.5975,3.00411383979,0.5528317883700942,0.6950000000000001,6.94316539144,0.6572851079358842
7,839,0.782024198194737,0.00567238562861,5.447451692201498e-05,0.7875000000000001,1.17090327005,0.9304525086746245,0.925,1.46655178071,0.9151790181405413,0.845,0.566178683189,0.9591255013571054,1.0,1.10528395074,0.9510000382534167,0.7275,1.60197086439,0.8666517648639275,0.8150000000000001,0.913401125894,0.9215503705476855
7,858,0.7714614941425001,0.00193644234704,1.76098730628267e-05,0.635,4.43589961273,0.5278030950320979,0.6475000000000001,2.49705836294,0.2442625807600609,0.65,3.81524487358,0.47074747954743545,0.631604938271604,1.22597892163,0.092743342375054,0.5525,3.02367964529,0.41582615564059167,0.61,3.21135554936,0.24276690779688598
7,864,0.8713654695602071,6.70795747417,0.12716991374893455,0.6375000000000001,4.44838170605,0.5389108254376674,0.919999999999999,1.55273494036,0.9076295602370119,0.71,3.65422920816,0.7078408021167264,0.899753086419753,2.79337398486,0.7473366969408252,0.5625,3.05203503825,0.44622128710980236,0.6900000000000001,7.2848957302,0.6216005831640818
7,922,0.9174188592279621,9.79820921821,0.5594193206433745,0.595,3.09631824627,0.3719691897038523,0.6825,2.87518371941,0.33898962142279127,0.5750000000000001,2.23756965249,0.24608915583997404,0.5837037037037031,0.788420619882,0.04463170472165505,0.454999999999999,1.95145349512,0.16462097505297182,0.605,2.91195623557,0.2274249826573655
7,930,0.56024582293067,1.5457185815e-20,5.757609902669366e-23,0.75,1.74362925567,0.8757136838218027,0.885,2.01408743886,0.8443355299954857,0.7925000000000001,1.33840375847,0.9122514396465106,0.750123456790123,2.41814825332,0.3041297379117277,0.685,2.19344291991,0.7858690476273684,0.78,1.21396275684,0.8843729350731923
7,995,0.8674860764355671,5.86461696497,0.10277552879879256,0.51,1.75246684264,0.20109889111043744,0.65,2.53142990953,0.2505483688937572,0.5325,1.38212717272,0.16881255279482327,0.7664197530864191,2.64209067803,0.3453587541057121,0.52,2.79858042852,0.32068762405005763,0.5775,1.69494287547,0.16891756567595842
7,996,0.8703668139043591,6.49332602855,0.12057794600018544,0.6000000000000001,3.32353117772,0.3880183094032016,0.725,2.92811798536,0.4640620697453376,0.6375000000000001,3.5552133254,0.42462103350455893,0.8390123456790121,3.17096401007,0.5633473864225194,0.5325,2.90798318665,0.3563810094139068,0.65,3.9644417841,0.3798070600935578
7,1119,0.8574227002112541,3.73406348843,0.054686675236025974,0.545,1.70475513985,0.2608801674513505,0.7325,2.88764226031,0.4858794638474584,0.58,2.32862148323,0.25750515378432265,0.8874074074074071,2.9138642555,0.7120852026085107,0.5075000000000001,2.66512320696,0.28651685402481153,0.6000000000000001,2.56428472134,0.21372818189737083
7,1128,0.858882273862108,4.02394559299,0.06034721426567473,0.6925,2.86568687545,0.749628071511163,0.7725000000000001,2.52312355376,0.5946207475521219,0.6775,4.06924585674,0.5803826321153797,0.7935802469135801,2.97289421058,0.4218438325528627,0.6025,2.98088681364,0.5677957810228134,0.7425,1.59466454847,0.8325927785328393
7,1186,0.7987708853466481,0.0291548605455,0.00029558447670241533,0.6175,4.05195632642,0.45282936539005947,0.67,2.76903723937,0.3036747989785706,0.6625,3.99670585133,0.5196730154350776,0.712592592592592,1.97141196962,0.2221857798453111,0.65,2.60858230483,0.7015409907811891,0.7225,2.78613940255,0.7920404547935174
7,1356,0.704513155367774,3.36040312241e-07,2.0779248984402402e-09,0.774999999999999,1.3614620492,0.9146433798181886,0.925,1.46655178071,0.9151790181405413,0.8125,0.957882022074,0.9350156143910913,0.8316049382716041,3.1730899809,0.5398433803148714,0.73,1.56695828641,0.8706128922152324,0.7575000000000001,1.40622617652,0.8548916315601602
7,1357,0.283887075091223,6.41304289147e-66,1.310361964233549e-68,0.78,1.28320007426,0.9212541959724602,0.835,2.17329860559,0.7379830840466061,0.8075000000000001,1.04189489217,0.9300191742041165,0.6083950617283951,1.00973621945,0.06680830491745697,0.72,1.70777227751,0.854240796144958,0.8025,1.01837398214,0.909481565348446
7,1386,0.694680238140964,6.91118247569e-08,4.07780151017869e-10,0.7025,2.54706459004,0.7766371435779709,0.8600000000000001,2.14433089534,0.7920306754753932,0.7425,2.73558707721,0.8123941548188934,0.866666666666666,3.06888337166,0.6499376819542817,0.6525000000000001,2.58243410665,0.7080298844135444,0.6975,6.67358214608,0.67431881079737
7,1404,0.41317457269060803,2.30314581081e-41,6.047546774731388e-44,0.6725,3.63516401547,0.684766972137374,0.75,2.74884077592,0.5352766498480417,0.7875000000000001,1.45224156545,0.9052779124616238,0.575802469135802,0.720110767699,0.038672959442196314,0.77,1.04829311552,0.9225993303422085,0.6725,6.51781785619,0.4970308799849421
7,1500,0.9097753024774341,10.1024806752,0.4832499398097144,0.5675,2.05763600653,0.30230637404405597,0.9375,1.24254700366,0.9321185656174659,0.5825,2.37384207311,0.26338324624994763,0.8859259259259251,2.92691609362,0.7077586615902436,0.387499999999999,1.00945706746,0.06560481354779692,0.73,2.09819203506,0.8101265307175012
7,1501,0.8521605531015941,2.77900400141,0.03761684694240132,0.505,1.75480115461,0.1923263025661645,0.9450000000000001,1.10740770533,0.9409297158715214,0.6025,2.75184300568,0.3145610168233662,0.775308641975308,2.76083625774,0.3693763188910622,0.4,1.16856449287,0.07920613380085642,0.6425000000000001,3.44713340429,0.3522212694512877
7,1511,0.8636450931438441,5.02438678666,0.08186708063902828,0.52,1.7243269046,0.21850102170116587,0.8700000000000001,2.11067962342,0.8133231401235271,0.54,1.53577000839,0.1797506815917597,0.724444444444444,2.09741635432,0.24628416106596604,0.5925,3.02365801651,0.5377607802439832,0.6125,3.32397473445,0.2509422734291564
7,1556,0.788745918955252,0.0110088261757,0.00010862225413374525,0.6625,4.00536076949,0.6465195641228176,0.7825000000000001,2.42565591075,0.6193574826113798,0.705,3.76232886027,0.6892939447987831,0.675555555555555,1.63071129491,0.15561151483835853,0.6525000000000001,2.58243410665,0.7080298844135444,0.675,6.76776345447,0.5136438728135889
7,1630,0.888611484540042,9.56156383702,0.2703649045780438,0.6325000000000001,4.41205734369,0.5167407984389305,0.64,2.38932099807,0.22593466145794575,0.6825,4.0545961085,0.6007003789112059,0.6335802469135801,1.24455480317,0.09518337501561329,0.6075,2.95418158135,0.5826348602807679,0.6525000000000001,4.20320730178,0.39001094042968604
7,1667,0.660072978682542,1.42454488526e-10,7.271481808704146e-13,0.6625,4.00536076949,0.6465195641228176,0.8,2.28670911485,0.6605171106690492,0.6175,3.08069424295,0.35824937610179997,0.902222222222222,2.76673516758,0.7542012057524637,0.49,2.44720752581,0.2417393730843801,0.68,7.15923956538,0.5485313413993469
7,1680,0.8974841559439211,10.1296202244,0.3581781335037869,0.6950000000000001,2.77999440481,0.7566844012327543,0.8700000000000001,2.11067962342,0.8133231401235271,0.7275,3.19172131611,0.7679036284072513,0.875061728395061,3.01341578012,0.6754754452821254,0.6975,2.0244262952,0.812238908712828,0.7925000000000001,1.10491833504,0.898866368003945
7,1725,0.84251968503937,1.46314574185,0.01763575409484829,0.6000000000000001,3.32353117772,0.3880183094032016,0.7425,2.8147885655,0.5144079525410268,0.6475000000000001,3.76827722674,0.4612674463063489,0.760987654320987,2.56739747877,0.33120915712648114,0.625,2.83590570271,0.6333517846422507,0.685,7.34962673176,0.5849003541098926
7,1764,0.7307470712502401,1.54291209134e-05,1.0971310878213326e-07,0.67,3.73228846584,0.675557242300463,0.857499999999999,2.14976569634,0.7866628443101809,0.7425,2.73558707721,0.8123941548188934,0.880987654320987,2.96825208992,0.6932013151597752,0.645,2.659084518,0.6883708176197401,0.7075,5.1320020184,0.7338121747544626
7,1770,0.785327443825619,0.00786905308523,7.664823054196618e-05,0.5775,2.37107349301,0.32437340032499107,0.835,2.17329860559,0.7379830840466061,0.64,3.61155968862,0.4335798403405932,0.722962962962963,2.08091594599,0.24318912799567846,0.5525,3.02367964529,0.41582615564059167,0.6025,2.73997696223,0.22035841036696982
7,1799,0.434415210293835,6.86103340716e-38,1.884079087876886e-40,0.8400000000000001,0.5778208356,0.9752032322417925,0.8,2.28670911485,0.6605171106690492,0.885,0.321547313752,0.9763019399350021,0.7614814814814811,2.57421540096,0.3324786912816756,0.8500000000000001,0.382058265274,0.9763828906537726,0.81,0.9548296277,0.9168801421760981
7,1872,0.683272517764547,9.99702206826e-09,5.6049849826021196e-11,0.6075,3.65786296987,0.4142093376344394,0.9475,1.06297775593,0.9436426053485936,0.6475000000000001,3.76827722674,0.4612674463063489,0.7866666666666661,2.89942215839,0.40153895571892106,0.52,2.79858042852,0.32068762405005763,0.66,5.04308000878,0.4245952748130067
7,1927,0.814518916842711,0.131874252608,0.0013703231586535496,0.5775,2.37107349301,0.32437340032499107,0.8400000000000001,2.16929822553,0.748839220284007,0.5775,2.28325176066,0.25174026350920525,0.8172839506172841,3.14048393921,0.49457477839885133,0.52,2.79858042852,0.32068762405005763,0.66,5.04308000878,0.4245952748130067
7,1996,0.8560015363933161,3.46144752136,0.04957486063221919,0.525,1.70607913562,0.22707676152073752,0.7325,2.88764226031,0.4858794638474584,0.495,0.813334953527,0.12892066512883804,0.7866666666666661,2.89942215839,0.40153895571892106,0.6000000000000001,2.99294762649,0.5603283042605921,0.67,6.24315721033,0.4810753612618911
7,1997,0.8905703860188201,9.7412445498,0.2892763417782532,0.6625,4.00536076949,0.6465195641228176,0.67,2.76903723937,0.3036747989785706,0.685,4.03999197824,0.6108196148258019,0.493827160493827,0.160632254709,0.0050336057005794825,0.59,3.03198266201,0.5301910236970683,0.6900000000000001,7.2848957302,0.6216005831640818
7,2335,0.9059343191857111,10.1842328229,0.4442724116184287,0.5825,2.55977444623,0.3366926238628797,0.6900000000000001,2.92030570893,0.3607318434648182,0.64,3.61155968862,0.4335798403405932,0.884444444444444,2.93966772661,0.7034130068727497,0.485,2.379989943,0.22967063543688485,0.675,6.76776345447,0.5136438728135889
7,2465,0.937007874015748,8.01413900549,0.7366507452841514,0.7775000000000001,1.32207912983,0.9179977179114573,0.7225,2.93856838986,0.45672838230642965,0.6675,4.0398955302,0.5397721490296463,0.8153086419753081,3.1319467505,0.48837961999558593,0.555,3.03263313707,0.42339680607155256,0.7225,2.78613940255,0.7920404547935174
7,2605,0.8767428461686191,7.80262851893,0.16623966288073783,0.3025,0.704334878012,0.028893319357969773,0.59,1.62169187064,0.1257558470932352,0.339999999999999,0.379318979458,0.046925564634045645,0.803456790123456,3.05966562832,0.45165308249707126,0.355,0.655206389862,0.03880756512580131,0.339999999999999,0.162363694249,0.011148039634461109
7,2876,0.602458229306702,6.29727359076e-16,2.649852440740674e-18,0.794999999999999,1.06677154354,0.9388383345710862,0.9550000000000001,0.933094512521,0.951124197606328,0.8174999999999991,0.880927730186,0.9396097631342011,0.886913580246913,2.91824821843,0.71064517346471,0.889999999999999,0.21458190445,0.9880382968137857,0.8400000000000001,0.721532113991,0.9419288965468967
7,2877,0.748454004225081,0.000147695261246,1.1673401196662911e-06,0.75,1.74362925567,0.8757136838218027,0.8075000000000001,2.24424919171,0.6775012416050233,0.6725,4.06429116301,0.56004061932945,0.845432098765432,3.15968679367,0.5836724673226682,0.635,2.75267839351,0.6613036188750242,0.635,3.28134373939,0.327204890510309
7,2958,0.8905703860188201,9.7412445498,0.2892763417782532,0.59,2.87347744893,0.35704779189465147,0.8775000000000001,2.07005588167,0.8290100194187455,0.5325,1.38212717272,0.16881255279482327,0.9797530864197531,1.50325092435,0.9246304460370478,0.7475,1.32845069601,0.8959280002014286,0.65,3.9644417841,0.3798070600935578
7,4771,0.7637795275590551,0.000854090473859,7.422195395368708e-06,0.635,4.43589961273,0.5278030950320979,0.8975000000000001,1.88491597342,0.8687508403229538,0.705,3.76232886027,0.6892939447987831,0.79753086419753,3.01033680269,0.4336637140005431,0.5175000000000001,2.77366588234,0.3137221189437273,0.705,5.56339876814,0.7204397818442074
7,4778,0.594814672556174,1.01830686608e-16,4.1876913871251647e-19,0.7125,2.29768356374,0.8008023804159626,0.9400000000000001,1.19731084955,0.93516836959304,0.774999999999999,1.76795835467,0.8851962244937022,0.941234567901234,2.22755722917,0.8523538313234365,0.6575000000000001,2.52838740235,0.7208079002842386,0.6875,7.35145935943,0.6032906223857929
7,4801,0.8214326867678121,0.251205348634,0.0026526101108935787,0.625,4.27521253678,0.48410425235157667,0.764999999999999,2.59987071466,0.5754102674571938,0.64,3.61155968862,0.4335798403405932,0.8103703703703701,3.10620413239,0.47297418969413485,0.6725,2.35301424083,0.7574423097831958,0.735,1.82360081645,0.8198791268292835
7,4805,0.7753024774342231,0.00287927114207,2.6744761019742995e-05,0.74,1.87473700372,0.857612414880137,0.9125000000000001,1.67520355444,0.8955189029665916,0.8400000000000001,0.611626797549,0.9561828393424807,0.940246913580246,2.24397956587,0.8501456536327711,0.6975,2.0244262952,0.812238908712828,0.7725000000000001,1.27862621177,0.8750250752660533
7,4819,0.8751680430190121,7.49545044805,0.1541922039860232,0.6725,3.63516401547,0.684766972137374,0.7225,2.93856838986,0.45672838230642965,0.715,3.53391265144,0.7258158709619454,0.884444444444444,2.93966772661,0.7034130068727497,0.56,3.04680695632,0.43859747757736445,0.6725,6.51781785619,0.4970308799849421
7,4977,0.7945073938928361,0.01929458604,0.000193731382936528,0.725,2.07394768487,0.8280391180944917,0.8500000000000001,2.16095706239,0.770493489298103,0.685,4.03999197824,0.6108196148258019,0.7970370370370371,3.00584970656,0.43217823353231744,0.705,1.91989221555,0.8270311977023684,0.71,4.69247042267,0.746093023939482
7,5024,0.9289802189360471,8.95417347738,0.6683368365971579,0.6525000000000001,4.29185788169,0.6049389423504999,0.7425,2.8147885655,0.5144079525410268,0.7625000000000001,2.12205987205,0.8609182412250288,0.9032098765432091,2.75583881521,0.7569284141461157,0.495,2.51248705994,0.254139481440821,0.7000000000000001,6.34684019365,0.690605312579338
7,5041,0.7061647781832141,4.34878824483e-07,2.7111761897762885e-09,0.454999999999999,1.03860496318,0.11732630686342695,0.6375000000000001,2.35210967934,0.22000775575119108,0.47750000000000004,0.683726877449,0.11592469409282227,0.8246913580246911,3.163655806,0.5179319887938652,0.36250000000000004,0.728489742888,0.04399310092600587,0.41000000000000003,0.402932529269,0.03196221017521452
7,5303,0.865603994622623,5.45143558115,0.09212678819402953,0.47250000000000003,1.42298380114,0.1389549646021215,0.8600000000000001,2.14433089534,0.7920306754753932,0.5,0.864869947998,0.1331131245243055,0.78716049382716,2.90497942691,0.4029721431354645,0.6950000000000001,2.05882964114,0.8071347853194201,0.75,1.48002760056,0.8440803449590026
7,5309,0.8444785865181481,1.68351585646,0.02071394819175348,0.6900000000000001,2.95490182918,0.7423530294647872,0.7675000000000001,2.57417527413,0.5818778223218568,0.6950000000000001,3.93502797478,0.6507552547329626,0.9041975308641971,2.74480413445,0.7596447924399348,0.585,3.04560283884,0.5149953474136816,0.6975,6.67358214608,0.67431881079737
7,5385,0.9020933358939881,10.2059547723,0.4050916303691857,0.5875,2.76553358269,0.34999962745588786,0.8425,2.16747532345,0.7542601876876209,0.6000000000000001,2.70145701687,0.3077446463113368,0.9446913580246911,2.16900479728,0.8599533043186695,0.5075000000000001,2.66512320696,0.28651685402481153,0.6075,3.0717601754,0.2349080337258691
7,5562,0.256769733051661,8.19745345629e-72,1.593807237637108e-74,0.774999999999999,1.3614620492,0.9146433798181886,0.9575,0.891268366845,0.9534044757814955,0.8200000000000001,0.844993912551,0.9417668200012672,0.9111111111111111,2.66364643768,0.7783446393311244,0.7575000000000001,1.19954319244,0.9085626210078802,0.8025,1.01837398214,0.909481565348446
7,5627,0.8681774534280771,6.01631158451,0.10688264415380869,0.5225000000000001,1.71512053886,0.2228003526266064,0.59,1.62169187064,0.1257558470932352,0.66,3.96840238383,0.5097157281046101,0.7688888888888881,2.67565557334,0.351923942075981,0.5675,3.05881495439,0.4615004420631633,0.59,1.96921119738,0.19128259767634131
7,5729,0.696216631457653,8.89486320889e-08,5.285886372385774e-10,0.5225000000000001,1.71512053886,0.2228003526266064,0.6375000000000001,2.35210967934,0.22000775575119108,0.545,1.64059258529,0.1876912266429503,0.826172839506172,3.16664631819,0.5226211678909434,0.41000000000000003,1.30296860918,0.09155910283924072,0.5,0.523937080984,0.06804723880695933
7,7055,0.8713654695602071,6.70795747417,0.12716991374893455,0.47250000000000003,1.42298380114,0.1389549646021215,0.6375000000000001,2.35210967934,0.22000775575119108,0.5675,2.09733070962,0.2298297756296151,0.7412345679012341,2.30030825439,0.28316306242727385,0.464999999999999,2.09744877089,0.18486688385293082,0.54,1.49509082155,0.1060430655807736
7,7341,0.8636835029767621,5.03270407259,0.08206022621990582,0.6125,3.86555117917,0.4330251035349118,0.7675000000000001,2.57417527413,0.5818778223218568,0.754999999999999,2.34804672708,0.8441602171020584,0.8864197530864191,2.92259883131,0.7092029876355661,0.6025,2.98088681364,0.5677957810228134,0.7000000000000001,6.34684019365,0.690605312579338
7,7342,0.8137507201843671,0.122634248294,0.0012726084964333896,0.545,1.70475513985,0.2608801674513505,0.847499999999999,2.16345331578,0.7650878831368654,0.56,1.95067851063,0.2146454394317805,0.9061728395061721,2.72231782035,0.7650445107924699,0.52,2.79858042852,0.32068762405005763,0.5875,1.87097210212,0.18648730289739762
7,7343,0.8559631265603991,3.45422064536,0.04944204582729517,0.6875,3.04722928954,0.7348509666854902,0.9125000000000001,1.67520355444,0.8955189029665916,0.715,3.53391265144,0.7258158709619454,0.9619753086419751,1.8537610404,0.8947677043083426,0.665,2.44309135364,0.7394540433661272,0.7075,5.1320020184,0.7338121747544626
7,7588,0.8559631265603991,3.45422064536,0.04944204582729517,0.6725,3.63516401547,0.684766972137374,0.8150000000000001,2.21284582226,0.694208581474939,0.6175,3.08069424295,0.35824937610179997,0.958024691358024,1.92874652526,0.8872955948639261,0.845,0.409373754501,0.9744049853712418,0.6950000000000001,6.94316539144,0.6572851079358842
7,7599,0.8646437487996921,5.24145317645,0.08699296585845764,0.5625,1.93686723479,0.292330487064294,0.9500000000000001,1.01904589753,0.9462450198801938,0.5675,2.09733070962,0.2298297756296151,0.9456790123456791,2.15197458618,0.8620871321326646,0.5325,2.90798318665,0.3563810094139068,0.6000000000000001,2.56428472134,0.21372818189737083
7,7903,0.8857307470712501,9.23809735635,0.24326950171028572,0.6425000000000001,4.43918218351,0.5611486058003636,0.64,2.38932099807,0.22593466145794575,0.645,3.71844645998,0.4519084798248306,0.6716049382716051,1.59545807756,0.14923877564351637,0.5375,2.94407528138,0.3710130736543974,0.68,7.15923956538,0.5485313413993469
7,8207,0.8859612060687531,9.26657005795,0.24540179387797098,0.7375,1.90631704851,0.8528860823227746,0.7775000000000001,2.47331475667,0.6071111318720408,0.6575000000000001,3.93586994621,0.49983452849630133,0.7046913580246911,1.89404231139,0.20691781048197394,0.54,2.9603725271,0.37839388001751784,0.6975,6.67358214608,0.67431881079737
7,8290,0.783022853850585,0.00626460089469,6.043025160954466e-05,0.7825000000000001,1.24496941754,0.9244142593225793,0.8300000000000001,2.17870043341,0.7271038930259894,0.8325,0.688724752332,0.9513136076059718,0.8898765432098761,2.89144400459,0.7192524215128985,0.75,1.2956315273,0.8992080255001893,0.77,1.29992689808,0.8718018557881966
7,8961,0.73309007105819,2.11161861444e-05,1.5219403485823915e-07,0.6325000000000001,4.41205734369,0.5167407984389305,0.9075000000000001,1.7509708348,0.8869512713360393,0.6025,2.75184300568,0.3145610168233662,0.835555555555555,3.1734686754,0.5523809552528587,0.5325,2.90798318665,0.3563810094139068,0.6625,5.34561520687,0.43758011026793964
7,9191,0.8905319761859031,9.73803162021,0.2889022438673432,0.605,3.54849481155,0.4052007930353869,0.6825,2.87518371941,0.33898962142279127,0.63,3.37888465316,0.3986130037728175,0.28098765432098705,2.12856927463e-05,3.8163150252311914e-07,0.5925,3.02365801651,0.5377607802439832,0.685,7.34962673176,0.5849003541098926
7,9518,0.8706740925676971,6.55961770074,0.12258339685417231,0.625,4.27521253678,0.48410425235157667,0.8500000000000001,2.16095706239,0.770493489298103,0.725,3.26396352542,0.7598336980493147,0.919012345679012,2.56235052261,0.7989966242417429,0.675,2.32199484211,0.7632861705367883,0.7000000000000001,6.34684019365,0.690605312579338
7,10630,0.6800845016324181,5.71597891447e-09,3.1612989897799356e-11,0.6675,3.82697689723,0.66610755886085,0.867499999999999,2.121105265,0.8080331046344614,0.7225,3.33453479958,0.7515852031438834,0.7698765432098761,2.68897850918,0.3545731494985023,0.7075,1.88471184888,0.8317869798689287,0.7275,2.28695599204,0.8046530222589834
7,10672,0.8137507201843671,0.122634248294,0.0012726084964333896,0.535,1.68250642776,0.24399557314254003,0.9275,1.42247002555,0.9187904107540373,0.6425000000000001,3.66609037699,0.44267731879667815,0.72395061728395,2.09189109466,0.2452497652028001,0.5,2.57551481467,0.2668604913168108,0.6075,3.0717601754,0.2349080337258691
7,11039,0.7560975609756091,0.000362223297522,3.0019623721244775e-06,0.7625000000000001,1.55963319938,0.8963828578720647,0.8125,2.22211580354,0.6886651225264765,0.8425,0.588347244083,0.9576825693334627,0.0,1.42580907365e-14,1.449583877324732e-16,0.72,1.70777227751,0.854240796144958,0.735,1.82360081645,0.8198791268292835
7,11140,0.865565584789706,5.44301894205,0.09191756110881835,0.5775,2.37107349301,0.32437340032499107,0.7825000000000001,2.42565591075,0.6193574826113798,0.6325000000000001,3.43851974363,0.40713487781651386,0.245432098765432,2.92237247818e-06,4.788129151222953e-08,0.55,3.01348173585,0.4082794449481217,0.6975,6.67358214608,0.67431881079737
7,11230,0.7756865757633951,0.00299457365545,2.7872692098910263e-05,0.6725,3.63516401547,0.684766972137374,0.8975000000000001,1.88491597342,0.8687508403229538,0.6950000000000001,3.93502797478,0.6507552547329626,0.8301234567901231,3.17202559326,0.535143231531186,0.6125,2.92418885083,0.5973321186919522,0.74,1.65312193898,0.828535994380333
7,11275,0.45938160169003206,5.22206500033e-34,1.514523540576354e-36,0.7875000000000001,1.17090327005,0.9304525086746245,0.8775000000000001,2.07005588167,0.8290100194187455,0.8775000000000001,0.355442374489,0.9737657899772527,0.8740740740740741,3.02046610499,0.6724957391978625,0.8200000000000001,0.572110063028,0.9622312653712661,0.8225,0.852970546926,0.9281728908332201
7,12534,0.8021893604762821,0.0405518150151,0.0004136687900164752,0.6475000000000001,4.385806059,0.5832288925752706,0.735,2.87130729207,0.4930784306622442,0.6525000000000001,3.85902873768,0.4803410169406593,0.895308641975308,2.83917497627,0.7348189031100287,0.5625,3.05203503825,0.44622128710980236,0.665,5.65037653663,0.45132521396007863
7,14112,0.777222969080084,0.00350147120186,3.285320319688323e-05,0.75,1.74362925567,0.8757136838218027,0.8174999999999991,2.20471738553,0.6997303032944605,0.77,1.90555791658,0.8760148878846938,0.869135802469135,3.05363090127,0.6574965269253394,0.705,1.91989221555,0.8270311977023684,0.754999999999999,1.42884593625,0.8513480454793761
7,15812,0.7657384290378331,0.0010560160706,9.286451110939331e-06,0.5750000000000001,2.28423134414,0.31855537763373243,0.7125,2.96397351533,0.4271933541619888,0.5675,2.09733070962,0.2298297756296151,0.8222222222222221,3.15746658846,0.5101278220323412,0.5,2.57551481467,0.2668604913168108,0.62,3.46699763406,0.27659416289122796
7,15877,0.9789130017284421,2.23242525048,0.9402104687412213,0.47000000000000003,1.37292919971,0.13545954802959306,0.764999999999999,2.59987071466,0.5754102674571938,0.43999999999999906,0.55426566166,0.09307985506841508,0.741728395061728,2.30669452683,0.28430059310277545,0.4325,1.62178358689,0.12442847602016634,0.545,1.59524373849,0.11378119642482717
7,15878,0.769541002496639,0.00158334819469,1.4240788546520499e-05,0.6975,2.69816282013,0.7635312629920825,0.8,2.28670911485,0.6605171106690492,0.7025,3.81124725492,0.6798262250860112,0.8696296296296291,3.05047281432,0.6590037144929851,0.65,2.60858230483,0.7015409907811891,0.75,1.48002760056,0.8440803449590026
7,16373,0.880929517956596,8.54581208716,0.20050301183114416,0.6925,2.86568687545,0.749628071511163,0.7000000000000001,2.95705843434,0.39014146413684686,0.65,3.81524487358,0.47074747954743545,0.6641975308641971,1.52876675699,0.1376670371985427,0.5975,3.00411383979,0.5528317883700942,0.6925,7.14836737459,0.6396567170513324
7,17703,0.9251008258114071,9.29855935087,0.6329098235990458,0.635,4.43589961273,0.5278030950320979,0.595,1.69503272051,0.1340469467899508,0.76,2.19649947212,0.8555202501001552,0.9827160493827161,1.44396039999,0.9289966730835084,0.42750000000000005,1.54948066736,0.11650057330553266,0.605,2.91195623557,0.2274249826573655
7,17743,0.8367966199347031,0.9458456509,0.010828243321621377,0.6725,3.63516401547,0.684766972137374,0.784999999999999,2.40289615764,0.6253930069932713,0.6825,4.0545961085,0.6007003789112059,0.8755555555555551,3.00983910161,0.6769626701200618,0.6625,2.47207214311,0.7333099767739272,0.665,5.65037653663,0.45132521396007863
7,17938,0.9558671019781061,5.02455233773,0.8603221069092108,0.3125,0.741014469257,0.03614657111792325,0.7125,2.96397351533,0.4271933541619888,0.262499999999999,0.253079876787,0.022326230248675704,0.908148148148148,2.6992722349,0.7703992600295889,0.4575,1.98809703065,0.16954542735741168,0.4375,0.395375071231,0.04308990836131876
7,17979,0.87866333781448,8.15792958227,0.18156935549642422,0.6525000000000001,4.29185788169,0.6049389423504999,0.6775,2.8371755025,0.3247061597076048,0.6825,4.0545961085,0.6007003789112059,0.752592592592592,2.4517613295,0.31014191257844687,0.49,2.44720752581,0.2417393730843801,0.7325,1.94532766371,0.8151739236625833
7,18166,0.8275398502016511,0.434981396904,0.004700827831167567,0.5875,2.76553358269,0.34999962745588786,0.8825000000000001,2.03452198304,0.8392743931963438,0.6625,3.99670585133,0.5196730154350776,0.997037037037037,1.16177759677,0.9476416519591069,0.5625,3.05203503825,0.44622128710980236,0.64,3.35295265153,0.3437296776182636
7,18246,0.9107355483003641,10.0741069591,0.49293741914233613,0.784999999999999,1.20750640458,0.9274796835181743,0.8725,2.09874853137,0.8185852478929148,0.78,1.63656295463,0.8937048196635291,0.9624691358024691,1.84428661966,0.8956808033690418,0.77,1.04829311552,0.9225993303422085,0.7525000000000001,1.45309543858,0.8477460531445925
7,18248,0.9520261186863831,5.65041147518,0.8398280664594433,0.7475,1.7775595712,0.8713120020784535,0.9075000000000001,1.7509708348,0.8869512713360393,0.7725000000000001,1.83602183996,0.8806915647882442,0.8562962962962961,3.12272350037,0.6178184014210686,0.8174999999999991,0.590971111794,0.9607775171710113,0.8625,0.574825581801,0.9564646636635565
7,18270,0.779181870558863,0.00426776456366,4.043905069865788e-05,0.6775,3.43708775046,0.702448798436159,0.7925000000000001,2.34000194901,0.6431734377603446,0.764999999999999,2.04868012158,0.8661314329173911,0.9501234567901231,2.0737474639,0.8714785742961759,0.6275000000000001,2.81610746627,0.6404169441487078,0.7425,1.59466454847,0.8325927785328393
7,18297,0.7647397733819851,0.000948025362986,8.286692530078185e-06,0.745,1.81060729601,0.8668266232492519,0.8525,2.15793993799,0.775892234321117,0.7525000000000001,2.42487643103,0.8381941843581056,0.853333333333333,3.134890595,0.6085474917565047,0.7275,1.60197086439,0.8666517648639275,0.745,1.54845727978,0.8365195061236299
7,18311,0.814518916842711,0.131874252608,0.0013703231586535496,0.382499999999999,0.399736261828,0.07956267596444647,0.8300000000000001,2.17870043341,0.7271038930259894,0.42000000000000004,0.512821744892,0.08242088504019,0.838024691358024,3.17194272586,0.5602150696930435,0.41750000000000004,1.40713064172,0.1017203773761838,0.58,1.71122704446,0.17317227055312198
7,18312,0.9389667754945261,7.73995020071,0.7520836893011738,0.48250000000000004,1.59301795745,0.15407923885570163,0.9025000000000001,1.82109429184,0.8780186085095234,0.5275000000000001,1.28434933709,0.1621483208686906,0.7891358024691351,2.92675146581,0.40873199944669253,0.48250000000000004,2.34574848238,0.22376338086605263,0.6525000000000001,4.20320730178,0.39001094042968604
7,18319,0.9348185135394661,8.30085158591,0.7187870858303533,0.485,1.62663554928,0.1581046093516102,0.7525000000000001,2.72522255015,0.5421193735357123,0.53,1.33265033964,0.16541930760134668,0.8538271604938271,3.13296733256,0.6100951127400792,0.615,2.90801438957,0.6046225328112563,0.48250000000000004,0.401102794573,0.06013032417613689
7,18392,0.812944113693105,0.113608906255,0.0011773759111306616,0.5775,2.37107349301,0.32437340032499107,0.725,2.92811798536,0.4640620697453376,0.595,2.60409976182,0.2944825266135343,0.655308641975308,1.44751502289,0.12443811191077671,0.52,2.79858042852,0.32068762405005763,0.5975,2.39299497961,0.20753328989725583
7,18476,0.8598041098521221,4.21168096013,0.0641429028440914,0.7075,2.41358828615,0.7890313484857798,0.8925000000000001,1.94193846381,0.8591807909033685,0.73,3.11803544105,0.7757911016839785,0.8730864197530861,3.0273784406,0.6695091379099443,0.6875,2.16029539485,0.7913112972130785,0.784999999999999,1.17040722519,0.8903339538217143
7,18739,0.869829076243518,6.37684930284,0.11711753194091302,0.6925,2.86568687545,0.749628071511163,0.847499999999999,2.16345331578,0.7650878831368654,0.754999999999999,2.34804672708,0.8441602171020584,0.7308641975308641,2.17156806483,0.25998475539970506,0.5875,3.03930651327,0.5226017009336354,0.745,1.54845727978,0.8365195061236299
7,18763,0.928596120606875,8.99138069376,0.6648903854412274,0.29250000000000004,0.637169820999,0.022162070901899093,0.9575,0.891268366845,0.9534044757814955,0.29250000000000004,0.303741314938,0.030683842203167284,0.955555555555555,1.97481648662,0.8824762479822075,0.5,2.57551481467,0.2668604913168108,0.5825,1.74386064128,0.17748733976572803
7,19718,0.640868062223929,3.08247458762e-12,1.4679176266416188e-14,0.6925,2.86568687545,0.749628071511163,0.905,1.78678264377,0.8825287756868063,0.77,1.90555791658,0.8760148878846938,0.8444444444444441,3.16196056271,0.5805506504654592,0.635,2.75267839351,0.6613036188750242,0.9225000000000001,0.295465253433,0.9818619957081942
7,19745,0.6714038793931241,1.19751193589e-09,6.389428973776216e-12,0.857499999999999,0.42336789353,0.9839357617344053,0.857499999999999,2.14976569634,0.7866628443101809,0.857499999999999,0.470036183697,0.9655779632886624,0.6167901234567901,1.08729576195,0.07560997722823587,0.625,2.83590570271,0.6333517846422507,0.8925000000000001,0.417362448438,0.9712458922168241
7,20639,0.864298060303437,5.16613532569,0.08519407899437291,0.4425,0.763868346837,0.10609597151036701,0.81,2.23257291372,0.6830970128063855,0.41500000000000004,0.503361381415,0.0798805349418367,0.972345679012345,1.65106618142,0.9129470221257957,0.3375,0.505018489165,0.028698027550302416,0.5275000000000001,1.1394154827,0.08946228689978139
7,25302,0.7191088918763201,3.03296654709e-06,2.0217499990455585e-08,0.48750000000000004,1.65633588899,0.16220915064566596,0.725,2.92811798536,0.4640620697453376,0.5625,2.00032779016,0.2195843545299005,0.925925925925925,2.46608931033,0.8163830152993479,0.39,1.04039245657,0.06816702793103561,0.5125000000000001,0.722183178007,0.07569825786875323
7,27972,0.850240061455732,2.47041146154,0.03257974785677364,0.7025,2.54706459004,0.7766371435779709,0.827499999999999,2.18225219243,0.7216528415247728,0.7775000000000001,1.70144814937,0.8895326512104866,0.779753086419753,2.81728524982,0.38177305497215186,0.6675,2.41357852917,0.7455249901458925,0.7525000000000001,1.45309543858,0.8477460531445925
7,28024,0.658382946034184,1.02818950175e-10,5.214954640628937e-13,0.899999999999999,0.152599270313,0.99558259138678,1.0,0.356317248543,0.9786313332401236,0.8500000000000001,0.524944884148,0.9618516486984156,0.8562962962962961,3.12272350037,0.6178184014210686,1.0,0.0289778978701,0.9989384138734934,1.0,0.0933498355603,0.996011334814493
7,28466,0.7730362972921061,0.00228053919767,2.092331844700226e-05,0.68,3.33776133873,0.7109172666531005,0.9575,0.891268366845,0.9534044757814955,0.68,4.06436376887,0.5905506653675396,0.9456790123456791,2.15197458618,0.8620871321326646,0.5875,3.03930651327,0.5226017009336354,0.665,5.65037653663,0.45132521396007863
7,28484,0.8394468984059921,1.16305413062,0.013614728343044414,0.625,4.27521253678,0.48410425235157667,0.8600000000000001,2.14433089534,0.7920306754753932,0.5675,2.09733070962,0.2298297756296151,0.9358024691358021,2.31614767066,0.8400109793311198,0.61,2.93958490495,0.5900022371934162,0.6375000000000001,3.29883807659,0.33542303818644953
7,28512,0.814518916842711,0.131874252608,0.0013703231586535496,0.6775,3.43708775046,0.702448798436159,0.7525000000000001,2.72522255015,0.5421193735357123,0.725,3.26396352542,0.7598336980493147,0.9906172839506171,1.28684961678,0.939783563116674,0.635,2.75267839351,0.6613036188750242,0.764999999999999,1.3421865891,0.8651964260488629
7,28570,0.957787593623967,4.72220807804,0.8696799828391293,0.5,1.74518040369,0.1835708454137407,0.6375000000000001,2.35210967934,0.22000775575119108,0.47500000000000003,0.670408124883,0.11423224482340918,0.7214814814814811,2.06463971396,0.24011837347077813,0.4325,1.62178358689,0.12442847602016634,0.4625,0.368033046061,0.05257703145920386
7,28894,0.9097753024774341,10.1024806752,0.4832499398097144,0.62,4.13477397043,0.4630643808762477,0.705,2.96506205749,0.4049496758774995,0.67,4.05449467618,0.5498911285120714,0.7851851851851851,2.88248686947,0.3972560119865755,0.459999999999999,2.02466063277,0.1745613936179124,0.6475000000000001,3.75569967525,0.3701636957812645
7,29183,0.8598041098521221,4.21168096013,0.0641429028440914,0.635,4.43589961273,0.5278030950320979,0.8225,2.19163679579,0.7107195041990353,0.6475000000000001,3.76827722674,0.4612674463063489,0.84,3.16977877011,0.5664786343139324,0.5825,3.05084532457,0.5073745649581386,0.6900000000000001,7.2848957302,0.6216005831640818
7,29184,0.8626848473209141,4.81744223503,0.07714195184466721,0.5700000000000001,2.1272639642,0.30753623533997637,0.774999999999999,2.49800568701,0.600897082065422,0.5725,2.1914311782,0.2405527962098698,0.8222222222222221,3.15746658846,0.5101278220323412,0.449999999999999,1.87802095807,0.15504723367823803,0.62,3.46699763406,0.27659416289122796
7,29229,0.846360668331092,1.91754113123,0.02409921708670188,0.34750000000000003,0.646655931965,0.061303188117993616,0.7725000000000001,2.52312355376,0.5946207475521219,0.34750000000000003,0.390971085737,0.04981414604749625,0.8493827160493821,3.14872347906,0.5961344953285794,0.3075,0.311997559706,0.016634515747136033,0.36750000000000005,0.273387623187,0.017080693604324446
7,29338,0.9519877088534661,5.65676616411,0.8396109130614634,0.6525000000000001,4.29185788169,0.6049389423504999,0.615,2.00230600049,0.1709902690594376,0.6900000000000001,3.9965935946,0.630918853560001,0.602962962962962,0.960115617862,0.06145830713387338,0.62,2.87340757458,0.6190773217798198,0.7000000000000001,6.34684019365,0.690605312579338
7,29381,0.7350105627040521,2.72165211289e-05,1.9836978409604624e-07,0.595,3.09631824627,0.3719691897038523,0.66,2.65937079735,0.27651597854895604,0.67,4.05449467618,0.5498911285120714,0.5051851851851851,0.213514815457,0.007149092624888835,0.55,3.01348173585,0.4082794449481217,0.625,3.41952985233,0.29384510179187573
7,29764,0.8482811599769541,2.1793407217,0.028029493168859738,0.68,3.33776133873,0.7109172666531005,0.774999999999999,2.49800568701,0.600897082065422,0.7225,3.33453479958,0.7515852031438834,0.829629629629629,3.17155660219,0.5335769125762069,0.5875,3.03930651327,0.5226017009336354,0.7425,1.59466454847,0.8325927785328393
7,30094,0.91937776070674,9.69105110207,0.578510154353776,0.62,4.13477397043,0.4630643808762477,0.63,2.2376174037,0.20279394856051286,0.5625,2.00032779016,0.2195843545299005,0.8212345679012341,3.15456433682,0.5070107495376417,0.5825,3.05084532457,0.5073745649581386,0.675,6.76776345447,0.5136438728135889
7,31557,0.7937776070674091,0.0179752145165,0.00018013749526144655,0.5575,1.84104347316,0.28289607021811947,0.9275,1.42247002555,0.9187904107540373,0.7925000000000001,1.33840375847,0.9122514396465106,0.8627160493827161,3.09138362866,0.6377684710956384,0.5825,3.05084532457,0.5073745649581386,0.725,2.51547930744,0.798658576705707
7,32060,0.8214326867678121,0.251205348634,0.0026526101108935787,0.65,4.34359978112,0.5941427069382803,1.0,0.356317248543,0.9786313332401236,0.55,1.7455361454,0.19615679920380402,0.9476543209876541,2.11752365713,0.8663040054345583,0.5625,3.05203503825,0.44622128710980236,0.65,3.9644417841,0.3798070600935578
7,38608,0.9289802189360471,8.95417347738,0.6683368365971579,0.74,1.87473700372,0.857612414880137,0.7875000000000001,2.38097763972,0.6313726646454567,0.67,4.05449467618,0.5498911285120714,0.802469135802469,3.0520357665,0.4486349385093693,0.764999999999999,1.10737334446,0.9172109791382752,0.7275,2.28695599204,0.8046530222589834
7,38649,0.8565776838870751,3.57075761059,0.05160057319342384,0.7525000000000001,1.70872601184,0.8800293358567937,0.7575000000000001,2.67618541636,0.5556237676303083,0.78,1.63656295463,0.8937048196635291,0.811851851851851,3.11458736304,0.477582253208245,0.867499999999999,0.298458133173,0.9823113500992955,0.7925000000000001,1.10491833504,0.898866368003945
7,39144,0.9097753024774341,10.1024806752,0.4832499398097144,0.5575,1.84104347316,0.28289607021811947,0.655,2.59744157939,0.26337214025597117,0.63,3.37888465316,0.3986130037728175,0.6666666666666661,1.55109490765,0.1414693567678894,0.5,2.57551481467,0.2668604913168108,0.6425000000000001,3.44713340429,0.3522212694512877
7,39247,0.8508162089494911,2.560601858,0.03402895156609195,0.65,4.34359978112,0.5941427069382803,0.847499999999999,2.16345331578,0.7650878831368654,0.5525,1.79761921731,0.20058582441282768,0.9037037037037031,2.75033879632,0.7582879655980305,0.595,3.01435947116,0.5453085021986833,0.5750000000000001,1.69106463449,0.16468721442338288
7,39495,0.8521605531015941,2.77900400141,0.03761684694240132,0.7225,2.1124728621,0.8228066129971938,0.75,2.74884077592,0.5352766498480417,0.6900000000000001,3.9965935946,0.630918853560001,0.87358024691358,3.02393956959,0.671003291930717,0.5525,3.02367964529,0.41582615564059167,0.764999999999999,1.3421865891,0.8651964260488629
7,39581,0.8943729594776261,9.99992767562,0.32684669051341164,0.6175,4.05195632642,0.45282936539005947,0.9575,0.891268366845,0.9534044757814955,0.6675,4.0398955302,0.5397721490296463,0.8029629629629621,3.05588083273,0.45014306853951336,0.47000000000000003,2.16960986736,0.19553483719233106,0.735,1.82360081645,0.8198791268292835
7,40799,0.8536969464182831,3.04190995928,0.04208667041670401,0.68,3.33776133873,0.7109172666531005,0.9550000000000001,0.933094512521,0.951124197606328,0.6225,3.19882228409,0.37394697254896914,0.96395061728395,1.81573939033,0.89839195626081,0.5725,3.06077993708,0.4768014096192178,0.735,1.82360081645,0.8198791268292835
7,40956,0.988937968119838,1.5876287296,0.9591292289457946,0.625,4.27521253678,0.48410425235157667,0.595,1.69503272051,0.1340469467899508,0.72,3.40320492489,0.7431626082895229,0.6474074074074071,1.37423817465,0.11328987050502927,0.6575000000000001,2.52838740235,0.7208079002842386,0.7825000000000001,1.19221313323,0.8873806694329153
7,41042,0.9097753024774341,10.1024806752,0.4832499398097144,0.34750000000000003,0.646655931965,0.061303188117993616,0.8325,2.1757574844,0.732546851273851,0.444999999999999,0.566079904266,0.09588037247964468,0.8207407407407401,3.15302106659,0.5054533185092129,0.515,2.74782368513,0.3068200677153331,0.5425,1.54885821997,0.1098495252576771
7,41069,0.6005377376608411,4.00063302795e-16,1.6736859829514236e-18,0.8525,0.465494989453,0.9817143448221879,0.81,2.23257291372,0.6830970128063855,0.845,0.566178683189,0.9591255013571054,0.810864197530864,3.10906136703,0.47450882573430575,0.8025,0.71480810294,0.9510073568782693,0.827499999999999,0.8139725844,0.9323397946579635
7,41615,0.820741309775302,0.235744682302,0.0024843302928519474,0.7425,1.84292694763,0.8622595741115027,0.8775000000000001,2.07005588167,0.8290100194187455,0.847499999999999,0.545063325424,0.9605143403767789,0.544691358024691,0.46755025207,0.02027774745518356,0.81,0.650570890231,0.9561245901683728,0.919999999999999,0.304505622041,0.9811120705513838
7,41703,0.7849433454964471,0.00757639087375,7.368229132428558e-05,0.735,1.93800230931,0.8480807432906559,0.77,2.54855284691,0.5882812046974589,0.7875000000000001,1.45224156545,0.9052779124616238,0.7925925925925921,2.96299578691,0.41891251164224874,0.685,2.19344291991,0.7858690476273684,0.6925,7.14836737459,0.6396567170513324
7,41708,0.784904935663529,0.00754771381386,7.339183449573312e-05,0.645,4.41784007209,0.5722221567891772,0.665,2.71672140257,0.289958214973588,0.735,2.96722139321,0.7910059134168107,0.6498765432098761,1.39722894049,0.11671145021553629,0.51,2.69351224791,0.29321531257290406,0.6725,6.51781785619,0.4970308799849421
7,41851,0.9193393508738231,9.69327515645,0.5781378799712471,0.6000000000000001,3.32353117772,0.3880183094032016,0.65,2.53142990953,0.2505483688937572,0.635,3.49741337516,0.41580498497601437,0.8898765432098761,2.89144400459,0.7192524215128985,0.3275,0.43205077257,0.024020263301451246,0.6425000000000001,3.44713340429,0.3522212694512877
7,43759,0.934741693873631,8.31051237483,0.7181490459390083,0.8174999999999991,0.801306785444,0.959740258184833,0.6975,2.95044422024,0.38275672454140425,0.75,2.50221025471,0.8320354146079378,0.7056790123456791,1.90347706327,0.20879312369988418,0.7675000000000001,1.07758873521,0.9199420809718806,0.8625,0.574825581801,0.9564646636635565
7,44059,0.9020933358939881,10.2059547723,0.4050916303691857,0.5125000000000001,1.74771239967,0.20547454302449086,0.8225,2.19163679579,0.7107195041990353,0.605,2.80348451538,0.32150490859732833,0.9565432098765431,1.95646642985,0.8844176309814241,0.5325,2.90798318665,0.3563810094139068,0.6575000000000001,4.74819217493,0.4123583377430748
7,44938,0.7176877280583821,2.46731150902e-06,1.6322354596892186e-08,0.6075,3.65786296987,0.4142093376344394,0.9275,1.42247002555,0.9187904107540373,0.6425000000000001,3.66609037699,0.44267731879667815,0.834567901234567,3.17370387261,0.5492465311985623,0.464999999999999,2.09744877089,0.18486688385293082,0.75,1.48002760056,0.8440803449590026
7,50703,0.735394661033224,2.86230563253e-05,2.0909161155943614e-07,0.7125,2.29768356374,0.8008023804159626,0.74,2.83479850737,0.5073457400123851,0.7000000000000001,3.8564658884,0.6702407919381421,0.8562962962962961,3.12272350037,0.6178184014210686,0.645,2.659084518,0.6883708176197401,0.7325,1.94532766371,0.8151739236625833
7,50830,0.8275398502016511,0.434981396904,0.004700827831167567,0.5650000000000001,1.99413975286,0.2972429437960504,0.81,2.23257291372,0.6830970128063855,0.66,3.96840238383,0.5097157281046101,0.8967901234567901,2.82421326636,0.7390140430711887,0.5725,3.06077993708,0.4768014096192178,0.655,4.46637081161,0.40084343067595263
7,50921,0.8290762435183401,0.497405573007,0.005416121219293812,0.5925,2.98396994819,0.3643691401633542,0.7025,2.96193344032,0.3975405672456337,0.68,4.06436376887,0.5905506653675396,0.9397530864197531,2.25213877095,0.8490354995263886,0.5975,3.00411383979,0.5528317883700942,0.64,3.35295265153,0.3437296776182636
7,51734,0.9270213174572691,9.13667439401,0.6506148077937078,0.6000000000000001,3.32353117772,0.3880183094032016,0.7275,2.9161104565,0.47136767444394867,0.7225,3.33453479958,0.7515852031438834,0.8503703703703701,3.14552820298,0.5992427824204263,0.56,3.04680695632,0.43859747757736445,0.6825,7.28349965323,0.566596124990371
7,52992,0.748454004225081,0.000147695261246,1.1673401196662911e-06,0.75,1.74362925567,0.8757136838218027,0.8225,2.19163679579,0.7107195041990353,0.705,3.76232886027,0.6892939447987831,0.928395061728395,2.4299710216,0.8224277226531449,0.6725,2.35301424083,0.7574423097831958,0.71,4.69247042267,0.746093023939482
7,54491,0.8689456500864221,6.18442806526,0.11156896533684418,0.77,1.44105560698,0.9076373407611231,0.9025000000000001,1.82109429184,0.8780186085095234,0.7975000000000001,1.23204449963,0.9186744214738284,0.952098765432098,2.03817720076,0.875539813075171,0.9450000000000001,0.0880163565802,0.9959458505796154,0.7775000000000001,1.23562995279,0.8813109243948009
7,54885,0.945265988092951,6.76833505681,0.7978401107590617,0.585,2.6607735824,0.3432174691410623,0.8500000000000001,2.16095706239,0.770493489298103,0.55,1.7455361454,0.19615679920380402,0.9525925925925921,2.02921077085,0.876544107598276,0.5625,3.05203503825,0.44622128710980236,0.68,7.15923956538,0.5485313413993469
7,56634,0.429652391012099,1.17798261273e-38,3.2020820670252273e-41,0.8525,0.465494989453,0.9817143448221879,0.9400000000000001,1.19731084955,0.93516836959304,0.845,0.566178683189,0.9591255013571054,0.8646913580246911,3.0804304879,0.6438641887204758,0.7575000000000001,1.19954319244,0.9085626210078802,0.8300000000000001,0.794891513816,0.9343508151988642
7,56758,0.73808334933743,4.05891557799e-05,3.012484326951471e-07,0.7725000000000001,1.40118220838,0.9111901261447453,0.68,2.85694873286,0.3318241314401153,0.8225,0.8106919679,0.9438360926828848,0.7827160493827161,2.85342529381,0.3901744306786692,0.745,1.36163106251,0.8925654709834474,0.77,1.29992689808,0.8718018557881966
7,56917,0.869444977914346,6.29333274362,0.11468422626253535,0.72,2.15371474343,0.8174744890807413,0.8300000000000001,2.17870043341,0.7271038930259894,0.77,1.90555791658,0.8760148878846938,0.829629629629629,3.17155660219,0.5335769125762069,0.6575000000000001,2.52838740235,0.7208079002842386,0.73,2.09819203506,0.8101265307175012
7,56975,0.9289802189360471,8.95417347738,0.6683368365971579,0.68,3.33776133873,0.7109172666531005,0.8,2.28670911485,0.6605171106690492,0.7325,3.0431292652,0.7834927888278457,0.776296296296296,2.77358814437,0.3721093770198465,0.7175,1.74318759958,0.8499271038205708,0.6975,6.67358214608,0.67431881079737
7,67160,0.830036489341271,0.540379301977,0.00591413181957776,0.8150000000000001,0.828088957667,0.9577036188150025,0.8625,2.13782247748,0.797383603892591,0.8500000000000001,0.524944884148,0.9618516486984156,0.88,2.97611741342,0.6902658129821851,0.76,1.16836372539,0.9115224121117552,0.774999999999999,1.25719077479,0.8781948740847019
7,67299,0.9328212022277701,8.5429203534,0.701962785555279,0.6775,3.43708775046,0.702448798436159,0.545,1.03997454672,0.06637455827204387,0.6825,4.0545961085,0.6007003789112059,0.7091358024691351,1.93700574361,0.2154307590186078,0.6625,2.47207214311,0.7333099767739272,0.6775,6.98449187285,0.5308420240415765
7,67423,0.9385442673324371,7.80041705391,0.7488006984476037,0.6375000000000001,4.44838170605,0.5389108254376674,0.6825,2.87518371941,0.33898962142279127,0.6875,4.02062540502,0.6208963694558828,0.652839506172839,1.42471174003,0.12089213348857265,0.6775,2.29050766409,0.7690518941369,0.705,5.56339876814,0.7204397818442074
7,67905,0.786863837142308,0.00915379528043,8.970088650709184e-05,0.764999999999999,1.52047758888,0.9002331064302297,0.845,2.16557647129,0.759676533662556,0.8,1.18169394152,0.9216912014177117,0.8,3.03191637298,0.4411235816930411,0.75,1.2956315273,0.8992080255001893,0.7975000000000001,1.06145637772,0.904282184468127
7,68565,0.8021893604762821,0.0405518150151,0.0004136687900164752,0.6950000000000001,2.77999440481,0.7566844012327543,0.857499999999999,2.14976569634,0.7866628443101809,0.7575000000000001,2.27187327595,0.8499349651136862,0.8958024691358021,2.83422153555,0.7362197431442118,0.665,2.44309135364,0.7394540433661272,0.7175,3.45274227937,0.7765103886521068
7,68688,0.8899942385250621,9.6917548801,0.2836780713542468,0.685,3.14219000024,0.727114686780076,0.8075000000000001,2.24424919171,0.6775012416050233,0.8025,1.13322715182,0.924584461188525,0.883456790123456,2.94800191474,0.7005055046960793,0.62,2.87340757458,0.6190773217798198,0.78,1.21396275684,0.8843729350731923
7,69217,0.777222969080084,0.00350147120186,3.285320319688323e-05,0.7000000000000001,2.62045667597,0.7701786553113011,0.72,2.94741545352,0.4493705640980664,0.74,2.81324674916,0.805458053439865,0.9125925925925921,2.64535409295,0.7822772719445094,0.6425000000000001,2.68342187438,0.6816925562884049,0.7675000000000001,1.32110095401,0.8685255471141349
7,69292,0.751603610524294,0.000214928147933,1.7321549838015034e-06,0.74,1.87473700372,0.857612414880137,0.74,2.83479850737,0.5073457400123851,0.8150000000000001,0.918542147959,0.9373607807426552,0.75358024691358,2.46528081914,0.3125700784662488,0.7875000000000001,0.857583627749,0.9392384458508126,0.76,1.38452258116,0.8583799329411526
7,70225,0.9116573842903781,10.0441224301,0.5022104765827914,0.58,2.46305458228,0.3304150292138938,0.804999999999999,2.25716302662,0.671874735172092,0.64,3.61155968862,0.4335798403405932,0.795555555555555,2.99205351166,0.4277352806471378,0.5375,2.94407528138,0.3710130736543974,0.5925,2.09066227781,0.19635275174874084
7,70358,0.9552525446514301,5.12304921682,0.8572040047176991,0.47500000000000003,1.47033564429,0.14257221369692755,0.75,2.74884077592,0.5352766498480417,0.48,0.698147789942,0.11765179761070504,0.8291358024691351,3.17103003685,0.532010839426043,0.545,2.98937159519,0.3932702561234242,0.5425,1.54885821997,0.1098495252576771
7,70659,0.90497407336278,10.1958588803,0.4344871554855445,0.6025,3.4367382715,0.3964688530893664,0.5650000000000001,1.28193071242,0.08955440944858939,0.685,4.03999197824,0.6108196148258019,0.7832098765432091,2.85931785107,0.39158498614711,0.55,3.01348173585,0.4082794449481217,0.6950000000000001,6.94316539144,0.6572851079358842
7,70707,0.853082389091607,2.93507876516,0.04025018181066844,0.6675,3.82697689723,0.66610755886085,0.8825000000000001,2.03452198304,0.8392743931963438,0.7525000000000001,2.42487643103,0.8381941843581056,0.8493827160493821,3.14872347906,0.5961344953285794,0.6425000000000001,2.68342187438,0.6816925562884049,0.67,6.24315721033,0.4810753612618911
7,70749,0.8905703860188201,9.7412445498,0.2892763417782532,0.36,0.558751389811,0.06885145226702481,0.6575000000000001,2.628948414,0.269905347176212,0.39,0.459127847906,0.06785866788962713,0.8661728395061721,3.07182521191,0.6484214561102043,0.365,0.75409244402,0.04584620747900624,0.39,0.360313226238,0.024260103901044112
7,70793,0.8893028615325521,9.62868278028,0.27699898589763455,0.545,1.70475513985,0.2608801674513505,0.6125,1.96305604426,0.16603359214636265,0.59,2.5104218666,0.2816974972602996,0.808395061728395,3.09414853114,0.46685021976937857,0.5275000000000001,2.86739093221,0.34194074433634747,0.66,5.04308000878,0.4245952748130067
7,70852,0.90013443441521,10.1887892877,0.3851125484731286,0.6900000000000001,2.95490182918,0.7423530294647872,0.6975,2.95044422024,0.38275672454140425,0.705,3.76232886027,0.6892939447987831,0.799012345679012,3.02345729041,0.43813325459003133,0.595,3.01435947116,0.5453085021986833,0.6975,6.67358214608,0.67431881079737
7,72086,0.8713654695602071,6.70795747417,0.12716991374893455,0.5650000000000001,1.99413975286,0.2972429437960504,0.847499999999999,2.16345331578,0.7650878831368654,0.545,1.64059258529,0.1876912266429503,0.515061728395061,0.267388974988,0.009518009435190591,0.41750000000000004,1.40713064172,0.1017203773761838,0.585,1.79627008719,0.18190807900341166
7,74604,0.8229690800845011,0.289029753462,0.0030669821692305495,0.8300000000000001,0.673760314713,0.9689495249678837,0.804999999999999,2.25716302662,0.671874735172092,0.827499999999999,0.746772844754,0.947727212972728,0.789629629629629,2.93207697899,0.4101786257272022,0.9075000000000001,0.164129689713,0.9913354355304244,0.9125000000000001,0.332764791538,0.9787233948585594
7,74635,0.8252736700595351,0.355792428609,0.0038075459819417175,0.5575,1.84104347316,0.28289607021811947,0.605,1.84640448138,0.15174937454464316,0.675,4.06921982539,0.5702085269625298,0.769382716049382,2.68232525231,0.35324690096277367,0.655,2.55569938959,0.7144526725345599,0.5375,1.43421538577,0.10238000594686023
7,74688,0.8560015363933161,3.46144752136,0.04957486063221919,0.7000000000000001,2.62045667597,0.7701786553113011,0.5,0.575418846381,0.030452476137002582,0.75,2.50221025471,0.8320354146079378,0.580246913580246,0.758370084975,0.041958311295242745,0.625,2.83590570271,0.6333517846422507,0.774999999999999,1.25719077479,0.8781948740847019
7,74696,0.8636450931438441,5.02438678666,0.08186708063902828,0.7125,2.29768356374,0.8008023804159626,0.7825000000000001,2.42565591075,0.6193574826113798,0.7175,3.46974180902,0.7345709562003293,0.892839506172839,2.86343687973,0.7277784685036327,0.6950000000000001,2.05882964114,0.8071347853194201,0.6975,6.67358214608,0.67431881079737
7,76409,0.9366621855194931,8.06084035364,0.7338722624985403,0.51,1.75246684264,0.20109889111043744,0.7175,2.95461960212,0.4419926743170072,0.5325,1.38212717272,0.16881255279482327,0.885432098765432,2.93120000187,0.7063122117988991,0.52,2.79858042852,0.32068762405005763,0.5775,1.69494287547,0.16891756567595842
7,76496,0.660072978682542,1.42454488526e-10,7.271481808704146e-13,0.9175000000000001,0.089201974155,0.9976609338344409,0.9325000000000001,1.33296884398,0.9256796070673012,0.8975000000000001,0.273194998396,0.9800094666410202,0.8044444444444441,3.06705338742,0.4546786427595592,0.804999999999999,0.692872704552,0.9527668482539235,0.835,0.757606159473,0.9382315643972325
7,78211,0.525676973305166,9.29414265703e-25,3.15811043468385e-27,0.81,0.883314552975,0.9534260996370072,0.794999999999999,2.32109077847,0.6489995735331647,0.8600000000000001,0.453381238379,0.9667320749924369,0.8740740740740741,3.02046610499,0.6724957391978625,0.827499999999999,0.518454032945,0.9663181688916705,0.8300000000000001,0.794891513816,0.9343508151988642
7,79262,0.786863837142308,0.00915379528043,8.970088650709184e-05,0.7275,2.03769552966,0.8331782460172228,0.8400000000000001,2.16929822553,0.748839220284007,0.8150000000000001,0.918542147959,0.9373607807426552,0.897283950617283,2.81915834809,0.7404074695560049,0.827499999999999,0.518454032945,0.9663181688916705,0.7575000000000001,1.40622617652,0.8548916315601602
7,79313,0.9217591703476091,9.54298337469,0.6014162556811024,0.515,1.74112496389,0.209835924685353,0.764999999999999,2.59987071466,0.5754102674571938,0.56,1.95067851063,0.2146454394317805,0.7886419753086421,2.92137831723,0.407288014836817,0.41250000000000003,1.33740196508,0.09485950277495725,0.6175,3.45220521267,0.26793872467434615
7,79388,0.9097753024774341,10.1024806752,0.4832499398097144,0.7325,1.97017574597,0.8431956650151928,0.725,2.92811798536,0.4640620697453376,0.75,2.50221025471,0.8320354146079378,0.8069135802469131,3.08445161713,0.46227340982955645,0.715,1.77862249216,0.8455248418304278,0.77,1.29992689808,0.8718018557881966
7,80513,0.8483195698098711,2.18481504218,0.028113306385799824,0.7075,2.41358828615,0.7890313484857798,0.8250000000000001,2.18652886113,0.7161920277014113,0.76,2.19649947212,0.8555202501001552,0.8207407407407401,3.15302106659,0.5054533185092129,0.5975,3.00411383979,0.5528317883700942,0.7825000000000001,1.19221313323,0.8873806694329153
7,80619,0.869406568081428,6.28496806559,0.11444266103910959,0.7775000000000001,1.32207912983,0.9179977179114573,0.8150000000000001,2.21284582226,0.694208581474939,0.8250000000000001,0.777969865788,0.9458215964520691,0.9777777777777771,1.54277362938,0.9216220214889413,0.6975,2.0244262952,0.812238908712828,0.77,1.29992689808,0.8718018557881966
7,80759,0.854042634914538,3.10296059782,0.04314875626185119,0.6675,3.82697689723,0.66610755886085,0.605,1.84640448138,0.15174937454464316,0.7825000000000001,1.57336559313,0.8977168727569007,0.6167901234567901,1.08729576195,0.07560997722823587,0.845,0.409373754501,0.9744049853712418,0.6675,5.95165410178,0.46582910627815005
7,80766,0.8905703860188201,9.7412445498,0.2892763417782532,0.645,4.41784007209,0.5722221567891772,0.6375000000000001,2.35210967934,0.22000775575119108,0.7225,3.33453479958,0.7515852031438834,0.8197530864197531,3.14974941983,0.5023408189093099,0.645,2.659084518,0.6883708176197401,0.6975,6.67358214608,0.67431881079737
7,80873,0.9597080852698291,4.42957243599,0.8784662513954631,0.735,1.93800230931,0.8480807432906559,0.6325000000000001,2.27618343537,0.20843627048460753,0.7075,3.70991773313,0.698634958546579,0.8182716049382711,3.14437699976,0.4976784339865478,0.705,1.91989221555,0.8270311977023684,0.7775000000000001,1.23562995279,0.8813109243948009
7,84558,0.8444785865181481,1.68351585646,0.02071394819175348,0.7925000000000001,1.10050970533,0.9361294365000952,0.7775000000000001,2.47331475667,0.6071111318720408,0.837499999999999,0.636076313081,0.9546234604000101,0.8256790123456791,3.16570921333,0.5210576208652064,0.75,1.2956315273,0.8992080255001893,0.7775000000000001,1.23562995279,0.8813109243948009
7,104560,0.850240061455732,2.47041146154,0.03257974785677364,0.4,0.340243274996,0.08590209151892127,0.8500000000000001,2.16095706239,0.770493489298103,0.48,0.698147789942,0.11765179761070504,0.9170370370370371,2.5885405348,0.7939092288124536,0.40750000000000003,1.26884880599,0.08834439843079667,0.485,0.411878721067,0.06114617582395508
7,104598,0.8269637027078931,0.413458220113,0.004456462152121642,0.5825,2.55977444623,0.3366926238628797,0.67,2.76903723937,0.3036747989785706,0.645,3.71844645998,0.4519084798248306,0.8543209876543211,3.13100187311,0.6116417735340323,0.515,2.74782368513,0.3068200677153331,0.685,7.34962673176,0.5849003541098926
7,104599,0.8580756673708471,3.86257236676,0.05716674531746447,0.5725,2.20286834728,0.31294767595715056,0.6875,2.90689452494,0.35344749857227853,0.595,2.60409976182,0.2944825266135343,0.8804938271604931,2.97220155635,0.6917345350994479,0.47000000000000003,2.16960986736,0.19553483719233106,0.61,3.21135554936,0.24276690779688598
7,104688,0.657384290378336,8.47131898169e-11,4.2805873881134994e-13,0.7275,2.03769552966,0.8331782460172228,0.8125,2.22211580354,0.6886651225264765,0.73,3.11803544105,0.7757911016839785,0.743209876543209,2.32597843261,0.28773217988185656,0.7225,1.67240946554,0.858466008978332,0.6625,5.34561520687,0.43758011026793964
7,104824,0.882081812944113,8.72868053647,0.21045663689159125,0.6325000000000001,4.41205734369,0.5167407984389305,0.875,2.08523045879,0.8238155599626792,0.6000000000000001,2.70145701687,0.3077446463113368,0.8222222222222221,3.15746658846,0.5101278220323412,0.5675,3.05881495439,0.4615004420631633,0.6175,3.45220521267,0.26793872467434615
7,107778,0.833877472632994,0.746745599489,0.008367436830788083,0.68,3.33776133873,0.7109172666531005,0.685,2.89184360975,0.346198737374494,0.7175,3.46974180902,0.7345709562003293,0.589135802469135,0.836134805437,0.0490438111250388,0.6000000000000001,2.99294762649,0.5603283042605921,0.7375,1.72788302937,0.8243135994417881
7,107870,0.765815248703668,0.00106478723815,9.367910409056813e-06,0.8125,0.85540490895,0.9555993687396267,0.909999999999999,1.71374595508,0.8912824520667009,0.8225,0.8106919679,0.9438360926828848,0.90716049382716,2.71086518813,0.7677275756583066,0.735,1.49749870798,0.8782736877123738,0.8150000000000001,0.913401125894,0.9215503705476855
7,107898,0.9443057422700211,6.92331430839,0.7912662901728655,0.7025,2.54706459004,0.7766371435779709,0.6175,2.04165076242,0.1760452012620305,0.794999999999999,1.28428241842,0.9155294059096293,0.7614814814814811,2.57421540096,0.3324786912816756,0.6075,2.95418158135,0.5826348602807679,0.6975,6.67358214608,0.67431881079737
7,108143,0.8767428461686191,7.80262851893,0.16623966288073783,0.485,1.62663554928,0.1581046093516102,0.7225,2.93856838986,0.45672838230642965,0.6950000000000001,3.93502797478,0.6507552547329626,0.8824691358024691,2.95620242321,0.6975898372231696,0.73,1.56695828641,0.8706128922152324,0.625,3.41952985233,0.29384510179187573
7,108336,0.8269637027078931,0.413458220113,0.004456462152121642,0.535,1.68250642776,0.24399557314254003,0.5575,1.18841536291,0.0802928330688174,0.56,1.95067851063,0.2146454394317805,0.8469135802469131,3.15592185579,0.5883507480206518,0.387499999999999,1.00945706746,0.06560481354779692,0.595,2.23323245997,0.20175355979623355
7,108341,0.8097560975609751,0.0838628641605,0.0008649449383342051,0.5825,2.55977444623,0.3366926238628797,0.8075000000000001,2.24424919171,0.6775012416050233,0.52,1.14808332555,0.1530354646777414,0.9516049382716051,2.0471143914,0.8745310978921019,0.52,2.79858042852,0.32068762405005763,0.595,2.23323245997,0.20175355979623355
7,108351,0.839408488573074,1.15964014005,0.013570121219435936,0.65,4.34359978112,0.5941427069382803,0.6825,2.87518371941,0.33898962142279127,0.685,4.03999197824,0.6108196148258019,0.598518518518518,0.919886587917,0.05728065193659927,0.64,2.70713903196,0.6749542250743108,0.615,3.40491683806,0.2593603073976172
7,108388,0.8406376032264261,1.27294085543,0.015064219469367163,0.5475,1.72113361127,0.2651614951679124,0.6900000000000001,2.92030570893,0.3607318434648182,0.64,3.61155968862,0.4335798403405932,0.819259259259259,3.14802074289,0.5007858113785616,0.6000000000000001,2.99294762649,0.5603283042605921,0.5875,1.87097210212,0.18648730289739762
7,108411,0.8743230266948331,7.32548854502,0.14793000162649866,0.6175,4.05195632642,0.45282936539005947,0.875,2.08523045879,0.8238155599626792,0.6575000000000001,3.93586994621,0.49983452849630133,0.9303703703703701,2.40041775031,0.8271985732279459,0.7075,1.88471184888,0.8317869798689287,0.67,6.24315721033,0.4810753612618911
7,108416,0.8364893412713651,0.922986462104,0.010541129122363341,0.71,2.35349100502,0.7949892882812089,0.804999999999999,2.25716302662,0.671874735172092,0.8174999999999991,0.880927730186,0.9396097631342011,0.807407407407407,3.08774607933,0.46379741181380035,0.74,1.42898488078,0.8855894565341612,0.804999999999999,0.997029055773,0.9120007883632887
7,108417,0.860149798348377,4.28292897206,0.06561113453843424,0.5825,2.55977444623,0.3366926238628797,0.8,2.28670911485,0.6605171106690492,0.6325000000000001,3.43851974363,0.40713487781651386,0.973333333333333,1.63144443719,0.914568018182667,0.605,2.96795667004,0.5752320139111171,0.5325,1.29428777553,0.0955498992206072
7,108652,0.945265988092951,6.76833505681,0.7978401107590617,0.5075000000000001,1.75495991489,0.19671409434125445,0.525,0.819696949652,0.04781212871206714,0.6425000000000001,3.66609037699,0.44267731879667815,0.5560493827160491,0.556093910836,0.02608622836492672,0.43999999999999906,1.73119807405,0.1370015692061302,0.5650000000000001,1.72288761071,0.14763490282085134
7,109008,0.8137507201843671,0.122634248294,0.0012726084964333896,0.5275000000000001,1.69774692925,0.23133133912406909,0.6950000000000001,2.94210260306,0.3753906826582632,0.5325,1.38212717272,0.16881255279482327,0.6819753086419751,1.68773273661,0.16626341279202297,0.5,2.57551481467,0.2668604913168108,0.63,3.32864441388,0.31071587107868986
7,109067,0.7877856731323211,0.0100206014144,9.853282461975552e-05,0.7625000000000001,1.55963319938,0.8963828578720647,0.8,2.28670911485,0.6605171106690492,0.794999999999999,1.28428241842,0.9155294059096293,0.8479012345679011,3.15317944943,0.5914663687692014,0.71,1.84941796505,0.8364546623401169,0.7525000000000001,1.45309543858,0.8477460531445925
7,129429,0.7937776070674091,0.0179752145165,0.00018013749526144655,0.5775,2.37107349301,0.32437340032499107,0.7925000000000001,2.34000194901,0.6431734377603446,0.5875,2.46455465116,0.275478880279982,0.8172839506172841,3.14048393921,0.49457477839885133,0.54,2.9603725271,0.37839388001751784,0.68,7.15923956538,0.5485313413993469
7,129459,0.896331860956404,10.0896162913,0.3465279961846527,0.6725,3.63516401547,0.684766972137374,0.705,2.96506205749,0.4049496758774995,0.6925,3.96801510598,0.6408755479893515,0.838024691358024,3.17194272586,0.5602150696930435,0.6375000000000001,2.73022749874,0.6681573850267681,0.6875,7.35145935943,0.6032906223857929
7,129490,0.8252736700595351,0.355792428609,0.0038075459819417175,0.6575000000000001,4.16279416471,0.6260888735154548,0.889999999999999,1.9677938367,0.8542932516389922,0.754999999999999,2.34804672708,0.8441602171020584,0.9654320987654321,1.78701641596,0.9010606851359135,0.625,2.83590570271,0.6333517846422507,0.6975,6.67358214608,0.67431881079737
7,129672,0.839408488573074,1.15964014005,0.013570121219435936,0.485,1.62663554928,0.1581046093516102,0.725,2.92811798536,0.4640620697453376,0.38,0.442509773979,0.06335089551884425,0.901234567901234,2.77749367207,0.7514633036414256,0.43500000000000005,1.6581471691,0.12852836348207577,0.405,0.396264085688,0.029963069368199896
7,129907,0.9058959093527941,10.1847708822,0.443881226584838,0.65,4.34359978112,0.5941427069382803,0.65,2.53142990953,0.2505483688937572,0.63,3.37888465316,0.3986130037728175,0.725432098765432,2.1085427829,0.24836116957243629,0.54,2.9603725271,0.37839388001751784,0.65,3.9644417841,0.3798070600935578
7,129987,0.9306702515844051,8.78204712282,0.6833261736878365,0.6575000000000001,4.16279416471,0.6260888735154548,0.5625,1.25036205797,0.08638912820250408,0.6875,4.02062540502,0.6208963694558828,0.6869135802469131,1.73159862762,0.17470614879648902,0.6575000000000001,2.52838740235,0.7208079002842386,0.6575000000000001,4.74819217493,0.4123583377430748
7,130043,0.8598041098521221,4.21168096013,0.0641429028440914,0.8300000000000001,0.673760314713,0.9689495249678837,0.865,2.13011836838,0.8027187912094224,0.899999999999999,0.264569960528,0.9806816066151165,0.942716049382716,2.20266623568,0.8556355162700995,0.6950000000000001,2.05882964114,0.8071347853194201,0.764999999999999,1.3421865891,0.8651964260488629
7,130166,0.918225465719224,9.7556126752,0.5673055815736433,0.7875000000000001,1.17090327005,0.9304525086746245,0.8600000000000001,2.14433089534,0.7920306754753932,0.9325000000000001,0.17625182664,0.9877379871480387,0.8681481481481481,3.0598399231,0.6544775171973188,0.875,0.267809633847,0.9844330529771342,0.9325000000000001,0.26108959216,0.9846424391665949
7,130586,0.892452467831764,9.88376910239,0.30774883707136663,0.20750000000000002,0.0197844335961,0.0002457105819816979,0.42750000000000005,0.141148186739,0.007145328066445359,0.28500000000000003,0.291285208335,0.028452393587600447,0.741728395061728,2.30669452683,0.28430059310277545,0.25,0.112385728797,0.0052775236295722686,0.35750000000000004,0.230336248203,0.01456264097719186
7,134922,0.857922028039178,3.83215922567,0.05657563997146232,0.6925,2.86568687545,0.749628071511163,0.79,2.35998695656,0.6372986686309398,0.725,3.26396352542,0.7598336980493147,0.679012345679012,1.6614383343,0.16130167380834248,0.635,2.75267839351,0.6613036188750242,0.6775,6.98449187285,0.5308420240415765
7,134923,0.879969272133666,8.38587340736,0.1923731857455753,0.6825,3.23923768444,0.7191382757410556,0.735,2.87130729207,0.4930784306622442,0.725,3.26396352542,0.7598336980493147,0.77037037037037,2.69561448954,0.3559026793625447,0.68,2.25857231809,0.7747383353429618,0.7025,5.97279271973,0.7060135313369649
7,135551,0.823314768580756,0.298242455096,0.003168481049226386,0.7575000000000001,1.63594419016,0.888392630876326,0.774999999999999,2.49800568701,0.600897082065422,0.8250000000000001,0.777969865788,0.9458215964520691,0.7629629629629631,2.59464741048,0.3363074833223196,0.6425000000000001,2.68342187438,0.6816925562884049,0.7725000000000001,1.27862621177,0.8750250752660533
7,135973,0.849241405799884,2.31899969788,0.03018878280944052,0.8,1.00217569414,0.9440091323711874,0.8975000000000001,1.88491597342,0.8687508403229538,0.7925000000000001,1.33840375847,0.9122514396465106,0.9017283950617281,2.77213162122,0.7528335829061698,0.745,1.36163106251,0.8925654709834474,0.7825000000000001,1.19221313323,0.8873806694329153
7,136122,0.8521605531015941,2.77900400141,0.03761684694240132,0.78,1.28320007426,0.9212541959724602,0.8325,2.1757574844,0.732546851273851,0.745,2.65773886452,0.8191358319197897,0.653827160493827,1.43384437157,0.12230376735233094,0.61,2.93958490495,0.5900022371934162,0.745,1.54845727978,0.8365195061236299
7,136139,0.7495678893796811,0.000168801074327,1.3433650432060628e-06,0.8025,0.971249828442,0.9464757317430177,0.845,2.16557647129,0.759676533662556,0.837499999999999,0.636076313081,0.9546234604000101,0.9422222222222221,2.21099734771,0.8545457213946912,0.76,1.16836372539,0.9115224121117552,0.784999999999999,1.17040722519,0.8903339538217143
7,136288,0.852506241597849,2.8369384338,0.03858750962908869,0.7375,1.90631704851,0.8528860823227746,0.827499999999999,2.18225219243,0.7216528415247728,0.8125,0.957882022074,0.9350156143910913,0.93679012345679,2.30035791601,0.8422907469177704,0.6225,2.85501052869,0.6262379934434746,0.7925000000000001,1.10491833504,0.898866368003945
7,136820,0.9385442673324371,7.80041705391,0.7488006984476037,0.6275000000000001,4.33128635486,0.4948644602834795,0.655,2.59744157939,0.26337214025597117,0.655,3.89932901821,0.4900397195801063,0.852345679012345,3.13860941217,0.6054494529851595,0.5650000000000001,3.05603400959,0.453856628432642,0.6175,3.45220521267,0.26793872467434615
7,136846,0.7226810063376221,5.05762200884e-06,3.437350947765151e-08,0.8075000000000001,0.91188173003,0.9511822480792658,0.6525000000000001,2.56491355438,0.2569189903355564,0.7925000000000001,1.33840375847,0.9122514396465106,0.6074074074074071,1.00067897326,0.0658155085449137,0.875,0.267809633847,0.9844330529771342,0.804999999999999,0.997029055773,0.9120007883632887
7,137085,0.660418667178797,1.52237932831e-10,7.781067294702234e-13,0.8400000000000001,0.5778208356,0.9752032322417925,0.9400000000000001,1.19731084955,0.93516836959304,0.875,0.367695018195,0.9728619742579324,0.8148148148148141,3.12965554881,0.4868335427674878,0.8500000000000001,0.382058265274,0.9763828906537726,0.8775000000000001,0.491011881169,0.9644450210700479
7,137869,0.0,2.184882514e-140,2.700338605628011e-143,0.875,0.291644840859,0.9901539783164872,0.972499999999999,0.661373567206,0.9650001584728914,0.905,0.248237132836,0.9819631305212119,0.9772839506172831,1.55264769591,0.9208577197780042,0.8625,0.320542927317,0.9807644179322605,0.8700000000000001,0.531576113339,0.9606119536692552
7,138039,0.8560015363933161,3.46144752136,0.04957486063221919,0.6975,2.69816282013,0.7635312629920825,0.7325,2.88764226031,0.4858794638474584,0.63,3.37888465316,0.3986130037728175,0.716049382716049,2.00680464048,0.22906141101231525,0.6075,2.95418158135,0.5826348602807679,0.6375000000000001,3.29883807659,0.33542303818644953
7,140859,0.9577491837910501,4.72816566324,0.8694984892133697,0.5975,3.20977312962,0.3798516550592706,0.59,1.62169187064,0.1257558470932352,0.65,3.81524487358,0.47074747954743545,0.6948148148148141,1.80247943416,0.18866707761948126,0.59,3.03198266201,0.5301910236970683,0.6000000000000001,2.56428472134,0.21372818189737083
7,140984,0.8857307470712501,9.23809735635,0.24326950171028572,0.754999999999999,1.67282137987,0.8842564777930202,0.8925000000000001,1.94193846381,0.8591807909033685,0.7625000000000001,2.12205987205,0.8609182412250288,0.9160493827160491,2.60141805288,0.7913462743910125,0.6925,2.09296145391,0.8019449868132438,0.7425,1.59466454847,0.8325927785328393
7,141053,1.0,1.12114715625,0.9739409414954621,0.65,4.34359978112,0.5941427069382803,0.7025,2.96193344032,0.3975405672456337,0.645,3.71844645998,0.4519084798248306,0.611358024691358,1.03699710792,0.06984047003042222,0.5,2.57551481467,0.2668604913168108,0.7025,5.97279271973,0.7060135313369649
7,141356,0.811791818705588,0.101827599868,0.0010533733654510733,0.794999999999999,1.06677154354,0.9388383345710862,0.9475,1.06297775593,0.9436426053485936,0.8250000000000001,0.777969865788,0.9458215964520691,0.8508641975308641,3.14386408875,0.6007957206022213,0.8425,0.423647574683,0.9733637957947059,0.8400000000000001,0.721532113991,0.9419288965468967
7,142811,0.8137507201843671,0.122634248294,0.0012726084964333896,0.58,2.46305458228,0.3304150292138938,0.7825000000000001,2.42565591075,0.6193574826113798,0.595,2.60409976182,0.2944825266135343,0.714567901234567,1.99150906322,0.22609972129410258,0.535,2.92660467797,0.3636744814888196,0.675,6.76776345447,0.5136438728135889
7,142951,0.8876896485500281,9.46574484679,0.2615943192606265,0.764999999999999,1.52047758888,0.9002331064302297,0.784999999999999,2.40289615764,0.6253930069932713,0.804999999999999,1.08663334022,0.9273588981815811,0.929382716049382,2.41526746283,0.8248204450543581,0.68,2.25857231809,0.7747383353429618,0.7375,1.72788302937,0.8243135994417881
7,143324,0.8636835029767621,5.03270407259,0.08206022621990582,0.66,4.08716863769,0.6364027121154483,0.6775,2.8371755025,0.3247061597076048,0.5725,2.1914311782,0.2405527962098698,0.6972839506172831,1.8249715282,0.19314536807425753,0.59,3.03198266201,0.5301910236970683,0.625,3.41952985233,0.29384510179187573
7,145305,0.9097753024774341,10.1024806752,0.4832499398097144,0.745,1.81060729601,0.8668266232492519,0.725,2.92811798536,0.4640620697453376,0.7675000000000001,1.97647690558,0.8711626225281477,0.7970370370370371,3.00584970656,0.43217823353231744,0.6575000000000001,2.52838740235,0.7208079002842386,0.6875,7.35145935943,0.6032906223857929
7,145335,0.693796811983867,5.97257243862e-08,3.5096434139842916e-10,0.5425,1.69313998978,0.2566337488353948,0.8,2.28670911485,0.6605171106690492,0.55,1.7455361454,0.19615679920380402,0.79753086419753,3.01033680269,0.4336637140005431,0.5875,3.03930651327,0.5226017009336354,0.5,0.523937080984,0.06804723880695933
7,145444,0.8017284424812751,0.0387891951077,0.00039538692438711114,0.754999999999999,1.67282137987,0.8842564777930202,0.794999999999999,2.32109077847,0.6489995735331647,0.8525,0.505768850867,0.963139850081643,0.861728395061728,3.09663368375,0.63471264753906,0.7975000000000001,0.760265503138,0.9473205575221751,0.6925,7.14836737459,0.6396567170513324
7,146557,0.8974841559439211,10.1296202244,0.3581781335037869,0.72,2.15371474343,0.8174744890807413,0.74,2.83479850737,0.5073457400123851,0.73,3.11803544105,0.7757911016839785,0.9002469135802461,2.78811479712,0.7487148437266328,0.5700000000000001,3.06039156232,0.4691496995233886,0.6825,7.28349965323,0.566596124990371
7,146877,0.5736892644516991,5.26418967571e-19,2.0359840098044183e-21,0.715,2.24597061132,0.8064811200656035,0.865,2.13011836838,0.8027187912094224,0.865,0.422266267833,0.9689200221960337,0.863209876543209,3.08870167707,0.6392944196395195,0.8400000000000001,0.438343726515,0.9722863955514796,0.5625,1.72768870094,0.14332076793074944
7,146928,0.837718455924716,1.01725679456,0.011732742687958563,0.8600000000000001,0.402992902769,0.9849686132699003,0.885,2.01408743886,0.8443355299954857,0.855,0.487482722853,0.96438123447959,0.803456790123456,3.05966562832,0.45165308249707126,0.8150000000000001,0.610330986025,0.9592759941136907,0.8174999999999991,0.893015513179,0.9238083431833275
7,146993,0.37584021509506405,7.46341200078e-48,1.8168847632313156e-50,1.0,0.00271396678969,0.9999517112703418,0.8,2.28670911485,0.6605171106690492,1.0,0.0751215880927,0.9958036075187486,0.8528395061728391,3.13677138216,0.6069989314898987,0.9500000000000001,0.0804593925266,0.9963668226876623,1.0,0.0933498355603,0.996011334814493
7,147026,0.8626848473209141,4.81744223503,0.07714195184466721,0.615,3.96190194416,0.4428106312757654,0.645,2.4618685721,0.2380637589961688,0.655,3.89932901821,0.4900397195801063,0.815802469135802,3.13417512958,0.48992681316749553,0.52,2.79858042852,0.32068762405005763,0.625,3.41952985233,0.29384510179187573
7,147101,0.861724601497983,4.61271429808,0.07261451333460513,0.7225,2.1124728621,0.8228066129971938,0.8525,2.15793993799,0.775892234321117,0.865,0.422266267833,0.9689200221960337,0.9007407407407401,2.78282137828,0.7500903849328677,0.8600000000000001,0.332107688197,0.9799486787659559,0.6825,7.28349965323,0.566596124990371
7,147111,0.9010946802381411,10.1998338075,0.3949020103219716,0.774999999999999,1.3614620492,0.9146433798181886,0.837499999999999,2.1711916236,0.7434136377199141,0.735,2.96722139321,0.7910059134168107,0.852345679012345,3.13860941217,0.6054494529851595,0.605,2.96795667004,0.5752320139111171,0.6225,3.45366925687,0.28525019613810376
7,147193,0.752294987516804,0.000233134161573,1.8869644836629332e-06,0.7825000000000001,1.24496941754,0.9244142593225793,0.75,2.74884077592,0.5352766498480417,0.7825000000000001,1.57336559313,0.8977168727569007,0.6439506172839501,1.34193740005,0.1085952114922515,0.8500000000000001,0.382058265274,0.9763828906537726,0.7975000000000001,1.06145637772,0.904282184468127
7,819,0.8252736700595351,0.355792428609,0.0038075459819417175,0.7075,2.41358828615,0.7890313484857798,0.8300000000000001,2.17870043341,0.7271038930259894,0.7025,3.81124725492,0.6798262250860112,0.7214814814814811,2.06463971396,0.24011837347077813,0.7775000000000001,0.963431853503,0.9301404249472434,0.7225,2.78613940255,0.7920404547935174
7,1942,0.8467447666602651,1.96803371151,0.024845408673272,0.5925,2.98396994819,0.3643691401633542,0.784999999999999,2.40289615764,0.6253930069932713,0.6725,4.06429116301,0.56004061932945,0.755061728395061,2.48562347589,0.31623740645225984,0.585,3.04560283884,0.5149953474136816,0.6075,3.0717601754,0.2349080337258691
7,1993,0.8857307470712501,9.23809735635,0.24326950171028572,0.7525000000000001,1.70872601184,0.8800293358567937,0.905,1.78678264377,0.8825287756868063,0.7375,2.89052491506,0.7983282387939461,0.905679012345679,2.72799167352,0.7636987539247342,0.63,2.79562897706,0.6474317551274091,0.835,0.757606159473,0.9382315643972325
