left,boolean,ranking,id,score,serviceScore,equipmentScore,bathScore,roomScore,mealScore,locationScore,chargeScore,distanceScore,kinnennScore
left,true_positive,0,130166,0.394407786588,0.9325,0.7875,0.875,0.9325,0.875,0.86,0.918225465719,0.868148148148,1
left,true_positive,1,41069,0.208303033552,0.8275,0.8525,0.8025,0.845,0.7725,0.81,0.600537737661,0.810864197531,1
left,true_positive,2,54491,0.164624581486,0.7775,0.77,0.945,0.7975,0.705,0.9025,0.868945650086,0.952098765432,1
left,false_positive,3,14112,0.114634483617,0.755,0.75,0.705,0.77,0.715,0.8175,0.77722296908,0.869135802469,1
left,true_positive,4,1799,0.102760101579,0.81,0.84,0.85,0.885,0.825,0.8,0.434415210294,0.761481481481,1
left,true_positive,5,4805,0.102022623781,0.7725,0.74,0.6975,0.84,0.7675,0.9125,0.775302477434,0.94024691358,1
left,true_positive,6,839,0.100413860409,0.815,0.7875,0.7275,0.845,0.735,0.925,0.782024198195,1.0,0
left,true_positive,7,18297,0.0778950801841,0.745,0.745,0.7275,0.7525,0.75,0.8525,0.764739773382,0.853333333333,1
left,true_positive,8,109067,0.0663030512093,0.7525,0.7625,0.71,0.795,0.75,0.8,0.787785673132,0.847901234568,0
left,false_positive,9,79388,0.0591029559748,0.77,0.7325,0.715,0.75,0.7925,0.725,0.909775302477,0.806913580247,1
left,false_positive,10,135973,0.0457193467754,0.7825,0.8,0.745,0.7925,0.6675,0.8975,0.8492414058,0.901728395062,0
left,true_positive,11,2876,0.0129461002128,0.84,0.795,0.89,0.8175,0.6075,0.955,0.602458229307,0.886913580247,1
left,false_positive,12,135551,0.00968197877312,0.7725,0.7575,0.6425,0.825,0.7825,0.775,0.823314768581,0.762962962963,0
left,true_positive,13,1357,0.00590113513363,0.8025,0.78,0.72,0.8075,0.76,0.835,0.283887075091,0.608395061728,1
left,true_negative,14,1680,0.0174726709616,0.7925,0.695,0.6975,0.7275,0.785,0.87,0.897484155944,0.875061728395,0
left,true_negative,15,7343,0.0141696471988,0.7075,0.6875,0.665,0.715,0.6325,0.9125,0.85596312656,0.961975308642,1
left,true_negative,16,4977,0.00909585372337,0.71,0.725,0.705,0.685,0.64,0.85,0.794507393893,0.797037037037,0
left,true_negative,17,56975,0.00572430711467,0.6975,0.68,0.7175,0.7325,0.6,0.8,0.928980218936,0.776296296296,0
left,true_negative,18,4778,0.00314069176361,0.6875,0.7125,0.6575,0.775,0.7875,0.94,0.594814672556,0.941234567901,0
left,true_negative,19,70852,0.00121307798853,0.6975,0.69,0.595,0.705,0.5925,0.6975,0.900134434415,0.799012345679,1
left,true_negative,20,67423,0.00108739888569,0.705,0.6375,0.6775,0.6875,0.59,0.6825,0.938544267332,0.652839506173,1
left,true_negative,21,107778,0.00101077518106,0.7375,0.68,0.6,0.7175,0.78,0.685,0.833877472633,0.589135802469,0
left,true_negative,22,16373,0.000814549004971,0.6925,0.6925,0.5975,0.65,0.6675,0.7,0.880929517957,0.664197530864,0
left,true_negative,23,5309,0.00061443030635,0.6975,0.69,0.585,0.695,0.695,0.7675,0.844478586518,0.904197530864,1
left,true_negative,24,29764,0.000429425943476,0.7425,0.68,0.5875,0.7225,0.6,0.775,0.848281159977,0.82962962963,0
left,true_negative,25,9518,0.000337539985358,0.7,0.625,0.675,0.725,0.75,0.85,0.870674092568,0.919012345679,0
left,true_negative,26,29183,0.000189435003433,0.69,0.635,0.5825,0.6475,0.5825,0.8225,0.859804109852,0.84,0
left,true_negative,27,108411,4.03640720325e-05,0.67,0.6175,0.7075,0.6575,0.515,0.875,0.874323026695,0.93037037037,0
left,true_negative,28,223,7.58919902185e-06,0.6775,0.6375,0.5575,0.605,0.5825,0.605,0.87136546956,0.81037037037,1
left,true_negative,29,129907,1.60548472486e-06,0.65,0.65,0.54,0.63,0.6075,0.65,0.905895909353,0.725432098765,1
left,true_negative,30,30094,1.41403711747e-06,0.675,0.62,0.5825,0.5625,0.625,0.63,0.919377760707,0.821234567901,1
left,true_negative,31,192,1.11305633387e-06,0.66,0.63,0.5325,0.6775,0.6675,0.745,0.821394276935,0.755061728395,0
left,true_negative,32,134922,1.08087474603e-06,0.6775,0.6925,0.635,0.725,0.4375,0.79,0.857922028039,0.679012345679,1
left,true_negative,33,509,1.02724975403e-06,0.695,0.6375,0.5125,0.695,0.8225,0.92,0.679277895141,0.912592592593,1
left,true_negative,34,136820,6.42027320503e-07,0.6175,0.6275,0.565,0.655,0.6025,0.655,0.938544267332,0.852345679012,0
left,true_negative,35,31557,4.69364359702e-07,0.725,0.5575,0.5825,0.7925,1.0,0.9275,0.793777607067,0.862716049383,0
left,true_negative,36,143324,4.58937672725e-07,0.625,0.66,0.59,0.5725,0.575,0.6775,0.863683502977,0.697283950617,0
left,true_negative,37,50830,3.51484077435e-07,0.655,0.565,0.5725,0.66,0.6375,0.81,0.827539850202,0.896790123457,1
left,true_negative,38,18166,3.02879991739e-07,0.64,0.5875,0.5625,0.6625,0.6125,0.8825,0.827539850202,0.997037037037,1
left,true_negative,39,8961,2.09157824475e-07,0.6625,0.6325,0.5325,0.6025,0.535,0.9075,0.733090071058,0.835555555556,1
left,true_negative,40,858,1.28932831705e-07,0.61,0.635,0.5525,0.65,0.5675,0.6475,0.771461494143,0.631604938272,1
left,true_negative,41,9191,1.06567117738e-07,0.685,0.605,0.5925,0.63,0.5825,0.6825,0.890531976186,0.280987654321,1
left,true_negative,42,141053,6.55971386756e-08,0.7025,0.65,0.5,0.645,0.625,0.7025,1.0,0.611358024691,0
left,true_negative,43,2958,1.16080998512e-08,0.65,0.59,0.7475,0.5325,0.6825,0.8775,0.890570386019,0.97975308642,1
left,true_negative,44,142811,1.09914365086e-08,0.675,0.58,0.535,0.595,0.635,0.7825,0.813750720184,0.714567901235,0
left,true_negative,45,54885,1.03758931843e-08,0.68,0.585,0.5625,0.55,0.625,0.85,0.945265988093,0.952592592593,0
left,true_negative,46,129429,9.7468408867e-09,0.68,0.5775,0.54,0.5875,0.76,0.7925,0.793777607067,0.817283950617,0
left,true_negative,47,108388,1.76752050534e-10,0.5875,0.5475,0.6,0.64,0.58,0.69,0.840637603226,0.819259259259,0
left,true_negative,48,108143,7.37683900879e-11,0.625,0.485,0.73,0.695,0.5625,0.7225,0.876742846169,0.882469135802,1
left,true_negative,49,28894,3.29285261802e-12,0.6475,0.62,0.46,0.67,0.5,0.705,0.909775302477,0.785185185185,0
left,true_negative,50,7599,7.49700763005e-13,0.6,0.5625,0.5325,0.5675,0.75,0.95,0.8646437488,0.945679012346,0
left,true_negative,51,74635,1.31102457638e-17,0.5375,0.5575,0.655,0.675,0.3825,0.605,0.82527367006,0.769382716049,1
left,true_negative,52,18312,8.96096968426e-19,0.6525,0.4825,0.4825,0.5275,1.0,0.9025,0.938966775495,0.789135802469,0
left,true_negative,53,108652,1.89343507244e-22,0.565,0.5075,0.44,0.6425,0.5625,0.525,0.945265988093,0.556049382716,1
left,true_negative,54,18319,4.27088517507e-25,0.4825,0.485,0.615,0.53,0.4775,0.7525,0.934818513539,0.853827160494,1
left,true_negative,55,76409,2.31599506898e-29,0.5775,0.51,0.52,0.5325,0.25,0.7175,0.936662185519,0.885432098765,1
left,true_negative,56,28570,4.90167608661e-35,0.4625,0.5,0.4325,0.475,0.7225,0.6375,0.957787593624,0.721481481481,1
left,true_negative,57,15877,5.07788689073e-37,0.545,0.47,0.4325,0.44,0.375,0.765,0.978913001728,0.741728395062,0
left,true_negative,58,5041,1.12279660216e-48,0.41,0.455,0.3625,0.4775,0.75,0.6375,0.706164778183,0.824691358025,1
left,true_negative,59,146557,1.903210586e-60,0.6825,0.72,0.57,0.73,-0.25,0.74,0.897484155944,0.90024691358,1
left,true_negative,60,29229,6.02654405822e-77,0.3675,0.3475,0.3075,0.3475,0.4375,0.7725,0.846360668331,0.849382716049,1
left,true_negative,61,41851,2.41453190412e-79,0.6425,0.6,0.3275,0.635,-0.25,0.65,0.919339350874,0.88987654321,0
