user,id,equipmentScore,equipmentScore_pdf,equipmentScore_cdf,bathScore,bathScore_pdf,bathScore_cdf,roomScore,roomScore_pdf,roomScore_cdf,serviceScore,serviceScore_pdf,serviceScore_cdf,mealScore,mealScore_pdf,mealScore_cdf,distanceScore,distanceScore_pdf,distanceScore_cdf,locationScore,locationScore_pdf,locationScore_cdf,kinnennScore,kinnennScore_pdf,kinnennScore_cdf
28,101,0.655,2.52037182332,0.1479863535094384
,0.625,2.79908199837,0.14596243357156047
,0.6000000000000001,0.496859200769,0.02803620513294574
,0.73,3.32339138377,0.36116705308840846
,0.6975,2.98256225462,0.4998788150429836
,0.9797530864197531,1.90928537676,0.8961679028638837
,0.9400000000000001,2.43125679078,0.8217758514378635
,0.0,1.875,0.1875
28,192,0.63,1.83251076448,0.09365836722987189
,0.5325,0.394108464818,0.01431099445725044
,0.6775,1.23335188634,0.09288978357649601
,0.66,2.36588612811,0.15662566252291932
,0.6675,3.35101853361,0.40420163470061654
,0.755061728395061,2.19167839728,0.21754006745699495
,0.745,2.4070675044,0.21108653099516553
,0.0,1.875,0.1875
28,223,0.6375000000000001,2.03396958959,0.10815351093112463
,0.5575,0.785639701853,0.028556538602422993
,0.605,0.533061660893,0.030610284809479818
,0.6775,2.68959966402,0.20092730792523017
,0.5825,2.14815383454,0.14787340221053757
,0.8103703703703701,3.12193052103,0.3649665016602891
,0.605,0.50489998012,0.03186567215672438
,1.0,3.125,0.6875
28,388,0.7575000000000001,4.04824808915,0.5161575015088908
,0.675,3.39003303264,0.3083049409550279
,0.7675000000000001,5.73889004827,0.41589486213409255
,0.7675000000000001,3.43647858285,0.48880281153505145
,0.7825000000000001,1.97863192087,0.7027339332343627
,0.851358024691358,3.55236053589,0.5030933345032058
,0.915,2.89130016539,0.7550844175948228
,0.0,1.875,0.1875
28,398,0.635,1.96609201624,0.10315356940869705
,0.545,0.559749595699,0.020215195617800316
,0.6325000000000001,0.762985705024,0.048312770619996254
,0.66,2.36588612811,0.15662566252291932
,0.847499999999999,1.74322612367,0.8235483256582115
,0.720493827160493,1.66159493521,0.15125430133424664
,0.61,0.536379251119,0.034468121331249074
,1.0,3.125,0.6875
28,462,0.7975000000000001,3.51103540068,0.6691761848670446
,0.64,3.16391668155,0.19084696894636405
,0.68,1.26169513472,0.09600853434775594
,0.8300000000000001,2.97504046475,0.6934291458504724
,0.7075,2.82012549147,0.52889704681317
,0.810864197530864,3.1292137056,0.36650999562401926
,0.79,3.14782808793,0.3370347773971953
,0.0,1.875,0.1875
28,509,0.6375000000000001,2.03396958959,0.10815351093112463
,0.5125000000000001,0.225237013453,0.00828188865643995
,0.6950000000000001,1.51146413499,0.11644687643129138
,0.6950000000000001,2.96148676198,0.25045773302150187
,0.8225,1.83433177443,0.7787696780348182
,0.9125925925925921,3.27987159263,0.718389519276391
,0.919999999999999,2.80586807988,0.7693289820140586
,1.0,3.125,0.6875
28,568,0.685,3.31449139407,0.23582001056287016
,0.865,2.76817400551,0.8163908729887339
,0.6625,1.06706017696,0.07564452880499041
,0.7975000000000001,3.3176426244,0.5905927083896345
,0.5675,1.74140783489,0.11872486221321613
,0.9432098765432091,2.73624835954,0.8110288052170191
,0.9450000000000001,2.33170363844,0.8336839332210346
,0.0,1.875,0.1875
28,570,0.754999999999999,4.0615857289,0.5060196369423948
,0.735,2.44383508057,0.48502079417144073
,0.8625,3.84984989164,0.8054793777677766
,0.7825000000000001,3.40097237561,0.5401427935872775
,0.857499999999999,1.69620318095,0.8407521036963479
,0.946172839506172,2.6736895767,0.8190438557063511
,0.8775000000000001,3.37635599056,0.6366199239804333
,0.0,1.875,0.1875
28,610,0.6875,3.37324104044,0.24418001614616405
,0.615,2.4962408195,0.11945607206088944
,0.7825000000000001,2.96610818014,0.48197193531265753
,0.725,3.28689252988,0.344639239730101
,0.8225,1.83433177443,0.7787696780348182
,0.899753086419753,3.43555796968,0.6752257626964857
,0.9175000000000001,2.84907727818,0.7622601002192562
,1.0,3.125,0.6875
28,630,0.6375000000000001,2.03396958959,0.10815351093112463
,0.5575,0.785639701853,0.028556538602422993
,0.74,3.48165497061,0.2781970601597932
,0.68,2.73188281268,0.20770438776940772
,0.7725000000000001,2.03408013268,0.6826814848474985
,0.7629629629629631,2.32605899935,0.23538572175301029
,0.6875,1.36711000426,0.10343927103447978
,1.0,3.125,0.6875
28,658,0.54,0.30435493944,0.010939631762090894
,0.47750000000000004,0.0890480182795,0.0031692809179776154
,0.59,0.429617940063,0.02340951573812425
,0.5775,0.748600500194,0.03112497654514943
,0.63,3.23237587041,0.27830177363093234
,0.65679012345679,0.959150626417,0.06935955352265036
,0.665,1.04654064384,0.07641495705488961
,1.0,3.125,0.6875
28,659,0.5925,0.974872542191,0.04193308901369029
,0.47750000000000004,0.0890480182795,0.0031692809179776154
,0.645,0.883811456812,0.05859546787853782
,0.6125,1.37351131797,0.06770208257761579
,0.62,3.06970888322,0.24674969794010532
,0.622222222222222,0.671821342595,0.04130552306023004
,0.65,0.871540090022,0.06206764196082688
,1.0,3.125,0.6875
28,716,0.715,3.88615043051,0.34461339176879596
,0.645,3.25374892615,0.20689853980241293
,0.8325,4.15069194228,0.666109870452877
,0.7225,3.26674769584,0.3364469258151003
,0.8025,1.8981569508,0.7414511335584841
,0.819259259259259,3.24675579045,0.3932819425513481
,0.735,2.21809075191,0.18795847025727838
,1.0,3.125,0.6875
28,767,0.6625,2.72891875395,0.16767298707857095
,0.5975,1.91573436677,0.08081228755856465
,0.7000000000000001,1.7883582406,0.1245991540957646
,0.6950000000000001,2.96148676198,0.25045773302150187
,0.7325,2.43176458965,0.5944081875539878
,0.9007407407407401,3.4253428021,0.6786138866720706
,0.8725,3.4165052798,0.6196351377969609
,1.0,3.125,0.6875
28,839,0.7875000000000001,3.6941348033,0.6331290467826953
,0.7275,2.55196491358,0.466299262757376
,0.845,4.7315317287,0.7170107995378444
,0.8150000000000001,3.15976747529,0.6473641281128825
,0.735,2.39766180745,0.6004447308764893
,1.0,1.45254680981,0.9301467994124204
,0.925,2.71670140002,0.7831368726932872
,0.0,1.875,0.1875
28,858,0.635,1.96609201624,0.10315356940869705
,0.5525,0.687497199202,0.02487812144387872
,0.65,0.934652763997,0.06314107168426135
,0.61,1.32309718127,0.06433145764133123
,0.5675,1.74140783489,0.11872486221321613
,0.631604938271604,0.745206178964,0.04795066703870339
,0.6475000000000001,0.84530032824,0.05992175987805128
,1.0,3.125,0.6875
28,864,0.6375000000000001,2.03396958959,0.10815351093112463
,0.5625,0.894481050946,0.03275236425776114
,0.71,3.35493246717,0.14907162552248213
,0.6900000000000001,2.8896988392,0.2358277386397732
,0.75,2.21886543448,0.6350117731168113
,0.899753086419753,3.43555796968,0.6752257626964857
,0.919999999999999,2.80586807988,0.7693289820140586
,1.0,3.125,0.6875
28,922,0.595,1.022409564,0.04442937940402472
,0.454999999999999,0.049259503106,0.0016547499765920323
,0.5750000000000001,0.341287924137,0.017646093778940154
,0.605,1.22437901108,0.05796400748188592
,0.4525,0.370455828549,0.02732006468833633
,0.5837037037037031,0.408200557925,0.02070919313914676
,0.6825,1.28997208885,0.0967979111970308
,0.0,1.875,0.1875
28,930,0.75,4.07991444334,0.48566120528287027
,0.685,3.29034522655,0.3417571972978374
,0.7925000000000001,2.25732925388,0.506955088226636
,0.78,3.41018357746,0.531628571964996
,0.7125,2.73811831158,0.5427924172821053
,0.750123456790123,2.10962887361,0.20692025443086703
,0.885,3.30447893985,0.6616816577663207
,0.0,1.875,0.1875
28,995,0.51,0.138462472484,0.00457918502689426
,0.52,0.277265083218,0.01015900631526509
,0.5325,0.1634558194,0.007269145134543353
,0.5775,0.748600500194,0.03112497654514943
,0.7875000000000001,1.95542856023,0.712567996376863
,0.7664197530864191,2.3857590217,0.24352947885167797
,0.65,0.871540090022,0.06206764196082688
,0.0,1.875,0.1875
28,996,0.6000000000000001,1.121953502,0.04978781757816138
,0.5325,0.394108464818,0.01431099445725044
,0.6375000000000001,0.810183385045,0.052245042413085696
,0.65,2.16343710638,0.1339707535237638
,0.625,3.15729198269,0.26232219552038755
,0.8390123456790121,3.46584973645,0.4597270320089307
,0.725,2.02827877211,0.16672748462986098
,1.0,3.125,0.6875
28,1119,0.545,0.344302258904,0.012559545625633835
,0.5075000000000001,0.196480709003,0.007229375665899832
,0.58,0.369104289963,0.019421409887609528
,0.6000000000000001,1.12886676486,0.052082321266169546
,0.5,0.562266482585,0.048364102842277934
,0.8874074074074071,3.53726605482,0.6321336414491138
,0.7325,2.17056951689,0.18247264031383104
,1.0,3.125,0.6875
28,1128,0.6925,3.48556935202,0.2613300354394399
,0.6025,2.08356247529,0.0908101925709399
,0.6775,1.23335188634,0.09288978357649601
,0.7425,3.39261196139,0.4031747974477716
,0.8700000000000001,1.62486725642,0.8615247226080669
,0.7935802469135801,2.85539296524,0.31474035373311704
,0.7725000000000001,2.89166385298,0.28411285277732934
,0.0,1.875,0.1875
28,1186,0.6175,1.51498867978,0.07276381169590398
,0.65,3.32520880716,0.22335381588906517
,0.6625,1.06706017696,0.07564452880499041
,0.7225,3.26674769584,0.3364469258151003
,0.5750000000000001,1.94245817142,0.1325351014759646
,0.712592592592592,1.55656277522,0.138544632264109
,0.67,1.11177066161,0.08180928212897755
,1.0,3.125,0.6875
28,1356,0.774999999999999,3.88189313926,0.5857258677395283
,0.73,2.51368626084,0.4726308896057033
,0.8125,4.4188902218,0.5650694132132034
,0.7575000000000001,3.4341739292,0.4544324494413893
,0.79,1.94474566156,0.7174430970121093
,0.8316049382716041,3.39434685125,0.4343103696851427
,0.925,2.71670140002,0.7831368726932872
,1.0,3.125,0.6875
28,1357,0.78,3.81294255246,0.6049665751823335
,0.72,2.678008916,0.4466963874577127
,0.8075000000000001,3.39367800335,0.5455945691944912
,0.8025,3.27914327877,0.6070869011850556
,0.76,2.12507424794,0.6567148493524273
,0.6083950617283951,0.569950069639,0.032729239199189644
,0.835,3.50922770937,0.48861502262384854
,1.0,3.125,0.6875
28,1386,0.7025,3.68662697292,0.29721900136540214
,0.6525000000000001,3.35374014475,0.23170351823143898
,0.7425,3.68200312664,0.28712349233362355
,0.6975,2.99553931391,0.25790427362718915
,0.5825,2.14815383454,0.14787340221053757
,0.866666666666666,3.59680437722,0.5579080330738952
,0.8600000000000001,3.48871636389,0.5764350891553928
,1.0,3.125,0.6875
28,1404,0.6725,2.99942172611,0.19632458479414186
,0.77,2.25874560033,0.5657030965117991
,0.7875000000000001,2.44136428302,0.49532401591498165
,0.6725,2.60185517472,0.18769694539974363
,0.75,2.21886543448,0.6350117731168113
,0.575802469135802,0.362388091959,0.017666880471885686
,0.75,2.50005741889,0.22335492517417738
,1.0,3.125,0.6875
28,1500,0.5675,0.581406617848,0.02278625094289221
,0.387499999999999,0.00649243612945,0.00017825087924589972
,0.5825,0.383615526508,0.020362225039236344
,0.73,3.32339138377,0.36116705308840846
,0.6875,3.13332727483,0.4692845913953477
,0.8859259259259251,3.54617774834,0.6268865578736769
,0.9375,2.48035903297,0.8156362273195459
,1.0,3.125,0.6875
28,1501,0.505,0.120520704454,0.003932652326108987
,0.4,0.0097943385992,0.0002787760685146061
,0.6025,0.514743682934,0.029300618565395526
,0.6425000000000001,2.00624506801,0.11833229143222701
,0.55,1.31184204419,0.09210803737000584
,0.775308641975308,2.54062257388,0.2654236085307934
,0.9450000000000001,2.33170363844,0.8336839332210346
,1.0,3.125,0.6875
28,1511,0.52,0.181610450977,0.006170928419231272
,0.5925,1.74983287524,0.07164962773980825
,0.54,0.187933460197,0.008585199656423102
,0.6125,1.37351131797,0.06770208257761579
,0.6075,2.80369469285,0.20997730972245093
,0.724444444444444,1.71643303018,0.15792643530374628
,0.8700000000000001,3.43419355856,0.6110714300530082
,0.0,1.875,0.1875
28,1556,0.6625,2.72891875395,0.16767298707857095
,0.6525000000000001,3.35374014475,0.23170351823143898
,0.705,2.38205295265,0.1348630426439531
,0.675,2.64624507731,0.19425728241113427
,0.705,2.86118521866,0.5217953880310604
,0.675555555555555,1.13699919509,0.08899881099897386
,0.7825000000000001,3.04450200026,0.313807038371508
,0.0,1.875,0.1875
28,1630,0.6325000000000001,1.89890992001,0.09832247116289014
,0.6075,2.25102596375,0.10164731141197542
,0.6825,1.29046696341,0.09919860649491302
,0.6525000000000001,2.2149501618,0.13944384672210902
,0.8525,1.72070948699,0.8322089472109784
,0.6335802469135801,0.761084663081,0.04943833717570962
,0.64,0.77131349296,0.05386381170301574
,1.0,3.125,0.6875
28,1667,0.6625,2.72891875395,0.16767298707857095
,0.49,0.123311890893,0.004484664640757479
,0.6175,0.631167038696,0.037875414248381305
,0.68,2.73188281268,0.20770438776940772
,0.75,2.21886543448,0.6350117731168113
,0.902222222222222,3.40945660809,0.683676784234085
,0.8,3.26842313004,0.36913321195475524
,1.0,3.125,0.6875
28,1680,0.6950000000000001,3.53893423916,0.270111071741722
,0.6975,3.09615332323,0.38173561991574895
,0.7275,4.64541289681,0.2304047234540793
,0.7925000000000001,3.35078218748,0.573919409482827
,0.784999999999999,1.96670382422,0.7076654605892203
,0.875061728395061,3.58961724984,0.5880892475453777
,0.8700000000000001,3.43419355856,0.6110714300530082
,0.0,1.875,0.1875
28,1725,0.6000000000000001,1.121953502,0.04978781757816138
,0.625,2.79908199837,0.14596243357156047
,0.6475000000000001,0.909065077702,0.06083649251774234
,0.685,2.81310764485,0.22156875266451712
,0.615,2.97072107812,0.23164412481056743
,0.760987654320987,2.29216171211,0.23082454502553681
,0.7425,2.36010843116,0.20512750697042678
,0.0,1.875,0.1875
28,1764,0.67,2.93297017238,0.1889089022054365
,0.645,3.25374892615,0.20689853980241293
,0.7425,3.68200312664,0.28712349233362355
,0.7075,3.11923116999,0.2884949165549128
,0.7725000000000001,2.03408013268,0.6826814848474985
,0.880987654320987,3.57071131107,0.609310712443645
,0.857499999999999,3.4982390601,0.5677010501561178
,1.0,3.125,0.6875
28,1770,0.5775,0.721169731811,0.02928013573175536
,0.5525,0.687497199202,0.02487812144387872
,0.64,0.834358810458,0.05430064175199849
,0.6025,1.17619439044,0.054963463712762894
,0.635,3.29408341997,0.2946236467082956
,0.722962962962963,1.69568579353,0.1553989670062958
,0.835,3.50922770937,0.48861502262384854
,1.0,3.125,0.6875
28,1799,0.8400000000000001,2.56522568535,0.7988231999384684
,0.8500000000000001,2.89108656455,0.7737375200127681
,0.885,1.64329686743,0.8562679480452562
,0.81,3.21143310638,0.6314339814238721
,0.8250000000000001,1.82629799756,0.7833454920097996
,0.7614814814814811,2.30061938623,0.23195856457588093
,0.8,3.26842313004,0.36913321195475524
,1.0,3.125,0.6875
28,1872,0.6075,1.28218898302,0.05879531028287362
,0.52,0.277265083218,0.01015900631526509
,0.6475000000000001,0.909065077702,0.06083649251774234
,0.66,2.36588612811,0.15662566252291932
,0.6075,2.80369469285,0.20997730972245093
,0.7866666666666661,2.73794416346,0.29540361068792637
,0.9475,2.28137641806,0.8394503489924713
,1.0,3.125,0.6875
28,1927,0.5775,0.721169731811,0.02928013573175536
,0.52,0.277265083218,0.01015900631526509
,0.5775,0.354996777009,0.018516367145489675
,0.66,2.36588612811,0.15662566252291932
,0.5,0.562266482585,0.048364102842277934
,0.8172839506172841,3.22022703418,0.3868946780743633
,0.8400000000000001,3.51838595822,0.506186797867129
,1.0,3.125,0.6875
28,1996,0.525,0.207325242596,0.007142024790580299
,0.6000000000000001,1.99954721339,0.08570631757833228
,0.495,0.0758579501195,0.0029470976659055474
,0.67,2.55646959707,0.18124883636482714
,0.62,3.06970888322,0.24674969794010532
,0.7866666666666661,2.73794416346,0.29540361068792637
,0.7325,2.17056951689,0.18247264031383104
,1.0,3.125,0.6875
28,1997,0.6625,2.72891875395,0.16767298707857095
,0.59,1.66827246117,0.06737723293962315
,0.685,1.32026634436,0.10246170305264093
,0.6900000000000001,2.8896988392,0.2358277386397732
,0.7775000000000001,2.00468908889,0.6927769206353132
,0.493827160493827,0.0679780884418,0.002218107848494181
,0.67,1.11177066161,0.08180928212897755
,0.0,1.875,0.1875
28,2335,0.5825,0.799757013615,0.033079986292498684
,0.485,0.108222094312,0.0039066835442279685
,0.64,0.834358810458,0.05430064175199849
,0.675,2.64624507731,0.19425728241113427
,0.75,2.21886543448,0.6350117731168113
,0.884444444444444,3.5543743997,0.6216268012346942
,0.6900000000000001,1.40686949954,0.10690658378847846
,1.0,3.125,0.6875
28,2465,0.7775000000000001,3.84850334039,0.5953893246033439
,0.555,0.735240798453,0.026655994202080015
,0.6675,1.12177495684,0.08111626517868027
,0.7225,3.26674769584,0.3364469258151003
,-0.25,1.25317967288e-29,8.549324467433786e-32
,0.8153086419753081,3.19297956126,0.38056053121352196
,0.7225,1.98112926136,0.16171576737958648
,0.0,1.875,0.1875
28,2605,0.3025,4.6428849731e-05,8.379347380243585e-07
,0.355,0.00205634694969,5.16489217333769e-05
,0.339999999999999,0.00065609037188,1.527821465424209e-05
,0.339999999999999,0.000691165938069,1.7615011891942292e-05
,-0.25,1.25317967288e-29,8.549324467433786e-32
,0.803456790123456,3.01625058729,0.3437442633783431
,0.59,0.420115399328,0.024944710457359905
,0.0,1.875,0.1875
28,2876,0.794999999999999,3.55915371714,0.6603381481513507
,0.889999999999999,2.21261875403,0.8794554791959178
,0.8174999999999991,5.30205325157,0.5895540051251944
,0.8400000000000001,2.82940044781,0.7224650683923665
,0.6075,2.80369469285,0.20997730972245093
,0.886913580246913,3.54031595649,0.6303860870728509
,0.9550000000000001,2.1289374925,0.8559901014264852
,1.0,3.125,0.6875
28,2877,0.75,4.07991444334,0.48566120528287027
,0.635,3.05703795972,0.17528780261941418
,0.6725,1.1772485437,0.08686354247760307
,0.635,1.84660422154,0.10388320855215068
,0.6875,3.13332727483,0.4692845913953477
,0.845432098765432,3.51617976741,0.48214450010370447
,0.8075000000000001,3.34476649521,0.3939405503328236
,0.0,1.875,0.1875
28,2958,0.59,0.928837366392,0.039553765034488764
,0.7475,2.31416537039,0.5146876485327881
,0.5325,0.1634558194,0.007269145134543353
,0.65,2.16343710638,0.1339707535237638
,0.6825,3.2005039174,0.45344719365425185
,0.9797530864197531,1.90928537676,0.8961679028638837
,0.8775000000000001,3.37635599056,0.6366199239804333
,1.0,3.125,0.6875
28,4771,0.635,1.96609201624,0.10315356940869705
,0.5175000000000001,0.25861516965,0.009489444937660779
,0.705,2.38205295265,0.1348630426439531
,0.705,3.09020012532,0.2807328634731697
,0.6025,2.68210171038,0.19625983110912254
,0.79753086419753,2.92090520603,0.32615077732413067
,0.8975000000000001,3.15521856401,0.702091790128859
,0.0,1.875,0.1875
28,4778,0.7125,3.85127381529,0.33494106643365607
,0.6575000000000001,3.39602126163,0.2485861869503004
,0.774999999999999,4.42879398065,0.45460624194727806
,0.6875,2.85199419713,0.2286503739536762
,0.7875000000000001,1.95542856023,0.712567996376863
,0.941234567901234,2.77718921411,0.805583329865196
,0.9400000000000001,2.43125679078,0.8217758514378635
,0.0,1.875,0.1875
28,4801,0.625,1.70238789766,0.08482269353871859
,0.6725,3.40490598368,0.29981035965102054
,0.64,0.834358810458,0.05430064175199849
,0.735,3.35484968905,0.37786475288484367
,0.7075,2.82012549147,0.52889704681317
,0.8103703703703701,3.12193052103,0.3649665016602891
,0.764999999999999,2.76736846536,0.26288681896607335
,0.0,1.875,0.1875
28,4805,0.74,4.08227925579,0.4448117009897904
,0.6975,3.09615332323,0.38173561991574895
,0.8400000000000001,3.97068676229,0.695425570072756
,0.7725000000000001,3.42988830829,0.5059708966809735
,0.7675000000000001,2.06726613857,0.6724297923461766
,0.940246913580246,2.79741596128,0.8028304247298261
,0.9125000000000001,2.93248611275,0.7478044635570564
,1.0,3.125,0.6875
28,4819,0.6725,2.99942172611,0.19632458479414186
,0.56,0.838717363271,0.0305864254597042
,0.715,4.44537852118,0.16862748799609517
,0.6725,2.60185517472,0.18769694539974363
,0.6025,2.68210171038,0.19625983110912254
,0.884444444444444,3.5543743997,0.6216268012346942
,0.7225,1.98112926136,0.16171576737958648
,1.0,3.125,0.6875
28,4977,0.725,3.99867237451,0.3840741602418776
,0.705,2.95831225614,0.404445588115834
,0.685,1.32026634436,0.10246170305264093
,0.71,3.14699375455,0.29632796223290303
,0.64,3.34178178055,0.31121924446617094
,0.7970370370370371,2.91279314931,0.3247103570159813
,0.8500000000000001,3.51684965463,0.5413851167844185
,0.0,1.875,0.1875
28,5024,0.6525000000000001,2.45041525771,0.14177285220314223
,0.495,0.140629804451,0.0051435123354445274
,0.7625000000000001,5.92471645519,0.38648436554135956
,0.7000000000000001,3.02834812813,0.26543439307819156
,0.67,3.33227953615,0.41255634830831256
,0.9032098765432091,3.39849283472,0.6870387590311944
,0.7425,2.36010843116,0.20512750697042678
,0.0,1.875,0.1875
28,5041,0.454999999999999,0.0267980349304,0.0007616463770737089
,0.36250000000000004,0.00270913743212,6.941637361587758e-05
,0.47750000000000004,0.0507441715684,0.001851312803407864
,0.41000000000000003,0.00754648688199,0.000224033958784859
,0.75,2.21886543448,0.6350117731168113
,0.8246913580246911,3.31574623129,0.4111087377131172
,0.6375000000000001,0.748167218192,0.05196461391855358
,1.0,3.125,0.6875
28,5303,0.47250000000000003,0.046486511625,0.0013886018715362364
,0.6950000000000001,3.13947641914,0.3739407234233205
,0.5,0.0846376430817,0.003348013504765883
,0.75,3.41906825229,0.4287256719073582
,0.25,0.00134233601402,2.164794902048112e-05
,0.78716049382716,2.74642718415,0.29675777694838934
,0.8600000000000001,3.48871636389,0.5764350891553928
,0.0,1.875,0.1875
28,5309,0.6900000000000001,3.43030321798,0.2526848094571757
,0.585,1.50914480023,0.059436159479271215
,0.6950000000000001,1.51146413499,0.11644687643129138
,0.6975,2.99553931391,0.25790427362718915
,0.6950000000000001,3.0218188705,0.49237316805227016
,0.9041975308641971,3.38723290942,0.69038975900071
,0.7675000000000001,2.80962052973,0.2698582169863969
,1.0,3.125,0.6875
28,5385,0.5875,0.884307494623,0.0372876476467567
,0.5075000000000001,0.196480709003,0.007229375665899832
,0.6000000000000001,0.496859200769,0.02803620513294574
,0.6075,1.27336597286,0.0610860274814349
,0.7625000000000001,2.10467150577,0.6620017880740374
,0.9446913580246911,2.7051348278,0.8150595013830607
,0.8425,3.52049110353,0.5149857389140249
,1.0,3.125,0.6875
28,5562,0.774999999999999,3.88189313926,0.5857258677395283
,0.7575000000000001,2.26114720979,0.5375257474998981
,0.8200000000000001,5.5140512613,0.6031157057738419
,0.8025,3.27914327877,0.6070869011850556
,0.6875,3.13332727483,0.4692845913953477
,0.9111111111111111,3.30029999444,0.7135152414840482
,0.9575,2.07784512143,0.8612485938423158
,1.0,3.125,0.6875
28,5627,0.5225000000000001,0.194094994355,0.006640408440101837
,0.5675,1.01400752568,0.03751917406072797
,0.66,1.04003979022,0.07301070418398833
,0.59,0.949088978675,0.04170583946510789
,0.6675,3.35101853361,0.40420163470061654
,0.7688888888888881,2.42863594918,0.24947314274964277
,0.59,0.420115399328,0.024944710457359905
,0.0,1.875,0.1875
28,5729,0.5225000000000001,0.194094994355,0.006640408440101837
,0.41000000000000003,0.0134430128367,0.00039410561776541804
,0.545,0.205762717398,0.009568921455135805
,0.5,0.111738994929,0.003782568860753883
,0.5,0.562266482585,0.048364102842277934
,0.826172839506172,3.33349248713,0.41603415847117864
,0.6375000000000001,0.748167218192,0.05196461391855358
,1.0,3.125,0.6875
28,7055,0.47250000000000003,0.046486511625,0.0013886018715362364
,0.464999999999999,0.0642520256004,0.0022192575740976497
,0.5675,0.302499114142,0.015234057684429387
,0.54,0.323414741364,0.011840320735793494
,0.8075000000000001,1.88166330462,0.7509003512095985
,0.7412345679012341,1.96668500855,0.18880816120217825
,0.6375000000000001,0.748167218192,0.05196461391855358
,1.0,3.125,0.6875
28,7341,0.6125,1.39598009899,0.06548848690398451
,0.6025,2.08356247529,0.0908101925709399
,0.754999999999999,5.36361002196,0.34372782480344144
,0.7000000000000001,3.02834812813,0.26543439307819156
,0.5,0.562266482585,0.048364102842277934
,0.8864197530864191,3.54328654508,0.6286370461527054
,0.7675000000000001,2.80962052973,0.2698582169863969
,1.0,3.125,0.6875
28,7342,0.545,0.344302258904,0.012559545625633835
,0.52,0.277265083218,0.01015900631526509
,0.56,0.267094827503,0.01310014469264332
,0.5875,0.906733937821,0.039386287740975905
,0.59,2.35377682613,0.16475726732873877
,0.9061728395061721,3.36383270495,0.6970576704276746
,0.847499999999999,3.5197261243,0.5325890503599956
,0.0,1.875,0.1875
28,7343,0.6875,3.37324104044,0.24418001614616405
,0.665,3.42220640688,0.2741823624487725
,0.715,4.44537852118,0.16862748799609517
,0.7075,3.11923116999,0.2884949165549128
,0.6325000000000001,3.26494723409,0.28642413468300226
,0.9619753086419751,2.32201847193,0.8585498927439373
,0.9125000000000001,2.93248611275,0.7478044635570564
,1.0,3.125,0.6875
28,7588,0.6725,2.99942172611,0.19632458479414186
,0.845,2.89629598699,0.7592621520895357
,0.6175,0.631167038696,0.037875414248381305
,0.6950000000000001,2.96148676198,0.25045773302150187
,0.6025,2.68210171038,0.19625983110912254
,0.958024691358024,2.41217838081,0.849198026315319
,0.8150000000000001,3.4081407512,0.41927227535849226
,0.0,1.875,0.1875
28,7599,0.5625,0.519877446051,0.02003528765723547
,0.5325,0.394108464818,0.01431099445725044
,0.5675,0.302499114142,0.015234057684429387
,0.6000000000000001,1.12886676486,0.052082321266169546
,0.75,2.21886543448,0.6350117731168113
,0.9456790123456791,2.68420718096,0.8177209167806246
,0.9500000000000001,2.2307649238,0.8450905784168292
,0.0,1.875,0.1875
28,7903,0.6425000000000001,2.1714394482,0.11866618777051624
,0.5375,0.453797626407,0.016427328849164563
,0.645,0.883811456812,0.05859546787853782
,0.68,2.73188281268,0.20770438776940772
,0.75,2.21886543448,0.6350117731168113
,0.6716049382716051,1.09801000133,0.08458427437642796
,0.64,0.77131349296,0.05386381170301574
,0.0,1.875,0.1875
28,8207,0.7375,4.07560999797,0.43461373140759063
,0.54,0.486830249438,0.017602653769717556
,0.6575000000000001,1.01327069949,0.07044412041258219
,0.6975,2.99553931391,0.25790427362718915
,0.6625,3.37963014456,0.3873699345267003
,0.7046913580246911,1.45752591574,0.12664096136092026
,0.7775000000000001,2.9700865875,0.2987688198974944
,1.0,3.125,0.6875
28,8290,0.7825000000000001,3.77529919284,0.6144523017964069
,0.75,2.29658518764,0.5204504887054244
,0.8325,4.15069194228,0.666109870452877
,0.77,3.43383382049,0.497390972360908
,0.8925000000000001,1.45373545281,0.8962683242874399
,0.8898765432098761,3.52082973598,0.6408477464237967
,0.8300000000000001,3.49352618626,0.47110542756228285
,1.0,3.125,0.6875
28,8961,0.6325000000000001,1.89890992001,0.09832247116289014
,0.5325,0.394108464818,0.01431099445725044
,0.6025,0.514743682934,0.029300618565395526
,0.6625,2.41478796784,0.16260166648118618
,0.535,1.0077004287,0.074794939334386
,0.835555555555555,3.43420265525,0.44780012695348825
,0.9075000000000001,3.01155342672,0.7329424765714186
,1.0,3.125,0.6875
28,9191,0.605,1.22735190265,0.055658676137096866
,0.5925,1.74983287524,0.07164962773980825
,0.63,0.739981035329,0.04643414609754078
,0.685,2.81310764485,0.22156875266451712
,0.5825,2.14815383454,0.14787340221053757
,0.28098765432098705,5.62461330875e-06,8.500128525636139e-08
,0.6825,1.28997208885,0.0967979111970308
,1.0,3.125,0.6875
28,9518,0.625,1.70238789766,0.08482269353871859
,0.675,3.39003303264,0.3083049409550279
,0.725,4.97339003911,0.21835597381220906
,0.7000000000000001,3.02834812813,0.26543439307819156
,0.75,2.21886543448,0.6350117731168113
,0.919012345679012,3.18435470281,0.7391448633805089
,0.8500000000000001,3.51684965463,0.5413851167844185
,0.0,1.875,0.1875
28,10630,0.6675,2.86565452189,0.18166045402088715
,0.7075,2.9109139971,0.4117821878035419
,0.7225,5.14436374808,0.2056695319016629
,0.7275,3.30577302804,0.3528803348504467
,0.58,2.07935208364,0.14258903817370722
,0.7698765432098761,2.44582807926,0.25188028381046557
,0.867499999999999,3.45027069983,0.6024655126709684
,0.0,1.875,0.1875
28,10672,0.535,0.268407800812,0.009509329291340216
,0.5,0.160576415155,0.005895339811463751
,0.6425000000000001,0.858905262549,0.05641714568243551
,0.6075,1.27336597286,0.0610860274814349
,-0.25,1.25317967288e-29,8.549324467433786e-32
,0.72395061728395,1.70949286915,0.15708052867911643
,0.9275,2.67085300816,0.7898714817206695
,1.0,3.125,0.6875
28,11039,0.7625000000000001,4.01345515588,0.5363162120718834
,0.72,2.678008916,0.4466963874577127
,0.8425,4.29974307204,0.7057323149289212
,0.735,3.35484968905,0.37786475288484367
,0.715,2.69748045156,0.5495868394491585
,0.0,6.17856621394e-17,5.244195759124148e-19
,0.8125,3.38849963076,0.4107761617462988
,0.0,1.875,0.1875
28,11140,0.5775,0.721169731811,0.02928013573175536
,0.55,0.642370600157,0.023216326999608475
,0.6325000000000001,0.762985705024,0.048312770619996254
,0.6975,2.99553931391,0.25790427362718915
,0.5275000000000001,0.881413002012,0.06772174600556903
,0.245432098765432,5.23635949019e-07,7.21337323690261e-09
,0.7825000000000001,3.04450200026,0.313807038371508
,0.0,1.875,0.1875
28,11230,0.6725,2.99942172611,0.19632458479414186
,0.6125,2.41571161319,0.113315825741643
,0.6950000000000001,1.51146413499,0.11644687643129138
,0.74,3.38128017533,0.39470717071026407
,0.6825,3.2005039174,0.45344719365425185
,0.8301234567901231,3.37842658139,0.4292934363281209
,0.8975000000000001,3.15521856401,0.702091790128859
,0.0,1.875,0.1875
28,11275,0.7875000000000001,3.6941348033,0.6331290467826953
,0.8200000000000001,2.7266889806,0.6884244517153495
,0.8775000000000001,1.79953637247,0.8434629606451209
,0.8225,3.07280173769,0.6707432288575255
,0.8250000000000001,1.82629799756,0.7833454920097996
,0.8740740740740741,3.59165155956,0.5845429157490915
,0.8775000000000001,3.37635599056,0.6366199239804333
,0.0,1.875,0.1875
28,12534,0.6475000000000001,2.31053557666,0.12987061913849832
,0.5625,0.894481050946,0.03275236425776114
,0.6525000000000001,0.960560097277,0.06551002273981862
,0.665,2.46288759401,0.16869893376033573
,0.6900000000000001,3.09739534359,0.4770732863597365
,0.895308641975308,3.47775981659,0.6598605390490135
,0.735,2.21809075191,0.18795847025727838
,1.0,3.125,0.6875
28,14112,0.75,4.07991444334,0.48566120528287027
,0.705,2.95831225614,0.404445588115834
,0.77,5.41472302221,0.4298677729806488
,0.754999999999999,3.43040498014,0.4458514613032718
,0.715,2.69748045156,0.5495868394491585
,0.869135802469135,3.59705986638,0.5667897508166322
,0.8174999999999991,3.42626797321,0.42781560387580614
,1.0,3.125,0.6875
28,15812,0.5750000000000001,0.684080729759,0.0275238760250348
,0.5,0.160576415155,0.005895339811463751
,0.5675,0.302499114142,0.015234057684429387
,0.62,1.52819499249,0.0785805739742797
,0.5475,1.2565857039,0.08889786382610437
,0.8222222222222221,3.28513183409,0.40295924314037546
,0.7125,1.7953808184,0.14283770912871668
,0.0,1.875,0.1875
28,15877,0.47000000000000003,0.0430415864397,0.001276741873950405
,0.4325,0.0263670728463,0.0008276475658557328
,0.43999999999999906,0.0192886951726,0.0006167392642909656
,0.545,0.365390592776,0.013560606643261482
,0.375,0.16271225743,0.005762244320822284
,0.741728395061728,1.97444995165,0.18978128004858308
,0.764999999999999,2.76736846536,0.26288681896607335
,0.0,1.875,0.1875
28,15878,0.6975,3.59029638662,0.27902303757337443
,0.65,3.32520880716,0.22335381588906517
,0.7025,2.03644569742,0.1293612613998468
,0.75,3.41906825229,0.4287256719073582
,0.6925,3.06016094014,0.4847704827305735
,0.8696296296296291,3.59687504681,0.568566034286293
,0.8,3.26842313004,0.36913321195475524
,1.0,3.125,0.6875
28,16373,0.6925,3.48556935202,0.2613300354394399
,0.5975,1.91573436677,0.08081228755856465
,0.65,0.934652763997,0.06314107168426135
,0.6925,2.92620193697,0.24309786678198003
,0.6675,3.35101853361,0.40420163470061654
,0.6641975308641971,1.02721341924,0.07671486006521858
,0.7000000000000001,1.57327020132,0.12179784236276028
,0.0,1.875,0.1875
28,17703,0.635,1.96609201624,0.10315356940869705
,0.42750000000000005,0.0228036463046,0.0007049108309684183
,0.76,5.8177747353,0.3717840189901962
,0.605,1.22437901108,0.05796400748188592
,0.0,5.61165101169e-14,4.1337472315038686e-16
,0.9827160493827161,1.84070143001,0.9017233539382272
,0.595,0.446921209753,0.02711174418428005
,0.0,1.875,0.1875
28,17743,0.6725,2.99942172611,0.19632458479414186
,0.6625,3.41841762782,0.26563056266806695
,0.6825,1.29046696341,0.09919860649491302
,0.665,2.46288759401,0.16869893376033573
,0.5,0.562266482585,0.048364102842277934
,0.8755555555555551,3.58848062217,0.5898616206695864
,0.784999999999999,3.0800929928,0.3214630142497271
,1.0,3.125,0.6875
28,17938,0.3125,7.8016762046e-05,1.4473501788425253e-06
,0.4575,0.052671788632,0.0017821208112258442
,0.262499999999999,1.9822829488e-05,3.7589311538140097e-07
,0.4375,0.0177430030977,0.0005529238021793762
,0.5,0.562266482585,0.048364102842277934
,0.908148148148148,3.33927302612,0.703678211156328
,0.7125,1.7953808184,0.14283770912871668
,0.0,1.875,0.1875
28,17979,0.6525000000000001,2.45041525771,0.14177285220314223
,0.49,0.123311890893,0.004484664640757479
,0.6825,1.29046696341,0.09919860649491302
,0.7325,3.33974966753,0.3694962417166085
,0.7125,2.73811831158,0.5427924172821053
,0.752592592592592,2.15044136295,0.21217950961690107
,0.6775,1.21613069524,0.09053405342862025
,0.0,1.875,0.1875
28,18166,0.5875,0.884307494623,0.0372876476467567
,0.5625,0.894481050946,0.03275236425776114
,0.6625,1.06706017696,0.07564452880499041
,0.64,1.95320382155,0.11338293123811594
,0.6125,2.91734389096,0.2242835335975772
,0.997037037037037,1.51710638806,0.9257475621049676
,0.8825000000000001,3.32996361316,0.6533882907852155
,1.0,3.125,0.6875
28,18246,0.784999999999999,3.73566501918,0.6238414120510679
,0.77,2.25874560033,0.5657030965117991
,0.78,3.38158317188,0.4740578687091866
,0.7525000000000001,3.42536850498,0.4372814807947128
,0.774999999999999,2.01893841677,0.6877475661149557
,0.9624691358024691,2.31067504235,0.8596937682822663
,0.8725,3.4165052798,0.6196351377969609
,0.0,1.875,0.1875
28,18248,0.7475,4.08483157364,0.4754546773741024
,0.8174999999999991,2.69836216585,0.6816429190724251
,0.7725000000000001,4.96076605067,0.4428595639007823
,0.8625,2.4518753063,0.7819863179357227
,0.9175000000000001,1.19731443882,0.9295384844895175
,0.8562962962962961,3.57459927236,0.5206937867838961
,0.9075000000000001,3.01155342672,0.7329424765714186
,1.0,3.125,0.6875
28,18270,0.6775,3.12924645286,0.21164809986975752
,0.6275000000000001,2.86847774437,0.1530474997641253
,0.764999999999999,5.90744518192,0.4013038785461561
,0.7425,3.39261196139,0.4031747974477716
,0.645,3.37510200459,0.3280174856001924
,0.9501234567901231,2.58833854448,0.8294386720607319
,0.7925000000000001,3.17989191144,0.3449446846189946
,0.0,1.875,0.1875
28,18297,0.745,4.08687806779,0.4652394397855081
,0.7275,2.55196491358,0.466299262757376
,0.7525000000000001,5.05980248482,0.33068988115705034
,0.745,3.40268797839,0.4116691840619538
,0.75,2.21886543448,0.6350117731168113
,0.853333333333333,3.56213590095,0.5101201890293061
,0.8525,3.51230888869,0.5501719116755479
,1.0,3.125,0.6875
28,18311,0.382499999999999,0.00193111889582,4.403757789711694e-05
,0.41750000000000004,0.0169265968692,0.0005075470517954774
,0.42000000000000004,0.010806109363,0.0003228197202017978
,0.58,0.78639557294,0.03304347584210268
,0.75,2.21886543448,0.6350117731168113
,0.838024691358024,3.4571234173,0.45630825880051595
,0.8300000000000001,3.49352618626,0.47110542756228285
,0.0,1.875,0.1875
28,18312,0.48250000000000004,0.0629112626752,0.0019318436949876602
,0.48250000000000004,0.101405682416,0.003644743317211218
,0.5275000000000001,0.148569353317,0.006489544539618022
,0.6525000000000001,2.2149501618,0.13944384672210902
,1.0,0.305920427653,0.9888711968995768
,0.7891358024691351,2.78023091168,0.3022162398962344
,0.9025000000000001,3.08591023951,0.7176967818511083
,0.0,1.875,0.1875
28,18319,0.485,0.0677643146991,0.002095120195974424
,0.615,2.4962408195,0.11945607206088944
,0.53,0.155873885508,0.006870041496065423
,0.48250000000000004,0.0677663092018,0.002241855221753606
,0.47750000000000004,0.435996435225,0.03730898521889313
,0.8538271604938271,3.56439745077,0.5118798299099592
,0.7525000000000001,2.54596940939,0.22966254994094792
,1.0,3.125,0.6875
28,18392,0.5775,0.721169731811,0.02928013573175536
,0.52,0.277265083218,0.01015900631526509
,0.595,0.462384063699,0.02563881346860658
,0.5975,1.08244715722,0.049318373101359794
,0.5775,2.01072838357,0.13747649322939007
,0.655308641975308,0.945841474475,0.06794846031124487
,0.725,2.02827877211,0.16672748462986098
,0.0,1.875,0.1875
28,18476,0.7075,3.77383528201,0.3158740991474757
,0.6875,3.25666573782,0.34994160048184514
,0.73,4.24081245237,0.24151881503377376
,0.784999999999999,3.39043063179,0.5486323250381009
,0.75,2.21886543448,0.6350117731168113
,0.8730864197530861,3.59336761274,0.5809947319574758
,0.8925000000000001,3.21917283926,0.6861535214781223
,0.0,1.875,0.1875
28,18739,0.6925,3.48556935202,0.2613300354394399
,0.5875,1.58796757667,0.06330721870835529
,0.754999999999999,5.36361002196,0.34372782480344144
,0.745,3.40268797839,0.4116691840619538
,0.6875,3.13332727483,0.4692845913953477
,0.7308641975308641,1.80887172327,0.16924003089743406
,0.847499999999999,3.5197261243,0.5325890503599956
,1.0,3.125,0.6875
28,18763,0.29250000000000004,2.72011649756e-05,4.778420158847823e-07
,0.5,0.160576415155,0.005895339811463751
,0.29250000000000004,8.44062045596e-05,1.7261908276557148e-06
,0.5825,0.825362517376,0.03505793108318361
,-0.25,1.25317967288e-29,8.549324467433786e-32
,0.955555555555555,2.46790038637,0.8431731267697704
,0.9575,2.07784512143,0.8612485938423158
,0.0,1.875,0.1875
28,19718,0.6925,3.48556935202,0.2613300354394399
,0.635,3.05703795972,0.17528780261941418
,0.77,5.41472302221,0.4298677729806488
,0.9225000000000001,1.38636159279,0.8964419000236171
,0.875,1.59182969727,0.8695676020081751
,0.8444444444444441,3.50917411754,0.4786751670380682
,0.905,3.04934251614,0.725366106622146
,1.0,3.125,0.6875
28,19745,0.857499999999999,2.17083208018,0.8402301131361856
,0.625,2.79908199837,0.14596243357156047
,0.857499999999999,5.0026024271,0.7832392450491279
,0.8925000000000001,1.90145225791,0.8473109243825635
,-0.25,1.25317967288e-29,8.549324467433786e-32
,0.6167901234567901,0.630891733041,0.03776781332592202
,0.857499999999999,3.4982390601,0.5677010501561178
,0.0,1.875,0.1875
28,20639,0.4425,0.0177620116553,0.00048665203673575725
,0.3375,0.00105478613968,2.5320386287624495e-05
,0.41500000000000004,0.00928129624115,0.0002726855025235746
,0.5275000000000001,0.235588383244,0.008370836175118933
,0.5825,2.14815383454,0.14787340221053757
,0.972345679012345,2.081683887,0.8813869841247342
,0.81,3.36736690626,0.40233102025314865
,0.0,1.875,0.1875
28,25302,0.48750000000000004,0.0729534850812,0.002270945340710013
,0.39,0.00705857675996,0.0001951807556863433
,0.5625,0.278530304398,0.013782100953821966
,0.5125000000000001,0.157974538878,0.00545310760901967
,0.5,0.562266482585,0.048364102842277934
,0.925925925925925,3.06951357597,0.7607700161312095
,0.725,2.02827877211,0.16672748462986098
,1.0,3.125,0.6875
28,27972,0.7025,3.68662697292,0.29721900136540214
,0.6675,3.42114274556,0.2827375501365731
,0.7775000000000001,3.88273300657,0.46499194390022
,0.7525000000000001,3.42536850498,0.4372814807947128
,0.6675,3.35101853361,0.40420163470061654
,0.779753086419753,2.61818082801,0.27688768918416573
,0.827499999999999,3.48324757055,0.4623841252552955
,1.0,3.125,0.6875
28,28024,0.899999999999999,1.35982444335,0.9143953675991402
,1.0,0.238060368096,0.9774989812939301
,0.8500000000000001,5.45646789083,0.7426845770232873
,1.0,0.508956238907,0.9655013655271116
,0.9175000000000001,1.19731443882,0.9295384844895175
,0.8562962962962961,3.57459927236,0.5206937867838961
,1.0,1.24896944839,0.9315085191217324
,0.0,1.875,0.1875
28,28466,0.68,3.19237871764,0.2195503992946594
,0.5875,1.58796757667,0.06330721870835529
,0.68,1.26169513472,0.09600853434775594
,0.665,2.46288759401,0.16869893376033573
,0.61,2.86160757239,0.21705937152014726
,0.9456790123456791,2.68420718096,0.8177209167806246
,0.9575,2.07784512143,0.8612485938423158
,0.0,1.875,0.1875
28,28484,0.625,1.70238789766,0.08482269353871859
,0.61,2.33386989093,0.10737860776887032
,0.5675,0.302499114142,0.015234057684429387
,0.6375000000000001,1.89996480056,0.10856643716464774
,0.605,2.74379451735,0.2030425542858592
,0.9358024691358021,2.88628340681,0.7901986400003358
,0.8600000000000001,3.48871636389,0.5764350891553928
,0.0,1.875,0.1875
28,28512,0.6775,3.12924645286,0.21164809986975752
,0.635,3.05703795972,0.17528780261941418
,0.725,4.97339003911,0.21835597381220906
,0.764999999999999,3.43782896075,0.4802096580950952
,0.827499999999999,1.81811716578,0.7879010454409091
,0.9906172839506171,1.66013193187,0.9155511401807774
,0.7525000000000001,2.54596940939,0.22966254994094792
,1.0,3.125,0.6875
28,28570,0.5,0.104686825695,0.0033704657393312915
,0.4325,0.0263670728463,0.0008276475658557328
,0.47500000000000003,0.047793910553,0.0017281705549677157
,0.4625,0.0376629316971,0.0012156482640601693
,0.7225,2.57868853186,0.569368954071299
,0.7214814814814811,1.67515818216,0.15290207263884598
,0.6375000000000001,0.748167218192,0.05196461391855358
,1.0,3.125,0.6875
28,28894,0.62,1.57632800322,0.07662771215083902
,0.459999999999999,0.0562984313722,0.0019182875187262532
,0.67,1.14942734047,0.08395523073337169
,0.6475000000000001,2.11143474722,0.12862706900560597
,0.5,0.562266482585,0.048364102842277934
,0.7851851851851851,2.71242651206,0.29136628685955823
,0.705,1.66045697264,0.12988114969287484
,0.0,1.875,0.1875
28,29183,0.635,1.96609201624,0.10315356940869705
,0.5825,1.43201320248,0.05576008487399355
,0.6475000000000001,0.909065077702,0.06083649251774234
,0.6900000000000001,2.8896988392,0.2358277386397732
,0.5825,2.14815383454,0.14787340221053757
,0.84,3.47431903113,0.46315429711893885
,0.8225,3.45789952641,0.44502861209266065
,0.0,1.875,0.1875
28,29184,0.5700000000000001,0.614221432816,0.024280496526420586
,0.449999999999999,0.0430277135583,0.001424348165277024
,0.5725,0.327972419653,0.016809599728272125
,0.62,1.52819499249,0.0785805739742797
,0.5375,1.05369071665,0.07737127516751503
,0.8222222222222221,3.28513183409,0.40295924314037546
,0.774999999999999,2.93135253871,0.2913918170900348
,0.0,1.875,0.1875
28,29229,0.34750000000000003,0.000425033325865,8.719186422812914e-06
,0.3075,0.000310237244137,6.918379788359189e-06
,0.34750000000000003,0.00088288211327,2.1010801213432765e-05
,0.36750000000000005,0.00184924928346,5.014722994480038e-05
,0.4375,0.34144832148,0.02197989776686775
,0.8493827160493821,3.54143092073,0.4960869321214072
,0.7725000000000001,2.89166385298,0.28411285277732934
,1.0,3.125,0.6875
28,29338,0.6525000000000001,2.45041525771,0.14177285220314223
,0.62,2.65212437466,0.13233020153770397
,0.6900000000000001,1.39042165771,0.10922900567532967
,0.7000000000000001,3.02834812813,0.26543439307819156
,-0.25,1.25317967288e-29,8.549324467433786e-32
,0.602962962962962,0.532065376013,0.02973667319229997
,0.615,0.569743859257,0.037232606382658656
,0.0,1.875,0.1875
28,29381,0.595,1.022409564,0.04442937940402472
,0.55,0.642370600157,0.023216326999608475
,0.67,1.14942734047,0.08395523073337169
,0.625,1.63348644525,0.08648421559578046
,0.5325,0.963652377492,0.07233115426166273
,0.5051851851851851,0.0904664300913,0.0031132640430614916
,0.66,0.9847906748,0.07133807346900618
,0.0,1.875,0.1875
28,29764,0.68,3.19237871764,0.2195503992946594
,0.5875,1.58796757667,0.06330721870835529
,0.7225,5.14436374808,0.2056695319016629
,0.7425,3.39261196139,0.4031747974477716
,0.6000000000000001,2.61881503655,0.1896333740342968
,0.829629629629629,3.37300506944,0.4276264138267528
,0.774999999999999,2.93135253871,0.2913918170900348
,0.0,1.875,0.1875
28,30094,0.62,1.57632800322,0.07662771215083902
,0.5825,1.43201320248,0.05576008487399355
,0.5625,0.278530304398,0.013782100953821966
,0.675,2.64624507731,0.19425728241113427
,0.625,3.15729198269,0.26232219552038755
,0.8212345679012341,3.27253398282,0.3997208734047608
,0.63,0.682987567298,0.046601673858450585
,1.0,3.125,0.6875
28,31557,0.5575,0.463619758718,0.0175786892078085
,0.5825,1.43201320248,0.05576008487399355
,0.7925000000000001,2.25732925388,0.506955088226636
,0.725,3.28689252988,0.344639239730101
,1.0,0.305920427653,0.9888711968995768
,0.8627160493827161,3.59233594604,0.543705625598401
,0.9275,2.67085300816,0.7898714817206695
,0.0,1.875,0.1875
28,32060,0.65,2.38043218777,0.13573429924059288
,0.5625,0.894481050946,0.03275236425776114
,0.55,0.22486370733,0.010644946405514832
,0.65,2.16343710638,0.1339707535237638
,0.75,2.21886543448,0.6350117731168113
,0.9476543209876541,2.64192893054,0.8229813888196675
,1.0,1.24896944839,0.9315085191217324
,0.0,1.875,0.1875
28,38608,0.74,4.08227925579,0.4448117009897904
,0.764999999999999,2.2514377273,0.5544321017043581
,0.67,1.14942734047,0.08395523073337169
,0.7275,3.30577302804,0.3528803348504467
,0.75,2.21886543448,0.6350117731168113
,0.802469135802469,3.00063602933,0.34077295158975124
,0.7875000000000001,3.11454868839,0.3292065572074939
,1.0,3.125,0.6875
28,38649,0.7525000000000001,4.07215450484,0.49585188041342954
,0.867499999999999,2.73129795644,0.8232661853265291
,0.78,3.38158317188,0.4740578687091866
,0.7925000000000001,3.35078218748,0.573919409482827
,0.8225,1.83433177443,0.7787696780348182
,0.811851851851851,3.14366488124,0.36960772620142907
,0.7575000000000001,2.63633349536,0.24261918292481324
,1.0,3.125,0.6875
28,39144,0.5575,0.463619758718,0.0175786892078085
,0.5,0.160576415155,0.005895339811463751
,0.63,0.739981035329,0.04643414609754078
,0.6425000000000001,2.00624506801,0.11833229143222701
,0.6675,3.35101853361,0.40420163470061654
,0.6666666666666661,1.0504933329,0.07927986658549348
,0.655,0.926481778081,0.06656131324455405
,1.0,3.125,0.6875
28,39247,0.65,2.38043218777,0.13573429924059288
,0.595,1.8324060255,0.07612724167290177
,0.5525,0.234907898027,0.011219591183876691
,0.5750000000000001,0.711991697442,0.029299484671483765
,0.5175000000000001,0.740142986829,0.05963944887678501
,0.9037037037037031,3.39289976771,0.6887156491353439
,0.847499999999999,3.5197261243,0.5325890503599956
,1.0,3.125,0.6875
28,39495,0.7225,3.97468856479,0.3741068728190027
,0.5525,0.687497199202,0.02487812144387872
,0.6900000000000001,1.39042165771,0.10922900567532967
,0.764999999999999,3.43782896075,0.4802096580950952
,0.66,3.38923991281,0.3789081738948552
,0.87358024691358,3.59254934048,0.582769035710484
,0.75,2.50005741889,0.22335492517417738
,0.0,1.875,0.1875
28,39581,0.6175,1.51498867978,0.07276381169590398
,0.47000000000000003,0.0732488072467,0.002562544952784267
,0.6675,1.12177495684,0.08111626517868027
,0.735,3.35484968905,0.37786475288484367
,-0.25,1.25317967288e-29,8.549324467433786e-32
,0.8029629629629621,3.00845812478,0.34225667974964635
,0.9575,2.07784512143,0.8612485938423158
,0.0,1.875,0.1875
28,40799,0.68,3.19237871764,0.2195503992946594
,0.5725,1.14391140754,0.04290975300977354
,0.6225,0.673429372372,0.04113619396818323
,0.735,3.35484968905,0.37786475288484367
,0.75,2.21886543448,0.6350117731168113
,0.96395061728395,2.276562287,0.8630917365349626
,0.9550000000000001,2.1289374925,0.8559901014264852
,0.0,1.875,0.1875
28,40956,0.625,1.70238789766,0.08482269353871859
,0.6575000000000001,3.39602126163,0.2485861869503004
,0.72,5.11009329287,0.19280641942339766
,0.7825000000000001,3.40097237561,0.5401427935872775
,-0.25,1.25317967288e-29,8.549324467433786e-32
,0.6474074074074071,0.876455233701,0.06075099915994675
,0.595,0.446921209753,0.02711174418428005
,0.0,1.875,0.1875
28,41042,0.34750000000000003,0.000425033325865,8.719186422812914e-06
,0.515,0.241303872813,0.008864815054314737
,0.444999999999999,0.0221374298327,0.0007201651595441338
,0.5425,0.343884426883,0.012674231650136203
,-0.25,1.25317967288e-29,8.549324467433786e-32
,0.8207407407407401,3.2661615188,0.39810637868734594
,0.8325,3.50219005705,0.47985041052408756
,0.0,1.875,0.1875
28,41069,0.8525,2.28102018279,0.8291014929738014
,0.8025,2.51885372734,0.6425093213833872
,0.845,4.7315317287,0.7170107995378444
,0.827499999999999,3.00877946969,0.6859491366039141
,0.7725000000000001,2.03408013268,0.6826814848474985
,0.810864197530864,3.1292137056,0.36650999562401926
,0.81,3.36736690626,0.40233102025314865
,1.0,3.125,0.6875
28,41615,0.7425,4.08603236156,0.45502269737899886
,0.81,2.60904919977,0.6617373625969912
,0.847499999999999,5.15536145417,0.7293834678351482
,0.919999999999999,1.42614967631,0.8929264011776592
,0.9675,0.602940056007,0.9744333202638958
,0.544691358024691,0.212302885198,0.008854330906761715
,0.8775000000000001,3.37635599056,0.6366199239804333
,0.0,1.875,0.1875
28,41703,0.735,4.06602234367,0.4244360831789811
,0.685,3.29034522655,0.3417571972978374
,0.7875000000000001,2.44136428302,0.49532401591498165
,0.6925,2.92620193697,0.24309786678198003
,0.6975,2.98256225462,0.4998788150429836
,0.7925925925925921,2.83881131365,0.31192839483676915
,0.77,2.85106965322,0.2769342524609505
,0.0,1.875,0.1875
28,41708,0.645,2.24083562585,0.12418145738785724
,0.51,0.210324505754,0.007737668151149224
,0.735,3.56603227596,0.26086847648272654
,0.6725,2.60185517472,0.18769694539974363
,0.6775,3.26014906776,0.4372921080070633
,0.6498765432098761,0.897856684802,0.06294145611792702
,0.665,1.04654064384,0.07641495705488961
,0.0,1.875,0.1875
28,41851,0.6000000000000001,1.121953502,0.04978781757816138
,0.3275,0.000709327675347,1.6605682483624283e-05
,0.635,0.786389257319,0.05024940705110301
,0.6425000000000001,2.00624506801,0.11833229143222701
,-0.25,1.25317967288e-29,8.549324467433786e-32
,0.8898765432098761,3.52082973598,0.6408477464237967
,0.65,0.871540090022,0.06206764196082688
,0.0,1.875,0.1875
28,43759,0.8174999999999991,3.08497158699,0.7352392882754252
,0.7675000000000001,2.25375252168,0.5600630244734965
,0.75,4.71809738367,0.31846054495691833
,0.8625,2.4518753063,0.7819863179357227
,0.75,2.21886543448,0.6350117731168113
,0.7056790123456791,1.46958926424,0.12808644306644815
,0.6975,1.53062318034,0.11791811328806423
,0.0,1.875,0.1875
28,44059,0.5125000000000001,0.14829546453,0.004937507538612442
,0.5325,0.394108464818,0.01431099445725044
,0.605,0.533061660893,0.030610284809479818
,0.6575000000000001,2.31623882222,0.15077285714886277
,-0.25,1.25317967288e-29,8.549324467433786e-32
,0.9565432098765431,2.44567660708,0.8455995919607764
,0.8225,3.45789952641,0.44502861209266065
,1.0,3.125,0.6875
28,44938,0.6075,1.28218898302,0.05879531028287362
,0.464999999999999,0.0642520256004,0.0022192575740976497
,0.6425000000000001,0.858905262549,0.05641714568243551
,0.75,3.41906825229,0.4287256719073582
,0.8125,1.86577246008,0.7602687696187274
,0.834567901234567,3.42460038677,0.44441304356942307
,0.9275,2.67085300816,0.7898714817206695
,0.0,1.875,0.1875
28,50703,0.7125,3.85127381529,0.33494106643365607
,0.645,3.25374892615,0.20689853980241293
,0.7000000000000001,1.7883582406,0.1245991540957646
,0.7325,3.33974966753,0.3694962417166085
,0.675,3.28668055126,0.429108082500128
,0.8562962962962961,3.57459927236,0.5206937867838961
,0.74,2.31291952065,0.19928618036974682
,1.0,3.125,0.6875
28,50830,0.5650000000000001,0.549967954089,0.02137231658598731
,0.5725,1.14391140754,0.04290975300977354
,0.66,1.04003979022,0.07301070418398833
,0.655,2.26590590477,0.1450450398363068
,0.6375000000000001,3.3197131689,0.302891629291678
,0.8967901234567901,3.46438194669,0.6650029518928948
,0.81,3.36736690626,0.40233102025314865
,1.0,3.125,0.6875
28,50921,0.5925,0.974872542191,0.04193308901369029
,0.5975,1.91573436677,0.08081228755856465
,0.68,1.26169513472,0.09600853434775594
,0.64,1.95320382155,0.11338293123811594
,0.8325,1.80116984577,0.796949627463621
,0.9397530864197531,2.80746637805,0.8014465014175559
,0.7025,1.61656038476,0.12578500033514603
,1.0,3.125,0.6875
28,51734,0.6000000000000001,1.121953502,0.04978781757816138
,0.56,0.838717363271,0.0305864254597042
,0.7225,5.14436374808,0.2056695319016629
,0.6825,2.77306188186,0.21458580182744202
,0.56,1.54907893129,0.10639211734084325
,0.8503703703703701,3.54703894509,0.4995874345521866
,0.7275,2.0756061034,0.17185730945834427
,1.0,3.125,0.6875
28,52992,0.75,4.07991444334,0.48566120528287027
,0.6725,3.40490598368,0.29981035965102054
,0.705,2.38205295265,0.1348630426439531
,0.71,3.14699375455,0.29632796223290303
,0.6725,3.31078031177,0.4208607319038456
,0.928395061728395,3.02570628527,0.7682952682590009
,0.8225,3.45789952641,0.44502861209266065
,1.0,3.125,0.6875
28,54491,0.77,3.94182468013,0.5661626790511975
,0.9450000000000001,0.687330106824,0.955994656601068
,0.7975000000000001,2.31956199076,0.5182987239798468
,0.7775000000000001,3.41806941647,0.5230929801842803
,0.705,2.86118521866,0.5217953880310604
,0.952098765432098,2.5449204732,0.8345086335299283
,0.9025000000000001,3.08591023951,0.7176967818511083
,1.0,3.125,0.6875
28,54885,0.585,0.841282248186,0.035130973597598814
,0.5625,0.894481050946,0.03275236425776114
,0.55,0.22486370733,0.010644946405514832
,0.68,2.73188281268,0.20770438776940772
,0.625,3.15729198269,0.26232219552038755
,0.9525925925925921,2.53399536627,0.8357626879467518
,0.8500000000000001,3.51684965463,0.5413851167844185
,0.0,1.875,0.1875
28,56634,0.8525,2.28102018279,0.8291014929738014
,0.7575000000000001,2.26114720979,0.5375257474998981
,0.845,4.7315317287,0.7170107995378444
,0.8300000000000001,2.97504046475,0.6934291458504724
,0.764999999999999,2.08541683594,0.6672391637419416
,0.8646913580246911,3.59519151738,0.5508046219450023
,0.9400000000000001,2.43125679078,0.8217758514378635
,1.0,3.125,0.6875
28,56758,0.7725000000000001,3.91302718707,0.5759817388096108
,0.745,2.33460111292,0.5088772817783914
,0.8225,5.5157407788,0.6169477900785905
,0.77,3.43383382049,0.497390972360908
,0.8125,1.86577246008,0.7602687696187274
,0.7827160493827161,2.66969970164,0.2847216407056951
,0.68,1.25263161109,0.09361983005483665
,1.0,3.125,0.6875
28,56917,0.72,3.94791040264,0.3642030462215502
,0.6575000000000001,3.39602126163,0.2485861869503004
,0.77,5.41472302221,0.4298677729806488
,0.73,3.32339138377,0.36116705308840846
,0.7325,2.43176458965,0.5944081875539878
,0.829629629629629,3.37300506944,0.4276264138267528
,0.8300000000000001,3.49352618626,0.47110542756228285
,0.0,1.875,0.1875
28,56975,0.68,3.19237871764,0.2195503992946594
,0.7175,2.72302039198,0.43994535325207873
,0.7325,3.85294552736,0.2516229956119777
,0.6975,2.99553931391,0.25790427362718915
,0.6000000000000001,2.61881503655,0.1896333740342968
,0.776296296296296,2.55787199071,0.2679413838756892
,0.8,3.26842313004,0.36913321195475524
,0.0,1.875,0.1875
28,67160,0.8150000000000001,3.14124235522,0.7274563957375619
,0.76,2.25508768711,0.5431704465035482
,0.8500000000000001,5.45646789083,0.7426845770232873
,0.774999999999999,3.4246356217,0.514539324588156
,0.68,3.23136249035,0.4454069484142096
,0.88,3.57466073591,0.6057821073640691
,0.8625,3.47754217184,0.585143255681255
,1.0,3.125,0.6875
28,67299,0.6775,3.12924645286,0.21164809986975752
,0.6625,3.41841762782,0.26563056266806695
,0.6825,1.29046696341,0.09919860649491302
,0.6775,2.68959966402,0.20092730792523017
,0.5,0.562266482585,0.048364102842277934
,0.7091358024691351,1.51251549631,0.13324037989475546
,0.545,0.225934642284,0.010687267150274307
,0.0,1.875,0.1875
28,67423,0.6375000000000001,2.03396958959,0.10815351093112463
,0.6775,3.3709061656,0.31675697911760137
,0.6875,1.35254273882,0.10580195729951519
,0.705,3.09020012532,0.2807328634731697
,0.59,2.35377682613,0.16475726732873877
,0.652839506172839,0.923873693677,0.06564022447708687
,0.6825,1.28997208885,0.0967979111970308
,1.0,3.125,0.6875
28,67905,0.764999999999999,3.99210830367,0.5463237048214423
,0.75,2.29658518764,0.5204504887054244
,0.8,2.44934242961,0.5242438618794292
,0.7975000000000001,3.3176426244,0.5905927083896345
,0.6675,3.35101853361,0.40420163470061654
,0.8,2.96110012517,0.3334126408762741
,0.845,3.52093913967,0.5237878724181761
,0.0,1.875,0.1875
28,68565,0.6950000000000001,3.53893423916,0.270111071741722
,0.665,3.42220640688,0.2741823624487725
,0.7575000000000001,5.62139417781,0.35746980594571115
,0.7175,3.22265657137,0.320221301057696
,0.5775,2.01072838357,0.13747649322939007
,0.8958024691358021,3.47337760569,0.6615768724544787
,0.857499999999999,3.4982390601,0.5677010501561178
,0.0,1.875,0.1875
28,68688,0.685,3.31449139407,0.23582001056287016
,0.62,2.65212437466,0.13233020153770397
,0.8025,2.66441002783,0.5306165613042412
,0.78,3.41018357746,0.531628571964996
,0.79,1.94474566156,0.7174430970121093
,0.883456790123456,3.55944081069,0.6181137798400872
,0.8075000000000001,3.34476649521,0.3939405503328236
,1.0,3.125,0.6875
28,69217,0.7000000000000001,3.63955833635,0.2880608033893495
,0.6425000000000001,3.21105504539,0.1988165918842636
,0.74,3.48165497061,0.2781970601597932
,0.7675000000000001,3.43647858285,0.48880281153505145
,0.7675000000000001,2.06726613857,0.6724297923461766
,0.9125925925925921,3.27987159263,0.718389519276391
,0.72,1.93421224416,0.1568216445393752
,1.0,3.125,0.6875
28,69292,0.74,4.08227925579,0.4448117009897904
,0.7875000000000001,2.36109716177,0.6059661146213706
,0.8150000000000001,4.91523163609,0.5767519767873812
,0.76,3.43667096687,0.46302127103917834
,0.75,2.21886543448,0.6350117731168113
,0.75358024691358,2.16688713916,0.21431151818777408
,0.74,2.31291952065,0.19928618036974682
,1.0,3.125,0.6875
28,70225,0.58,0.759723454558,0.03113094536927194
,0.5375,0.453797626407,0.016427328849164563
,0.64,0.834358810458,0.05430064175199849
,0.5925,0.992516981986,0.04413262688544049
,-0.25,1.25317967288e-29,8.549324467433786e-32
,0.795555555555555,2.88832066344,0.3204132109348292
,0.804999999999999,3.32072396067,0.38560838959299926
,0.0,1.875,0.1875
28,70358,0.47500000000000003,0.050179689244,0.001509381286436084
,0.545,0.559749595699,0.020215195617800316
,0.48,0.0538427949621,0.0019820150455097793
,0.5425,0.343884426883,0.012674231650136203
,0.5325,0.963652377492,0.07233115426166273
,0.8291358024691351,3.36752689535,0.4259620826236919
,0.75,2.50005741889,0.22335492517417738
,0.0,1.875,0.1875
28,70659,0.6025,1.17393117536,0.052657370335225315
,0.55,0.642370600157,0.023216326999608475
,0.685,1.32026634436,0.10246170305264093
,0.6950000000000001,2.96148676198,0.25045773302150187
,0.5275000000000001,0.881413002012,0.06772174600556903
,0.7832098765432091,2.67826239141,0.2860421254979924
,0.5650000000000001,0.303192736886,0.015957027654495852
,0.0,1.875,0.1875
28,70707,0.6675,2.86565452189,0.18166045402088715
,0.6425000000000001,3.21105504539,0.1988165918842636
,0.7525000000000001,5.05980248482,0.33068988115705034
,0.67,2.55646959707,0.18124883636482714
,0.7225,2.57868853186,0.569368954071299
,0.8493827160493821,3.54143092073,0.4960869321214072
,0.8825000000000001,3.32996361316,0.6533882907852155
,0.0,1.875,0.1875
28,70749,0.36,0.000744715128821,1.5857900930910086e-05
,0.365,0.00296579052244,7.650560378902633e-05
,0.39,0.00414758083663,0.0001123512820338915
,0.39,0.00395358097977,0.00011265360744723849
,0.65,3.39395043309,0.3449461293576809
,0.8661728395061721,3.59651815831,0.5561319008366774
,0.6575000000000001,0.955209936943,0.06891325126392167
,1.0,3.125,0.6875
28,70793,0.545,0.344302258904,0.012559545625633835
,0.5275000000000001,0.342239179752,0.012473209590548984
,0.59,0.429617940063,0.02340951573812425
,0.66,2.36588612811,0.15662566252291932
,0.392499999999999,0.220112521609,0.009110183295161424
,0.808395061728395,3.09242613598,0.35882876897053934
,0.6125,0.552814741838,0.035829513341016514
,1.0,3.125,0.6875
28,70852,0.6900000000000001,3.43030321798,0.2526848094571757
,0.595,1.8324060255,0.07612724167290177
,0.705,2.38205295265,0.1348630426439531
,0.6975,2.99553931391,0.25790427362718915
,0.5925,2.42141400164,0.1707263980601678
,0.799012345679012,2.94509741583,0.330495991616644
,0.6975,1.53062318034,0.11791811328806423
,1.0,3.125,0.6875
28,72086,0.5650000000000001,0.549967954089,0.02137231658598731
,0.41750000000000004,0.0169265968692,0.0005075470517954774
,0.545,0.205762717398,0.009568921455135805
,0.585,0.865482848704,0.037171249699929916
,0.40750000000000003,0.267355911004,0.012771897157880092
,0.515061728395061,0.1142313656,0.004120727596200397
,0.847499999999999,3.5197261243,0.5325890503599956
,1.0,3.125,0.6875
28,74604,0.8300000000000001,2.7973292012,0.77201164073579
,0.9075000000000001,1.66942606427,0.9134921114339678
,0.827499999999999,4.95978123314,0.643389723645305
,0.9125000000000001,1.54940408586,0.8817716149585688
,0.794999999999999,1.92491827121,0.7271164676996283
,0.789629629629629,2.78864710433,0.30359127210981174
,0.804999999999999,3.32072396067,0.38560838959299926
,1.0,3.125,0.6875
28,74635,0.5575,0.463619758718,0.0175786892078085
,0.655,3.37736051005,0.2401184233444562
,0.675,1.20522263858,0.08984160050215337
,0.5375,0.303953335185,0.011056317676954102
,0.382499999999999,0.187138726252,0.007073779487273194
,0.769382716049382,2.43722947898,0.25067459078611565
,0.605,0.50489998012,0.03186567215672438
,1.0,3.125,0.6875
28,74688,0.7000000000000001,3.63955833635,0.2880608033893495
,0.625,2.79908199837,0.14596243357156047
,0.75,4.71809738367,0.31846054495691833
,0.774999999999999,3.4246356217,0.514539324588156
,0.75,2.21886543448,0.6350117731168113
,0.580246913580246,0.387786297412,0.019333578350256304
,0.5,0.098136318885,0.003634768189553996
,0.0,1.875,0.1875
28,74696,0.7125,3.85127381529,0.33494106643365607
,0.6950000000000001,3.13947641914,0.3739407234233205
,0.7175,4.8650640006,0.18029589238421007
,0.6975,2.99553931391,0.25790427362718915
,0.6675,3.35101853361,0.40420163470061654
,0.892839506172839,3.4985082469,0.6512474628018667
,0.7825000000000001,3.04450200026,0.313807038371508
,0.0,1.875,0.1875
28,76409,0.51,0.138462472484,0.00457918502689426
,0.52,0.277265083218,0.01015900631526509
,0.5325,0.1634558194,0.007269145134543353
,0.5775,0.748600500194,0.03112497654514943
,0.25,0.00134233601402,2.164794902048112e-05
,0.885432098765432,3.5489894991,0.625134661455197
,0.7175,1.88758098745,0.15204446798145044
,1.0,3.125,0.6875
28,76496,0.9175000000000001,1.09682662825,0.9358337737125862
,0.804999999999999,2.54859467114,0.6488435228526654
,0.8975000000000001,1.50797817261,0.8759439114727426
,0.835,2.90427852154,0.7081292262545957
,0.889999999999999,1.47565560548,0.8926064332158496
,0.8044444444444441,3.03174443913,0.3467309377024392
,0.9325000000000001,2.57690895357,0.8029920708646492
,1.0,3.125,0.6875
28,78211,0.81,3.25172542401,0.7114727178604221
,0.827499999999999,2.80333622309,0.7091712301502011
,0.8600000000000001,4.45887887524,0.7950896959158882
,0.8300000000000001,2.97504046475,0.6934291458504724
,0.8025,1.8981569508,0.7414511335584841
,0.8740740740740741,3.59165155956,0.5845429157490915
,0.794999999999999,3.2107026107,0.35293319263591955
,0.0,1.875,0.1875
28,79262,0.7275,4.01982489601,0.3940978751057226
,0.827499999999999,2.80333622309,0.7091712301502011
,0.8150000000000001,4.91523163609,0.5767519767873812
,0.7575000000000001,3.4341739292,0.4544324494413893
,0.66,3.38923991281,0.3789081738948552
,0.897283950617283,3.45976884387,0.6667126219111883
,0.8400000000000001,3.51838595822,0.506186797867129
,0.0,1.875,0.1875
28,79313,0.515,0.15874340066,0.005321174776359567
,0.41250000000000003,0.0145259347867,0.00042905127715183453
,0.56,0.267094827503,0.01310014469264332
,0.6175,1.47612845686,0.07482526273232556
,0.7000000000000001,2.94258127578,0.5072853758043883
,0.7886419753086421,2.77180029175,0.30084536741140333
,0.764999999999999,2.76736846536,0.26288681896607335
,0.0,1.875,0.1875
28,79388,0.7325,4.05352059759,0.41428604828161053
,0.715,2.7691080724,0.4330803881260882
,0.75,4.71809738367,0.31846054495691833
,0.77,3.43383382049,0.497390972360908
,0.7925000000000001,1.93459523282,0.7222921683846578
,0.8069135802469131,3.06992251441,0.3542640276368929
,0.725,2.02827877211,0.16672748462986098
,1.0,3.125,0.6875
28,80513,0.7075,3.77383528201,0.3158740991474757
,0.5975,1.91573436677,0.08081228755856465
,0.76,5.8177747353,0.3717840189901962
,0.7825000000000001,3.40097237561,0.5401427935872775
,0.76,2.12507424794,0.6567148493524273
,0.8207407407407401,3.2661615188,0.39810637868734594
,0.8250000000000001,3.47136718726,0.45369052455785175
,0.0,1.875,0.1875
28,80619,0.7775000000000001,3.84850334039,0.5953893246033439
,0.6975,3.09615332323,0.38173561991574895
,0.8250000000000001,5.31399444219,0.6305236148552721
,0.77,3.43383382049,0.497390972360908
,0.7625000000000001,2.10467150577,0.6620017880740374
,0.9777777777777771,1.9551714684,0.8923511727027763
,0.8150000000000001,3.4081407512,0.41927227535849226
,0.0,1.875,0.1875
28,80759,0.6675,2.86565452189,0.18166045402088715
,0.845,2.89629598699,0.7592621520895357
,0.7825000000000001,2.96610818014,0.48197193531265753
,0.6675,2.51013151238,0.17491539126773714
,0.5575,1.48750520765,0.10259667861646686
,0.6167901234567901,0.630891733041,0.03776781332592202
,0.605,0.50489998012,0.03186567215672438
,1.0,3.125,0.6875
28,80766,0.645,2.24083562585,0.12418145738785724
,0.645,3.25374892615,0.20689853980241293
,0.7225,5.14436374808,0.2056695319016629
,0.6975,2.99553931391,0.25790427362718915
,0.6000000000000001,2.61881503655,0.1896333740342968
,0.8197530864197531,3.25327193464,0.39488688960937746
,0.6375000000000001,0.748167218192,0.05196461391855358
,0.0,1.875,0.1875
28,80873,0.735,4.06602234367,0.4244360831789811
,0.705,2.95831225614,0.404445588115834
,0.7075,2.82810085928,0.14135586988804888
,0.7775000000000001,3.41806941647,0.5230929801842803
,0.5,0.562266482585,0.048364102842277934
,0.8182716049382711,3.23358325637,0.39008175983881416
,0.6325000000000001,0.704026200319,0.04833530166463727
,1.0,3.125,0.6875
28,84558,0.7925000000000001,3.60577837813,0.6513816610292888
,0.75,2.29658518764,0.5204504887054244
,0.837499999999999,3.82384459355,0.6857256598227128
,0.7775000000000001,3.41806941647,0.5230929801842803
,0.6275000000000001,3.19645659109,0.2702650456867083
,0.8256790123456791,3.32763001518,0.41438943467122114
,0.7775000000000001,2.9700865875,0.2987688198974944
,1.0,3.125,0.6875
28,104560,0.4,0.00386199694092,9.295508250459224e-05
,0.40750000000000003,0.0124324638477,0.000361775907812308
,0.48,0.0538427949621,0.0019820150455097793
,0.485,0.072850840048,0.002417553977132333
,0.515,0.709533624238,0.0578277353852759
,0.9170370370370371,3.21492861909,0.732824414001911
,0.8500000000000001,3.51684965463,0.5413851167844185
,1.0,3.125,0.6875
28,104598,0.5825,0.799757013615,0.033079986292498684
,0.515,0.241303872813,0.008864815054314737
,0.645,0.883811456812,0.05859546787853782
,0.685,2.81310764485,0.22156875266451712
,0.5,0.562266482585,0.048364102842277934
,0.8543209876543211,3.5665855882,0.5136405694889096
,0.67,1.11177066161,0.08180928212897755
,1.0,3.125,0.6875
28,104599,0.5725,0.648438287476,0.0258585265383929
,0.47000000000000003,0.0732488072467,0.002562544952784267
,0.595,0.462384063699,0.02563881346860658
,0.61,1.32309718127,0.06433145764133123
,-0.25,1.25317967288e-29,8.549324467433786e-32
,0.8804938271604931,3.5727259529,0.607546897487363
,0.6875,1.36711000426,0.10343927103447978
,0.0,1.875,0.1875
28,104688,0.7275,4.01982489601,0.3940978751057226
,0.7225,2.63433726314,0.4533365149199642
,0.73,4.24081245237,0.24151881503377376
,0.6625,2.41478796784,0.16260166648118618
,0.75,2.21886543448,0.6350117731168113
,0.743209876543209,1.997874414,0.19272371868729543
,0.8125,3.38849963076,0.4107761617462988
,0.0,1.875,0.1875
28,104824,0.6325000000000001,1.89890992001,0.09832247116289014
,0.5675,1.01400752568,0.03751917406072797
,0.6000000000000001,0.496859200769,0.02803620513294574
,0.6175,1.47612845686,0.07482526273232556
,0.5,0.562266482585,0.048364102842277934
,0.8222222222222221,3.28513183409,0.40295924314037546
,0.875,3.39722055377,0.628152626025932
,1.0,3.125,0.6875
28,107778,0.68,3.19237871764,0.2195503992946594
,0.6000000000000001,1.99954721339,0.08570631757833228
,0.7175,4.8650640006,0.18029589238421007
,0.7375,3.36869287678,0.3862694428138685
,0.78,1.99127352175,0.6977717063923385
,0.589135802469135,0.441424509873,0.023016189780334647
,0.685,1.32813740431,0.10007037794245371
,0.0,1.875,0.1875
28,107870,0.8125,3.19686140787,0.7195336195514445
,0.735,2.44383508057,0.48502079417144073
,0.8225,5.5157407788,0.6169477900785905
,0.8150000000000001,3.15976747529,0.6473641281128825
,0.72,2.6176399962,0.5628736981395406
,0.90716049382716,3.35169668374,0.7003740050046328
,0.909999999999999,2.97258622652,0.7404228919427919
,1.0,3.125,0.6875
28,107898,0.7025,3.68662697292,0.29721900136540214
,0.6075,2.25102596375,0.10164731141197542
,0.794999999999999,2.2589574214,0.5125885826652724
,0.6975,2.99553931391,0.25790427362718915
,0.605,2.74379451735,0.2030425542858592
,0.7614814814814811,2.30061938623,0.23195856457588093
,0.6175,0.587189520449,0.03867866308005031
,0.0,1.875,0.1875
28,108143,0.485,0.0677643146991,0.002095120195974424
,0.73,2.51368626084,0.4726308896057033
,0.6950000000000001,1.51146413499,0.11644687643129138
,0.625,1.63348644525,0.08648421559578046
,0.5625,1.61199796808,0.1103431946440612
,0.8824691358024691,3.56418837659,0.6145959120111949
,0.7225,1.98112926136,0.16171576737958648
,1.0,3.125,0.6875
28,108336,0.535,0.268407800812,0.009509329291340216
,0.387499999999999,0.00649243612945,0.00017825087924589972
,0.56,0.267094827503,0.01310014469264332
,0.595,1.03698279632,0.04666928933190273
,0.41750000000000004,0.295484393561,0.015588877590627501
,0.8469135802469131,3.52617240594,0.48736113409290915
,0.5575,0.272702605937,0.013798597709016047
,1.0,3.125,0.6875
28,108341,0.5825,0.799757013615,0.033079986292498684
,0.52,0.277265083218,0.01015900631526509
,0.52,0.128253236853,0.005452926232617848
,0.595,1.03698279632,0.04666928933190273
,0.595,2.4882679207,0.17686368468014524
,0.9516049382716051,2.55581797303,0.8332491907892166
,0.8075000000000001,3.34476649521,0.3939405503328236
,0.0,1.875,0.1875
28,108351,0.65,2.38043218777,0.13573429924059288
,0.64,3.16391668155,0.19084696894636405
,0.685,1.32026634436,0.10246170305264093
,0.615,1.42454408243,0.0711995298298734
,0.665,3.36684798827,0.39580368058064297
,0.598518518518518,0.502006070576,0.027439053826152297
,0.6825,1.28997208885,0.0967979111970308
,0.0,1.875,0.1875
28,108388,0.5475,0.365869468973,0.013447032493360035
,0.6000000000000001,1.99954721339,0.08570631757833228
,0.64,0.834358810458,0.05430064175199849
,0.5875,0.906733937821,0.039386287740975905
,0.58,2.07935208364,0.14258903817370722
,0.819259259259259,3.24675579045,0.3932819425513481
,0.6900000000000001,1.40686949954,0.10690658378847846
,0.0,1.875,0.1875
28,108411,0.6175,1.51498867978,0.07276381169590398
,0.7075,2.9109139971,0.4117821878035419
,0.6575000000000001,1.01327069949,0.07044412041258219
,0.67,2.55646959707,0.18124883636482714
,0.515,0.709533624238,0.0578277353852759
,0.9303703703703701,2.98966700475,0.7742365200176535
,0.875,3.39722055377,0.628152626025932
,0.0,1.875,0.1875
28,108416,0.71,3.81381295826,0.32535917638828765
,0.74,2.38386155398,0.49708572163353404
,0.8174999999999991,5.30205325157,0.5895540051251944
,0.804999999999999,3.25789378927,0.6152584741885756
,0.7125,2.73811831158,0.5427924172821053
,0.807407407407407,3.077458399,0.355781900876029
,0.804999999999999,3.32072396067,0.38560838959299926
,0.0,1.875,0.1875
28,108417,0.5825,0.799757013615,0.033079986292498684
,0.605,2.16748849518,0.09612405579917928
,0.6325000000000001,0.762985705024,0.048312770619996254
,0.5325,0.267936713033,0.009628173288391988
,0.52,0.772605655563,0.061529994901639684
,0.973333333333333,2.05867006047,0.8834316036166205
,0.8,3.26842313004,0.36913321195475524
,0.0,1.875,0.1875
28,108652,0.5075000000000001,0.129214024384,0.004244708083604441
,0.43999999999999906,0.0326342203771,0.001048165453393634
,0.6425000000000001,0.858905262549,0.05641714568243551
,0.5650000000000001,0.577569299336,0.022867742618589156
,0.5625,1.61199796808,0.1103431946440612
,0.5560493827160491,0.261404695015,0.011538311457154681
,0.525,0.161264810409,0.006836058911806879
,1.0,3.125,0.6875
28,109008,0.5275000000000001,0.221335930981,0.007677685000729186
,0.5,0.160576415155,0.005895339811463751
,0.5325,0.1634558194,0.007269145134543353
,0.63,1.73982622235,0.09491718663087967
,0.595,2.4882679207,0.17686368468014524
,0.6819753086419751,1.20236775565,0.09650650533763819
,0.6950000000000001,1.48865349808,0.11414416193824337
,0.0,1.875,0.1875
28,109067,0.7625000000000001,4.01345515588,0.5363162120718834
,0.71,2.86336313938,0.41900003123513524
,0.794999999999999,2.2589574214,0.5125885826652724
,0.7525000000000001,3.42536850498,0.4372814807947128
,0.75,2.21886543448,0.6350117731168113
,0.8479012345679011,3.53248668222,0.490846914679257
,0.8,3.26842313004,0.36913321195475524
,0.0,1.875,0.1875
28,129429,0.5775,0.721169731811,0.02928013573175536
,0.54,0.486830249438,0.017602653769717556
,0.5875,0.413868027556,0.02235524559736963
,0.68,2.73188281268,0.20770438776940772
,0.76,2.12507424794,0.6567148493524273
,0.8172839506172841,3.22022703418,0.3868946780743633
,0.7925000000000001,3.17989191144,0.3449446846189946
,0.0,1.875,0.1875
28,129459,0.6725,2.99942172611,0.19632458479414186
,0.6375000000000001,3.1125114001,0.1830005648300838
,0.6925,1.43993592223,0.11276363986260629
,0.6875,2.85199419713,0.2286503739536762
,0.605,2.74379451735,0.2030425542858592
,0.838024691358024,3.4571234173,0.45630825880051595
,0.705,1.66045697264,0.12988114969287484
,0.0,1.875,0.1875
28,129490,0.6575000000000001,2.59018650331,0.15437459313899748
,0.625,2.79908199837,0.14596243357156047
,0.754999999999999,5.36361002196,0.34372782480344144
,0.6975,2.99553931391,0.25790427362718915
,0.7000000000000001,2.94258127578,0.5072853758043883
,0.9654320987654321,2.24233934783,0.8664390836101938
,0.889999999999999,3.24905580506,0.6780679392265134
,0.0,1.875,0.1875
28,129672,0.485,0.0677643146991,0.002095120195974424
,0.43500000000000005,0.0283263237685,0.0008959885034419926
,0.38,0.00294154278425,7.721409196276379e-05
,0.405,0.0064347264217,0.00018915068429217063
,-0.25,1.25317967288e-29,8.549324467433786e-32
,0.901234567901234,3.42012230774,0.6803041280609761
,0.725,2.02827877211,0.16672748462986098
,0.0,1.875,0.1875
28,129907,0.65,2.38043218777,0.13573429924059288
,0.54,0.486830249438,0.017602653769717556
,0.63,0.739981035329,0.04643414609754078
,0.65,2.16343710638,0.1339707535237638
,0.6075,2.80369469285,0.20997730972245093
,0.725432098765432,1.73038659914,0.15962856041680398
,0.65,0.871540090022,0.06206764196082688
,1.0,3.125,0.6875
28,129987,0.6575000000000001,2.59018650331,0.15437459313899748
,0.6575000000000001,3.39602126163,0.2485861869503004
,0.6875,1.35254273882,0.10580195729951519
,0.6575000000000001,2.31623882222,0.15077285714886277
,0.5,0.562266482585,0.048364102842277934
,0.6869135802469131,1.25449263747,0.10257213665711148
,0.5625,0.292819309806,0.015212057150095172
,1.0,3.125,0.6875
28,130043,0.8300000000000001,2.7973292012,0.77201164073579
,0.6950000000000001,3.13947641914,0.3739407234233205
,0.899999999999999,1.48154115578,0.8796808474837112
,0.764999999999999,3.43782896075,0.4802096580950952
,0.804999999999999,1.88981024692,0.7461860456569744
,0.942716049382716,2.74654302778,0.8096750279630285
,0.865,3.46472389399,0.5938214298942399
,1.0,3.125,0.6875
28,130166,0.7875000000000001,3.6941348033,0.6331290467826953
,0.875,2.59340655601,0.8432587872457747
,0.9325000000000001,1.12950447331,0.9221278076014248
,0.9325000000000001,1.23418151984,0.9095351282365445
,0.875,1.59182969727,0.8695676020081751
,0.8681481481481481,3.59719326091,0.5632370073204502
,0.8600000000000001,3.48871636389,0.5764350891553928
,1.0,3.125,0.6875
28,130586,0.20750000000000002,1.51961809737e-07,2.1680298728683042e-09
,0.25,2.24384340874e-05,4.398027995436377e-07
,0.28500000000000003,5.94223473286e-05,1.1919712889653232e-06
,0.35750000000000004,0.00130260350482,3.4536559887789474e-05
,-0.25,1.25317967288e-29,8.549324467433786e-32
,0.741728395061728,1.97444995165,0.18978128004858308
,0.42750000000000005,0.013179283438,0.0003444733755100977
,1.0,3.125,0.6875
28,134922,0.6925,3.48556935202,0.2613300354394399
,0.635,3.05703795972,0.17528780261941418
,0.725,4.97339003911,0.21835597381220906
,0.6775,2.68959966402,0.20092730792523017
,0.4375,0.34144832148,0.02197989776686775
,0.679012345679012,1.17187558894,0.09298924780190407
,0.79,3.14782808793,0.3370347773971953
,1.0,3.125,0.6875
28,134923,0.6825,3.25416587151,0.22760887247967793
,0.68,3.34774703393,0.3251561108458394
,0.725,4.97339003911,0.21835597381220906
,0.7025,3.05990407093,0.2730449701495029
,0.6725,3.31078031177,0.4208607319038456
,0.77037037037037,2.45443132319,0.25309022422140026
,0.735,2.21809075191,0.18795847025727838
,1.0,3.125,0.6875
28,135551,0.7575000000000001,4.04824808915,0.5161575015088908
,0.6425000000000001,3.21105504539,0.1988165918842636
,0.8250000000000001,5.31399444219,0.6305236148552721
,0.7725000000000001,3.42988830829,0.5059708966809735
,0.7825000000000001,1.97863192087,0.7027339332343627
,0.7629629629629631,2.32605899935,0.23538572175301029
,0.774999999999999,2.93135253871,0.2913918170900348
,0.0,1.875,0.1875
28,135973,0.8,3.46152807863,0.6778921676251919
,0.745,2.33460111292,0.5088772817783914
,0.7925000000000001,2.25732925388,0.506955088226636
,0.7825000000000001,3.40097237561,0.5401427935872775
,0.6675,3.35101853361,0.40420163470061654
,0.9017283950617281,3.41482683399,0.6819917729053038
,0.8975000000000001,3.15521856401,0.702091790128859
,0.0,1.875,0.1875
28,136122,0.78,3.81294255246,0.6049665751823335
,0.61,2.33386989093,0.10737860776887032
,0.745,3.99065887554,0.29669758261050555
,0.745,3.40268797839,0.4116691840619538
,0.5225000000000001,0.806954699648,0.06350404930521912
,0.653827160493827,0.932629053554,0.066557012498517
,0.8325,3.50219005705,0.47985041052408756
,0.0,1.875,0.1875
28,136139,0.8025,3.41073729728,0.6864827556960633
,0.76,2.25508768711,0.5431704465035482
,0.837499999999999,3.82384459355,0.6857256598227128
,0.784999999999999,3.39043063179,0.5486323250381009
,0.8225,1.83433177443,0.7787696780348182
,0.9422222222222221,2.75679845224,0.8083161765877513
,0.845,3.52093913967,0.5237878724181761
,0.0,1.875,0.1875
28,136288,0.7375,4.07560999797,0.43461373140759063
,0.6225,2.72686808653,0.13905443852953617
,0.8125,4.4188902218,0.5650694132132034
,0.7925000000000001,3.35078218748,0.573919409482827
,0.7425,2.30256588087,0.6180636429335229
,0.93679012345679,2.86685142612,0.7930397096066055
,0.827499999999999,3.48324757055,0.4623841252552955
,0.0,1.875,0.1875
28,136820,0.6275000000000001,1.76697740074,0.0891591957144206
,0.5650000000000001,0.952920635278,0.03506106114169235
,0.655,0.986771593723,0.06794412566968144
,0.6175,1.47612845686,0.07482526273232556
,0.6025,2.68210171038,0.19625983110912254
,0.852345679012345,3.55739354712,0.5066043480117718
,0.655,0.926481778081,0.06656131324455405
,0.0,1.875,0.1875
28,136846,0.8075000000000001,3.30572982775,0.7032757087497752
,0.875,2.59340655601,0.8432587872457747
,0.7925000000000001,2.25732925388,0.506955088226636
,0.804999999999999,3.25789378927,0.6152584741885756
,0.7625000000000001,2.10467150577,0.6620017880740374
,0.6074074074074071,0.562969853237,0.032169775906857864
,0.6525000000000001,0.898595903186,0.06428014041664794
,1.0,3.125,0.6875
28,137085,0.8400000000000001,2.56522568535,0.7988231999384684
,0.8500000000000001,2.89108656455,0.7737375200127681
,0.875,1.91520612982,0.8388308086892935
,0.8775000000000001,2.17788736755,0.8167208239151671
,0.847499999999999,1.74322612367,0.8235483256582115
,0.8148148148148141,3.18605918094,0.37898545816439644
,0.9400000000000001,2.43125679078,0.8217758514378635
,1.0,3.125,0.6875
28,137869,0.875,1.80749696397,0.8749855141358581
,0.8625,2.80035451383,0.8094292293633281
,0.905,1.42816183473,0.8869553687824814
,0.8700000000000001,2.31600977854,0.79986782555467
,0.8150000000000001,1.85793507518,0.764923396867419
,0.9772839506172831,1.9666579444,0.8913828199701811
,0.972499999999999,1.77258506011,0.8901205163209174
,1.0,3.125,0.6875
28,138039,0.6975,3.59029638662,0.27902303757337443
,0.6075,2.25102596375,0.10164731141197542
,0.63,0.739981035329,0.04643414609754078
,0.6375000000000001,1.89996480056,0.10856643716464774
,0.655,3.39851123579,0.3619331620888554
,0.716049382716049,1.60175974729,0.14400312653516592
,0.7325,2.17056951689,0.18247264031383104
,1.0,3.125,0.6875
28,140859,0.5975,1.07144064685,0.04704638200971279
,0.59,1.66827246117,0.06737723293962315
,0.65,0.934652763997,0.06314107168426135
,0.6000000000000001,1.12886676486,0.052082321266169546
,0.4375,0.34144832148,0.02197989776686775
,0.6948148148148141,1.3415755512,0.11282508975665441
,0.59,0.420115399328,0.024944710457359905
,0.0,1.875,0.1875
28,140984,0.754999999999999,4.0615857289,0.5060196369423948
,0.6925,3.18089932559,0.36603982146104697
,0.7625000000000001,5.92471645519,0.38648436554135956
,0.7425,3.39261196139,0.4031747974477716
,0.645,3.37510200459,0.3280174856001924
,0.9160493827160491,3.22982617432,0.7296417974628076
,0.8925000000000001,3.21917283926,0.6861535214781223
,0.0,1.875,0.1875
28,141053,0.65,2.38043218777,0.13573429924059288
,0.5,0.160576415155,0.005895339811463751
,0.645,0.883811456812,0.05859546787853782
,0.7025,3.05990407093,0.2730449701495029
,0.625,3.15729198269,0.26232219552038755
,0.611358024691358,0.591132334111,0.03444927220974721
,0.7025,1.61656038476,0.12578500033514603
,0.0,1.875,0.1875
28,141356,0.794999999999999,3.55915371714,0.6603381481513507
,0.8425,2.89288226839,0.7520248800986927
,0.8250000000000001,5.31399444219,0.6305236148552721
,0.8400000000000001,2.82940044781,0.7224650683923665
,0.7025,2.90206199197,0.5145912729802966
,0.8508641975308641,3.5497356804,0.5013397275356574
,0.9475,2.28137641806,0.8394503489924713
,0.0,1.875,0.1875
28,142811,0.58,0.759723454558,0.03113094536927194
,0.535,0.422923770286,0.015331866545421242
,0.595,0.462384063699,0.02563881346860658
,0.675,2.64624507731,0.19425728241113427
,0.635,3.29408341997,0.2946236467082956
,0.714567901234567,1.58224724142,0.1416446293363166
,0.7825000000000001,3.04450200026,0.313807038371508
,0.0,1.875,0.1875
28,142951,0.764999999999999,3.99210830367,0.5463237048214423
,0.68,3.34774703393,0.3251561108458394
,0.804999999999999,2.97869415717,0.5376489408437226
,0.7375,3.36869287678,0.3862694428138685
,0.6475000000000001,3.38633016215,0.3364700296183771
,0.929382716049382,3.00779473226,0.7712747928904387
,0.784999999999999,3.0800929928,0.3214630142497271
,1.0,3.125,0.6875
28,143324,0.66,2.65974185666,0.16093706996739016
,0.59,1.66827246117,0.06737723293962315
,0.5725,0.327972419653,0.016809599728272125
,0.625,1.63348644525,0.08648421559578046
,0.5750000000000001,1.94245817142,0.1325351014759646
,0.6972839506172831,1.36979032175,0.11617235276851662
,0.6775,1.21613069524,0.09053405342862025
,0.0,1.875,0.1875
28,145305,0.745,4.08687806779,0.4652394397855081
,0.6575000000000001,3.39602126163,0.2485861869503004
,0.7675000000000001,5.73889004827,0.41589486213409255
,0.6875,2.85199419713,0.2286503739536762
,0.605,2.74379451735,0.2030425542858592
,0.7970370370370371,2.91279314931,0.3247103570159813
,0.725,2.02827877211,0.16672748462986098
,0.0,1.875,0.1875
28,145335,0.5425,0.323809858524,0.011724625516520306
,0.5875,1.58796757667,0.06330721870835529
,0.55,0.22486370733,0.010644946405514832
,0.5,0.111738994929,0.003782568860753883
,0.5225000000000001,0.806954699648,0.06350404930521912
,0.79753086419753,2.92090520603,0.32615077732413067
,0.8,3.26842313004,0.36913321195475524
,1.0,3.125,0.6875
28,145444,0.754999999999999,4.0615857289,0.5060196369423948
,0.7975000000000001,2.46150419631,0.6300598559318422
,0.8525,5.54665487949,0.7564885808120365
,0.6925,2.92620193697,0.24309786678198003
,0.725,2.5405324845,0.575767803954492
,0.861728395061728,3.59044516137,0.5401585478835524
,0.794999999999999,3.2107026107,0.35293319263591955
,0.0,1.875,0.1875
28,146557,0.72,3.94791040264,0.3642030462215502
,0.5700000000000001,1.07769378006,0.04013326546435812
,0.73,4.24081245237,0.24151881503377376
,0.6825,2.77306188186,0.21458580182744202
,-0.25,1.25317967288e-29,8.549324467433786e-32
,0.9002469135802461,3.43048809502,0.6769210858204854
,0.74,2.31291952065,0.19928618036974682
,1.0,3.125,0.6875
28,146877,0.715,3.88615043051,0.34461339176879596
,0.8400000000000001,2.88574892046,0.7448008409741858
,0.865,3.26345528435,0.8143585687338308
,0.5625,0.546971694857,0.02146231581295098
,0.8075000000000001,1.88166330462,0.7509003512095985
,0.863209876543209,3.59316582701,0.5454798267416747
,0.865,3.46472389399,0.5938214298942399
,0.0,1.875,0.1875
28,146928,0.8600000000000001,2.11669240505,0.8455893786983917
,0.8150000000000001,2.66912778781,0.6749333970100955
,0.855,5.38830083492,0.7702090328547933
,0.8174999999999991,3.13202117795,0.6552291265108664
,0.7000000000000001,2.94258127578,0.5072853758043883
,0.803456790123456,3.01625058729,0.3437442633783431
,0.885,3.30447893985,0.6616816577663207
,0.0,1.875,0.1875
28,146993,1.0,0.291731690676,0.9887001543448519
,0.9500000000000001,0.603189961972,0.9592159994659359
,1.0,0.48889589541,0.9754843126985612
,1.0,0.508956238907,0.9655013655271116
,0.8125,1.86577246008,0.7602687696187274
,0.8528395061728391,3.5598011834,0.5083616830395906
,0.8,3.26842313004,0.36913321195475524
,0.0,1.875,0.1875
28,147026,0.615,1.45485519915,0.06905176373746036
,0.52,0.277265083218,0.01015900631526509
,0.655,0.986771593723,0.06794412566968144
,0.625,1.63348644525,0.08648421559578046
,0.5,0.562266482585,0.048364102842277934
,0.815802469135802,3.19985704551,0.38213901116381055
,0.645,0.819860963996,0.05784047328015379
,0.0,1.875,0.1875
28,147101,0.7225,3.97468856479,0.3741068728190027
,0.8600000000000001,2.8278085712,0.8023930402214281
,0.865,3.26345528435,0.8143585687338308
,0.6825,2.77306188186,0.21458580182744202
,0.625,3.15729198269,0.26232219552038755
,0.9007407407407401,3.4253428021,0.6786138866720706
,0.8525,3.51230888869,0.5501719116755479
,1.0,3.125,0.6875
28,147111,0.774999999999999,3.88189313926,0.5857258677395283
,0.605,2.16748849518,0.09612405579917928
,0.735,3.56603227596,0.26086847648272654
,0.6225,1.58067211477,0.08246657990046588
,0.595,2.4882679207,0.17686368468014524
,0.852345679012345,3.55739354712,0.5066043480117718
,0.837499999999999,3.5146291686,0.49739518553508966
,0.0,1.875,0.1875
28,147193,0.7825000000000001,3.77529919284,0.6144523017964069
,0.8500000000000001,2.89108656455,0.7737375200127681
,0.7825000000000001,2.96610818014,0.48197193531265753
,0.7975000000000001,3.3176426244,0.5905927083896345
,0.75,2.21886543448,0.6350117731168113
,0.6439506172839501,0.846909022335,0.05777248311971536
,0.75,2.50005741889,0.22335492517417738
,0.0,1.875,0.1875
28,819,0.7075,3.77383528201,0.3158740991474757
,0.7775000000000001,2.28899646228,0.5827432315636518
,0.7025,2.03644569742,0.1293612613998468
,0.7225,3.26674769584,0.3364469258151003
,0.725,2.5405324845,0.575767803954492
,0.7214814814814811,1.67515818216,0.15290207263884598
,0.8300000000000001,3.49352618626,0.47110542756228285
,1.0,3.125,0.6875
28,1942,0.5925,0.974872542191,0.04193308901369029
,0.585,1.50914480023,0.059436159479271215
,0.6725,1.1772485437,0.08686354247760307
,0.6075,1.27336597286,0.0610860274814349
,0.715,2.69748045156,0.5495868394491585
,0.755061728395061,2.19167839728,0.21754006745699495
,0.784999999999999,3.0800929928,0.3214630142497271
,1.0,3.125,0.6875
28,1993,0.7525000000000001,4.07215450484,0.49585188041342954
,0.63,2.93477724193,0.16030224174781743
,0.7375,3.4363269402,0.26958526924893667
,0.835,2.90427852154,0.7081292262545957
,0.6625,3.37963014456,0.3873699345267003
,0.905679012345679,3.36979214468,0.6953950440198892
,0.905,3.04934251614,0.725366106622146
,1.0,3.125,0.6875
