user,id,bathScore,bathScore_pdf,bathScore_cdf,locationScore,locationScore_pdf,locationScore_cdf,equipmentScore,equipmentScore_pdf,equipmentScore_cdf,roomScore,roomScore_pdf,roomScore_cdf,serviceScore,serviceScore_pdf,serviceScore_cdf,distanceScore,distanceScore_pdf,distanceScore_cdf,mealScore,mealScore_pdf,mealScore_cdf,kinnennScore,kinnennScore_pdf,kinnennScore_cdf
28,101,0.625,2.64054356752,0.12445390932025568
,0.9400000000000001,2.93030225026,0.8984866284553441
,0.655,2.11391070107,0.13044465064748417
,0.6000000000000001,1.04632915907,0.051557168964883604
,0.73,3.38533657568,0.34517695741923765
,0.9797530864197531,2.92925002572,0.8926560858573058
,0.6975,2.98694114612,0.47989696249344915
,0.0,1.95652173913,0.195652173913
28,192,0.5325,0.299874990135,0.0072138319966316465
,0.745,1.45902642383,0.04730051673807108
,0.63,2.43393896878,0.07706825712520185
,0.6775,2.40516482001,0.18328118084769035
,0.66,2.33738428844,0.07748343610873339
,0.755061728395061,1.41197930723,0.10722058624547406
,0.6675,2.80521572729,0.39266502007455084
,0.0,1.95652173913,0.195652173913
28,223,0.5575,0.666404929515,0.0188494173863588
,0.605,0.000703625185889,6.3967694820077405e-06
,0.6375000000000001,2.19627964008,0.09446820804134891
,0.605,1.1236488115,0.05698132879094908
,0.6775,3.73764236332,0.13055295713642326
,0.8103703703703701,2.78501229596,0.22195981974017823
,0.5825,1.8547344745,0.19239122718934026
,1.0,3.04347826087,0.695652173913
28,388,0.675,3.85402858968,0.2917275616472305
,0.915,4.5995164219,0.8058442601452559
,0.7575000000000001,3.97138928154,0.5462758407847509
,0.7675000000000001,3.68679819485,0.4679647394746458
,0.7675000000000001,5.2737977831,0.5012421276084502
,0.851358024691358,3.67211241897,0.35487206261019755
,0.7825000000000001,2.47216902923,0.7237381219052967
,0.0,1.95652173913,0.195652173913
28,398,0.545,0.45653797901,0.011889631859386705
,0.61,0.00116664620421,1.098287811898501e-05
,0.635,2.28048942399,0.08887278935023898
,0.6325000000000001,1.57747877213,0.09402065605170842
,0.66,2.33738428844,0.07748343610873339
,0.720493827160493,0.999606229522,0.06681610179740194
,0.847499999999999,1.45857263654,0.8507091718089619
,1.0,3.04347826087,0.695652173913
28,462,0.64,3.11869575594,0.16771936453527267
,0.79,4.24694119087,0.17021451714069524
,0.7975000000000001,5.10026567594,0.7499584559339747
,0.68,2.45327237057,0.18935421849372258
,0.8300000000000001,2.81147293979,0.789072461281354
,0.810864197530864,2.79703293781,0.22333810428334017
,0.7075,3.0127004355,0.5099118791381868
,0.0,1.95652173913,0.195652173913
28,509,0.5125000000000001,0.139733827213,0.002979830001494047
,0.919999999999999,4.20976244545,0.8278598109585887
,0.6375000000000001,2.19627964008,0.09446820804134891
,0.6950000000000001,2.74033307715,0.2283131312597828
,0.6950000000000001,4.57107575284,0.20506630263940898
,0.9125925925925921,4.67544647824,0.6149356814380167
,0.8225,1.82537222666,0.8098052302149574
,1.0,3.04347826087,0.695652173913
28,568,0.865,1.90310675327,0.8539421213883324
,0.9450000000000001,2.66928573303,0.9124799326838959
,0.685,3.78433038271,0.21611450459557047
,0.6625,2.11929012204,0.14935592728024155
,0.7975000000000001,4.99060712865,0.6641677808488152
,0.9432098765432091,4.39048576412,0.7560262324888822
,0.5675,1.67752692821,0.16590718642492594
,0.0,1.95652173913,0.195652173913
28,570,0.735,3.4726788294,0.5201763932102448
,0.8775000000000001,6.03759813352,0.591731729854686
,0.754999999999999,3.83315037002,0.5365259593717431
,0.8625,2.56644807241,0.7861584436234033
,0.7825000000000001,5.58707237331,0.5838268600787795
,0.946172839506172,4.31300241848,0.7689225048509435
,0.857499999999999,1.33360315933,0.8646587742133198
,0.0,1.95652173913,0.195652173913
28,610,0.615,2.30085592013,0.09974109058407324
,0.9175000000000001,4.40234045516,0.8170958450493353
,0.6875,3.99191090419,0.22583132746981305
,0.7825000000000001,3.7065515029,0.5235127814146359
,0.725,3.45489740507,0.32812460462972837
,0.899753086419753,4.56339645815,0.5555149940275569
,0.8225,1.82537222666,0.8098052302149574
,1.0,3.04347826087,0.695652173913
28,630,0.5575,0.666404929515,0.0188494173863588
,0.6875,0.254389837159,0.004805251594360882
,0.6375000000000001,2.19627964008,0.09446820804134891
,0.74,3.46499276076,0.3691239900875892
,0.68,3.92314067399,0.14013164073512524
,0.7629629629629631,1.57385771563,0.11900017133267149
,0.7725000000000001,2.61510975932,0.6982889416669014
,1.0,3.04347826087,0.695652173913
28,658,0.47750000000000004,0.027632132598,0.0004859880292553811
,0.665,0.0837808327528,0.0012529857959739411
,0.54,0.00901715731463,0.000126249126422192
,0.59,0.897859970438,0.04184355755020065
,0.5775,0.248244996166,0.0071967039836386805
,0.65679012345679,0.522193970665,0.01628253621798488
,0.63,2.42711934883,0.29417624902570916
,1.0,3.04347826087,0.695652173913
28,659,0.47750000000000004,0.027632132598,0.0004859880292553811
,0.65,0.032830485199,0.0004260783345692192
,0.5925,0.670727300984,0.007421270343789997
,0.645,1.79754464977,0.11510590717008898
,0.6125,0.566679156332,0.02092119925056156
,0.622222222222222,0.196180564092,0.0042126124906173915
,0.62,2.30992848455,0.27048748726584887
,1.0,3.04347826087,0.695652173913
28,716,0.645,3.26243619573,0.18367630728849618
,0.735,1.12561854654,0.03445944046444823
,0.715,5.55748450187,0.36553635043319527
,0.8325,3.18958241161,0.6995393599335604
,0.7225,3.53092063831,0.31939759041612364
,0.819259259259259,2.99482066513,0.24765819416712376
,0.8025,2.15308527368,0.7700408099911381
,1.0,3.04347826087,0.695652173913
28,767,0.5975,1.71407113701,0.06466077914745269
,0.8725,5.81971804846,0.5620539361660062
,0.6625,2.42437899701,0.14737484602750847
,0.7000000000000001,2.83394304589,0.2422495142787039
,0.6950000000000001,4.57107575284,0.20506630263940898
,0.9007407407407401,4.57544583034,0.5600280431948095
,0.7325,2.98050586618,0.5851323715205777
,1.0,3.04347826087,0.695652173913
28,839,0.7275,3.5988381617,0.493652272560166
,0.925,3.84475354443,0.8479836670065272
,0.7875000000000001,5.59060276148,0.6959981208827459
,0.845,2.94421002035,0.7379069243799792
,0.8150000000000001,3.71860398132,0.7405726735053029
,1.0,1.93038347948,0.9417423696800878
,0.735,2.96899173921,0.5925695695790251
,0.0,1.95652173913,0.195652173913
28,858,0.5525,0.575685715828,0.01574803039170526
,0.6475000000000001,0.027632639896,0.00035065638574330787
,0.635,2.28048942399,0.08887278935023898
,0.65,1.88789024991,0.12431894622516232
,0.61,0.536488101878,0.0195426539172082
,0.631604938271604,0.271064667979,0.006393783718589789
,0.5675,1.67752692821,0.16590718642492594
,1.0,3.04347826087,0.695652173913
28,864,0.5625,0.766426269674,0.022427590546286548
,0.919999999999999,4.20976244545,0.8278598109585887
,0.6375000000000001,2.19627964008,0.09446820804134891
,0.71,3.01473979469,0.27150135221695193
,0.6900000000000001,4.46899412665,0.182411122033648
,0.899753086419753,4.56339645815,0.5555149940275569
,0.75,2.86703293073,0.6364099405112361
,1.0,3.04347826087,0.695652173913
28,922,0.454999999999999,0.00797616805965,0.0001253664353946891
,0.6825,0.204509573799,0.003661065896861883
,0.595,0.818957910863,0.009279395864669885
,0.5750000000000001,0.693958993631,0.029936142915661434
,0.605,0.481229369741,0.017000870940664006
,0.5837037037037031,0.0321262404395,0.0004935496573583724
,0.4525,0.571804631943,0.04112653472902664
,0.0,1.95652173913,0.195652173913
28,930,0.685,3.92610993888,0.3306833674319702
,0.885,6.18145545931,0.6377057556889181
,0.75,3.65040332889,0.5178733206014274
,0.7925000000000001,3.67481271548,0.5604504280988833
,0.78,5.59973067009,0.5698376538401262
,0.750123456790123,1.32395943317,0.1004695124231471
,0.7125,3.01778600166,0.5249903538776689
,0.0,1.95652173913,0.195652173913
28,995,0.52,0.188580099027,0.00420352931729426
,0.65,0.032830485199,0.0004260783345692192
,0.51,0.00103610294873,1.2467696465436791e-05
,0.5325,0.2772686564,0.010201453641571035
,0.5775,0.248244996166,0.0071967039836386805
,0.7664197530864191,1.65204312229,0.12457461974186812
,0.7875000000000001,2.39556082414,0.7359086537267867
,0.0,1.95652173913,0.195652173913
28,996,0.5325,0.299874990135,0.0072138319966316465
,0.725,0.870522049045,0.024528378891647572
,0.6000000000000001,1.16723150878,0.014219212192397988
,0.6375000000000001,1.66450922802,0.10212507307091116
,0.65,1.67415357975,0.05756614058997342
,0.8390123456790121,3.42015602637,0.31108894045780233
,0.625,2.36905228053,0.28218533124854084
,1.0,3.04347826087,0.695652173913
28,1119,0.5075000000000001,0.113381468091,0.0023489484475608976
,0.7325,1.05600892158,0.031733348819376624
,0.545,0.0125421527657,0.00017968357296076096
,0.58,0.759112235958,0.03356757181218625
,0.6000000000000001,0.431119335527,0.01472183186983125
,0.8874074074074071,4.37769343042,0.5002630530648429
,0.5,0.970991891067,0.07735120936378423
,1.0,3.04347826087,0.695652173913
28,1128,0.6025,1.8777332452,0.07363836358276366
,0.7725000000000001,3.00804638571,0.10656619469902748
,0.6925,4.4496006446,0.2469161096182692
,0.6775,2.40516482001,0.18328118084769035
,0.7425,3.70990482724,0.38882882654039075
,0.7935802469135801,2.35387735532,0.1787639234254026
,0.8700000000000001,1.1962449814,0.8804489447094932
,0.0,1.95652173913,0.195652173913
28,1186,0.65,3.39549208955,0.20032591101098723
,0.67,0.110438054775,0.0017361734592794495
,0.6175,2.37545033141,0.046141200783741176
,0.6625,2.11929012204,0.14935592728024155
,0.7225,3.53092063831,0.31939759041612364
,0.712592592592592,0.952935923381,0.05910740451026955
,0.5750000000000001,1.76533776979,0.17881685436443817
,1.0,3.04347826087,0.695652173913
28,1356,0.73,3.55787356299,0.5025984246483549
,0.925,3.84475354443,0.8479836670065272
,0.774999999999999,5.26986113191,0.627073032173246
,0.8125,3.50000524784,0.6324436508661562
,0.7575000000000001,4.67111854714,0.45135659861274685
,0.8316049382716041,3.26562768338,0.2863242177572508
,0.79,2.35625331401,0.7418485462234307
,1.0,3.04347826087,0.695652173913
28,1357,0.72,3.71271247971,0.4662245206801514
,0.835,4.31245346156,0.38139916723081724
,0.78,5.51749870971,0.6540979701497522
,0.8075000000000001,3.55740178485,0.6147964504402346
,0.8025,4.64876520595,0.6882841678164078
,0.6083950617283951,0.112188551204,0.0021172669266256543
,0.76,2.76865120666,0.6646077952170786
,1.0,3.04347826087,0.695652173913
28,1386,0.6525000000000001,3.45752861901,0.2088928423472832
,0.8600000000000001,5.05158820501,0.4939428044249169
,0.7025,5.33216835406,0.2960398922399534
,0.7425,3.49387861423,0.3778229065109634
,0.6975,4.57187559277,0.21650199600549672
,0.866666666666666,3.9822728923,0.4134641972449148
,0.5825,1.8547344745,0.19239122718934026
,1.0,3.04347826087,0.695652173913
28,1404,0.77,2.86735260891,0.6309086621203261
,0.75,1.66778437399,0.05510422978100589
,0.6725,2.96205138551,0.17425167620002252
,0.7875000000000001,3.69530660334,0.5420212501783096
,0.6725,3.33836675604,0.112851816999716
,0.575802469135802,0.0200736292315,0.0002904666659190238
,0.75,2.86703293073,0.6364099405112361
,1.0,3.04347826087,0.695652173913
28,1500,0.387499999999999,7.10944800267e-05,8.354157990697984e-07
,0.9375,3.06678579579,0.890991257144039
,0.5675,0.0637129447972,0.000859183583591758
,0.5825,0.792786211343,0.035507297215684866
,0.73,3.38533657568,0.34517695741923765
,0.8859259259259251,4.35194201715,0.49379658452816394
,0.6875,2.94226865523,0.4502361051432552
,1.0,3.04347826087,0.695652173913
28,1501,0.4,0.000191149305402,2.3593311189178115e-06
,0.9450000000000001,2.66928573303,0.9124799326838959
,0.505,0.000696816162513,8.187592554763769e-06
,0.6025,1.0847534696,0.05422092159125212
,0.6425000000000001,1.2942238646,0.0464994732407043
,0.775308641975308,1.86950008951,0.14021047386606716
,0.55,1.47987690475,0.1382952958061517
,1.0,3.04347826087,0.695652173913
28,1511,0.5925,1.55565919382,0.05648889232885371
,0.8700000000000001,5.68331772411,0.5476719837277549
,0.52,0.0022196617747,2.8056141855166025e-05
,0.54,0.332193230085,0.012482093350893002
,0.6125,0.566679156332,0.02092119925056156
,0.724444444444444,1.02670225505,0.07081761847324446
,0.6075,2.15899240887,0.24255316950428674
,0.0,1.95652173913,0.195652173913
28,1556,0.6525000000000001,3.45752861901,0.2088928423472832
,0.7825000000000001,3.7317246899,0.14025804479387494
,0.6625,2.42437899701,0.14737484602750847
,0.705,2.92560495761,0.25664931587611284
,0.675,3.54133629277,0.12145242749083277
,0.675555555555555,0.709045399035,0.027881972008353864
,0.705,3.00815787194,0.5023855343127942
,0.0,1.95652173913,0.195652173913
28,1630,0.6075,2.04533176099,0.08344468101892882
,0.64,0.0160136956604,0.0001903552529661109
,0.6325000000000001,2.36275655038,0.08306737151924257
,0.6825,2.50139750086,0.1955475574620517
,0.6525000000000001,1.82382620561,0.06193624493300891
,0.6335802469135801,0.288529580773,0.00694637904532631
,0.8525,1.39439584255,0.8578401906251292
,1.0,3.04347826087,0.695652173913
28,1667,0.49,0.0514488935005,0.0009668424831058897
,0.8,4.77347743178,0.21553250183634007
,0.6625,2.42437899701,0.14737484602750847
,0.6175,1.32445213358,0.07227154064646239
,0.68,3.92314067399,0.14013164073512524
,0.902222222222222,4.59257105857,0.5668193104013545
,0.75,2.86703293073,0.6364099405112361
,1.0,3.04347826087,0.695652173913
28,1680,0.6975,3.92562733228,0.3798577763759637
,0.8700000000000001,5.68331772411,0.5476719837277549
,0.6950000000000001,4.68871923664,0.2583389529307154
,0.7275,3.29851749181,0.3268154906810075
,0.7925000000000001,5.27614042046,0.6384720674707957
,0.875061728395061,4.14906724096,0.4475993006210478
,0.784999999999999,2.43422709965,0.7298712765070854
,0.0,1.95652173913,0.195652173913
28,1725,0.625,2.64054356752,0.12445390932025568
,0.7425,1.36609698201,0.043770603101939004
,0.6000000000000001,1.16723150878,0.014219212192397988
,0.6475000000000001,1.84255297727,0.11965596039042603
,0.685,4.24395069368,0.16058224719792402
,0.760987654320987,1.53109499803,0.11593379041853155
,0.615,2.24997801781,0.2590874239071177
,0.0,1.95652173913,0.195652173913
28,1764,0.645,3.26243619573,0.18367630728849618
,0.857499999999999,4.89505524892,0.4815110701232522
,0.67,2.82199441682,0.16702234550334963
,0.7425,3.49387861423,0.3778229065109634
,0.7075,4.27620979737,0.2610940242340729
,0.880987654320987,4.26235125211,0.47252454404014493
,0.7725000000000001,2.61510975932,0.6982889416669014
,1.0,3.04347826087,0.695652173913
28,1770,0.5525,0.575685715828,0.01574803039170526
,0.835,4.31245346156,0.38139916723081724
,0.5775,0.163824331129,0.001908867389676104
,0.64,1.70852226136,0.10634129325502903
,0.6025,0.455624945183,0.015830047991541564
,0.722962962962963,1.01615680253,0.0693044505961047
,0.635,2.48389655386,0.30645437504938694
,1.0,3.04347826087,0.695652173913
28,1799,0.8500000000000001,2.0553489613,0.8242219085821134
,0.8,4.77347743178,0.21553250183634007
,0.8400000000000001,1.91076403031,0.888959743634783
,0.885,2.08043277508,0.8383780638805823
,0.81,4.08830458629,0.7210627157724008
,0.7614814814814811,1.54164895017,0.11669248882216168
,0.8250000000000001,1.78579208539,0.8143190822829803
,1.0,3.04347826087,0.695652173913
28,1872,0.52,0.188580099027,0.00420352931729426
,0.9475,2.54312221079,0.9189949593376792
,0.6075,1.75531504977,0.025168104958663826
,0.6475000000000001,1.84255297727,0.11965596039042603
,0.66,2.33738428844,0.07748343610873339
,0.7866666666666661,2.16868390493,0.1631297738228424
,0.6075,2.15899240887,0.24255316950428674
,1.0,3.04347826087,0.695652173913
28,1927,0.52,0.188580099027,0.00420352931729426
,0.8400000000000001,4.27424943823,0.40282607954135574
,0.5775,0.163824331129,0.001908867389676104
,0.5775,0.726160849951,0.03171113384793144
,0.66,2.33738428844,0.07748343610873339
,0.8172839506172841,2.94938200401,0.24178726868594622
,0.5,0.970991891067,0.07735120936378423
,1.0,3.04347826087,0.695652173913
28,1996,0.6000000000000001,1.79532414858,0.06904726541921419
,0.7325,1.05600892158,0.031733348819376624
,0.525,0.00319831924253,4.146405804292218e-05
,0.495,0.103139089951,0.0035331712851277446
,0.67,3.13246929187,0.10476302015377736
,0.7866666666666661,2.16868390493,0.1631297738228424
,0.62,2.30992848455,0.27048748726584887
,1.0,3.04347826087,0.695652173913
28,1997,0.59,1.47878578212,0.05269618313901443
,0.67,0.110438054775,0.0017361734592794495
,0.6625,2.42437899701,0.14737484602750847
,0.685,2.54948797975,0.20186117722690616
,0.6900000000000001,4.46899412665,0.182411122033648
,0.493827160493827,1.91242922428e-05,1.6886908857968005e-07
,0.7775000000000001,2.54555777309,0.711192331364985
,0.0,1.95652173913,0.195652173913
28,2335,0.485,0.0403560768272,0.0007383052062708145
,0.6900000000000001,0.282111553275,0.005475488320973818
,0.5825,0.268709608567,0.0029691974456906795
,0.64,1.70852226136,0.10634129325502903
,0.675,3.54133629277,0.12145242749083277
,0.884444444444444,4.32563328985,0.48736868523774246
,0.75,2.86703293073,0.6364099405112361
,1.0,3.04347826087,0.695652173913
28,2465,0.555,0.619893373245,0.017242027258131183
,0.7225,0.814943076524,0.022422108168560325
,0.7775000000000001,5.41065353536,0.6404300985273661
,0.6675,2.21381111152,0.16018827627085577
,0.7225,3.53092063831,0.31939759041612364
,0.8153086419753081,2.90327671102,0.2360067537402738
,-0.25,9.45329755482e-12,1.347608514640037e-13
,0.0,1.95652173913,0.195652173913
28,2605,0.355,4.23308834431e-06,4.4150671520910724e-08
,0.59,0.000136947719161,1.1278877005717594e-06
,0.3025,1.01513289621e-14,6.021380087368258e-17
,0.339999999999999,0.000684369660259,1.5936380218659984e-05
,0.339999999999999,4.11247249194e-08,3.7306335597735826e-10
,0.803456790123456,2.61234552606,0.2032976844451678
,-0.25,9.45329755482e-12,1.347608514640037e-13
,0.0,1.95652173913,0.195652173913
28,2876,0.889999999999999,1.5927370141,0.8977779373033712
,0.9550000000000001,2.1754972937,0.9366811841127702
,0.794999999999999,5.27759108072,0.7369797583762534
,0.8174999999999991,3.43397368698,0.6497821039758156
,0.8400000000000001,2.42878341613,0.8151331695511379
,0.886913580246913,4.36917465816,0.4981033298079115
,0.6075,2.15899240887,0.24255316950428674
,1.0,3.04347826087,0.695652173913
28,2877,0.635,2.9659425839,0.15250437651989607
,0.8075000000000001,4.95336822841,0.2521456941249409
,0.75,3.65040332889,0.5178733206014274
,0.6725,2.3091911213,0.17149547389546238
,0.635,1.01323033231,0.03790422142951066
,0.845432098765432,3.55161017481,0.33346824185529167
,0.6875,2.94226865523,0.4502361051432552
,0.0,1.95652173913,0.195652173913
28,2958,0.7475,3.24979621976,0.5621992729531062
,0.8775000000000001,6.03759813352,0.591731729854686
,0.59,0.542010696944,0.0059094621943834285
,0.5325,0.2772686564,0.010201453641571035
,0.65,1.67415357975,0.05756614058997342
,0.9797530864197531,2.92925002572,0.8926560858573058
,0.6825,2.91355325523,0.4355948765817454
,1.0,3.04347826087,0.695652173913
28,4771,0.5175000000000001,0.170956027017,0.003754401905115445
,0.8975000000000001,5.85641852689,0.7136618856708531
,0.635,2.28048942399,0.08887278935023898
,0.705,2.92560495761,0.25664931587611284
,0.705,4.38740096126,0.2502606180049849
,0.79753086419753,2.45857485504,0.18827044961048622
,0.6025,2.0979421901,0.23191075950232415
,0.0,1.95652173913,0.195652173913
28,4778,0.6575000000000001,3.57174462049,0.22647168180891541
,0.9400000000000001,2.93030225026,0.8984866284553441
,0.7125,5.62505245549,0.3515465845627087
,0.774999999999999,3.70646846298,0.4957014276670231
,0.6875,4.3704327211,0.17135566462217672
,0.941234567901234,4.43712189204,0.7473069422185274
,0.7875000000000001,2.39556082414,0.7359086537267867
,0.0,1.95652173913,0.195652173913
28,4801,0.6725,3.82566851311,0.2821270818988876
,0.764999999999999,2.49596693222,0.08595596305446675
,0.625,2.50960863013,0.06466411899703359
,0.64,1.70852226136,0.10634129325502903
,0.735,3.43395469359,0.36217601977729763
,0.8103703703703701,2.78501229596,0.22195981974017823
,0.7075,3.0127004355,0.5099118791381868
,0.0,1.95652173913,0.195652173913
28,4805,0.6975,3.92562733228,0.3798577763759637
,0.9125000000000001,4.79894641115,0.7940963690666233
,0.74,3.73477697014,0.4814739688904587
,0.8400000000000001,3.04591288133,0.7229299114294283
,0.7725000000000001,5.47668023794,0.5281540189793599
,0.940246913580246,4.45892065066,0.7429137512253157
,0.7675000000000001,2.68025959831,0.6850485742078471
,1.0,3.04347826087,0.695652173913
28,4819,0.56,0.715244074981,0.02057599179207027
,0.7225,0.814943076524,0.022422108168560325
,0.6725,2.96205138551,0.17425167620002252
,0.715,3.1007655962,0.2867915315703731
,0.6725,3.33836675604,0.112851816999716
,0.884444444444444,4.32563328985,0.48736868523774246
,0.6025,2.0979421901,0.23191075950232415
,1.0,3.04347826087,0.695652173913
28,4977,0.705,3.88129046853,0.40915277944974715
,0.8500000000000001,4.50074493521,0.4463665979540698
,0.725,4.85542302284,0.4180421367824083
,0.685,2.54948797975,0.20186117722690616
,0.71,4.14961068933,0.271628807040294
,0.7970370370370371,2.44556643504,0.18705954947526757
,0.64,2.539149161,0.31901267360456276
,0.0,1.95652173913,0.195652173913
28,5024,0.495,0.0650908419263,0.0012570401706918845
,0.7425,1.36609698201,0.043770603101939004
,0.6525000000000001,2.04923884296,0.12524576379838473
,0.7625000000000001,3.66330600401,0.4495861105830794
,0.7000000000000001,4.53972756648,0.2278981806517551
,0.9032098765432091,4.60332810611,0.5713605396435402
,0.67,2.82538879771,0.3997034397330953
,0.0,1.95652173913,0.195652173913
28,5041,0.36250000000000004,8.38238027333e-06,8.97736518510201e-08
,0.6375000000000001,0.0132237575047,0.00015390501567661696
,0.454999999999999,7.38641816921e-06,7.009351246647527e-08
,0.47750000000000004,0.063087226092,0.0021058640601189916
,0.41000000000000003,3.09352522905e-05,3.591294325221705e-07
,0.8246913580246911,3.11655218936,0.2642590400671452
,0.75,2.86703293073,0.6364099405112361
,1.0,3.04347826087,0.695652173913
28,5303,0.6950000000000001,3.93338768944,0.3700332430869814
,0.8600000000000001,5.05158820501,0.4939428044249169
,0.47250000000000003,4.09000210095e-05,4.1632123692037334e-07
,0.5,0.118394605067,0.004086190469794758
,0.75,4.15752142004,0.4182560546557371
,0.78716049382716,2.1819258217,0.1642039982267261
,0.25,0.0306608170259,0.0013400968714344585
,0.0,1.95652173913,0.195652173913
28,5309,0.585,1.33033247103,0.04567645475830451
,0.7675000000000001,2.66117278311,0.09240106278451077
,0.6900000000000001,4.2150330271,0.23608708752382626
,0.6950000000000001,2.74033307715,0.2283131312597828
,0.6975,4.57187559277,0.21650199600549672
,0.9041975308641971,4.6135354544,0.5759121232208457
,0.6950000000000001,2.97745685789,0.47244122241039677
,1.0,3.04347826087,0.695652173913
28,5385,0.5075000000000001,0.113381468091,0.0023489484475608976
,0.8425,4.29269268369,0.41352933363891425
,0.5875,0.432857149714,0.004694886318979928
,0.6000000000000001,1.04632915907,0.051557168964883604
,0.6075,0.508106116675,0.018237253459604114
,0.9446913580246911,4.35286588622,0.7625030676173593
,0.7625000000000001,2.7405050541,0.6714945236774201
,1.0,3.04347826087,0.695652173913
28,5562,0.7575000000000001,3.07281329541,0.5938065641229827
,0.9575,2.05577619537,0.9419699957788262
,0.774999999999999,5.26986113191,0.627073032173246
,0.8200000000000001,3.39786776881,0.6583223231264035
,0.8025,4.64876520595,0.6882841678164078
,0.9111111111111111,4.66801443478,0.6080144011678588
,0.6875,2.94226865523,0.4502361051432552
,1.0,3.04347826087,0.695652173913
28,5627,0.5675,0.875837224804,0.02652933770774297
,0.59,0.000136947719161,1.1278877005717594e-06
,0.5225000000000001,0.00266788891747,3.4149740203257033e-05
,0.66,2.07241598405,0.14411635196300987
,0.59,0.342091152476,0.010866894008991169
,0.7688888888888881,1.71028235453,0.12872525261757845
,0.6675,2.80521572729,0.39266502007455084
,0.0,1.95652173913,0.195652173913
28,5729,0.41000000000000003,0.000405966857615,5.2192743238880855e-06
,0.6375000000000001,0.0132237575047,0.00015390501567661696
,0.5225000000000001,0.00266788891747,3.4149740203257033e-05
,0.545,0.373188927238,0.014244063941178973
,0.5,0.0123058815902,0.00021736609536862866
,0.826172839506172,3.1489981972,0.26890022551828385
,0.5,0.970991891067,0.07735120936378423
,1.0,3.04347826087,0.695652173913
28,7055,0.464999999999999,0.014133531004,0.00023328141330391857
,0.6375000000000001,0.0132237575047,0.00015390501567661696
,0.47250000000000003,4.09000210095e-05,4.1632123692037334e-07
,0.5675,0.602097451573,0.025080486844878666
,0.54,0.0731590179389,0.0016401958641890444
,0.7412345679012341,1.19218567104,0.08931188361591438
,0.8075000000000001,2.07032403059,0.7805994069037756
,1.0,3.04347826087,0.695652173913
28,7341,0.6025,1.8777332452,0.07363836358276366
,0.7675000000000001,2.66117278311,0.09240106278451077
,0.6125,2.11343409055,0.03486834472603295
,0.754999999999999,3.61334586876,0.42228791547549877
,0.7000000000000001,4.53972756648,0.2278981806517551
,0.8864197530864191,4.3605902246,0.49594782962842243
,0.5,0.970991891067,0.07735120936378423
,1.0,3.04347826087,0.695652173913
28,7342,0.52,0.188580099027,0.00420352931729426
,0.847499999999999,4.40710086989,0.4352365005185688
,0.545,0.0125421527657,0.00017968357296076096
,0.56,0.517787505612,0.020885786175622076
,0.5875,0.321826794897,0.010037154487264905
,0.9061728395061721,4.63222575078,0.5850441259679391
,0.59,1.94537713176,0.20664099579736478
,0.0,1.95652173913,0.195652173913
28,7343,0.665,3.71619820837,0.2538224843750449
,0.9125000000000001,4.79894641115,0.7940963690666233
,0.6875,3.99191090419,0.22583132746981305
,0.715,3.1007655962,0.2867915315703731
,0.7075,4.27620979737,0.2610940242340729
,0.9619753086419751,3.75862921366,0.8329931174919898
,0.6325000000000001,2.45568383092,0.30027982322674
,1.0,3.04347826087,0.695652173913
28,7588,0.845,2.10082855335,0.8138305080400574
,0.8150000000000001,4.90986034912,0.2892671967703979
,0.6725,2.96205138551,0.17425167620002252
,0.6175,1.32445213358,0.07227154064646239
,0.6950000000000001,4.57107575284,0.20506630263940898
,0.958024691358024,3.91764043255,0.8178261286902364
,0.6025,2.0979421901,0.23191075950232415
,0.0,1.95652173913,0.195652173913
28,7599,0.5325,0.299874990135,0.0072138319966316465
,0.9500000000000001,2.41901539663,0.9251972527001164
,0.5625,0.0421368882289,0.0005992344051357207
,0.5675,0.602097451573,0.025080486844878666
,0.6000000000000001,0.431119335527,0.01472183186983125
,0.9456790123456791,4.32653805682,0.766789274816023
,0.75,2.86703293073,0.6364099405112361
,0.0,1.95652173913,0.195652173913
28,7903,0.5375,0.35660625475,0.008851885474578953
,0.64,0.0160136956604,0.0001903552529661109
,0.6425000000000001,2.0564427962,0.10507544976233493
,0.645,1.79754464977,0.11510590717008898
,0.68,3.92314067399,0.14013164073512524
,0.6716049382716051,0.672558300098,0.025152208542441924
,0.75,2.86703293073,0.6364099405112361
,0.0,1.95652173913,0.195652173913
28,8207,0.54,0.387874488192,0.009782071694079733
,0.7775000000000001,3.36881048262,0.12250480297919294
,0.7375,3.85393722933,0.471995872714678
,0.6575000000000001,2.02582558418,0.13899361080964645
,0.6975,4.57187559277,0.21650199600549672
,0.7046913580246911,0.910521610837,0.05174622366473025
,0.6625,2.76258680424,0.3787442803906267
,1.0,3.04347826087,0.695652173913
28,8290,0.75,3.20497097179,0.5702676861063859
,0.8300000000000001,4.43397377188,0.35956172057751423
,0.7825000000000001,5.58514080667,0.6679848743429246
,0.8325,3.18958241161,0.6995393599335604
,0.77,5.38595155214,0.5145710048956836
,0.8898765432098761,4.4192348063,0.5111238309688144
,0.8925000000000001,0.995791912817,0.9050082275234486
,1.0,3.04347826087,0.695652173913
28,8961,0.5325,0.299874990135,0.0072138319966316465
,0.9075000000000001,5.19251791823,0.7691110297274779
,0.6325000000000001,2.36275655038,0.08306737151924257
,0.6025,1.0847534696,0.05422092159125212
,0.6625,2.52729671847,0.08356262039552281
,0.835555555555555,3.34855540335,0.2993897151437973
,0.535,1.31887555069,0.11731418231633703
,1.0,3.04347826087,0.695652173913
28,9191,0.5925,1.55565919382,0.05648889232885371
,0.6825,0.204509573799,0.003661065896861883
,0.605,1.55852989608,0.021024695893881815
,0.63,1.53446158997,0.09013079988946807
,0.685,4.24395069368,0.16058224719792402
,0.28098765432098705,3.51252046407e-21,1.501911142034768e-23
,0.5825,1.8547344745,0.19239122718934026
,1.0,3.04347826087,0.695652173913
28,9518,0.675,3.85402858968,0.2917275616472305
,0.8500000000000001,4.50074493521,0.4463665979540698
,0.625,2.50960863013,0.06466411899703359
,0.725,3.26121790478,0.31861556655040923
,0.7000000000000001,4.53972756648,0.2278981806517551
,0.919012345679012,4.68799274977,0.6450088803856565
,0.75,2.86703293073,0.6364099405112361
,0.0,1.95652173913,0.195652173913
28,10630,0.7075,3.8599992463,0.4188300297836197
,0.867499999999999,5.53384671037,0.5336482488398527
,0.6675,2.68512945583,0.1601390894314885
,0.7225,3.22272687854,0.3105103940745616
,0.7275,3.40563634692,0.3366944163273532
,0.7698765432098761,1.73408713729,0.1304261529309292
,0.58,1.8247779878,0.18779186716107452
,0.0,1.95652173913,0.195652173913
28,10672,0.5,0.0817279730056,0.0016227404471047182
,0.9275,3.6740111277,0.8573804275196976
,0.535,0.00644158866674,8.79373144524369e-05
,0.6425000000000001,1.75286744008,0.11066796117505817
,0.6075,0.508106116675,0.018237253459604114
,0.72395061728395,1.02313187361,0.07031148892026695
,-0.25,9.45329755482e-12,1.347608514640037e-13
,1.0,3.04347826087,0.695652173913
28,11039,0.72,3.71271247971,0.4662245206801514
,0.8125,4.94796118838,0.2769404104568911
,0.7625000000000001,4.31801281899,0.5669667210027314
,0.8425,2.99557317487,0.7304819950437622
,0.735,3.43395469359,0.36217601977729763
,0.0,1.56994149302e-59,4.015219058152011e-62
,0.715,3.01826420587,0.5325357088025837
,0.0,1.95652173913,0.195652173913
28,11140,0.55,0.533750611364,0.014361704688668311
,0.7825000000000001,3.7317246899,0.14025804479387494
,0.5775,0.163824331129,0.001908867389676104
,0.6325000000000001,1.57747877213,0.09402065605170842
,0.6975,4.57187559277,0.21650199600549672
,0.245432098765432,6.28755253752e-25,2.4770810825786312e-27
,0.5275000000000001,1.24115600321,0.10771518072437866
,0.0,1.95652173913,0.195652173913
28,11230,0.6125,2.21539624336,0.09409579871081661
,0.8975000000000001,5.85641852689,0.7136618856708531
,0.6725,2.96205138551,0.17425167620002252
,0.6950000000000001,2.74033307715,0.2283131312597828
,0.74,3.59411531124,0.3797032031255594
,0.8301234567901231,3.23415214407,0.28150953789507105
,0.6825,2.91355325523,0.4355948765817454
,0.0,1.95652173913,0.195652173913
28,11275,0.8200000000000001,2.30762150372,0.7586879466190244
,0.8775000000000001,6.03759813352,0.591731729854686
,0.7875000000000001,5.59060276148,0.6959981208827459
,0.8775000000000001,2.23862271426,0.8221850749701518
,0.8225,3.21719311272,0.7665304756799445
,0.8740740740740741,4.12974233994,0.44351099106514846
,0.8250000000000001,1.78579208539,0.8143190822829803
,0.0,1.95652173913,0.195652173913
28,12534,0.5625,0.766426269674,0.022427590546286548
,0.735,1.12561854654,0.03445944046444823
,0.6475000000000001,1.99884321058,0.11517144236101617
,0.6525000000000001,1.93355257716,0.12909568257902015
,0.665,2.72441605929,0.09012593614516534
,0.895308641975308,4.50344381275,0.535363135180161
,0.6900000000000001,2.95508482756,0.4576080172208944
,1.0,3.04347826087,0.695652173913
28,14112,0.705,3.88129046853,0.40915277944974715
,0.8174999999999991,4.85186234486,0.3014731008127931
,0.75,3.65040332889,0.5178733206014274
,0.77,3.69547091678,0.4771930098821521
,0.754999999999999,4.49937419157,0.4398929023481294
,0.869135802469135,4.03182103149,0.423358200849217
,0.715,3.01826420587,0.5325357088025837
,1.0,3.04347826087,0.695652173913
28,15812,0.5,0.0817279730056,0.0016227404471047182
,0.7125,0.616090687417,0.015295725829380132
,0.5750000000000001,0.128057673652,0.001545953364544484
,0.5675,0.602097451573,0.025080486844878666
,0.62,0.67242066551,0.025551182047398927
,0.8222222222222221,3.061781359,0.25663128335276136
,0.5475,1.45250972816,0.13462985780233205
,0.0,1.95652173913,0.195652173913
28,15877,0.4325,0.00195603636423,2.7701367659776746e-05
,0.764999999999999,2.49596693222,0.08595596305446675
,0.47000000000000003,3.22835258743e-05,3.2524606075711466e-07
,0.43999999999999906,0.0212258129458,0.0006587017111999839
,0.545,0.0882048816796,0.002042692039018162
,0.741728395061728,1.19862117353,0.0899022021269103
,0.375,0.202964788281,0.01341049748104768
,0.0,1.95652173913,0.195652173913
28,15878,0.65,3.39549208955,0.20032591101098723
,0.8,4.77347743178,0.21553250183634007
,0.6975,4.92303233591,0.27035575052691513
,0.7025,2.88005347341,0.2493921188238
,0.75,4.15752142004,0.4182560546557371
,0.8696296296296291,4.04169235089,0.42535166153645493
,0.6925,2.96682613435,0.46501063356671923
,1.0,3.04347826087,0.695652173913
28,16373,0.5975,1.71407113701,0.06466077914745269
,0.7000000000000001,0.411816283921,0.00892001601744183
,0.6925,4.4496006446,0.2469161096182692
,0.65,1.88789024991,0.12431894622516232
,0.6925,4.53654775164,0.1936747655749894
,0.6641975308641971,0.599370711116,0.020438023386718747
,0.6675,2.80521572729,0.39266502007455084
,0.0,1.95652173913,0.195652173913
28,17703,0.42750000000000005,0.00139938785868,1.938462086205458e-05
,0.595,0.00024108288182,2.050084751625907e-06
,0.635,2.28048942399,0.08887278935023898
,0.76,3.64857138593,0.44044585632529765
,0.605,0.481229369741,0.017000870940664006
,0.9827160493827161,2.78088251526,0.9011157914677638
,0.0,1.21045895279e-05,2.6402835118594646e-07
,0.0,1.95652173913,0.195652173913
28,17743,0.6625,3.67180341701,0.24458668020828764
,0.784999999999999,3.90953657319,0.14981047971908507
,0.6725,2.96205138551,0.17425167620002252
,0.6825,2.50139750086,0.1955475574620517
,0.665,2.72441605929,0.09012593614516534
,0.8755555555555551,4.15868956896,0.4496505997433533
,0.5,0.970991891067,0.07735120936378423
,1.0,3.04347826087,0.695652173913
28,17938,0.4575,0.00923025137577,0.00014683991728316526
,0.7125,0.616090687417,0.015295725829380132
,0.3125,5.23484308021e-14,3.183912442862984e-16
,0.262499999999999,2.06810178908e-05,3.9218507839672763e-07
,0.4375,0.000259634154226,3.377244177828594e-06
,0.908148148148148,4.64849122375,0.5942106777344586
,0.5,0.970991891067,0.07735120936378423
,0.0,1.95652173913,0.195652173913
28,17979,0.49,0.0514488935005,0.0009668424831058897
,0.6775,0.161833324765,0.0027481406109888663
,0.6525000000000001,2.04923884296,0.12524576379838473
,0.6825,2.50139750086,0.1955475574620517
,0.7325,3.39488689053,0.3536460083942635
,0.752592592592592,1.36665374518,0.103790711688919
,0.7125,3.01778600166,0.5249903538776689
,0.0,1.95652173913,0.195652173913
28,18166,0.5625,0.766426269674,0.022427590546286548
,0.8825000000000001,6.1609341368,0.622271796104233
,0.5875,0.432857149714,0.004694886318979928
,0.6625,2.11929012204,0.14935592728024155
,0.64,1.19018691675,0.04339622778257611
,0.997037037037037,2.07068187646,0.9358157370467586
,0.6125,2.2197633454,0.25350021876958595
,1.0,3.04347826087,0.695652173913
28,18246,0.77,2.86735260891,0.6309086621203261
,0.8725,5.81971804846,0.5620539361660062
,0.784999999999999,5.61005412068,0.681988013899937
,0.78,3.70875639279,0.5142431762639401
,0.7525000000000001,4.32683094805,0.42886039628243855
,0.9624691358024691,3.73792384148,0.8348441254682757
,0.774999999999999,2.5808500566,0.7047841138851287
,0.0,1.95652173913,0.195652173913
28,18248,0.8174999999999991,2.32822948105,0.7528931929738008
,0.9075000000000001,5.19251791823,0.7691110297274779
,0.7475,3.61257662692,0.5088024808305106
,0.7725000000000001,3.70204050809,0.48644034140042985
,0.8625,1.97146694496,0.8640244427250621
,0.8562962962962961,3.77236450746,0.3732535120414153
,0.9175000000000001,0.822796948676,0.9276600868108176
,1.0,3.04347826087,0.695652173913
28,18270,0.6275000000000001,2.72380707965,0.13115955728531178
,0.7925000000000001,4.40140379247,0.18102740659774044
,0.6775,3.2576579032,0.1897895714233275
,0.764999999999999,3.67606262834,0.45876073798655326
,0.7425,3.70990482724,0.38882882654039075
,0.9501234567901231,4.19594586495,0.7857353929270576
,0.645,2.59264169668,0.33184293323193687
,0.0,1.95652173913,0.195652173913
28,18297,0.7275,3.5988381617,0.493652272560166
,0.8525,4.6155703066,0.45775789656712934
,0.745,3.61346238832,0.4997781517769524
,0.7525000000000001,3.59294626308,0.4132796713165107
,0.745,3.84499340359,0.39826881895996136
,0.853333333333333,3.71222058292,0.36216523313380644
,0.75,2.86703293073,0.6364099405112361
,1.0,3.04347826087,0.695652173913
28,18311,0.41750000000000004,0.000698647898143,9.269077627361357e-06
,0.8300000000000001,4.43397377188,0.35956172057751423
,0.382499999999999,1.5466772886e-09,1.1433822250911077e-11
,0.42000000000000004,0.0115425008498,0.0003400857300588198
,0.58,0.265527007283,0.007838764812239826
,0.838024691358024,3.39977406765,0.30772106925715814
,0.75,2.86703293073,0.6364099405112361
,0.0,1.95652173913,0.195652173913
28,18312,0.48250000000000004,0.035638555732,0.0006434187765691914
,0.9025000000000001,5.55516291903,0.7422225838648893
,0.48250000000000004,0.000102619288521,1.0895925157845265e-06
,0.5275000000000001,0.244860154231,0.008897494564526025
,0.6525000000000001,1.82382620561,0.06193624493300891
,0.7891358024691351,2.23492130643,0.16856631351683704
,1.0,0.383117055226,0.9765822213156177
,0.0,1.95652173913,0.195652173913
28,18319,0.615,2.30085592013,0.09974109058407324
,0.7525000000000001,1.7845580947,0.05941787555421339
,0.485,0.000128304038379,1.3771155277428693e-06
,0.53,0.26065550615,0.009529220841505755
,0.48250000000000004,0.00477955394695,7.691191307467133e-05
,0.8538271604938271,3.72224588232,0.3640009038890067
,0.47750000000000004,0.768864796721,0.05781447459057157
,1.0,3.04347826087,0.695652173913
28,18392,0.52,0.188580099027,0.00420352931729426
,0.725,0.870522049045,0.024528378891647572
,0.5775,0.163824331129,0.001908867389676104
,0.595,0.970994550625,0.04651473011064744
,0.5975,0.407587174762,0.013673641151283108
,0.655308641975308,0.506547268972,0.015520502767641838
,0.5775,1.7949748877,0.1832672093887201
,0.0,1.95652173913,0.195652173913
28,18476,0.6875,3.93386558498,0.34050917964828586
,0.8925000000000001,6.06881048672,0.6838069656329187
,0.7075,5.58717869096,0.32341900413922864
,0.73,3.33456231054,0.33510710831677093
,0.784999999999999,5.54723892008,0.5977503505364656
,0.8730864197530861,4.11031874089,0.43944181737584426
,0.75,2.86703293073,0.6364099405112361
,0.0,1.95652173913,0.195652173913
28,18739,0.5875,1.40363885275,0.04909352435900958
,0.847499999999999,4.40710086989,0.4352365005185688
,0.6925,4.4496006446,0.2469161096182692
,0.754999999999999,3.61334586876,0.42228791547549877
,0.745,3.84499340359,0.39826881895996136
,0.7308641975308641,1.07893857031,0.07757032074760303
,0.6875,2.94226865523,0.4502361051432552
,1.0,3.04347826087,0.695652173913
28,18763,0.5,0.0817279730056,0.0016227404471047182
,0.9575,2.05577619537,0.9419699957788262
,0.29250000000000004,1.88667170706e-15,1.0920689549052378e-17
,0.29250000000000004,8.80491034112e-05,1.800835307551417e-06
,0.5825,0.283549833055,0.00852495636297498
,0.955555555555555,4.01059763049,0.808037114682481
,-0.25,9.45329755482e-12,1.347608514640037e-13
,0.0,1.95652173913,0.195652173913
28,19718,0.635,2.9659425839,0.15250437651989607
,0.905,5.3796136153,0.7558938647572518
,0.6925,4.4496006446,0.2469161096182692
,0.77,3.69547091678,0.4771930098821521
,0.9225000000000001,1.00807866454,0.9537401556833989
,0.8444444444444441,3.53147317609,0.32997042105337177
,0.875,1.14687660568,0.8863054846203864
,1.0,3.04347826087,0.695652173913
28,19745,0.625,2.64054356752,0.12445390932025568
,0.857499999999999,4.89505524892,0.4815110701232522
,0.857499999999999,1.43085042959,0.9178938748625551
,0.857499999999999,2.67640157061,0.7730510450005955
,0.8925000000000001,1.49936579786,0.9162125265643015
,0.6167901234567901,0.159387100077,0.003249110818932788
,-0.25,9.45329755482e-12,1.347608514640037e-13
,0.0,1.95652173913,0.195652173913
28,20639,0.3375,7.97089775227e-07,7.832811415302706e-09
,0.81,4.96309256237,0.2645465653228805
,0.4425,2.00945144237e-06,1.81850566789529e-08
,0.41500000000000004,0.00986658893845,0.00028666330929341053
,0.5275000000000001,0.0442975381731,0.0009181697979732226
,0.972345679012345,3.2918852823,0.8696049920927214
,0.5825,1.8547344745,0.19239122718934026
,0.0,1.95652173913,0.195652173913
28,25302,0.39,8.70131859149e-05,1.0324156159079866e-06
,0.725,0.870522049045,0.024528378891647572
,0.48750000000000004,0.000159994902012,1.7361118349303117e-06
,0.5625,0.545022895916,0.022214115958103502
,0.5125000000000001,0.0227135824183,0.00043054521497320694
,0.925925925925925,4.66187345415,0.6773545207132153
,0.5,0.970991891067,0.07735120936378423
,1.0,3.04347826087,0.695652173913
28,27972,0.6675,3.75669461959,0.26316442212617963
,0.827499999999999,4.51568141541,0.3483766710503571
,0.7025,5.33216835406,0.2960398922399534
,0.7775000000000001,3.70871838947,0.5049708686224375
,0.7525000000000001,4.32683094805,0.42886039628243855
,0.779753086419753,1.98476407201,0.14877429936972678
,0.6675,2.80521572729,0.39266502007455084
,1.0,3.04347826087,0.695652173913
28,28024,1.0,0.262912589382,0.9920888476728028
,1.0,0.473513964548,0.99176011765666
,0.899999999999999,0.738909065296,0.9622422245146207
,0.8500000000000001,2.8389107836,0.7523660168322737
,1.0,0.186530529158,0.9948692956490706
,0.8562962962962961,3.77236450746,0.3732535120414153
,0.9175000000000001,0.822796948676,0.9276600868108176
,0.0,1.95652173913,0.195652173913
28,28466,0.5875,1.40363885275,0.04909352435900958
,0.9575,2.05577619537,0.9419699957788262
,0.68,3.41894995861,0.1981328704181265
,0.68,2.45327237057,0.18935421849372258
,0.665,2.72441605929,0.09012593614516534
,0.9456790123456791,4.32653805682,0.766789274816023
,0.61,2.18942583568,0.24798870952912477
,0.0,1.95652173913,0.195652173913
28,28484,0.61,2.13015324187,0.08866392861301622
,0.8600000000000001,5.05158820501,0.4939428044249169
,0.625,2.50960863013,0.06466411899703359
,0.5675,0.602097451573,0.025080486844878666
,0.6375000000000001,1.09674657694,0.04053970381702642
,0.9358024691358021,4.54443271046,0.7228986733719825
,0.605,2.12848934402,0.2371938054961853
,0.0,1.95652173913,0.195652173913
28,28512,0.635,2.9659425839,0.15250437651989607
,0.7525000000000001,1.7845580947,0.05941787555421339
,0.6775,3.2576579032,0.1897895714233275
,0.725,3.26121790478,0.31861556655040923
,0.764999999999999,5.14298396282,0.48821757583802244
,0.9906172839506171,2.38473685714,0.9215205584918136
,0.827499999999999,1.74673609771,0.8187346275621252
,1.0,3.04347826087,0.695652173913
28,28570,0.4325,0.00195603636423,2.7701367659776746e-05
,0.6375000000000001,0.0132237575047,0.00015390501567661696
,0.5,0.000463727577887,5.323168607901573e-06
,0.47500000000000003,0.0587561371388,0.001953621494358
,0.4625,0.00142770140324,2.0807959556699817e-05
,0.7214814814814811,1.00608295407,0.0678065506003778
,0.7225,3.01108418651,0.5551539703870929
,1.0,3.04347826087,0.695652173913
28,28894,0.459999999999999,0.0106600898503,0.0001716641023979159
,0.705,0.487922448032,0.011166256225864769
,0.62,2.45657617001,0.05218875524249332
,0.67,2.26140869281,0.1657822591243223
,0.6475000000000001,1.5359741438,0.053555892973022406
,0.7851851851851851,2.12900244685,0.159946312278342
,0.5,0.970991891067,0.07735120936378423
,0.0,1.95652173913,0.195652173913
28,29183,0.5825,1.25896893059,0.0424402426410442
,0.8225,4.69368880439,0.32535478725442424
,0.635,2.28048942399,0.08887278935023898
,0.6475000000000001,1.84255297727,0.11965596039042603
,0.6900000000000001,4.46899412665,0.182411122033648
,0.84,3.4404862527,0.3144769159837694
,0.5825,1.8547344745,0.19239122718934026
,0.0,1.95652173913,0.195652173913
28,29184,0.449999999999999,0.00592010964531,9.08575570080495e-05
,0.774999999999999,3.18736698887,0.11430986934776356
,0.5700000000000001,0.0796644029724,0.0010375042147150778
,0.5725,0.66253221664,0.028240692933666715
,0.62,0.67242066551,0.025551182047398927
,0.8222222222222221,3.061781359,0.25663128335276136
,0.5375,1.34518415859,0.12064421431911046
,0.0,1.95652173913,0.195652173913
28,29229,0.3075,3.55501717923e-08,3.175358469493141e-10
,0.7725000000000001,3.00804638571,0.10656619469902748
,0.34750000000000003,1.16688571964e-11,7.788387781599879e-14
,0.34750000000000003,0.000921059295678,2.191642936989925e-05
,0.36750000000000005,6.82906303784e-07,6.781524591853762e-09
,0.8493827160493821,3.63198587985,0.34765813428875914
,0.4375,0.47133508205,0.033321076162315895
,1.0,3.04347826087,0.695652173913
28,29338,0.62,2.47157242207,0.11167251614330273
,0.615,0.00189629699741,1.8505511547372404e-05
,0.6525000000000001,2.04923884296,0.12524576379838473
,0.6900000000000001,2.64533747229,0.21484849119160915
,0.7000000000000001,4.53972756648,0.2278981806517551
,0.602962962962962,0.0876345400674,0.0015765756960475752
,-0.25,9.45329755482e-12,1.347608514640037e-13
,0.0,1.95652173913,0.195652173913
28,29381,0.55,0.533750611364,0.014361704688668311
,0.66,0.0624391858066,0.0008895032530612722
,0.595,0.818957910863,0.009279395864669885
,0.67,2.26140869281,0.1657822591243223
,0.625,0.761515706956,0.029128233789188274
,0.5051851851851851,6.30668113344e-05,5.89689351568426e-07
,0.5325,1.29277001964,0.1140496673359718
,0.0,1.95652173913,0.195652173913
28,29764,0.5875,1.40363885275,0.04909352435900958
,0.774999999999999,3.18736698887,0.11430986934776356
,0.68,3.41894995861,0.1981328704181265
,0.7225,3.22272687854,0.3105103940745616
,0.7425,3.70990482724,0.38882882654039075
,0.829629629629629,3.22360837684,0.279915028019615
,0.6000000000000001,2.067375677,0.22670411065313362
,0.0,1.95652173913,0.195652173913
28,30094,0.5825,1.25896893059,0.0424402426410442
,0.63,0.00723324699789,7.916643696514906e-05
,0.62,2.45657617001,0.05218875524249332
,0.5625,0.545022895916,0.022214115958103502
,0.675,3.54133629277,0.12145242749083277
,0.8212345679012341,3.03961593184,0.2536182351905651
,0.625,2.36905228053,0.28218533124854084
,1.0,3.04347826087,0.695652173913
28,31557,0.5825,1.25896893059,0.0424402426410442
,0.9275,3.6740111277,0.8573804275196976
,0.5575,0.0290308446118,0.00042386583085751803
,0.7925000000000001,3.67481271548,0.5604504280988833
,0.725,3.45489740507,0.32812460462972837
,0.8627160493827161,3.90252270827,0.3978891451884494
,1.0,0.383117055226,0.9765822213156177
,0.0,1.95652173913,0.195652173913
28,32060,0.5625,0.766426269674,0.022427590546286548
,1.0,0.473513964548,0.99176011765666
,0.65,2.01025990567,0.12017700379556376
,0.55,0.417775753762,0.016219970225283768
,0.65,1.67415357975,0.05756614058997342
,0.9476543209876541,4.27092115505,0.7752812387384311
,0.75,2.86703293073,0.6364099405112361
,0.0,1.95652173913,0.195652173913
28,38608,0.764999999999999,2.94673526125,0.6163751657475802
,0.7875000000000001,4.0820897071,0.15980135269077556
,0.74,3.73477697014,0.4814739688904587
,0.67,2.26140869281,0.1657822591243223
,0.7275,3.40563634692,0.3366944163273532
,0.802469135802469,2.58705041125,0.20073006953764433
,0.75,2.86703293073,0.6364099405112361
,1.0,3.04347826087,0.695652173913
28,38649,0.867499999999999,1.87518995321,0.8586651474389424
,0.7575000000000001,2.04409184526,0.06897501115253596
,0.7525000000000001,3.7248959741,0.5270850759731406
,0.78,3.70875639279,0.5142431762639401
,0.7925000000000001,5.27614042046,0.6384720674707957
,0.811851851851851,2.82094495233,0.22611242855989014
,0.8225,1.82537222666,0.8098052302149574
,1.0,3.04347826087,0.695652173913
28,39144,0.5,0.0817279730056,0.0016227404471047182
,0.655,0.0456965753459,0.0006209285783296911
,0.5575,0.0290308446118,0.00042386583085751803
,0.63,1.53446158997,0.09013079988946807
,0.6425000000000001,1.2942238646,0.0464994732407043
,0.6666666666666661,0.624351328092,0.021948894532547746
,0.6675,2.80521572729,0.39266502007455084
,1.0,3.04347826087,0.695652173913
28,39247,0.595,1.63413336967,0.06047581339670153
,0.847499999999999,4.40710086989,0.4352365005185688
,0.65,2.01025990567,0.12017700379556376
,0.5525,0.441426179554,0.017293783995772825
,0.5750000000000001,0.231702111881,0.0065969238695933125
,0.9037037037037031,4.60850166788,0.5736350712173289
,0.5175000000000001,1.14024587511,0.09581071150064693
,1.0,3.04347826087,0.695652173913
28,39495,0.5525,0.575685715828,0.01574803039170526
,0.75,1.66778437399,0.05510422978100589
,0.7225,5.0747637889,0.4056263089790881
,0.6900000000000001,2.64533747229,0.21484849119160915
,0.764999999999999,5.14298396282,0.48821757583802244
,0.87358024691358,4.12004227017,0.4414740062207607
,0.66,2.74019332563,0.3718656607219927
,0.0,1.95652173913,0.195652173913
28,39581,0.47000000000000003,0.018590288395,0.00031463627966065024
,0.9575,2.05577619537,0.9419699957788262
,0.6175,2.37545033141,0.046141200783741176
,0.6675,2.21381111152,0.16018827627085577
,0.735,3.43395469359,0.36217601977729763
,0.8029629629629621,2.5997161568,0.20201075412280603
,-0.25,9.45329755482e-12,1.347608514640037e-13
,0.0,1.95652173913,0.195652173913
28,40799,0.5725,0.994576757104,0.0312015195152461
,0.9550000000000001,2.1754972937,0.9366811841127702
,0.68,3.41894995861,0.1981328704181265
,0.6225,1.40742222086,0.07910063687054988
,0.735,3.43395469359,0.36217601977729763
,0.96395061728395,3.6747774284,0.8403352030704521
,0.75,2.86703293073,0.6364099405112361
,0.0,1.95652173913,0.195652173913
28,40956,0.6575000000000001,3.57174462049,0.22647168180891541
,0.595,0.00024108288182,2.050084751625907e-06
,0.625,2.50960863013,0.06466411899703359
,0.72,3.18310958861,0.3025028707599001
,0.7825000000000001,5.58707237331,0.5838268600787795
,0.6474074074074071,0.423542386161,0.011847148200282232
,-0.25,9.45329755482e-12,1.347608514640037e-13
,0.0,1.95652173913,0.195652173913
28,41042,0.515,0.154699116194,0.003347609899871749
,0.8325,4.36461942203,0.370556853556042
,0.34750000000000003,1.16688571964e-11,7.788387781599879e-14
,0.444999999999999,0.0246240830321,0.0007731284369401567
,0.5425,0.0804078720834,0.0018320427160294277
,0.8207407407407401,3.02847590971,0.25211993931878324
,-0.25,9.45329755482e-12,1.347608514640037e-13
,0.0,1.95652173913,0.195652173913
28,41069,0.8025,2.46196086974,0.7169935817910409
,0.81,4.96309256237,0.2645465653228805
,0.8525,1.54869924202,0.9104493487710104
,0.845,2.94421002035,0.7379069243799792
,0.827499999999999,2.93501842422,0.7818918033028432
,0.810864197530864,2.79703293781,0.22333810428334017
,0.7725000000000001,2.61510975932,0.6982889416669014
,1.0,3.04347826087,0.695652173913
28,41615,0.81,2.39241165015,0.7351934176441783
,0.8775000000000001,6.03759813352,0.591731729854686
,0.7425,3.65418391021,0.49070194252075966
,0.847499999999999,2.89194753533,0.7452022956771294
,0.919999999999999,1.04713513191,0.9511712568344979
,0.544691358024691,0.00224652574754,2.6298513123941545e-05
,0.9675,0.542654600319,0.961591376511667
,0.0,1.95652173913,0.195652173913
28,41703,0.685,3.92610993888,0.3306833674319702
,0.77,2.83223361923,0.09926671035868204
,0.735,4.00871983519,0.4621745437231959
,0.7875000000000001,3.69530660334,0.5420212501783096
,0.6925,4.53654775164,0.1936747655749894
,0.7925925925925921,2.32751677268,0.17645211906781458
,0.6975,2.98694114612,0.47989696249344915
,0.0,1.95652173913,0.195652173913
28,41708,0.51,0.125985656272,0.002647926536906877
,0.665,0.0837808327528,0.0012529857959739411
,0.645,2.01495808649,0.11015978488358791
,0.735,3.4026437305,0.3519524163478867
,0.6725,3.33836675604,0.112851816999716
,0.6498765432098761,0.449280607686,0.012924648637460255
,0.6775,2.8809592273,0.4211070365632501
,0.0,1.95652173913,0.195652173913
28,41851,0.3275,2.9269868351e-07,2.7837067934258393e-09
,0.65,0.032830485199,0.0004260783345692192
,0.6000000000000001,1.16723150878,0.014219212192397988
,0.635,1.62082811001,0.09801847052154186
,0.6425000000000001,1.2942238646,0.0464994732407043
,0.8898765432098761,4.4192348063,0.5111238309688144
,-0.25,9.45329755482e-12,1.347608514640037e-13
,0.0,1.95652173913,0.195652173913
28,43759,0.7675000000000001,2.90652684018,0.6236915346266453
,0.6975,0.376566588792,0.007934928206665292
,0.8174999999999991,3.22404862855,0.8334732951857576
,0.75,3.57075118432,0.4043246804144419
,0.8625,1.97146694496,0.8640244427250621
,0.7056790123456791,0.915813465272,0.05264811969351726
,0.75,2.86703293073,0.6364099405112361
,0.0,1.95652173913,0.195652173913
28,44059,0.5325,0.299874990135,0.0072138319966316465
,0.8225,4.69368880439,0.32535478725442424
,0.5125000000000001,0.00125844087923,1.5327502730537766e-05
,0.605,1.1236488115,0.05698132879094908
,0.6575000000000001,2.15613625,0.0718684693361811
,0.9565432098765431,3.97403760874,0.8119802138895844
,-0.25,9.45329755482e-12,1.347608514640037e-13
,1.0,3.04347826087,0.695652173913
28,44938,0.464999999999999,0.014133531004,0.00023328141330391857
,0.9275,3.6740111277,0.8573804275196976
,0.6075,1.75531504977,0.025168104958663826
,0.6425000000000001,1.75286744008,0.11066796117505817
,0.75,4.15752142004,0.4182560546557371
,0.834567901234567,3.32794693956,0.296092670763913
,0.8125,1.9877105922,0.790744298670248
,0.0,1.95652173913,0.195652173913
28,50703,0.645,3.26243619573,0.18367630728849618
,0.74,1.27999916882,0.04046433755346786
,0.7125,5.62505245549,0.3515465845627087
,0.7000000000000001,2.83394304589,0.2422495142787039
,0.7325,3.39488689053,0.3536460083942635
,0.8562962962962961,3.77236450746,0.3732535120414153
,0.675,2.86329306745,0.41392653686580205
,1.0,3.04347826087,0.695652173913
28,50830,0.5725,0.994576757104,0.0312015195152461
,0.81,4.96309256237,0.2645465653228805
,0.5650000000000001,0.0515242186049,0.0007158113332484469
,0.66,2.07241598405,0.14411635196300987
,0.655,1.98467450956,0.06669459146042368
,0.8967901234567901,4.52441530222,0.5420505538645849
,0.6375000000000001,2.5117281376,0.31269898838115906
,1.0,3.04347826087,0.695652173913
28,50921,0.5975,1.71407113701,0.06466077914745269
,0.7025,0.448937418912,0.0099955691454061
,0.5925,0.670727300984,0.007421270343789997
,0.68,2.45327237057,0.18935421849372258
,0.64,1.19018691675,0.04339622778257611
,0.9397530864197531,4.46943904178,0.7407092075080883
,0.8325,1.67040598287,0.8272764387116158
,1.0,3.04347826087,0.695652173913
28,51734,0.56,0.715244074981,0.02057599179207027
,0.7275,0.928958545477,0.0267770975569761
,0.6000000000000001,1.16723150878,0.014219212192397988
,0.7225,3.22272687854,0.3105103940745616
,0.6825,4.09341049346,0.15015597252356136
,0.8503703703703701,3.65205224087,0.3512551907407136
,0.56,1.59152824439,0.15364941112872915
,1.0,3.04347826087,0.695652173913
28,52992,0.6725,3.82566851311,0.2821270818988876
,0.8225,4.69368880439,0.32535478725442424
,0.75,3.65040332889,0.5178733206014274
,0.705,2.92560495761,0.25664931587611284
,0.71,4.14961068933,0.271628807040294
,0.928395061728395,4.64166789762,0.6888415957500212
,0.6725,2.84475866943,0.4067912947437766
,1.0,3.04347826087,0.695652173913
28,54491,0.9450000000000001,0.818606501397,0.9639042020931394
,0.9025000000000001,5.55516291903,0.7422225838648893
,0.77,4.91426164819,0.6015802229367639
,0.7975000000000001,3.64497747817,0.5787538031419895
,0.7775000000000001,5.58507547963,0.555850987189069
,0.952098765432098,4.13171616488,0.793960855901082
,0.705,3.00815787194,0.5023855343127942
,1.0,3.04347826087,0.695652173913
28,54885,0.5625,0.766426269674,0.022427590546286548
,0.8500000000000001,4.50074493521,0.4463665979540698
,0.585,0.342311497336,0.003729650204340184
,0.55,0.417775753762,0.016219970225283768
,0.68,3.92314067399,0.14013164073512524
,0.9525925925925921,4.11508278204,0.7959971119195499
,0.625,2.36905228053,0.28218533124854084
,0.0,1.95652173913,0.195652173913
28,56634,0.7575000000000001,3.07281329541,0.5938065641229827
,0.9400000000000001,2.93030225026,0.8984866284553441
,0.8525,1.54869924202,0.9104493487710104
,0.845,2.94421002035,0.7379069243799792
,0.8300000000000001,2.81147293979,0.789072461281354
,0.8646913580246911,3.94245360987,0.4056372850571079
,0.764999999999999,2.7110240356,0.6783092079624687
,1.0,3.04347826087,0.695652173913
28,56758,0.745,3.29476360199,0.554018586282008
,0.68,0.182291783529,0.003177935682836552
,0.7725000000000001,5.1018169923,0.6141035318856589
,0.8225,3.35979666635,0.6667698049540358
,0.77,5.38595155214,0.5145710048956836
,0.7827160493827161,2.06312104771,0.15477093359533406
,0.8125,1.9877105922,0.790744298670248
,1.0,3.04347826087,0.695652173913
28,56917,0.6575000000000001,3.57174462049,0.22647168180891541
,0.8300000000000001,4.43397377188,0.35956172057751423
,0.72,5.2728467542,0.3926860451689901
,0.77,3.69547091678,0.4771930098821521
,0.73,3.38533657568,0.34517695741923765
,0.829629629629629,3.22360837684,0.279915028019615
,0.7325,2.98050586618,0.5851323715205777
,0.0,1.95652173913,0.195652173913
28,56975,0.7175,3.74696658636,0.4568994853423093
,0.8,4.77347743178,0.21553250183634007
,0.68,3.41894995861,0.1981328704181265
,0.7325,3.36929091433,0.34348720533574184
,0.6975,4.57187559277,0.21650199600549672
,0.776296296296296,1.89482203398,0.14206938299376506
,0.6000000000000001,2.067375677,0.22670411065313362
,0.0,1.95652173913,0.195652173913
28,67160,0.76,3.02996620777,0.6014348845681352
,0.8625,5.21334999626,0.506773372222222
,0.8150000000000001,3.44880153022,0.8251351199588817
,0.8500000000000001,2.8389107836,0.7523660168322737
,0.774999999999999,5.54365654009,0.5419345978960239
,0.88,4.24384476636,0.4683239392706541
,0.68,2.89772388081,0.42833058176107486
,1.0,3.04347826087,0.695652173913
28,67299,0.6625,3.67180341701,0.24458668020828764
,0.545,3.41650692903e-07,2.185787135668955e-09
,0.6775,3.2576579032,0.1897895714233275
,0.6825,2.50139750086,0.1955475574620517
,0.6775,3.73764236332,0.13055295713642326
,0.7091358024691351,0.934247140283,0.05584575719893215
,0.5,0.970991891067,0.07735120936378423
,0.0,1.95652173913,0.195652173913
28,67423,0.6775,3.8782562333,0.30139378063739664
,0.6825,0.204509573799,0.003661065896861883
,0.6375000000000001,2.19627964008,0.09446820804134891
,0.6875,2.59748780017,0.2082949219089803
,0.705,4.38740096126,0.2502606180049849
,0.652839506172839,0.480458615887,0.014301983205925914
,0.59,1.94537713176,0.20664099579736478
,1.0,3.04347826087,0.695652173913
28,67905,0.75,3.20497097179,0.5702676861063859
,0.845,4.3371931345,0.42431128871628443
,0.764999999999999,4.51405750705,0.5780048669149125
,0.8,3.62655348735,0.5878437028121148
,0.7975000000000001,4.99060712865,0.6641677808488152
,0.8,2.52320343008,0.1944209414257188
,0.6675,2.80521572729,0.39266502007455084
,0.0,1.95652173913,0.195652173913
28,68565,0.665,3.71619820837,0.2538224843750449
,0.857499999999999,4.89505524892,0.4815110701232522
,0.6950000000000001,4.68871923664,0.2583389529307154
,0.7575000000000001,3.63190294908,0.4313448651966898
,0.7175,3.74791223638,0.3012312561339415
,0.8958024691358021,4.51053801051,0.5375888138957616
,0.5775,1.7949748877,0.1832672093887201
,0.0,1.95652173913,0.195652173913
28,68688,0.62,2.47157242207,0.11167251614330273
,0.8075000000000001,4.95336822841,0.2521456941249409
,0.685,3.78433038271,0.21611450459557047
,0.8025,3.60580328867,0.5968846318708142
,0.78,5.59973067009,0.5698376538401262
,0.883456790123456,4.30780885422,0.4831052390174744
,0.79,2.35625331401,0.7418485462234307
,1.0,3.04347826087,0.695652173913
28,69217,0.6425000000000001,3.19179990134,0.17560797630927166
,0.72,0.761916160515,0.020451538747026272
,0.7000000000000001,5.14144663133,0.2829408856805875
,0.74,3.46499276076,0.3691239900875892
,0.7675000000000001,5.2737977831,0.5012421276084502
,0.9125925925925921,4.67544647824,0.6149356814380167
,0.7675000000000001,2.68025959831,0.6850485742078471
,1.0,3.04347826087,0.695652173913
28,69292,0.7875000000000001,2.62530885887,0.678885160976322
,0.74,1.27999916882,0.04046433755346786
,0.74,3.73477697014,0.4814739688904587
,0.8150000000000001,3.4680412665,0.6411541535266556
,0.76,4.83813460075,0.4632445510466279
,0.75358024691358,1.38447077318,0.10514925713742687
,0.75,2.86703293073,0.6364099405112361
,1.0,3.04347826087,0.695652173913
28,70225,0.5375,0.35660625475,0.008851885474578953
,0.804999999999999,4.91809301234,0.2398010475395863
,0.58,0.209965827918,0.002373715858088793
,0.64,1.70852226136,0.10634129325502903
,0.5925,0.363121488354,0.01174824829217671
,0.795555555555555,2.40639617875,0.18346547735571223
,-0.25,9.45329755482e-12,1.347608514640037e-13
,0.0,1.95652173913,0.195652173913
28,70358,0.545,0.45653797901,0.011889631859386705
,0.75,1.66778437399,0.05510422978100589
,0.47500000000000003,5.16796303992e-05,5.31546249416656e-07
,0.48,0.0677238426782,0.00226931220494694
,0.5425,0.0804078720834,0.0018320427160294277
,0.8291358024691351,3.21303738417,0.27832573163409946
,0.5325,1.29277001964,0.1140496673359718
,0.0,1.95652173913,0.195652173913
28,70659,0.55,0.533750611364,0.014361704688668311
,0.5650000000000001,5.99519893891e-06,4.2605626571830796e-08
,0.6025,1.3601947715,0.01737672608597829
,0.685,2.54948797975,0.20186117722690616
,0.6950000000000001,4.57107575284,0.20506630263940898
,0.7832098765432091,2.076263461,0.15579300303466023
,0.5275000000000001,1.24115600321,0.10771518072437866
,0.0,1.95652173913,0.195652173913
28,70707,0.6425000000000001,3.19179990134,0.17560797630927166
,0.8825000000000001,6.1609341368,0.622271796104233
,0.6675,2.68512945583,0.1601390894314885
,0.7525000000000001,3.59294626308,0.4132796713165107
,0.67,3.13246929187,0.10476302015377736
,0.8493827160493821,3.63198587985,0.34765813428875914
,0.7225,3.01108418651,0.5551539703870929
,0.0,1.95652173913,0.195652173913
28,70749,0.365,1.04809644483e-05,1.1325943341945264e-07
,0.6575000000000001,0.053538469243,0.0007447612427925268
,0.36,7.09454780581e-11,4.905621562825184e-13
,0.39,0.00434929782858,0.00011742253059269545
,0.39,5.56894384726e-06,5.990629931706657e-08
,0.8661728395061721,3.97233084692,0.4115000971711752
,0.65,2.64413816285,0.3449357638367776
,1.0,3.04347826087,0.695652173913
28,70793,0.5275000000000001,0.250418235579,0.0058410094218809385
,0.6125,0.00149107668289,1.4289830741026005e-05
,0.545,0.0125421527657,0.00017968357296076096
,0.59,0.897859970438,0.04184355755020065
,0.66,2.33738428844,0.07748343610873339
,0.808395061728395,2.73650240271,0.21650635987324307
,0.392499999999999,0.256559236354,0.017411755047316388
,1.0,3.04347826087,0.695652173913
28,70852,0.595,1.63413336967,0.06047581339670153
,0.6975,0.376566588792,0.007934928206665292
,0.6900000000000001,4.2150330271,0.23608708752382626
,0.705,2.92560495761,0.25664931587611284
,0.6975,4.57187559277,0.21650199600549672
,0.799012345679012,2.49743899298,0.19194160183705006
,0.5925,1.97579317123,0.21154244209532597
,1.0,3.04347826087,0.695652173913
28,72086,0.41750000000000004,0.000698647898143,9.269077627361357e-06
,0.847499999999999,4.40710086989,0.4352365005185688
,0.5650000000000001,0.0515242186049,0.0007158113332484469
,0.545,0.373188927238,0.014244063941178973
,0.585,0.302315308705,0.009257132811998544
,0.515061728395061,0.000167558672938,1.6507319259311192e-06
,0.40750000000000003,0.314480826136,0.021679188286676674
,1.0,3.04347826087,0.695652173913
28,74604,0.9075000000000001,1.34538182971,0.9235078447299305
,0.804999999999999,4.91809301234,0.2398010475395863
,0.8300000000000001,2.34493148547,0.867837263336979
,0.827499999999999,3.27808931657,0.6833675136285526
,0.9125000000000001,1.16735873655,0.9428695187649357
,0.789629629629629,2.24816872559,0.16967324945309337
,0.794999999999999,2.27605414095,0.7534300997462602
,1.0,3.04347826087,0.695652173913
28,74635,0.655,3.51633364224,0.21761086083567222
,0.605,0.000703625185889,6.3967694820077405e-06
,0.5575,0.0290308446118,0.00042386583085751803
,0.675,2.35712306431,0.17732833944783505
,0.5375,0.0664347050558,0.0014658104954098326
,0.769382716049382,1.72214997775,0.12957276387858196
,0.382499999999999,0.224300719555,0.015011321650960039
,1.0,3.04347826087,0.695652173913
28,74688,0.625,2.64054356752,0.12445390932025568
,0.5,1.66774357318e-10,8.706023932154943e-13
,0.7000000000000001,5.14144663133,0.2829408856805875
,0.75,3.57075118432,0.4043246804144419
,0.774999999999999,5.54365654009,0.5419345978960239
,0.580246913580246,0.0262631151906,0.0003929148427094633
,0.75,2.86703293073,0.6364099405112361
,0.0,1.95652173913,0.195652173913
28,74696,0.6950000000000001,3.93338768944,0.3700332430869814
,0.7825000000000001,3.7317246899,0.14025804479387494
,0.7125,5.62505245549,0.3515465845627087
,0.7175,3.14243297272,0.2945957289485387
,0.6975,4.57187559277,0.21650199600549672
,0.892839506172839,4.46650542024,0.5242886336504246
,0.6675,2.80521572729,0.39266502007455084
,0.0,1.95652173913,0.195652173913
28,76409,0.52,0.188580099027,0.00420352931729426
,0.7175,0.711205818589,0.01861059859922031
,0.51,0.00103610294873,1.2467696465436791e-05
,0.5325,0.2772686564,0.010201453641571035
,0.5775,0.248244996166,0.0071967039836386805
,0.885432098765432,4.34323190098,0.49164962549557145
,0.25,0.0306608170259,0.0013400968714344585
,1.0,3.04347826087,0.695652173913
28,76496,0.804999999999999,2.43804239681,0.7231184190249056
,0.9325000000000001,3.35639910349,0.8749436009056664
,0.9175000000000001,0.572262553821,0.973650088316633
,0.8975000000000001,1.83140716612,0.8628058589622604
,0.835,2.59901511332,0.8025799001550961
,0.8044444444444441,2.63749235132,0.20589020940469965
,0.889999999999999,1.01553435589,0.9024941839703791
,1.0,3.04347826087,0.695652173913
28,78211,0.827499999999999,2.24690039945,0.775766787834895
,0.794999999999999,4.54260353682,0.1922104861058972
,0.81,3.93158170604,0.8066984959780812
,0.8600000000000001,2.62150714338,0.7796734772550453
,0.8300000000000001,2.81147293979,0.789072461281354
,0.8740740740740741,4.12974233994,0.44351099106514846
,0.8025,2.15308527368,0.7700408099911381
,0.0,1.95652173913,0.195652173913
28,79262,0.827499999999999,2.24690039945,0.775766787834895
,0.8400000000000001,4.27424943823,0.40282607954135574
,0.7275,4.62761023493,0.42989637954253235
,0.8150000000000001,3.4680412665,0.6411541535266556
,0.7575000000000001,4.67111854714,0.45135659861274685
,0.897283950617283,4.5311939292,0.5442865112282951
,0.66,2.74019332563,0.3718656607219927
,0.0,1.95652173913,0.195652173913
28,79313,0.41250000000000003,0.000487515836079,6.333213934583693e-06
,0.764999999999999,2.49596693222,0.08595596305446675
,0.515,0.00152448209131,1.879629197396915e-05
,0.56,0.517787505612,0.020885786175622076
,0.6175,0.634121248441,0.02391874632418635
,0.7886419753086421,2.22167164607,0.1674659201367803
,0.7000000000000001,2.99524314838,0.48737494289833205
,0.0,1.95652173913,0.195652173913
28,79388,0.715,3.77902267948,0.44749151952684074
,0.725,0.870522049045,0.024528378891647572
,0.7325,4.19425752095,0.4519265852489055
,0.75,3.57075118432,0.4043246804144419
,0.77,5.38595155214,0.5145710048956836
,0.8069135802469131,2.69967816515,0.21247951332530474
,0.7925000000000001,2.31638919769,0.7476894564295011
,1.0,3.04347826087,0.695652173913
28,80513,0.5975,1.71407113701,0.06466077914745269
,0.8250000000000001,4.60422215031,0.3369776083796584
,0.7075,5.58717869096,0.32341900413922864
,0.76,3.64857138593,0.44044585632529765
,0.7825000000000001,5.58707237331,0.5838268600787795
,0.8207407407407401,3.02847590971,0.25211993931878324
,0.76,2.76865120666,0.6646077952170786
,0.0,1.95652173913,0.195652173913
28,80619,0.6975,3.92562733228,0.3798577763759637
,0.8150000000000001,4.90986034912,0.2892671967703979
,0.7775000000000001,5.41065353536,0.6404300985273661
,0.8250000000000001,3.31984116359,0.6751197359222576
,0.77,5.38595155214,0.5145710048956836
,0.9777777777777771,3.02740900537,0.8867728380312689
,0.7625000000000001,2.7405050541,0.6714945236774201
,0.0,1.95652173913,0.195652173913
28,80759,0.845,2.10082855335,0.8138305080400574
,0.605,0.000703625185889,6.3967694820077405e-06
,0.6675,2.68512945583,0.1601390894314885
,0.7825000000000001,3.7065515029,0.5235127814146359
,0.6675,2.92689985208,0.09718918321704204
,0.6167901234567901,0.159387100077,0.003249110818932788
,0.5575,1.56328829751,0.14970593559695766
,1.0,3.04347826087,0.695652173913
28,80766,0.645,3.26243619573,0.18367630728849618
,0.6375000000000001,0.0132237575047,0.00015390501567661696
,0.645,2.01495808649,0.11015978488358791
,0.7225,3.22272687854,0.3105103940745616
,0.6975,4.57187559277,0.21650199600549672
,0.8197530864197531,3.00607874274,0.24913989937210249
,0.6000000000000001,2.067375677,0.22670411065313362
,0.0,1.95652173913,0.195652173913
28,80873,0.705,3.88129046853,0.40915277944974715
,0.6325000000000001,0.00888758835576,9.925469422068053e-05
,0.735,4.00871983519,0.4621745437231959
,0.7075,2.9705247161,0.2640196171784418
,0.7775000000000001,5.58507547963,0.555850987189069
,0.8182716049382711,2.9721833736,0.24471151212400977
,0.5,0.970991891067,0.07735120936378423
,1.0,3.04347826087,0.695652173913
28,84558,0.75,3.20497097179,0.5702676861063859
,0.7775000000000001,3.36881048262,0.12250480297919294
,0.7925000000000001,5.42150457062,0.7235983700553207
,0.837499999999999,3.09510683499,0.7152533855052273
,0.7775000000000001,5.58507547963,0.555850987189069
,0.8256790123456791,3.1382160652,0.2673478255916397
,0.6275000000000001,2.39823242468,0.28814449518171414
,1.0,3.04347826087,0.695652173913
28,104560,0.40750000000000003,0.000337350549482,4.292610749675276e-06
,0.8500000000000001,4.50074493521,0.4463665979540698
,0.4,1.46549353217e-08,1.1447399358101678e-10
,0.48,0.0677238426782,0.00226931220494694
,0.485,0.00550568017877,8.974933546215821e-05
,0.9170370370370371,4.68769140782,0.6357484043639012
,0.515,1.11549190148,0.09299107854367122
,1.0,3.04347826087,0.695652173913
28,104598,0.515,0.154699116194,0.003347609899871749
,0.67,0.110438054775,0.0017361734592794495
,0.5825,0.268709608567,0.0029691974456906795
,0.645,1.79754464977,0.11510590717008898
,0.685,4.24395069368,0.16058224719792402
,0.8543209876543211,3.73227064611,0.36584152527525476
,0.5,0.970991891067,0.07735120936378423
,1.0,3.04347826087,0.695652173913
28,104599,0.47000000000000003,0.018590288395,0.00031463627966065024
,0.6875,0.254389837159,0.004805251594360882
,0.5725,0.100606669633,0.0012616564754969607
,0.595,0.970994550625,0.04651473011064744
,0.61,0.536488101878,0.0195426539172082
,0.8804938271604931,4.25311948883,0.47042195687146077
,-0.25,9.45329755482e-12,1.347608514640037e-13
,0.0,1.95652173913,0.195652173913
28,104688,0.7225,3.67646700386,0.4754613882052825
,0.8125,4.94796118838,0.2769404104568911
,0.7275,4.62761023493,0.42989637954253235
,0.73,3.33456231054,0.33510710831677093
,0.6625,2.52729671847,0.08356262039552281
,0.743209876543209,1.21853974082,0.09169257776739548
,0.75,2.86703293073,0.6364099405112361
,0.0,1.95652173913,0.195652173913
28,104824,0.5675,0.875837224804,0.02652933770774297
,0.875,5.93901345462,0.5767563079551561
,0.6325000000000001,2.36275655038,0.08306737151924257
,0.6000000000000001,1.04632915907,0.051557168964883604
,0.6175,0.634121248441,0.02391874632418635
,0.8222222222222221,3.061781359,0.25663128335276136
,0.5,0.970991891067,0.07735120936378423
,1.0,3.04347826087,0.695652173913
28,107778,0.6000000000000001,1.79532414858,0.06904726541921419
,0.685,0.228530775688,0.004201986663510393
,0.68,3.41894995861,0.1981328704181265
,0.7175,3.14243297272,0.2945957289485387
,0.7375,3.50113168991,0.37083923107820405
,0.589135802469135,0.0435144029918,0.0006977055514687809
,0.78,2.50930548536,0.7175111026564396
,0.0,1.95652173913,0.195652173913
28,107870,0.735,3.4726788294,0.5201763932102448
,0.909999999999999,4.99773294312,0.7818500513810493
,0.8125,3.68588322132,0.816218984652266
,0.8225,3.35979666635,0.6667698049540358
,0.8150000000000001,3.71860398132,0.7405726735053029
,0.90716049382716,4.64067100451,0.5896233849113466
,0.72,3.01494062897,0.5476211301486849
,1.0,3.04347826087,0.695652173913
28,107898,0.6075,2.04533176099,0.08344468101892882
,0.6175,0.00239972759176,2.3853073054504754e-05
,0.7025,5.33216835406,0.2960398922399534
,0.794999999999999,3.66106501799,0.5696207626542374
,0.6975,4.57187559277,0.21650199600549672
,0.7614814814814811,1.54164895017,0.11669248882216168
,0.605,2.12848934402,0.2371938054961853
,0.0,1.95652173913,0.195652173913
28,108143,0.73,3.55787356299,0.5025984246483549
,0.7225,0.814943076524,0.022422108168560325
,0.485,0.000128304038379,1.3771155277428693e-06
,0.6950000000000001,2.74033307715,0.2283131312597828
,0.625,0.761515706956,0.029128233789188274
,0.8824691358024691,4.28977267862,0.4788595028843859
,0.5625,1.61998365791,0.1576637564055816
,1.0,3.04347826087,0.695652173913
28,108336,0.387499999999999,7.10944800267e-05,8.354157990697984e-07
,0.5575,2.12625645343e-06,1.450895837719406e-08
,0.535,0.00644158866674,8.79373144524369e-05
,0.56,0.517787505612,0.020885786175622076
,0.595,0.384940865755,0.012683158577942243
,0.8469135802469131,3.58177801196,0.3387522380823862
,0.41750000000000004,0.360342547127,0.025048180128985596
,1.0,3.04347826087,0.695652173913
28,108341,0.52,0.188580099027,0.00420352931729426
,0.8075000000000001,4.95336822841,0.2521456941249409
,0.5825,0.268709608567,0.0029691974456906795
,0.52,0.202168288309,0.007225432840404451
,0.595,0.384940865755,0.012683158577942243
,0.9516049382716051,4.14812101547,0.791916442215071
,0.595,2.00627887308,0.21652001973932147
,0.0,1.95652173913,0.195652173913
28,108351,0.64,3.11869575594,0.16771936453527267
,0.6825,0.204509573799,0.003661065896861883
,0.65,2.01025990567,0.12017700379556376
,0.685,2.54948797975,0.20186117722690616
,0.615,0.599064826631,0.02237787601799498
,0.598518518518518,0.0707661690867,0.0012255998252669344
,0.665,2.78427126905,0.3856780039078782
,0.0,1.95652173913,0.195652173913
28,108388,0.6000000000000001,1.79532414858,0.06904726541921419
,0.6900000000000001,0.282111553275,0.005475488320973818
,0.5475,0.0147772648561,0.00021375648825249793
,0.64,1.70852226136,0.10634129325502903
,0.5875,0.321826794897,0.010037154487264905
,0.819259259259259,2.99482066513,0.24765819416712376
,0.58,1.8247779878,0.18779186716107452
,0.0,1.95652173913,0.195652173913
28,108411,0.7075,3.8599992463,0.4188300297836197
,0.875,5.93901345462,0.5767563079551561
,0.6175,2.37545033141,0.046141200783741176
,0.6575000000000001,2.02582558418,0.13899361080964645
,0.67,3.13246929187,0.10476302015377736
,0.9303703703703701,4.62117896839,0.6979907267764437
,0.515,1.11549190148,0.09299107854367122
,0.0,1.95652173913,0.195652173913
28,108416,0.74,3.38446733779,0.5373201899333251
,0.804999999999999,4.91809301234,0.2398010475395863
,0.71,5.63524996571,0.3374590066920983
,0.8174999999999991,3.43397368698,0.6497821039758156
,0.804999999999999,4.4650436676,0.6996776268923972
,0.807407407407407,2.71199436645,0.21381573045839972
,0.7125,3.01778600166,0.5249903538776689
,0.0,1.95652173913,0.195652173913
28,108417,0.605,1.96112890238,0.07843675405249262
,0.8,4.77347743178,0.21553250183634007
,0.5825,0.268709608567,0.0029691974456906795
,0.6325000000000001,1.57747877213,0.09402065605170842
,0.5325,0.0544630462114,0.0011643595495530615
,0.973333333333333,3.24455266776,0.8728328946744559
,0.52,1.16518837972,0.09869246500831066
,0.0,1.95652173913,0.195652173913
28,108652,0.43999999999999906,0.00318293280235,4.662964485734007e-05
,0.525,1.41051066819e-08,8.20240480386463e-11
,0.5075000000000001,0.000850808099585,1.0116144015872025e-05
,0.6425000000000001,1.75286744008,0.11066796117505817
,0.5650000000000001,0.17284973682,0.004583852638272447
,0.5560493827160491,0.00532259307911,6.704693883472441e-05
,0.5625,1.61998365791,0.1576637564055816
,1.0,3.04347826087,0.695652173913
28,109008,0.5,0.0817279730056,0.0016227404471047182
,0.6950000000000001,0.343196492699,0.007035616662717373
,0.5275000000000001,0.00382436286051,5.02209937740567e-05
,0.5325,0.2772686564,0.010201453641571035
,0.63,0.872710969982,0.033203121779021766
,0.6819753086419751,0.763648509338,0.032612409231581534
,0.595,2.00627887308,0.21652001973932147
,0.0,1.95652173913,0.195652173913
28,109067,0.71,3.83573376958,0.42845029688030717
,0.8,4.77347743178,0.21553250183634007
,0.7625000000000001,4.31801281899,0.5669667210027314
,0.794999999999999,3.66106501799,0.5696207626542374
,0.7525000000000001,4.32683094805,0.42886039628243855
,0.8479012345679011,3.60186999505,0.34229971970974693
,0.75,2.86703293073,0.6364099405112361
,0.0,1.95652173913,0.195652173913
28,129429,0.54,0.387874488192,0.009782071694079733
,0.7925000000000001,4.40140379247,0.18102740659774044
,0.5775,0.163824331129,0.001908867389676104
,0.5875,0.86218907522,0.03964362580754917
,0.68,3.92314067399,0.14013164073512524
,0.8172839506172841,2.94938200401,0.24178726868594622
,0.76,2.76865120666,0.6646077952170786
,0.0,1.95652173913,0.195652173913
28,129459,0.6375000000000001,3.04333686074,0.1600163766618587
,0.705,0.487922448032,0.011166256225864769
,0.6725,2.96205138551,0.17425167620002252
,0.6925,2.69297436345,0.22152143202984026
,0.6875,4.3704327211,0.17135566462217672
,0.838024691358024,3.39977406765,0.30772106925715814
,0.605,2.12848934402,0.2371938054961853
,0.0,1.95652173913,0.195652173913
28,129490,0.625,2.64054356752,0.12445390932025568
,0.889999999999999,6.13519889036,0.6685461027836466
,0.6575000000000001,2.20091528107,0.1358339544489976
,0.754999999999999,3.61334586876,0.42228791547549877
,0.6975,4.57187559277,0.21650199600549672
,0.9654320987654321,3.61015523707,0.8457316260433594
,0.7000000000000001,2.99524314838,0.48737494289833205
,0.0,1.95652173913,0.195652173913
28,129672,0.43500000000000005,0.00230543436469,3.301715974424289e-05
,0.725,0.870522049045,0.024528378891647572
,0.485,0.000128304038379,1.3771155277428693e-06
,0.38,0.00307721118738,8.062168460259107e-05
,0.405,2.04194575247e-05,2.3246467717281508e-07
,0.901234567901234,4.58128307736,0.5622889691347797
,-0.25,9.45329755482e-12,1.347608514640037e-13
,0.0,1.95652173913,0.195652173913
28,129907,0.54,0.387874488192,0.009782071694079733
,0.65,0.032830485199,0.0004260783345692192
,0.65,2.01025990567,0.12017700379556376
,0.63,1.53446158997,0.09013079988946807
,0.65,1.67415357975,0.05756614058997342
,0.725432098765432,1.03401709874,0.07183523819116011
,0.6075,2.15899240887,0.24255316950428674
,1.0,3.04347826087,0.695652173913
28,129987,0.6575000000000001,3.57174462049,0.22647168180891541
,0.5625,4.26506840709e-06,2.989747125400915e-08
,0.6575000000000001,2.20091528107,0.1358339544489976
,0.6875,2.59748780017,0.2082949219089803
,0.6575000000000001,2.15613625,0.0718684693361811
,0.6869135802469131,0.801380721759,0.0364782267779767
,0.5,0.970991891067,0.07735120936378423
,1.0,3.04347826087,0.695652173913
28,130043,0.6950000000000001,3.93338768944,0.3700332430869814
,0.865,5.37566470898,0.520010015417464
,0.8300000000000001,2.34493148547,0.867837263336979
,0.899999999999999,1.78415335056,0.8673251226535915
,0.764999999999999,5.14298396282,0.48821757583802244
,0.942716049382716,4.40252352953,0.7538551087182166
,0.804999999999999,2.1117267323,0.7753718428378952
,1.0,3.04347826087,0.695652173913
28,130166,0.875,1.78702508318,0.8724025402618631
,0.8600000000000001,5.05158820501,0.4939428044249169
,0.7875000000000001,5.59060276148,0.6959981208827459
,0.9325000000000001,1.25202659992,0.9162573793749473
,0.9325000000000001,0.858167750037,0.963062445641058
,0.8681481481481481,4.0120374657,0.4193859207550848
,0.875,1.14687660568,0.8863054846203864
,1.0,3.04347826087,0.695652173913
28,130586,0.25,3.79374361558e-11,2.8790067717506057e-13
,0.42750000000000005,2.48241872421e-17,1.0009358857178158e-19
,0.20750000000000002,2.08179941133e-22,1.0000295963188367e-24
,0.28500000000000003,6.19892252128e-05,1.2435496468810059e-06
,0.35750000000000004,2.53618660466e-07,2.4349040613342107e-09
,0.741728395061728,1.19862117353,0.0899022021269103
,-0.25,9.45329755482e-12,1.347608514640037e-13
,1.0,3.04347826087,0.695652173913
28,134922,0.635,2.9659425839,0.15250437651989607
,0.79,4.24694119087,0.17021451714069524
,0.6925,4.4496006446,0.2469161096182692
,0.725,3.26121790478,0.31861556655040923
,0.6775,3.73764236332,0.13055295713642326
,0.679012345679012,0.739208379387,0.030385624654452836
,0.4375,0.47133508205,0.033321076162315895
,1.0,3.04347826087,0.695652173913
28,134923,0.68,3.89833869902,0.31111538798207283
,0.735,1.12561854654,0.03445944046444823
,0.6825,3.59365658394,0.20689552170922826
,0.725,3.26121790478,0.31861556655040923
,0.7025,4.47696028703,0.2391750757761785
,0.77037037037037,1.74609218837,0.13128545370838293
,0.6725,2.84475866943,0.4067912947437766
,1.0,3.04347826087,0.695652173913
28,135551,0.6425000000000001,3.19179990134,0.17560797630927166
,0.774999999999999,3.18736698887,0.11430986934776356
,0.7575000000000001,3.97138928154,0.5462758407847509
,0.8250000000000001,3.31984116359,0.6751197359222576
,0.7725000000000001,5.47668023794,0.5281540189793599
,0.7629629629629631,1.57385771563,0.11900017133267149
,0.7825000000000001,2.47216902923,0.7237381219052967
,0.0,1.95652173913,0.195652173913
28,135973,0.745,3.29476360199,0.554018586282008
,0.8975000000000001,5.85641852689,0.7136618856708531
,0.8,4.89541665401,0.7624581342796858
,0.7925000000000001,3.67481271548,0.5604504280988833
,0.7825000000000001,5.58707237331,0.5838268600787795
,0.9017283950617281,4.58699226458,0.5645527461420674
,0.6675,2.80521572729,0.39266502007455084
,0.0,1.95652173913,0.195652173913
28,136122,0.61,2.13015324187,0.08866392861301622
,0.8325,4.36461942203,0.370556853556042
,0.78,5.51749870971,0.6540979701497522
,0.745,3.52116773043,0.38659205250583406
,0.745,3.84499340359,0.39826881895996136
,0.653827160493827,0.490889971505,0.014781660652480284
,0.5225000000000001,1.19031999007,0.1016368109692242
,0.0,1.95652173913,0.195652173913
28,136139,0.76,3.02996620777,0.6014348845681352
,0.845,4.3371931345,0.42431128871628443
,0.8025,4.66951365868,0.7744179880701356
,0.837499999999999,3.09510683499,0.7152533855052273
,0.784999999999999,5.54723892008,0.5977503505364656
,0.9422222222222221,4.41430914444,0.7516781026083378
,0.8225,1.82537222666,0.8098052302149574
,0.0,1.95652173913,0.195652173913
28,136288,0.6225,2.55638893279,0.11795758200657638
,0.827499999999999,4.51568141541,0.3483766710503571
,0.7375,3.85393722933,0.471995872714678
,0.8125,3.50000524784,0.6324436508661562
,0.7925000000000001,5.27614042046,0.6384720674707957
,0.93679012345679,4.52720877852,0.7273785798154913
,0.7425,2.92503416002,0.6146809990111315
,0.0,1.95652173913,0.195652173913
28,136820,0.5650000000000001,0.819958193232,0.024410081506292564
,0.655,0.0456965753459,0.0006209285783296911
,0.6275000000000001,2.48537032227,0.07091417024192606
,0.655,1.97953390392,0.13398697501595874
,0.6175,0.634121248441,0.02391874632418635
,0.852345679012345,3.69216811216,0.3585087446644704
,0.6025,2.0979421901,0.23191075950232415
,0.0,1.95652173913,0.195652173913
28,136846,0.875,1.78702508318,0.8724025402618631
,0.6525000000000001,0.0388233319439,0.0005154712109406265
,0.8075000000000001,4.18121340527,0.7965577747902091
,0.7925000000000001,3.67481271548,0.5604504280988833
,0.804999999999999,4.4650436676,0.6996776268923972
,0.6074074074074071,0.107386493538,0.0020088474375012317
,0.7625000000000001,2.7405050541,0.6714945236774201
,1.0,3.04347826087,0.695652173913
28,137085,0.8500000000000001,2.0553489613,0.8242219085821134
,0.9400000000000001,2.93030225026,0.8984866284553441
,0.8400000000000001,1.91076403031,0.888959743634783
,0.875,2.29247223485,0.816521305342962
,0.8775000000000001,1.74210059609,0.8918836038212565
,0.8148148148148141,2.89164418871,0.2345759073127004
,0.847499999999999,1.45857263654,0.8507091718089619
,1.0,3.04347826087,0.695652173913
28,137869,0.8625,1.93027877262,0.8491502345040072
,0.972499999999999,1.37593846515,0.9676076679350178
,0.875,1.0849560808,0.9397704743605308
,0.905,1.69237185387,0.8760149085194517
,0.8700000000000001,1.85757164849,0.8783825796347762
,0.9772839506172831,3.05181722093,0.8852717921011128
,0.8150000000000001,1.94665594748,0.7956622087160077
,1.0,3.04347826087,0.695652173913
28,138039,0.6075,2.04533176099,0.08344468101892882
,0.7325,1.05600892158,0.031733348819376624
,0.6975,4.92303233591,0.27035575052691513
,0.63,1.53446158997,0.09013079988946807
,0.6375000000000001,1.09674657694,0.04053970381702642
,0.716049382716049,0.972428789252,0.06243488153019909
,0.655,2.69340163434,0.3582805933033725
,1.0,3.04347826087,0.695652173913
28,140859,0.59,1.47878578212,0.05269618313901443
,0.59,0.000136947719161,1.1278877005717594e-06
,0.5975,0.985384655178,0.011531264247971136
,0.65,1.88789024991,0.12431894622516232
,0.6000000000000001,0.431119335527,0.01472183186983125
,0.6948148148148141,0.854258229523,0.04302475000531488
,0.4375,0.47133508205,0.033321076162315895
,0.0,1.95652173913,0.195652173913
28,140984,0.6925,3.93741839955,0.36019394638529734
,0.8925000000000001,6.06881048672,0.6838069656329187
,0.754999999999999,3.83315037002,0.5365259593717431
,0.7625000000000001,3.66330600401,0.4495861105830794
,0.7425,3.70990482724,0.38882882654039075
,0.9160493827160491,4.68632464313,0.6311191950501492
,0.645,2.59264169668,0.33184293323193687
,0.0,1.95652173913,0.195652173913
28,141053,0.5,0.0817279730056,0.0016227404471047182
,0.7025,0.448937418912,0.0099955691454061
,0.65,2.01025990567,0.12017700379556376
,0.645,1.79754464977,0.11510590717008898
,0.7025,4.47696028703,0.2391750757761785
,0.611358024691358,0.127527788441,0.0024720535867447675
,0.625,2.36905228053,0.28218533124854084
,0.0,1.95652173913,0.195652173913
28,141356,0.8425,2.12275787083,0.808550921661131
,0.9475,2.54312221079,0.9189949593376792
,0.794999999999999,5.27759108072,0.7369797583762534
,0.8250000000000001,3.31984116359,0.6751197359222576
,0.8400000000000001,2.42878341613,0.8151331695511379
,0.8508641975308641,3.6620829866,0.35306115011462924
,0.7025,3.00232717376,0.4948721632452193
,0.0,1.95652173913,0.195652173913
28,142811,0.535,0.327295708969,0.007997408920227728
,0.7825000000000001,3.7317246899,0.14025804479387494
,0.58,0.209965827918,0.002373715858088793
,0.595,0.970994550625,0.04651473011064744
,0.675,3.54133629277,0.12145242749083277
,0.714567901234567,0.963939615456,0.061000563041039554
,0.635,2.48389655386,0.30645437504938694
,0.0,1.95652173913,0.195652173913
28,142951,0.68,3.89833869902,0.31111538798207283
,0.784999999999999,3.90953657319,0.14981047971908507
,0.764999999999999,4.51405750705,0.5780048669149125
,0.804999999999999,3.58274436784,0.605870795109708
,0.7375,3.50113168991,0.37083923107820405
,0.929382716049382,4.63190966358,0.6934212198826502
,0.6475000000000001,2.61865421591,0.338357160159385
,1.0,3.04347826087,0.695652173913
28,143324,0.59,1.47878578212,0.05269618313901443
,0.6775,0.161833324765,0.0027481406109888663
,0.66,2.30594663508,0.14146425830067128
,0.5725,0.66253221664,0.028240692933666715
,0.625,0.761515706956,0.029128233789188274
,0.6972839506172831,0.86913210632,0.045152532424578014
,0.5750000000000001,1.76533776979,0.17881685436443817
,0.0,1.95652173913,0.195652173913
28,145305,0.6575000000000001,3.57174462049,0.22647168180891541
,0.725,0.870522049045,0.024528378891647572
,0.745,3.61346238832,0.4997781517769524
,0.7675000000000001,3.68679819485,0.4679647394746458
,0.6875,4.3704327211,0.17135566462217672
,0.7970370370370371,2.44556643504,0.18705954947526757
,0.605,2.12848934402,0.2371938054961853
,0.0,1.95652173913,0.195652173913
28,145335,0.5875,1.40363885275,0.04909352435900958
,0.8,4.77347743178,0.21553250183634007
,0.5425,0.0106406093113,0.00015076825829350965
,0.55,0.417775753762,0.016219970225283768
,0.5,0.0123058815902,0.00021736609536862866
,0.79753086419753,2.45857485504,0.18827044961048622
,0.5225000000000001,1.19031999007,0.1016368109692242
,1.0,3.04347826087,0.695652173913
28,145444,0.7975000000000001,2.51238193858,0.7045592385883623
,0.794999999999999,4.54260353682,0.1922104861058972
,0.754999999999999,3.83315037002,0.5365259593717431
,0.8525,2.78522490553,0.7593963086783562
,0.6925,4.53654775164,0.1936747655749894
,0.861728395061728,3.8825271776,0.3940446747422681
,0.725,3.00573204603,0.5626753045902829
,0.0,1.95652173913,0.195652173913
28,146557,0.5700000000000001,0.934050958149,0.02879121349943781
,0.74,1.27999916882,0.04046433755346786
,0.72,5.2728467542,0.3926860451689901
,0.73,3.33456231054,0.33510710831677093
,0.6825,4.09341049346,0.15015597252356136
,0.9002469135802461,4.56948285058,0.5577700309867073
,-0.25,9.45329755482e-12,1.347608514640037e-13
,1.0,3.04347826087,0.695652173913
28,146877,0.8400000000000001,2.14422060245,0.8032171076664574
,0.865,5.37566470898,0.520010015417464
,0.715,5.55748450187,0.36553635043319527
,0.865,2.51133753641,0.7925056748568913
,0.5625,0.159933360969,0.004168020600149671
,0.863209876543209,3.91251375358,0.39981878402270515
,0.8075000000000001,2.07032403059,0.7805994069037756
,0.0,1.95652173913,0.195652173913
28,146928,0.8150000000000001,2.34917090231,0.7470465213335054
,0.885,6.18145545931,0.6377057556889181
,0.8600000000000001,1.37553550224,0.9214014007497191
,0.855,2.73101425732,0.7662917040966888
,0.8174999999999991,3.54255476418,0.7496475404617734
,0.803456790123456,2.61234552606,0.2032976844451678
,0.7000000000000001,2.99524314838,0.48737494289833205
,0.0,1.95652173913,0.195652173913
28,146993,0.9500000000000001,0.754753704306,0.9678366815225473
,0.8,4.77347743178,0.21553250183634007
,1.0,0.0859458782342,0.9980600951764187
,1.0,0.520698600677,0.973814579697839
,1.0,0.186530529158,0.9948692956490706
,0.8528395061728391,3.70219468879,0.3603345132875637
,0.8125,1.9877105922,0.790744298670248
,0.0,1.95652173913,0.195652173913
28,147026,0.52,0.188580099027,0.00420352931729426
,0.645,0.023148055448,0.00028732087096457843
,0.615,2.25965114646,0.04034046296777524
,0.655,1.97953390392,0.13398697501595874
,0.625,0.761515706956,0.029128233789188274
,0.815802469135802,2.91486653402,0.237443334072499
,0.5,0.970991891067,0.07735120936378423
,0.0,1.95652173913,0.195652173913
28,147101,0.8600000000000001,1.9567102115,0.8442913448608272
,0.8525,4.6155703066,0.45775789656712934
,0.7225,5.0747637889,0.4056263089790881
,0.865,2.51133753641,0.7925056748568913
,0.6825,4.09341049346,0.15015597252356136
,0.9007407407407401,4.57544583034,0.5600280431948095
,0.625,2.36905228053,0.28218533124854084
,1.0,3.04347826087,0.695652173913
28,147111,0.605,1.96112890238,0.07843675405249262
,0.837499999999999,4.28138813714,0.3921367351667425
,0.774999999999999,5.26986113191,0.627073032173246
,0.735,3.4026437305,0.3519524163478867
,0.6225,0.714632089553,0.027284107100460753
,0.852345679012345,3.69216811216,0.3585087446644704
,0.595,2.00627887308,0.21652001973932147
,0.0,1.95652173913,0.195652173913
28,147193,0.8500000000000001,2.0553489613,0.8242219085821134
,0.75,1.66778437399,0.05510422978100589
,0.7825000000000001,5.58514080667,0.6679848743429246
,0.7825000000000001,3.7065515029,0.5235127814146359
,0.7975000000000001,4.99060712865,0.6641677808488152
,0.6439506172839501,0.388105540682,0.010444534879796444
,0.75,2.86703293073,0.6364099405112361
,0.0,1.95652173913,0.195652173913
28,819,0.7775000000000001,2.75653846807,0.6519917814635798
,0.8300000000000001,4.43397377188,0.35956172057751423
,0.7075,5.58717869096,0.32341900413922864
,0.7025,2.88005347341,0.2493921188238
,0.7225,3.53092063831,0.31939759041612364
,0.7214814814814811,1.00608295407,0.0678065506003778
,0.725,3.00573204603,0.5626753045902829
,1.0,3.04347826087,0.695652173913
28,1942,0.585,1.33033247103,0.04567645475830451
,0.784999999999999,3.90953657319,0.14981047971908507
,0.5925,0.670727300984,0.007421270343789997
,0.6725,2.3091911213,0.17149547389546238
,0.6075,0.508106116675,0.018237253459604114
,0.755061728395061,1.41197930723,0.10722058624547406
,0.715,3.01826420587,0.5325357088025837
,1.0,3.04347826087,0.695652173913
28,1993,0.63,2.8059486701,0.1380720097927094
,0.905,5.3796136153,0.7558938647572518
,0.7525000000000001,3.7248959741,0.5270850759731406
,0.7375,3.43456301278,0.36049922932809403
,0.835,2.59901511332,0.8025799001550961
,0.905679012345679,4.62777461659,0.5827576999358445
,0.6625,2.76258680424,0.3787442803906267
,1.0,3.04347826087,0.695652173913
