left,boolean,ranking,id,score,equipmentScore,mealScore,roomScore,serviceScore,bathScore,locationScore,kinnennScore,chargeScore,distanceScore
left,true_positive,0,18246,0.544932509275,0.785,0.775,0.78,0.7525,0.77,0.8725,1,0.9107355483,0.962469135802
left,true_positive,1,136288,0.39741749406,0.7375,0.7425,0.8125,0.7925,0.6225,0.8275,1,0.852506241598,0.936790123457
left,true_positive,2,141356,0.354448885745,0.795,0.7025,0.825,0.84,0.8425,0.9475,1,0.811791818706,0.850864197531
left,true_positive,3,145444,0.316886264529,0.755,0.725,0.8525,0.6925,0.7975,0.795,1,0.801728442481,0.861728395062
left,true_positive,4,109067,0.268542569503,0.7625,0.75,0.795,0.7525,0.71,0.8,1,0.787785673132,0.847901234568
left,false_positive,5,4977,0.243493172917,0.725,0.64,0.685,0.71,0.705,0.85,1,0.794507393893,0.797037037037
left,true_positive,6,67905,0.23003117916,0.765,0.6675,0.8,0.7975,0.75,0.845,1,0.786863837142,0.8
left,true_positive,7,570,0.202075445417,0.755,0.8575,0.8625,0.7825,0.735,0.8775,1,0.765700019205,0.946172839506
left,true_positive,8,29764,0.194558541508,0.68,0.6,0.7225,0.7425,0.5875,0.775,1,0.848281159977,0.82962962963
left,true_positive,9,7588,0.147894874158,0.6725,0.6025,0.6175,0.695,0.845,0.815,1,0.85596312656,0.958024691358
left,false_positive,10,7343,0.120015012633,0.6875,0.6325,0.715,0.7075,0.665,0.9125,0,0.85596312656,0.961975308642
left,false_positive,11,1556,0.106282977646,0.6625,0.705,0.705,0.675,0.6525,0.7825,1,0.788745918955,0.675555555556
left,true_positive,12,192,0.100863080662,0.63,0.6675,0.6775,0.66,0.5325,0.745,1,0.821394276935,0.755061728395
left,false_positive,13,15878,0.0967391940511,0.6975,0.6925,0.7025,0.75,0.65,0.8,0,0.769541002497,0.86962962963
left,true_positive,14,864,0.0961966265825,0.6375,0.75,0.71,0.69,0.5625,0.92,0,0.87136546956,0.89975308642
left,true_positive,15,38649,0.0943793280413,0.7525,0.8225,0.78,0.7925,0.8675,0.7575,0,0.856577683887,0.811851851852
left,true_positive,16,107870,0.0929995398943,0.8125,0.72,0.8225,0.815,0.735,0.91,0,0.765815248704,0.907160493827
left,true_positive,17,79388,0.0719987093547,0.7325,0.7925,0.75,0.77,0.715,0.725,0,0.909775302477,0.806913580247
left,false_positive,18,69217,0.0667017652001,0.7,0.7675,0.74,0.7675,0.6425,0.72,0,0.77722296908,0.912592592593
left,true_positive,19,5024,0.0649657669347,0.6525,0.67,0.7625,0.7,0.495,0.7425,1,0.928980218936,0.903209876543
left,true_positive,20,1764,0.0631740795036,0.67,0.7725,0.7425,0.7075,0.645,0.8575,0,0.73074707125,0.880987654321
left,false_positive,21,17979,0.0466615914431,0.6525,0.7125,0.6825,0.7325,0.49,0.6775,1,0.878663337814,0.752592592593
left,true_positive,22,56758,0.0342638623321,0.7725,0.8125,0.8225,0.77,0.745,0.68,0,0.738083349337,0.782716049383
left,true_positive,23,41615,0.0299113246838,0.7425,0.9675,0.8475,0.92,0.81,0.8775,1,0.820741309775,0.544691358025
left,true_positive,24,18739,0.0264846776246,0.6925,0.6875,0.755,0.745,0.5875,0.8475,0,0.869829076244,0.730864197531
left,false_positive,25,19718,0.0239485179313,0.6925,0.875,0.77,0.9225,0.635,0.905,0,0.640868062224,0.844444444444
left,true_positive,26,129907,0.02062015815,0.65,0.6075,0.63,0.65,0.54,0.65,0,0.905895909353,0.725432098765
left,false_positive,27,78211,0.0144160921851,0.81,0.8025,0.86,0.83,0.8275,0.795,1,0.525676973305,0.874074074074
left,false_positive,28,398,0.0116028271901,0.635,0.8475,0.6325,0.66,0.545,0.61,0,0.882888419435,0.72049382716
left,false_positive,29,11275,0.00793357866495,0.7875,0.825,0.8775,0.8225,0.82,0.8775,1,0.45938160169,0.874074074074
left,false_positive,30,136846,0.000546259926397,0.8075,0.7625,0.7925,0.805,0.875,0.6525,0,0.722681006338,0.607407407407
left,false_positive,31,5562,0.000327440258207,0.775,0.6875,0.82,0.8025,0.7575,0.9575,0,0.256769733052,0.911111111111
left,false_negative,32,10630,0.0606873850292,0.6675,0.58,0.7225,0.7275,0.7075,0.8675,1,0.680084501632,0.76987654321
left,true_negative,33,143324,0.0559026115866,0.66,0.575,0.5725,0.625,0.59,0.6775,1,0.863683502977,0.697283950617
left,false_negative,34,108388,0.0539952723568,0.5475,0.58,0.64,0.5875,0.6,0.69,1,0.840637603226,0.819259259259
left,true_negative,35,28024,0.0464601388586,0.9,0.9175,0.85,1.0,1.0,1.0,1,0.658382946034,0.856296296296
left,false_negative,36,70852,0.0462815968686,0.69,0.5925,0.705,0.6975,0.595,0.6975,0,0.900134434415,0.799012345679
left,true_negative,37,54885,0.044036892069,0.585,0.625,0.55,0.68,0.5625,0.85,1,0.945265988093,0.952592592593
left,true_negative,38,1386,0.0419719745133,0.7025,0.5825,0.7425,0.6975,0.6525,0.86,0,0.694680238141,0.866666666667
left,false_negative,39,50830,0.0342217724556,0.565,0.6375,0.66,0.655,0.5725,0.81,0,0.827539850202,0.896790123457
left,true_negative,40,28894,0.0279700739686,0.62,0.5,0.67,0.6475,0.46,0.705,1,0.909775302477,0.785185185185
left,true_negative,41,104598,0.0255821032234,0.5825,0.5,0.645,0.685,0.515,0.67,0,0.826963702708,0.854320987654
left,false_negative,42,1119,0.023430213273,0.545,0.5,0.58,0.6,0.5075,0.7325,0,0.857422700211,0.887407407407
left,true_negative,43,1770,0.0227998263252,0.5775,0.635,0.64,0.6025,0.5525,0.835,0,0.785327443826,0.722962962963
left,true_negative,44,29381,0.0214043697443,0.595,0.5325,0.67,0.625,0.55,0.66,1,0.735010562704,0.505185185185
left,true_negative,45,108341,0.0206228542245,0.5825,0.595,0.52,0.595,0.52,0.8075,1,0.809756097561,0.951604938272
left,false_negative,46,80873,0.0157680913663,0.735,0.5,0.7075,0.7775,0.705,0.6325,0,0.95970808527,0.818271604938
left,true_negative,47,18312,0.0145148302242,0.4825,1.0,0.5275,0.6525,0.4825,0.9025,1,0.938966775495,0.789135802469
left,true_negative,48,70659,0.013129997093,0.6025,0.5275,0.685,0.695,0.55,0.565,1,0.904974073363,0.783209876543
left,false_negative,49,2958,0.0112944713435,0.59,0.6825,0.5325,0.65,0.7475,0.8775,0,0.890570386019,0.97975308642
left,false_negative,50,134922,0.00516773848196,0.6925,0.4375,0.725,0.6775,0.635,0.79,0,0.857922028039,0.679012345679
left,true_negative,51,1996,0.00377159225961,0.525,0.62,0.495,0.67,0.6,0.7325,0,0.856001536393,0.786666666667
left,true_negative,52,146993,0.00313581673333,1.0,0.8125,1.0,1.0,0.95,0.8,1,0.375840215095,0.852839506173
left,true_negative,53,922,0.00179365415107,0.595,0.4525,0.575,0.605,0.455,0.6825,1,0.917418859228,0.583703703704
left,true_negative,54,659,0.00111389724611,0.5925,0.62,0.645,0.6125,0.4775,0.65,0,0.531745726906,0.622222222222
left,true_negative,55,74635,0.000522766998777,0.5575,0.3825,0.675,0.5375,0.655,0.605,0,0.82527367006,0.769382716049
left,true_negative,56,9191,8.5687907028e-22,0.605,0.5825,0.63,0.685,0.5925,0.6825,0,0.890531976186,0.280987654321
left,true_negative,57,40956,5.94698399025e-43,0.625,-0.25,0.72,0.7825,0.6575,0.595,1,0.98893796812,0.647407407407
left,true_negative,58,44059,1.2524456316e-47,0.5125,-0.25,0.605,0.6575,0.5325,0.8225,0,0.902093335894,0.956543209877
left,true_negative,59,2605,2.89174216542e-58,0.3025,-0.25,0.34,0.34,0.355,0.59,1,0.876742846169,0.803456790123
left,true_negative,60,130586,1.44251814457e-67,0.2075,-0.25,0.285,0.3575,0.25,0.4275,0,0.892452467832,0.741728395062
