left,cluster,weight,distanceScore,equipmentScore,serviceScore,roomScore,locationScore,bathScore,mealScore,chargeScore,kinnennScore,copula
left,0,0.9576271186440678,"{'cv_num': 3, 'search_list': array([ 0.1       ,  0.001     ,  0.00109142,  0.00118285,  0.00127427,
        0.00139078,  0.00150728,  0.00162378,  0.00177223,  0.00192068,
        0.00206914,  0.00225831,  0.00244748,  0.00263665,  0.00287771,
        0.00311876,  0.00335982,  0.00366699,  0.00397416,  0.00428133,
        0.00467275,  0.00506417,  0.00545559,  0.00595437,  0.00645315,
        0.00695193,  0.00758751,  0.00822309,  0.00885867,  0.00966857,
        0.01047848,  0.01128838,  0.01232042,  0.01335246,  0.0143845 ,
        0.0156996 ,  0.0170147 ,  0.01832981,  0.02000561,  0.02168141,
        0.02335721,  0.02549265,  0.02762808,  0.02976351,  0.03248464,
        0.03520577,  0.0379269 ,  0.04139437,  0.04486184,  0.0483293 ,
        0.05274781,  0.05716631,  0.06158482,  0.06721521,  0.07284561,
        0.078476  ,  0.08565066,  0.09282533,  0.03089447,  0.03272415]), 'bw': 0.030894465954275138, 'best_bw': 0.030894465954275138, 'kernel': 'gaussian', 'score_type': 'distanceScore'}","{'cv_num': 3, 'search_list': array([ 0.1       ,  0.001     ,  0.00109142,  0.00118285,  0.00127427,
        0.00139078,  0.00150728,  0.00162378,  0.00177223,  0.00192068,
        0.00206914,  0.00225831,  0.00244748,  0.00263665,  0.00287771,
        0.00311876,  0.00335982,  0.00366699,  0.00397416,  0.00428133,
        0.00467275,  0.00506417,  0.00545559,  0.00595437,  0.00645315,
        0.00695193,  0.00758751,  0.00822309,  0.00885867,  0.00966857,
        0.01047848,  0.01128838,  0.01232042,  0.01335246,  0.0143845 ,
        0.0156996 ,  0.0170147 ,  0.01832981,  0.02000561,  0.02168141,
        0.02335721,  0.02549265,  0.02762808,  0.02976351,  0.03248464,
        0.03520577,  0.0379269 ,  0.04139437,  0.04486184,  0.0483293 ,
        0.05274781,  0.05716631,  0.06158482,  0.06721521,  0.07284561,
        0.078476  ,  0.08565066,  0.09282533,  0.03047476,  0.0322796 ]), 'bw': 0.052747808626012548, 'best_bw': 0.052747808626012548, 'kernel': 'gaussian', 'score_type': 'equipmentScore'}","{'cv_num': 3, 'search_list': array([ 0.1       ,  0.001     ,  0.00109142,  0.00118285,  0.00127427,
        0.00139078,  0.00150728,  0.00162378,  0.00177223,  0.00192068,
        0.00206914,  0.00225831,  0.00244748,  0.00263665,  0.00287771,
        0.00311876,  0.00335982,  0.00366699,  0.00397416,  0.00428133,
        0.00467275,  0.00506417,  0.00545559,  0.00595437,  0.00645315,
        0.00695193,  0.00758751,  0.00822309,  0.00885867,  0.00966857,
        0.01047848,  0.01128838,  0.01232042,  0.01335246,  0.0143845 ,
        0.0156996 ,  0.0170147 ,  0.01832981,  0.02000561,  0.02168141,
        0.02335721,  0.02549265,  0.02762808,  0.02976351,  0.03248464,
        0.03520577,  0.0379269 ,  0.04139437,  0.04486184,  0.0483293 ,
        0.05274781,  0.05716631,  0.06158482,  0.06721521,  0.07284561,
        0.078476  ,  0.08565066,  0.09282533,  0.02901417,  0.0307325 ]), 'bw': 0.044861835559585846, 'best_bw': 0.044861835559585846, 'kernel': 'gaussian', 'score_type': 'serviceScore'}","{'cv_num': 3, 'search_list': array([ 0.1       ,  0.001     ,  0.00109142,  0.00118285,  0.00127427,
        0.00139078,  0.00150728,  0.00162378,  0.00177223,  0.00192068,
        0.00206914,  0.00225831,  0.00244748,  0.00263665,  0.00287771,
        0.00311876,  0.00335982,  0.00366699,  0.00397416,  0.00428133,
        0.00467275,  0.00506417,  0.00545559,  0.00595437,  0.00645315,
        0.00695193,  0.00758751,  0.00822309,  0.00885867,  0.00966857,
        0.01047848,  0.01128838,  0.01232042,  0.01335246,  0.0143845 ,
        0.0156996 ,  0.0170147 ,  0.01832981,  0.02000561,  0.02168141,
        0.02335721,  0.02549265,  0.02762808,  0.02976351,  0.03248464,
        0.03520577,  0.0379269 ,  0.04139437,  0.04486184,  0.0483293 ,
        0.05274781,  0.05716631,  0.06158482,  0.06721521,  0.07284561,
        0.078476  ,  0.08565066,  0.09282533,  0.03489659,  0.0369633 ]), 'bw': 0.057166314866307577, 'best_bw': 0.057166314866307577, 'kernel': 'gaussian', 'score_type': 'roomScore'}","{'cv_num': 3, 'search_list': array([ 0.1       ,  0.001     ,  0.00109142,  0.00118285,  0.00127427,
        0.00139078,  0.00150728,  0.00162378,  0.00177223,  0.00192068,
        0.00206914,  0.00225831,  0.00244748,  0.00263665,  0.00287771,
        0.00311876,  0.00335982,  0.00366699,  0.00397416,  0.00428133,
        0.00467275,  0.00506417,  0.00545559,  0.00595437,  0.00645315,
        0.00695193,  0.00758751,  0.00822309,  0.00885867,  0.00966857,
        0.01047848,  0.01128838,  0.01232042,  0.01335246,  0.0143845 ,
        0.0156996 ,  0.0170147 ,  0.01832981,  0.02000561,  0.02168141,
        0.02335721,  0.02549265,  0.02762808,  0.02976351,  0.03248464,
        0.03520577,  0.0379269 ,  0.04139437,  0.04486184,  0.0483293 ,
        0.05274781,  0.05716631,  0.06158482,  0.06721521,  0.07284561,
        0.078476  ,  0.08565066,  0.09282533,  0.03119616,  0.03304371]), 'bw': 0.041394368733454173, 'best_bw': 0.041394368733454173, 'kernel': 'gaussian', 'score_type': 'locationScore'}","{'cv_num': 3, 'search_list': array([ 0.1       ,  0.001     ,  0.00109142,  0.00118285,  0.00127427,
        0.00139078,  0.00150728,  0.00162378,  0.00177223,  0.00192068,
        0.00206914,  0.00225831,  0.00244748,  0.00263665,  0.00287771,
        0.00311876,  0.00335982,  0.00366699,  0.00397416,  0.00428133,
        0.00467275,  0.00506417,  0.00545559,  0.00595437,  0.00645315,
        0.00695193,  0.00758751,  0.00822309,  0.00885867,  0.00966857,
        0.01047848,  0.01128838,  0.01232042,  0.01335246,  0.0143845 ,
        0.0156996 ,  0.0170147 ,  0.01832981,  0.02000561,  0.02168141,
        0.02335721,  0.02549265,  0.02762808,  0.02976351,  0.03248464,
        0.03520577,  0.0379269 ,  0.04139437,  0.04486184,  0.0483293 ,
        0.05274781,  0.05716631,  0.06158482,  0.06721521,  0.07284561,
        0.078476  ,  0.08565066,  0.09282533,  0.04028907,  0.04267514]), 'bw': 0.052747808626012548, 'best_bw': 0.052747808626012548, 'kernel': 'gaussian', 'score_type': 'bathScore'}","{'cv_num': 3, 'search_list': array([ 0.1       ,  0.001     ,  0.00109142,  0.00118285,  0.00127427,
        0.00139078,  0.00150728,  0.00162378,  0.00177223,  0.00192068,
        0.00206914,  0.00225831,  0.00244748,  0.00263665,  0.00287771,
        0.00311876,  0.00335982,  0.00366699,  0.00397416,  0.00428133,
        0.00467275,  0.00506417,  0.00545559,  0.00595437,  0.00645315,
        0.00695193,  0.00758751,  0.00822309,  0.00885867,  0.00966857,
        0.01047848,  0.01128838,  0.01232042,  0.01335246,  0.0143845 ,
        0.0156996 ,  0.0170147 ,  0.01832981,  0.02000561,  0.02168141,
        0.02335721,  0.02549265,  0.02762808,  0.02976351,  0.03248464,
        0.03520577,  0.0379269 ,  0.04139437,  0.04486184,  0.0483293 ,
        0.05274781,  0.05716631,  0.06158482,  0.06721521,  0.07284561,
        0.078476  ,  0.08565066,  0.09282533,  0.03598939,  0.03812082]), 'bw': 0.017014704366508447, 'best_bw': 0.017014704366508447, 'kernel': 'gaussian', 'score_type': 'mealScore'}","{'cv_num': 3, 'search_list': array([ 0.1       ,  0.001     ,  0.00109142,  0.00118285,  0.00127427,
        0.00139078,  0.00150728,  0.00162378,  0.00177223,  0.00192068,
        0.00206914,  0.00225831,  0.00244748,  0.00263665,  0.00287771,
        0.00311876,  0.00335982,  0.00366699,  0.00397416,  0.00428133,
        0.00467275,  0.00506417,  0.00545559,  0.00595437,  0.00645315,
        0.00695193,  0.00758751,  0.00822309,  0.00885867,  0.00966857,
        0.01047848,  0.01128838,  0.01232042,  0.01335246,  0.0143845 ,
        0.0156996 ,  0.0170147 ,  0.01832981,  0.02000561,  0.02168141,
        0.02335721,  0.02549265,  0.02762808,  0.02976351,  0.03248464,
        0.03520577,  0.0379269 ,  0.04139437,  0.04486184,  0.0483293 ,
        0.05274781,  0.05716631,  0.06158482,  0.06721521,  0.07284561,
        0.078476  ,  0.08565066,  0.09282533,  0.04325935,  0.04582134]), 'bw': 0.048329302385717518, 'best_bw': 0.048329302385717518, 'kernel': 'gaussian', 'score_type': 'chargeScore'}","{'cv_num': 3, 'search_list': array([ 0.1       ,  0.1951046 ,  0.20665945]), 'bw': 0.10000000000000001, 'best_bw': 0.10000000000000001, 'kernel': 'tophat', 'score_type': 'kinnennScore'}","{'trained_param': 999.999940388442, 'dimension': 9}"
,1,0.0423728813559322,"{'cv_num': 3, 'search_list': array([ 0.1       ,  0.001     ,  0.00109142,  0.00118285,  0.00127427,
        0.00139078,  0.00150728,  0.00162378,  0.00177223,  0.00192068,
        0.00206914,  0.00225831,  0.00244748,  0.00263665,  0.00287771,
        0.00311876,  0.00335982,  0.00366699,  0.00397416,  0.00428133,
        0.00467275,  0.00506417,  0.00545559,  0.00595437,  0.00645315,
        0.00695193,  0.00758751,  0.00822309,  0.00885867,  0.00966857,
        0.01047848,  0.01128838,  0.01232042,  0.01335246,  0.0143845 ,
        0.0156996 ,  0.0170147 ,  0.01832981,  0.02000561,  0.02168141,
        0.02335721,  0.02549265,  0.02762808,  0.02976351,  0.03248464,
        0.03520577,  0.0379269 ,  0.04139437,  0.04486184,  0.0483293 ,
        0.05274781,  0.05716631,  0.06158482,  0.06721521,  0.07284561,
        0.078476  ,  0.08565066,  0.09282533,  0.11153448,  0.11813998]), 'bw': 0.11813998042699646, 'best_bw': 0.11813998042699646, 'kernel': 'gaussian', 'score_type': 'distanceScore'}","{'cv_num': 3, 'search_list': array([ 0.1       ,  0.001     ,  0.00109142,  0.00118285,  0.00127427,
        0.00139078,  0.00150728,  0.00162378,  0.00177223,  0.00192068,
        0.00206914,  0.00225831,  0.00244748,  0.00263665,  0.00287771,
        0.00311876,  0.00335982,  0.00366699,  0.00397416,  0.00428133,
        0.00467275,  0.00506417,  0.00545559,  0.00595437,  0.00645315,
        0.00695193,  0.00758751,  0.00822309,  0.00885867,  0.00966857,
        0.01047848,  0.01128838,  0.01232042,  0.01335246,  0.0143845 ,
        0.0156996 ,  0.0170147 ,  0.01832981,  0.02000561,  0.02168141,
        0.02335721,  0.02549265,  0.02762808,  0.02976351,  0.03248464,
        0.03520577,  0.0379269 ,  0.04139437,  0.04486184,  0.0483293 ,
        0.05274781,  0.05716631,  0.06158482,  0.06721521,  0.07284561,
        0.078476  ,  0.08565066,  0.09282533,  0.05443392,  0.05765771]), 'bw': 0.092825332345048708, 'best_bw': 0.092825332345048708, 'kernel': 'gaussian', 'score_type': 'equipmentScore'}","{'cv_num': 3, 'search_list': array([ 0.1       ,  0.001     ,  0.00109142,  0.00118285,  0.00127427,
        0.00139078,  0.00150728,  0.00162378,  0.00177223,  0.00192068,
        0.00206914,  0.00225831,  0.00244748,  0.00263665,  0.00287771,
        0.00311876,  0.00335982,  0.00366699,  0.00397416,  0.00428133,
        0.00467275,  0.00506417,  0.00545559,  0.00595437,  0.00645315,
        0.00695193,  0.00758751,  0.00822309,  0.00885867,  0.00966857,
        0.01047848,  0.01128838,  0.01232042,  0.01335246,  0.0143845 ,
        0.0156996 ,  0.0170147 ,  0.01832981,  0.02000561,  0.02168141,
        0.02335721,  0.02549265,  0.02762808,  0.02976351,  0.03248464,
        0.03520577,  0.0379269 ,  0.04139437,  0.04486184,  0.0483293 ,
        0.05274781,  0.05716631,  0.06158482,  0.06721521,  0.07284561,
        0.078476  ,  0.08565066,  0.09282533,  0.03528884,  0.03737878]), 'bw': 0.044861835559585846, 'best_bw': 0.044861835559585846, 'kernel': 'gaussian', 'score_type': 'serviceScore'}","{'cv_num': 3, 'search_list': array([ 0.1       ,  0.001     ,  0.00109142,  0.00118285,  0.00127427,
        0.00139078,  0.00150728,  0.00162378,  0.00177223,  0.00192068,
        0.00206914,  0.00225831,  0.00244748,  0.00263665,  0.00287771,
        0.00311876,  0.00335982,  0.00366699,  0.00397416,  0.00428133,
        0.00467275,  0.00506417,  0.00545559,  0.00595437,  0.00645315,
        0.00695193,  0.00758751,  0.00822309,  0.00885867,  0.00966857,
        0.01047848,  0.01128838,  0.01232042,  0.01335246,  0.0143845 ,
        0.0156996 ,  0.0170147 ,  0.01832981,  0.02000561,  0.02168141,
        0.02335721,  0.02549265,  0.02762808,  0.02976351,  0.03248464,
        0.03520577,  0.0379269 ,  0.04139437,  0.04486184,  0.0483293 ,
        0.05274781,  0.05716631,  0.06158482,  0.06721521,  0.07284561,
        0.078476  ,  0.08565066,  0.09282533,  0.04322932,  0.04578953]), 'bw': 0.072845605058964952, 'best_bw': 0.072845605058964952, 'kernel': 'gaussian', 'score_type': 'roomScore'}","{'cv_num': 3, 'search_list': array([ 0.1       ,  0.001     ,  0.00109142,  0.00118285,  0.00127427,
        0.00139078,  0.00150728,  0.00162378,  0.00177223,  0.00192068,
        0.00206914,  0.00225831,  0.00244748,  0.00263665,  0.00287771,
        0.00311876,  0.00335982,  0.00366699,  0.00397416,  0.00428133,
        0.00467275,  0.00506417,  0.00545559,  0.00595437,  0.00645315,
        0.00695193,  0.00758751,  0.00822309,  0.00885867,  0.00966857,
        0.01047848,  0.01128838,  0.01232042,  0.01335246,  0.0143845 ,
        0.0156996 ,  0.0170147 ,  0.01832981,  0.02000561,  0.02168141,
        0.02335721,  0.02549265,  0.02762808,  0.02976351,  0.03248464,
        0.03520577,  0.0379269 ,  0.04139437,  0.04486184,  0.0483293 ,
        0.05274781,  0.05716631,  0.06158482,  0.06721521,  0.07284561,
        0.078476  ,  0.08565066,  0.09282533,  0.1090682 ,  0.11552764]), 'bw': 0.11552764012388969, 'best_bw': 0.11552764012388969, 'kernel': 'gaussian', 'score_type': 'locationScore'}","{'cv_num': 3, 'search_list': array([ 0.1       ,  0.001     ,  0.00109142,  0.00118285,  0.00127427,
        0.00139078,  0.00150728,  0.00162378,  0.00177223,  0.00192068,
        0.00206914,  0.00225831,  0.00244748,  0.00263665,  0.00287771,
        0.00311876,  0.00335982,  0.00366699,  0.00397416,  0.00428133,
        0.00467275,  0.00506417,  0.00545559,  0.00595437,  0.00645315,
        0.00695193,  0.00758751,  0.00822309,  0.00885867,  0.00966857,
        0.01047848,  0.01128838,  0.01232042,  0.01335246,  0.0143845 ,
        0.0156996 ,  0.0170147 ,  0.01832981,  0.02000561,  0.02168141,
        0.02335721,  0.02549265,  0.02762808,  0.02976351,  0.03248464,
        0.03520577,  0.0379269 ,  0.04139437,  0.04486184,  0.0483293 ,
        0.05274781,  0.05716631,  0.06158482,  0.06721521,  0.07284561,
        0.078476  ,  0.08565066,  0.09282533,  0.0557097 ,  0.05900904]), 'bw': 0.078475997035146114, 'best_bw': 0.078475997035146114, 'kernel': 'gaussian', 'score_type': 'bathScore'}","{'cv_num': 3, 'search_list': array([ 0.1       ,  0.001     ,  0.00109142,  0.00118285,  0.00127427,
        0.00139078,  0.00150728,  0.00162378,  0.00177223,  0.00192068,
        0.00206914,  0.00225831,  0.00244748,  0.00263665,  0.00287771,
        0.00311876,  0.00335982,  0.00366699,  0.00397416,  0.00428133,
        0.00467275,  0.00506417,  0.00545559,  0.00595437,  0.00645315,
        0.00695193,  0.00758751,  0.00822309,  0.00885867,  0.00966857,
        0.01047848,  0.01128838,  0.01232042,  0.01335246,  0.0143845 ,
        0.0156996 ,  0.0170147 ,  0.01832981,  0.02000561,  0.02168141,
        0.02335721,  0.02549265,  0.02762808,  0.02976351,  0.03248464,
        0.03520577,  0.0379269 ,  0.04139437,  0.04486184,  0.0483293 ,
        0.05274781,  0.05716631,  0.06158482,  0.06721521,  0.07284561,
        0.078476  ,  0.08565066,  0.09282533,  0.08103283,  0.08583191]), 'bw': 0.10000000000000001, 'best_bw': 0.10000000000000001, 'kernel': 'gaussian', 'score_type': 'mealScore'}","{'cv_num': 3, 'search_list': array([ 0.1       ,  0.001     ,  0.00109142,  0.00118285,  0.00127427,
        0.00139078,  0.00150728,  0.00162378,  0.00177223,  0.00192068,
        0.00206914,  0.00225831,  0.00244748,  0.00263665,  0.00287771,
        0.00311876,  0.00335982,  0.00366699,  0.00397416,  0.00428133,
        0.00467275,  0.00506417,  0.00545559,  0.00595437,  0.00645315,
        0.00695193,  0.00758751,  0.00822309,  0.00885867,  0.00966857,
        0.01047848,  0.01128838,  0.01232042,  0.01335246,  0.0143845 ,
        0.0156996 ,  0.0170147 ,  0.01832981,  0.02000561,  0.02168141,
        0.02335721,  0.02549265,  0.02762808,  0.02976351,  0.03248464,
        0.03520577,  0.0379269 ,  0.04139437,  0.04486184,  0.0483293 ,
        0.05274781,  0.05716631,  0.06158482,  0.06721521,  0.07284561,
        0.078476  ,  0.08565066,  0.09282533,  0.01762661,  0.01867052]), 'bw': 0.035205772743652726, 'best_bw': 0.035205772743652726, 'kernel': 'gaussian', 'score_type': 'chargeScore'}","{'cv_num': 3, 'search_list': array([ 0.1       ,  0.39697817,  0.42048874]), 'bw': 0.10000000000000001, 'best_bw': 0.10000000000000001, 'kernel': 'tophat', 'score_type': 'kinnennScore'}","{'trained_param': 999.999905385992, 'dimension': 9}"
