user,id,distanceScore,distanceScore_pdf,distanceScore_cdf,kinnennScore,kinnennScore_pdf,kinnennScore_cdf,serviceScore,serviceScore_pdf,serviceScore_cdf,equipmentScore,equipmentScore_pdf,equipmentScore_cdf,roomScore,roomScore_pdf,roomScore_cdf,locationScore,locationScore_pdf,locationScore_cdf,bathScore,bathScore_pdf,bathScore_cdf,chargeScore,chargeScore_pdf,chargeScore_cdf,mealScore,mealScore_pdf,mealScore_cdf
13,101,0.9797530864197531,1.75245276403,0.9141268407839597,1.0,nan,0.0,0.73,4.72582057274,0.5171324526323839,0.655,3.71636592542,0.3379307446889128,0.6000000000000001,1.81347809239,0.11421926554602366,0.9400000000000001,1.78199756657,0.9091619829247866,0.625,3.15095517507,0.408968869932664,0.9297100057614741,2.33355546008,0.7618041860359346,0.6975,1.55791709251,0.5486989179119492
13,192,0.755061728395061,2.11214822443,0.10164047644959888,1.0,nan,0.0,0.66,3.4607465358,0.21608091831080095,0.63,3.23531240496,0.25070531523816153,0.6775,3.37512173846,0.3179185914632472,0.745,3.05843971574,0.2273559269230247,0.5325,1.99979985644,0.16351339344001464,0.8213942769348951,2.66308123529,0.46727459799028576,0.6675,1.56816111259,0.5017531060877293
13,223,0.8103703703703701,3.94463136116,0.269979311569695,0.0,nan,0.0,0.6775,3.989621295,0.2813939364254686,0.6375000000000001,3.39564453577,0.2755786027748967,0.605,1.91821836551,0.12354776162153935,0.605,0.402392221108,0.016416521571194557,0.5575,2.39020885771,0.21843098049312953,0.8713654695602071,2.84740112008,0.6070379486410655,0.5825,1.48080239903,0.37099259563733206
13,388,0.851358024691358,4.7036964978,0.45040637097993763,1.0,nan,0.0,0.7675000000000001,4.20470418506,0.6871876097177649,0.7575000000000001,3.33888305315,0.733704761655103,0.7675000000000001,3.52374418363,0.648023967504352,0.915,2.4831012422,0.8559877594280934,0.675,3.1869714093,0.5696071607856427,0.713885154599577,1.69623897982,0.23423627745291625,0.7825000000000001,1.4169209108,0.6762306160681038
13,398,0.720493827160493,1.14438567198,0.04628534840982751,0.0,nan,0.0,0.66,3.4607465358,0.21608091831080095,0.635,3.34349528713,0.2671543927417992,0.6325000000000001,2.51135605702,0.18442669656127783,0.61,0.446232121968,0.018536618297677228,0.545,2.1975510052,0.18974982893105286,0.8828884194353751,2.80874917012,0.6396586608217837,0.847499999999999,1.22089148408,0.7622756387028832
13,462,0.810864197530864,3.95876630401,0.271930771482029,1.0,nan,0.0,0.8300000000000001,2.22338455886,0.8906867598591846,0.7975000000000001,2.38485782796,0.848685408690911,0.68,3.41277361773,0.32640377176277546,0.79,3.99904235822,0.38790412357104664,0.64,3.21684532349,0.45678466337236706,0.965469560207413,1.78008828731,0.8355012384961601,0.7075,1.54967996685,0.5642388865164165
13,509,0.9125925925925921,3.89535930881,0.724914508673527,0.0,nan,0.0,0.6950000000000001,4.40672228832,0.35506418751455765,0.6375000000000001,3.39564453577,0.2755786027748967,0.6950000000000001,3.6047490825,0.3791111790527529,0.919999999999999,2.33828633479,0.8680407821415328,0.5125000000000001,1.68345260654,0.12669121144910872,0.6792778951411561,1.43920183795,0.18003246910844617,0.8225,1.3030391466,0.730711843590014
13,568,0.9432098765432091,2.91228048118,0.8295033718493727,1.0,nan,0.0,0.7975000000000001,3.31820282183,0.8007069055271677,0.685,4.03023353193,0.4549705348031798,0.6625,3.12070150131,0.26914267457828667,0.9450000000000001,1.65221056521,0.9177455849747342,0.865,0.741223741283,0.9569786763019259,0.786863837142308,2.34449328729,0.3806409169851336,0.5675,1.44900064215,0.3490135878556516
13,570,0.946172839506172,2.81261746315,0.8379846612407544,1.0,nan,0.0,0.7825000000000001,3.79525666512,0.7472943253626062,0.754999999999999,3.39116379998,0.7252919191965577,0.8625,1.6623661336,0.899927476300605,0.8775000000000001,3.51903446215,0.742883785084394,0.735,2.59951474325,0.7460616109869374,0.765700019204916,2.13937807091,0.3332065904116716,0.857499999999999,1.18623605961,0.7743120206781057
13,610,0.899753086419753,4.23514137983,0.6726489159746334,0.0,nan,0.0,0.725,4.72851824049,0.49348966123463744,0.6875,4.04055291798,0.46505955555404915,0.7825000000000001,3.30437782176,0.699304509323508,0.9175000000000001,2.41055988586,0.862104791801567,0.615,3.08231306413,0.37778668991596415,0.880929517956596,2.8177406163,0.6341476297817623,0.8225,1.3030391466,0.730711843590014
13,630,0.7629629629629631,2.37260405268,0.1193512701991501,0.0,nan,0.0,0.68,4.05732658654,0.2914531159306573,0.6375000000000001,3.39564453577,0.2755786027748967,0.74,3.75950446885,0.5473393373894836,0.6875,1.64555041049,0.09301842260106097,0.5575,2.39020885771,0.21843098049312953,0.9405031688112151,2.17301489689,0.7861339773013247,0.7725000000000001,1.44125364636,0.6619382226065956
13,658,0.65679012345679,0.24195938245,0.007670895231857254,0.0,nan,0.0,0.5775,1.00052337207,0.03947290551480754,0.54,1.15076274485,0.056245040951762026,0.59,1.61023240377,0.09710838309589384,0.665,1.19185731482,0.06125271075116473,0.47750000000000004,1.16929729654,0.07698258401457177,0.656270405223737,1.27496201776,0.1488157163729811,0.63,1.55024853874,0.4431770548304617
13,659,0.622222222222222,0.0845469790485,0.002438833351493589,0.0,nan,0.0,0.6125,1.89895271802,0.08923202259965421,0.5925,2.32821759595,0.14606148481361264,0.645,2.77626931529,0.21748501608490708,0.65,0.937314695216,0.04533331655154306,0.47750000000000004,1.16929729654,0.07698258401457177,0.531745726906087,0.499998296251,0.04124802528421693,0.62,1.53982243008,0.42772476374695495
13,716,0.819259259259259,4.18414383575,0.30613142455021797,0.0,nan,0.0,0.7225,4.72362033999,0.4816736217389532,0.715,3.98232899878,0.5760937791619202,0.8325,2.30163727446,0.8405878095756821,0.735,2.80545226145,0.1980319639311431,0.645,3.228467856,0.4729001394824338,0.7945073938928361,2.41925316574,0.3988473142844296,0.8025,1.36305666098,0.7040414433771385
13,767,0.9007407407407401,4.2114312558,0.6768200996522342,0.0,nan,0.0,0.6950000000000001,4.40672228832,0.35506418751455765,0.6625,3.82568262046,0.3662251512240884,0.7000000000000001,3.65457199777,0.39726261496626614,0.8725,3.63643700592,0.7249919235322952,0.5975,2.91917707023,0.3251983490352576,0.7599385442673321,2.08541986968,0.32103657847714795,0.7325,1.51887018124,0.6026256849817482
13,839,1.0,1.23355386708,0.9441661212232303,1.0,nan,0.0,0.8150000000000001,2.72485292381,0.8536041291398347,0.7875000000000001,2.63472177632,0.823586631604232,0.845,2.02970479023,0.8676548437066545,0.925,2.1949792181,0.879373139622538,0.7275,2.7013846552,0.7261795462236339,0.782024198194737,2.29702703802,0.369409305869129,0.735,1.5150093614,0.6064180632345788
13,858,0.631604938271604,0.113946020817,0.0033638967966879243,0.0,nan,0.0,0.61,1.82411338367,0.0845784840751855,0.635,3.34349528713,0.2671543927417992,0.65,2.87864291209,0.2316233839440041,0.6475000000000001,0.898736416872,0.043038481142275375,0.5525,2.31404554734,0.20666976280637814,0.7714614941425001,2.19434458651,0.3456904653577051,0.5675,1.44900064215,0.3490135878556516
13,864,0.899753086419753,4.23514137983,0.6726489159746334,0.0,nan,0.0,0.6900000000000001,4.3020688274,0.33328690036781883,0.6375000000000001,3.39564453577,0.2755786027748967,0.71,3.73089665828,0.43421650339218243,0.919999999999999,2.33828633479,0.8680407821415328,0.5625,2.46482770139,0.23056927737341842,0.8713654695602071,2.84740112008,0.6070379486410655,0.75,1.48899100229,0.6289541096069741
13,922,0.5837037037037031,0.022721538239,0.0006065130591037006,1.0,nan,0.0,0.605,1.67884139475,0.0758236185543599,0.595,2.39063228741,0.15196002053797308,0.5750000000000001,1.32544437517,0.07512431909642946,0.6825,1.53768792142,0.08506190733450454,0.454999999999999,0.88671447344,0.05393538421274073,0.9174188592279621,2.49947799859,0.7320801326133463,0.4525,1.09409395189,0.20127447449052796
13,930,0.750123456790123,1.95520855187,0.09159969669458276,1.0,nan,0.0,0.78,3.86917265139,0.737713378793805,0.75,3.49141757972,0.7080829756055379,0.7925000000000001,3.13005037033,0.7314931128552653,0.885,3.32985642728,0.7685760994811008,0.685,3.13172697256,0.6012171975111474,0.56024582293067,0.648829609596,0.05756527802848592,0.7125,1.54467381192,0.5719750157202791
13,995,0.7664197530864191,2.48940957133,0.1277543361099395,1.0,nan,0.0,0.5775,1.00052337207,0.03947290551480754,0.51,0.677031353017,0.02924599745438224,0.5325,0.687593018808,0.033290072198327705,0.65,0.937314695216,0.04533331655154306,0.52,1.80127845678,0.13975798743473994,0.8674860764355671,2.85272822324,0.5959801889642242,0.7875000000000001,1.40408371845,0.683283309242774
13,996,0.8390123456790121,4.57712604643,0.39301510151857855,0.0,nan,0.0,0.65,3.13015486556,0.18311592670813082,0.6000000000000001,2.51564857799,0.1642257072024974,0.6375000000000001,2.6185150592,0.19725188614335215,0.725,2.54983150147,0.17125558172364952,0.5325,1.99979985644,0.16351339344001464,0.8703668139043591,2.84913903528,0.6041934863792854,0.625,1.54532592579,0.43543787533980316
13,1119,0.8874074074074071,4.490569738,0.6187050704846818,0.0,nan,0.0,0.6000000000000001,1.53985266562,0.0677795922104498,0.545,1.2458289285,0.06223466457427415,0.58,1.41735625566,0.08197998884753836,0.7325,2.74158279976,0.19109814536734296,0.5075000000000001,1.60592166876,0.11846817580621252,0.8574227002112541,2.84906711634,0.5672697644330111,0.5,1.25913693814,0.2572314213421947
13,1128,0.7935802469135801,3.41988663604,0.20804704661415954,1.0,nan,0.0,0.7425,4.64680748247,0.575817791864365,0.6925,4.05340675779,0.4852987962204294,0.6775,3.37512173846,0.3179185914632472,0.7725000000000001,3.69155532341,0.320467203745334,0.6025,2.97098777195,0.33992539954544926,0.858882273862108,2.85111987982,0.571429747006347,0.8700000000000001,1.14177090212,0.7888632721679694
13,1186,0.712592592592592,0.971786134846,0.03793777150106403,0.0,nan,0.0,0.7225,4.72362033999,0.4816736217389532,0.6175,2.9464331381,0.21204556736844796,0.6625,3.12070150131,0.26914267457828667,0.67,1.28542624566,0.06744412846486858,0.65,3.234802696,0.48906052766595454,0.7987708853466481,2.46049208152,0.40924986488411125,0.5750000000000001,1.46545003792,0.35994345074924233
13,1356,0.8316049382716041,4.45518181999,0.3595418703223027,0.0,nan,0.0,0.7575000000000001,4.42294114419,0.6440076779989524,0.774999999999999,2.94109083864,0.7887259895569979,0.8125,2.73311460622,0.790212226053849,0.925,2.1949792181,0.879373139622538,0.73,2.66809044816,0.7328915344037241,0.704513155367774,1.62474946409,0.21867556923432335,0.79,1.39750342976,0.6867853153300134
13,1357,0.6083950617283951,0.053584620721,0.0014985973582467733,0.0,nan,0.0,0.8025,3.1505036183,0.8168798212778086,0.78,2.81994843141,0.8031295678167615,0.8075000000000001,2.83698592013,0.7762859615898504,0.835,4.20395451628,0.57606169947229,0.72,2.7968620314,0.705556825485021,0.283887075091223,0.0156664120996,0.0007856554655238927,0.76,1.46901880489,0.643745862773835
13,1386,0.866666666666666,4.71853953321,0.5227310843671102,0.0,nan,0.0,0.6975,4.45414196677,0.36614097119990285,0.7025,4.04773155121,0.5258393951092402,0.7425,3.74805740055,0.5567242262438781,0.8600000000000001,3.89247371414,0.6778761189979446,0.6525000000000001,3.23597630851,0.49714927877673176,0.694680238140964,1.55147897275,0.20306102952244282,0.5825,1.48080239903,0.37099259563733206
13,1404,0.575802469135802,0.0170857006435,0.00045024491782137395,0.0,nan,0.0,0.6725,3.84749308755,0.2617975999430552,0.6725,3.94065599587,0.40508746920180094,0.7875000000000001,3.21968364388,0.7156168311952713,0.75,3.1821651433,0.24295847086092554,0.77,2.06874589526,0.8279516480764215,0.41317457269060803,0.124704177909,0.007899807607611786,0.75,1.48899100229,0.6289541096069741
13,1500,0.8859259259259251,4.5156786828,0.6120336190818417,0.0,nan,0.0,0.73,4.72582057274,0.5171324526323839,0.5675,1.72468646655,0.09550590412632143,0.5825,1.46448570059,0.0855821328258889,0.9375,1.848552955,0.9046240139946596,0.387499999999999,0.317096064477,0.015620907593327758,0.9097753024774341,2.59022891435,0.712621524420068,0.6875,1.56375800945,0.5330885332703944
13,1501,0.775308641975308,2.79468937767,0.1512353470790643,0.0,nan,0.0,0.6425000000000001,2.8767865047,0.1605886300138225,0.505,0.614171372065,0.026019848827912213,0.6025,1.86562469059,0.11881804610256813,0.9450000000000001,1.65221056521,0.9177455849747342,0.4,0.392311040288,0.020041783926432348,0.8521605531015941,2.83757249687,0.5523050269696735,0.55,1.40659153569,0.32401918856625833
13,1511,0.724444444444444,1.23785901019,0.05098944821851102,1.0,nan,0.0,0.6125,1.89895271802,0.08923202259965421,0.52,0.816365828568,0.03669767076689508,0.54,0.780659261474,0.03879079711392241,0.8700000000000001,3.69215366536,0.7158307500969529,0.5925,2.86355701518,0.31073997855556995,0.8636450931438441,2.85426200915,0.5850187823023912,0.6075,1.52356740905,0.4085748987393176
13,1556,0.675555555555555,0.403822157253,0.01362242715842937,1.0,nan,0.0,0.675,3.91962236999,0.2715069209040325,0.6625,3.82568262046,0.3662251512240884,0.705,3.696716531,0.4156440990336565,0.7825000000000001,3.87947221538,0.3583472201327672,0.6525000000000001,3.23597630851,0.49714927877673176,0.788745918955252,2.36295312488,0.38507081892042194,0.705,1.55196208368,0.56036180314932
13,1630,0.6335802469135801,0.121189850373,0.003596064426968154,0.0,nan,0.0,0.6525000000000001,3.21389979685,0.1910461076297676,0.6325000000000001,3.29002133563,0.25886223029040356,0.6825,3.44890256051,0.33498119038433666,0.64,0.789547445162,0.036713526600050464,0.6075,3.01874904253,0.35490147680963363,0.888611484540042,2.77684920744,0.6556460125432444,0.8525,1.20367541059,0.7683371524632846
13,1667,0.902222222222222,4.17504211423,0.6830324226473208,0.0,nan,0.0,0.68,4.05732658654,0.2914531159306573,0.6625,3.82568262046,0.3662251512240884,0.6175,2.1861689005,0.14919310292060847,0.8,4.12505691977,0.42855841850097515,0.49,1.34416557948,0.09267972201285198,0.660072978682542,1.30188851935,0.1537150222484003,0.75,1.48899100229,0.6289541096069741
13,1680,0.875061728395061,4.65936539029,0.5621278540418905,1.0,nan,0.0,0.7925000000000001,3.48247052392,0.7837035105326645,0.6950000000000001,4.05591626152,0.49543599547614475,0.7275,3.7849198565,0.5001311032962755,0.8700000000000001,3.69215366536,0.7158307500969529,0.6975,3.03576014971,0.6397939627990925,0.8974841559439211,2.71123218232,0.6800072039171035,0.784999999999999,1.41055679529,0.6797649860816338
13,1725,0.760987654320987,2.30655750192,0.11472996737772384,1.0,nan,0.0,0.685,4.18521947849,0.31206383121583026,0.6000000000000001,2.51564857799,0.1642257072024974,0.6475000000000001,2.82778229913,0.22449020920148913,0.7425,2.9957447437,0.21978809733333696,0.625,3.15095517507,0.408968869932664,0.84251968503937,2.80093805414,0.5251095046017433,0.615,1.53374468031,0.4200406081648457
13,1764,0.880987654320987,4.5900179309,0.5895444013783133,0.0,nan,0.0,0.7075,4.60837537429,0.41150223819164555,0.67,3.91538494998,0.39526692320967743,0.7425,3.74805740055,0.5567242262438781,0.857499999999999,3.93639814782,0.6680894861390705,0.645,3.228467856,0.4729001394824338,0.7307470712502401,1.83042636809,0.26395804025315983,0.7725000000000001,1.44125364636,0.6619382226065956
13,1770,0.722962962962963,1.20224831519,0.049182043785990816,0.0,nan,0.0,0.6025,1.60853433436,0.07171473224984257,0.5775,1.9597469574,0.11391888880270237,0.64,2.67156622882,0.20386457294929483,0.835,4.20395451628,0.57606169947229,0.5525,2.31404554734,0.20666976280637814,0.785327443825619,2.32941808254,0.3770504338004935,0.635,1.55458429677,0.45093938259854405
13,1799,0.7614814814814811,2.32301667043,0.11587307062758168,0.0,nan,0.0,0.81,2.89541834196,0.8395536204921705,0.8400000000000001,1.39135725105,0.9282686093457335,0.885,1.23519492748,0.9324095872876703,0.8,4.12505691977,0.42855841850097515,0.8500000000000001,0.906714301775,0.9446456230803353,0.434415210293835,0.165811112566,0.010968497357818524,0.8250000000000001,1.29515341792,0.73395960087659
13,1872,0.7866666666666661,3.18646224786,0.18520658338728785,0.0,nan,0.0,0.66,3.4607465358,0.21608091831080095,0.6075,2.70241839337,0.18379457344659003,0.6475000000000001,2.82778229913,0.22449020920148913,0.9475,1.58910284869,0.9217969688025863,0.52,1.80127845678,0.13975798743473994,0.683272517764547,1.46809265901,0.18583919570594473,0.6075,1.52356740905,0.4085748987393176
13,1927,0.8172839506172841,4.13380442174,0.2979158779279966,0.0,nan,0.0,0.66,3.4607465358,0.21608091831080095,0.5775,1.9597469574,0.11391888880270237,0.5775,1.37100074931,0.07849470653718951,0.8400000000000001,4.16549270362,0.5969905081705261,0.52,1.80127845678,0.13975798743473994,0.814518916842711,2.60563440227,0.44915974713631845,0.5,1.25913693814,0.2572314213421947
13,1996,0.7866666666666661,3.18646224786,0.18520658338728785,0.0,nan,0.0,0.67,3.77339923191,0.25227109266283554,0.525,0.892979585829,0.040969089721701546,0.495,0.339920341471,0.014605973314260957,0.7325,2.74158279976,0.19109814536734296,0.6000000000000001,2.94557395041,0.3325294894731553,0.8560015363933161,2.84658821845,0.563222479084279,0.62,1.53982243008,0.42772476374695495
13,1997,0.493827160493827,0.000709076232079,1.6811983478804284e-05,1.0,nan,0.0,0.6900000000000001,4.3020688274,0.33328690036781883,0.6625,3.82568262046,0.3662251512240884,0.685,3.48345055104,0.3436469670469624,0.67,1.28542624566,0.06744412846486858,0.59,2.83439744357,0.3036173536903945,0.8905703860188201,2.76402683379,0.6610731844157113,0.7775000000000001,1.42931538352,0.6691148380233468
13,2335,0.884444444444444,4.53950981074,0.6053259128334756,0.0,nan,0.0,0.675,3.91962236999,0.2715069209040325,0.5825,2.08095518902,0.12401978691149998,0.64,2.67156622882,0.20386457294929483,0.6900000000000001,1.70087635654,0.0972012673637955,0.485,1.27284295804,0.08613792838327679,0.9059343191857111,2.63155088892,0.7025921699700138,0.75,1.48899100229,0.6289541096069741
13,2465,0.8153086419753081,4.08174845352,0.2898014756392077,1.0,nan,0.0,0.7225,4.72362033999,0.4816736217389532,0.7775000000000001,2.88081365404,0.7960035021347339,0.6675,3.2105096216,0.28497260207003083,0.7225,2.48612702095,0.16496067388389535,0.555,2.35230170332,0.21250276572545582,0.937007874015748,2.22615114889,0.778445514885762,-0.25,0.003365975131,0.00025108250278356746
13,2605,0.803456790123456,3.73798858237,0.2434131011613926,1.0,nan,0.0,0.339999999999999,0.000166069935183,3.026674999508767e-06,0.3025,0.00135911111344,3.1673321762284046e-05,0.339999999999999,0.0059964655136,0.00018189515242809145,0.59,0.290813970282,0.011253310580367198,0.355,0.173850097961,0.007830562972444062,0.8767428461686191,2.83363390292,0.6223158226217118,-0.25,0.003365975131,0.00025108250278356746
13,2876,0.886913580246913,4.49907988485,0.6164853981604081,0.0,nan,0.0,0.8400000000000001,1.90742707534,0.9113247758399425,0.794999999999999,2.44738155953,0.8426451211619684,0.8174999999999991,2.62709307028,0.8036135243398503,0.9550000000000001,1.40755103388,0.9330269196870568,0.889999999999999,0.512645767442,0.9725298484025842,0.602458229306702,0.906375066312,0.09025330175292486,0.6075,1.52356740905,0.4085748987393176
13,2877,0.845432098765432,4.65535517059,0.4226643152190483,1.0,nan,0.0,0.635,2.62341262426,0.13996411262818684,0.75,3.49141757972,0.7080829756055379,0.6725,3.29549076239,0.30123972483706185,0.8075000000000001,4.19156751858,0.45976153029693917,0.635,3.19999276879,0.4407404043702033,0.748454004225081,1.9813475617,0.2976887331669825,0.6875,1.56375800945,0.5330885332703944
13,2958,0.9797530864197531,1.75245276403,0.9141268407839597,0.0,nan,0.0,0.65,3.13015486556,0.18311592670813082,0.59,2.26596892337,0.1403187941435881,0.5325,0.687593018808,0.033290072198327705,0.8775000000000001,3.51903446215,0.742883785084394,0.7475,2.41819966647,0.7774355732905354,0.8905703860188201,2.76402683379,0.6610731844157113,0.6825,1.56577152156,0.5252644566278744
13,4771,0.79753086419753,3.54978348934,0.22181530588953452,1.0,nan,0.0,0.705,4.57534368233,0.40002179866241055,0.635,3.34349528713,0.2671543927417992,0.705,3.696716531,0.4156440990336565,0.8975000000000001,2.98835845536,0.8080927120481936,0.5175000000000001,1.7618362488,0.13530412384084461,0.7637795275590551,2.12127206196,0.3291153374152801,0.6025,1.51608721012,0.4009755327731666
13,4778,0.941234567901234,2.97876097792,0.8236850562353755,1.0,nan,0.0,0.6875,4.24509871579,0.3226023199175175,0.7125,4.00049113196,0.5661147338632486,0.774999999999999,3.42102505364,0.6740760419765147,0.9400000000000001,1.78199756657,0.9091619829247866,0.6575000000000001,3.23432841911,0.5133272598963466,0.594814672556174,0.857000646529,0.0835147260659874,0.7875000000000001,1.40408371845,0.683283309242774
13,4801,0.8103703703703701,3.94463136116,0.269979311569695,1.0,nan,0.0,0.735,4.70649710155,0.5407201474798047,0.625,3.12255279115,0.2348088971652005,0.64,2.67156622882,0.20386457294929483,0.764999999999999,3.53286001526,0.2933672216936553,0.6725,3.19764095976,0.5616261289262954,0.8214326867678121,2.66338838473,0.46737689239488833,0.7075,1.54967996685,0.5642388865164165
13,4805,0.940246913580246,3.01198481397,0.8207266617006755,0.0,nan,0.0,0.7725000000000001,4.07794955806,0.7078987369924786,0.74,3.67231203064,0.6722410677044182,0.8400000000000001,2.1380043001,0.8572359613255272,0.9125000000000001,2.55579610697,0.8496891575622691,0.6975,3.03576014971,0.6397939627990925,0.7753024774342231,2.23145368053,0.3541900696923058,0.7675000000000001,1.45272263954,0.6547030837011243
13,4819,0.884444444444444,4.53950981074,0.6053259128334756,0.0,nan,0.0,0.6725,3.84749308755,0.2617975999430552,0.6725,3.94065599587,0.40508746920180094,0.715,3.75687802358,0.45293939798942173,0.7225,2.48612702095,0.16496067388389535,0.56,2.42772992386,0.22445348827698008,0.8751680430190121,2.83843837719,0.6178495398098047,0.6025,1.51608721012,0.4009755327731666
13,4977,0.7970370370370371,3.53371895842,0.22006629076737333,1.0,nan,0.0,0.71,4.63756981202,0.4230604775563589,0.725,3.88531290653,0.6154639047613243,0.685,3.48345055104,0.3436469670469624,0.8500000000000001,4.05194457035,0.6381176117740881,0.705,2.96491030149,0.6623023819986431,0.7945073938928361,2.41925316574,0.3988473142844296,0.64,1.55832789629,0.4587219108295451
13,5024,0.9032098765432091,4.15024757589,0.6871437115099162,1.0,nan,0.0,0.7000000000000001,4.49812628544,0.37733203433162943,0.6525000000000001,3.67587361468,0.32869004027543647,0.7625000000000001,3.58374499906,0.6302523039233766,0.7425,2.9957447437,0.21978809733333696,0.495,1.41716231565,0.09958237526902697,0.9289802189360471,2.3439817861,0.7600973796614284,0.67,1.56814384526,0.5056735190479846
13,5041,0.8246913580246911,4.31309363278,0.32921684201659707,0.0,nan,0.0,0.41000000000000003,0.00472721609327,0.00010294022525086828,0.454999999999999,0.20112570482,0.007125181241680681,0.47750000000000004,0.235347414115,0.009618259090762943,0.6375000000000001,0.755311286569,0.03478267623490129,0.36250000000000004,0.20093598591,0.009233987944733183,0.7061647781832141,1.63721763541,0.22136933179832025,0.75,1.48899100229,0.6289541096069741
13,5303,0.78716049382716,3.20333083325,0.1867843110610122,1.0,nan,0.0,0.75,4.55155761402,0.6103332904444456,0.47250000000000003,0.306125667652,0.011510999245137465,0.5,0.375879002855,0.0163942649370375,0.8600000000000001,3.89247371414,0.6778761189979446,0.6950000000000001,3.05723209737,0.6321774926587598,0.865603994622623,2.85394030305,0.590609840888672,0.25,0.411858996673,0.05262863200772404
13,5309,0.9041975308641971,4.12503645819,0.6912303054036358,0.0,nan,0.0,0.6975,4.45414196677,0.36614097119990285,0.6900000000000001,4.04828232288,0.4751711409371064,0.6950000000000001,3.6047490825,0.3791111790527529,0.7675000000000001,3.58723843735,0.3022676346354295,0.585,2.77354407151,0.28959612944935187,0.8444785865181481,2.80991642912,0.5306051821280081,0.6950000000000001,1.55960314965,0.5448019863473945
13,5385,0.9446913580246911,2.86242826288,0.833780930663684,0.0,nan,0.0,0.6075,1.75072090643,0.08011024978156948,0.5875,2.20396114197,0.13473143938498616,0.6000000000000001,1.81347809239,0.11421926554602366,0.8425,4.14162166773,0.6073750395846877,0.5075000000000001,1.60592166876,0.11846817580621252,0.9020933358939881,2.66975103739,0.6924100362198915,0.7625000000000001,1.46370975788,0.6474117993624828
13,5562,0.9111111111111111,3.93774571759,0.7191121180499803,0.0,nan,0.0,0.8025,3.1505036183,0.8168798212778086,0.774999999999999,2.94109083864,0.7887259895569979,0.8200000000000001,2.57345053956,0.8101142795928953,0.9575,1.34976714539,0.9364732737181611,0.7575000000000001,2.26544438855,0.8008583419449651,0.256769733051661,0.00941462614117,0.0004520423838578026,0.6875,1.56375800945,0.5330885332703944
13,5627,0.7688888888888881,2.57363685655,0.13400489118142514,1.0,nan,0.0,0.59,1.28221597223,0.0536925046555709,0.5225000000000001,0.854089315085,0.03878549694643432,0.66,3.07415584496,0.26139888678092277,0.59,0.290813970282,0.011253310580367198,0.5675,2.53760438104,0.24307618722717808,0.8681774534280771,2.85205888029,0.5979522752022989,0.6675,1.56816111259,0.5017531060877293
13,5729,0.826172839506172,4.34570161609,0.33563090505740767,0.0,nan,0.0,0.5,0.134028234372,0.0038633210558981185,0.5225000000000001,0.854089315085,0.03878549694643432,0.545,0.847372194609,0.04285931098509547,0.6375000000000001,0.755311286569,0.03478267623490129,0.41000000000000003,0.461740888195,0.02430493423032058,0.696216631457653,1.56283001282,0.20545342709607814,0.5,1.25913693814,0.2572314213421947
13,7055,0.7412345679012341,1.68671391592,0.07542764831712342,0.0,nan,0.0,0.54,0.41853418284,0.014034530333427678,0.47250000000000003,0.306125667652,0.011510999245137465,0.5675,1.19378918793,0.06568198720486285,0.6375000000000001,0.755311286569,0.03478267623490129,0.464999999999999,1.00682837243,0.0633955389048617,0.8713654695602071,2.84740112008,0.6070379486410655,0.8075000000000001,1.34859122633,0.710820720336322
13,7341,0.8864197530864191,4.50744983377,0.6142615578738633,0.0,nan,0.0,0.7000000000000001,4.49812628544,0.37733203433162943,0.6125,2.82543607694,0.1976149023872903,0.754999999999999,3.66005018167,0.6030775082360149,0.7675000000000001,3.58723843735,0.3022676346354295,0.6025,2.97098777195,0.33992539954544926,0.8636835029767621,2.85426484542,0.5851284140849029,0.5,1.25913693814,0.2572314213421947
13,7342,0.9061728395061721,4.07340454589,0.6993277921536445,1.0,nan,0.0,0.5875,1.2222346641,0.05056231751529713,0.545,1.2458289285,0.06223466457427415,0.56,1.07002557327,0.057197738411351076,0.847499999999999,4.08479660387,0.627946078715521,0.52,1.80127845678,0.13975798743473994,0.8137507201843671,2.59893940045,0.44716067581993824,0.59,1.49501830931,0.3821526453931041
13,7343,0.9619753086419751,2.29138117563,0.8782797308359076,0.0,nan,0.0,0.7075,4.60837537429,0.41150223819164555,0.6875,4.04055291798,0.46505955555404915,0.715,3.75687802358,0.45293939798942173,0.9125000000000001,2.55579610697,0.8496891575622691,0.665,3.22189564533,0.5375455466308501,0.8559631265603991,2.84651470939,0.5631131435170686,0.6325000000000001,1.5524901219,0.447055508796666
13,7588,0.958024691358024,2.41910819699,0.8689758067775482,1.0,nan,0.0,0.6950000000000001,4.40672228832,0.35506418751455765,0.6725,3.94065599587,0.40508746920180094,0.6175,2.1861689005,0.14919310292060847,0.8150000000000001,4.23201393256,0.49136673099743156,0.845,0.966533828333,0.9399634539339645,0.8559631265603991,2.84651470939,0.5631131435170686,0.6025,1.51608721012,0.4009755327731666
13,7599,0.9456790123456791,2.82921457799,0.8365916165975641,1.0,nan,0.0,0.6000000000000001,1.53985266562,0.0677795922104498,0.5625,1.61169603574,0.08716634352130258,0.5675,1.19378918793,0.06568198720486285,0.9500000000000001,1.52725908828,0.9256921526665238,0.5325,1.99979985644,0.16351339344001464,0.8646437487996921,2.85421711874,0.5878692053420914,0.75,1.48899100229,0.6289541096069741
13,7903,0.6716049382716051,0.363861108693,0.012107137948862198,1.0,nan,0.0,0.68,4.05732658654,0.2914531159306573,0.6425000000000001,3.495616058,0.29280925493646237,0.645,2.77626931529,0.21748501608490708,0.64,0.789547445162,0.036713526600050464,0.5375,2.0792275765,0.17371106729270314,0.8857307470712501,2.79394946657,0.6476215035837998,0.75,1.48899100229,0.6289541096069741
13,8207,0.7046913580246911,0.818209848868,0.03087858423937294,0.0,nan,0.0,0.6975,4.45414196677,0.36614097119990285,0.7375,3.71297750609,0.6630090518890183,0.6575000000000001,3.02660742598,0.25377273100591335,0.7775000000000001,3.78924575747,0.3391721431958054,0.54,2.11881252285,0.17895864131184033,0.8859612060687531,2.79265895609,0.6482652459319617,0.6625,1.56773839816,0.4939131033647854
13,8290,0.8898765432098761,4.44594851146,0.629738513447898,0.0,nan,0.0,0.77,4.14267478739,0.6976224109319483,0.7825000000000001,2.7585854048,0.8101028294823431,0.8325,2.30163727446,0.8405878095756821,0.8300000000000001,4.22987104739,0.5549718788279818,0.75,2.38054106444,0.7834340818735257,0.783022853850585,2.30681366048,0.3717081310563832,0.8925000000000001,1.05931449336,0.8136303171046428
13,8961,0.835555555555555,4.52430317201,0.377282133387316,0.0,nan,0.0,0.6625,3.54101253897,0.22483336801874365,0.6325000000000001,3.29002133563,0.25886223029040356,0.6025,1.86562469059,0.11881804610256813,0.9075000000000001,2.70117069684,0.8365465970699169,0.5325,1.99979985644,0.16351339344001464,0.73309007105819,1.84975756295,0.2682693394493912,0.535,1.36610679733,0.3032194473089002
13,9191,0.28098765432098705,2.4154146625e-08,4.0883371639836457e-10,0.0,nan,0.0,0.685,4.18521947849,0.31206383121583026,0.605,2.64037419684,0.17711602356324785,0.63,2.45738277005,0.17821572986451847,0.6825,1.53768792142,0.08506190733450454,0.5925,2.86355701518,0.31073997855556995,0.8905319761859031,2.76428746458,0.6609670136002798,0.5825,1.48080239903,0.37099259563733206
13,9518,0.919012345679012,3.70387794295,0.749313523865698,1.0,nan,0.0,0.7000000000000001,4.49812628544,0.37733203433162943,0.625,3.12255279115,0.2348088971652005,0.725,3.78358090198,0.49067003048319247,0.8500000000000001,4.05194457035,0.6381176117740881,0.675,3.1869714093,0.5696071607856427,0.8706740925676971,2.84863146912,0.60506888864959,0.75,1.48899100229,0.6289541096069741
13,10630,0.7698765432098761,2.60747928645,0.136563460633189,1.0,nan,0.0,0.7275,4.72925280826,0.5053127431906017,0.6675,3.8877635826,0.3855125031702548,0.7225,3.78009902858,0.48121498465414764,0.867499999999999,3.74572466849,0.7065329433760839,0.7075,2.93924132666,0.6696827782999295,0.6800845016324181,1.44502466821,0.18119568666309088,0.58,1.47580932252,0.3672968048219587
13,10672,0.72395061728395,1.22591456837,0.05038111211347739,0.0,nan,0.0,0.6075,1.75072090643,0.08011024978156948,0.535,1.06021042982,0.05071951155171527,0.6425000000000001,2.72417405035,0.21060934784912227,0.9275,2.12415282541,0.8847719225214276,0.5,1.49167813533,0.10685387786599607,0.8137507201843671,2.59893940045,0.44716067581993824,-0.25,0.003365975131,0.00025108250278356746
13,11039,0.0,5.37036871891e-17,6.286165728612435e-19,1.0,nan,0.0,0.735,4.70649710155,0.5407201474798047,0.7625000000000001,3.23045710212,0.7501301591150631,0.8425,2.08373742622,0.8625130954918097,0.8125,4.22152164786,0.4807991803439427,0.72,2.7968620314,0.705556825485021,0.7560975609756091,2.05007672802,0.31309455942107883,0.715,1.54195117274,0.5758333273179373
13,11140,0.245432098765432,2.94338904967e-09,4.71828003138749e-11,1.0,nan,0.0,0.6975,4.45414196677,0.36614097119990285,0.5775,1.9597469574,0.11391888880270237,0.6325000000000001,2.51135605702,0.18442669656127783,0.7825000000000001,3.87947221538,0.3583472201327672,0.55,2.2754773039,0.20093279805523545,0.865565584789706,2.85395579109,0.5905002212198501,0.5275000000000001,1.34456336463,0.2930539184739529
13,11230,0.8301234567901231,4.42693975304,0.352962367910399,1.0,nan,0.0,0.74,4.67074051696,0.5641700254931896,0.6725,3.94065599587,0.40508746920180094,0.6950000000000001,3.6047490825,0.3791111790527529,0.8975000000000001,2.98835845536,0.8080927120481936,0.6125,3.06223686973,0.3701057665745587,0.7756865757633951,2.23518165029,0.3550478831857773,0.6825,1.56577152156,0.5252644566278744
13,11275,0.8740740740740741,4.66874099928,0.5575213295932344,1.0,nan,0.0,0.8225,2.4711996431,0.8730867633671121,0.7875000000000001,2.63472177632,0.823586631604232,0.8775000000000001,1.37061236987,0.922642533058078,0.8775000000000001,3.51903446215,0.742883785084394,0.8200000000000001,1.29790027203,0.911764921221727,0.45938160169003206,0.227138158419,0.015842503391328693,0.8250000000000001,1.29515341792,0.73395960087659
13,12534,0.895308641975308,4.33612529,0.6535981195471376,0.0,nan,0.0,0.665,3.61998971574,0.23378490699911586,0.6475000000000001,3.5892457002,0.310524191867342,0.6525000000000001,2.92878085402,0.238882821537525,0.735,2.80545226145,0.1980319639311431,0.5625,2.46482770139,0.23056927737341842,0.8021893604762821,2.49313116212,0.41771691182384907,0.6900000000000001,1.56252400475,0.536996417297885
13,14112,0.869135802469135,4.70600549727,0.5343671693723633,0.0,nan,0.0,0.754999999999999,4.46935389847,0.6328915910394949,0.75,3.49141757972,0.7080829756055379,0.77,3.4911474453,0.656792933743534,0.8174999999999991,4.23945593918,0.5019567079196416,0.705,2.96491030149,0.6623023819986431,0.777222969080084,2.2501204678,0.35849347194302034,0.715,1.54195117274,0.5758333273179373
13,15812,0.8222222222222221,4.25626335038,0.3186367606596803,1.0,nan,0.0,0.62,2.131390556,0.10433877076949966,0.5750000000000001,1.899975834,0.1090943614710278,0.5675,1.19378918793,0.06568198720486285,0.7125,2.23427443843,0.14136350776789716,0.5,1.49167813533,0.10685387786599607,0.7657384290378331,2.13974135969,0.3332887705427082,0.5475,1.40009732517,0.3205108056969478
13,15877,0.741728395061728,1.70111222818,0.07626414596586278,1.0,nan,0.0,0.545,0.475304606413,0.016266746746214086,0.47000000000000003,0.28885387252,0.010767443820860324,0.43999999999999906,0.0988168347092,0.0036660443617551946,0.764999999999999,3.53286001526,0.2933672216936553,0.4325,0.650532353851,0.036731006724048026,0.9789130017284421,1.57279816468,0.8580278279279205,0.375,0.8086766409,0.1275476970124742
13,15878,0.8696296296296291,4.70300745546,0.5366903891603654,0.0,nan,0.0,0.75,4.55155761402,0.6103332904444456,0.6975,4.05580593274,0.5055761941932099,0.7025,3.67662311417,0.4064270129378359,0.8,4.12505691977,0.42855841850097515,0.65,3.234802696,0.48906052766595454,0.769541002496639,2.17592126899,0.3414939509898941,0.6925,1.56113892662,0.5409010273983982
13,16373,0.6641975308641971,0.297714629466,0.009663659329473944,1.0,nan,0.0,0.6925,4.35598842134,0.3441101217846673,0.6925,4.05340675779,0.4852987962204294,0.65,2.87864291209,0.2316233839440041,0.7000000000000001,1.93073366432,0.11534838635975354,0.5975,2.91917707023,0.3251983490352576,0.880929517956596,2.8177406163,0.6341476297817623,0.6675,1.56816111259,0.5017531060877293
13,17703,0.9827160493827161,1.66962539143,0.9191960361274062,1.0,nan,0.0,0.605,1.67884139475,0.0758236185543599,0.635,3.34349528713,0.2671543927417992,0.76,3.61105110162,0.6212584264900718,0.595,0.32484935095,0.012791212180819307,0.42750000000000005,0.604542051021,0.0335942990221126,0.9251008258114071,2.39828809097,0.7508981875352789,0.0,0.0553084645648,0.005153920589094528
13,17743,0.8755555555555551,4.65444048683,0.564427565682634,0.0,nan,0.0,0.665,3.61998971574,0.23378490699911586,0.6725,3.94065599587,0.40508746920180094,0.6825,3.44890256051,0.33498119038433666,0.784999999999999,3.92153045816,0.36809891520335003,0.6625,3.22736290655,0.5294836988027938,0.8367966199347031,2.77059620768,0.5091635442347772,0.5,1.25913693814,0.2572314213421947
13,17938,0.908148148148148,4.02022749393,0.7073217503996094,1.0,nan,0.0,0.4375,0.0147314041876,0.00034698277341114634,0.3125,0.0020297652767,4.8408457390755867e-05,0.262499999999999,0.000445827683125,1.1977652544223249e-05,0.7125,2.23427443843,0.14136350776789716,0.4575,0.915889228684,0.05618851880488269,0.9558671019781061,1.93205221576,0.8176795037616208,0.5,1.25913693814,0.2572314213421947
13,17979,0.752592592592592,2.03304759805,0.0965232008776047,1.0,nan,0.0,0.7325,4.71822912705,0.5289383797390881,0.6525000000000001,3.67587361468,0.32869004027543647,0.6825,3.44890256051,0.33498119038433666,0.6775,1.4337175516,0.0776350542777382,0.49,1.34416557948,0.09267972201285198,0.87866333781448,2.82690638441,0.6277514855559415,0.7125,1.54467381192,0.5719750157202791
13,18166,0.997037037037037,1.30237609913,0.940409806839001,0.0,nan,0.0,0.64,2.79213339744,0.15350249599792995,0.5875,2.20396114197,0.13473143938498616,0.6625,3.12070150131,0.26914267457828667,0.8825000000000001,3.39448960588,0.7601703616020508,0.5625,2.46482770139,0.23056927737341842,0.8275398502016511,2.70996527816,0.483787228154587,0.6125,1.5304927079,0.4162102819965887
13,18246,0.9624691358024691,2.27558092797,0.8794073741896662,1.0,nan,0.0,0.7525000000000001,4.51226237296,0.621663828968759,0.784999999999999,2.69681382974,0.8169221544166821,0.78,3.3447090042,0.6909928597079412,0.8725,3.63643700592,0.7249919235322952,0.77,2.06874589526,0.8279516480764215,0.9107355483003641,2.5794324674,0.715103611840498,0.774999999999999,1.43534236779,0.6655339918993214
13,18248,0.8562962962962961,4.72594707022,0.4736962535468031,0.0,nan,0.0,0.8625,1.28304397611,0.9469657503570919,0.7475,3.53921762712,0.6992943436700817,0.7725000000000001,3.45688936341,0.6654783202129259,0.9075000000000001,2.70117069684,0.8365465970699169,0.8174999999999991,1.33371119822,0.9084754972274297,0.9520261186863831,1.99294387589,0.8101415308649875,0.9175000000000001,0.965602891612,0.8389444318818238
13,18270,0.9501234567901231,2.68021930041,0.8488344494114076,1.0,nan,0.0,0.7425,4.64680748247,0.575817791864365,0.6775,3.98395966105,0.42490307800131755,0.764999999999999,3.55462680045,0.6391756413289132,0.7925000000000001,4.03430598493,0.3979463100763539,0.6275000000000001,3.16509643074,0.41686419193034224,0.779181870558863,2.26922303291,0.3629199369571886,0.645,1.56147471308,0.46652166688525815
13,18297,0.853333333333333,4.71458236203,0.45970880902120703,0.0,nan,0.0,0.745,4.61891652623,0.5874007643544554,0.745,3.58535409826,0.6903882738426024,0.7525000000000001,3.68166204329,0.5938999603092393,0.8525,4.01621335644,0.6482034020495624,0.7275,2.7013846552,0.7261795462236339,0.7647397733819851,2.1303106192,0.3311566173299946,0.75,1.48899100229,0.6289541096069741
13,18311,0.838024691358024,4.56278059214,0.38850151770885333,1.0,nan,0.0,0.58,1.05320702524,0.04203968727077107,0.382499999999999,0.0252078083578,0.0007176453918989753,0.42000000000000004,0.0595960678726,0.0021110913539633927,0.8300000000000001,4.22987104739,0.5549718788279818,0.41750000000000004,0.519536165816,0.02798158788897482,0.814518916842711,2.60563440227,0.44915974713631845,0.75,1.48899100229,0.6289541096069741
13,18312,0.7891358024691351,3.27054519409,0.19317833470799614,1.0,nan,0.0,0.6525000000000001,3.21389979685,0.1910461076297676,0.48250000000000004,0.383694028417,0.014948463597995622,0.5275000000000001,0.630149282391,0.029997232644000955,0.9025000000000001,2.8457002186,0.8226788566543192,0.48250000000000004,1.23785346508,0.08299965402076998,0.9389667754945261,2.1964857495,0.7827773197959936,1.0,0.663364349495,0.9059555870040747
13,18319,0.8538271604938271,4.71689103104,0.4620375746932183,0.0,nan,0.0,0.48250000000000004,0.0761259206018,0.0020658871599279535,0.485,0.405327526324,0.01593454634368876,0.53,0.658416281629,0.03160775101726233,0.7525000000000001,3.24300095336,0.2509900883067009,0.615,3.08231306413,0.37778668991596415,0.9348185135394661,2.25892295609,0.773535714987856,0.47750000000000004,1.18310629059,0.2297474301440781
13,18392,0.655308641975308,0.231945760496,0.007319898974461026,1.0,nan,0.0,0.5975,1.47284288559,0.06401407550555695,0.5775,1.9597469574,0.11391888880270237,0.595,1.71070444929,0.10540970107066965,0.725,2.54983150147,0.17125558172364952,0.52,1.80127845678,0.13975798743473994,0.812944113693105,2.5918565298,0.4450672073789847,0.5775,1.47069138196,0.36361365307898835
13,18476,0.8730864197530861,4.67748079919,0.5529058589216387,1.0,nan,0.0,0.784999999999999,3.7194577015,0.7566880929238917,0.7075,4.02924579705,0.5460361529508828,0.73,3.78411317495,0.5095928416333426,0.8925000000000001,3.12808974081,0.7928001495180648,0.6875,3.11485810861,0.6090256778162113,0.8598041098521221,2.85215579495,0.5740585049818491,0.75,1.48899100229,0.6289541096069741
13,18739,0.7308641975308641,1.39982153097,0.05944947308155027,0.0,nan,0.0,0.745,4.61891652623,0.5874007643544554,0.6925,4.05340675779,0.4852987962204294,0.754999999999999,3.66005018167,0.6030775082360149,0.847499999999999,4.08479660387,0.627946078715521,0.5875,2.8043818989,0.2965687046682183,0.869829076243518,2.84996924913,0.6026611704932477,0.6875,1.56375800945,0.5330885332703944
13,18763,0.955555555555555,2.50000438569,0.8629029812319767,1.0,nan,0.0,0.5825,1.1077216319,0.04474046656609117,0.29250000000000004,0.000900726841619,2.0521297388661957e-05,0.29250000000000004,0.00127022760137,3.569760676930221e-05,0.9575,1.34976714539,0.9364732737181611,0.5,1.49167813533,0.10685387786599607,0.928596120606875,2.34944368821,0.759196010647606,-0.25,0.003365975131,0.00025108250278356746
13,19718,0.8444444444444441,4.64504395027,0.41807147318104365,0.0,nan,0.0,0.9225000000000001,0.314702026296,0.990034338552884,0.6925,4.05340675779,0.4852987962204294,0.77,3.4911474453,0.656792933743534,0.905,2.77360437681,0.8297030711942734,0.635,3.19999276879,0.4407404043702033,0.640868062223929,1.16677960917,0.1300133611850681,0.875,1.1236820976,0.7945269697862487
13,19745,0.6167901234567901,0.07083781121,0.0020177936831063258,1.0,nan,0.0,0.8925000000000001,0.676799160865,0.9757001853210834,0.857499999999999,1.05557582261,0.94960038868589,0.857499999999999,1.7648956349,0.8913602774592224,0.857499999999999,3.93639814782,0.6680894861390705,0.625,3.15095517507,0.408968869932664,0.6714038793931241,1.38261684742,0.16892323890579058,-0.25,0.003365975131,0.00025108250278356746
13,20639,0.972345679012345,1.96885675618,0.9003521549135043,1.0,nan,0.0,0.5275000000000001,0.300070996215,0.009576431699075481,0.4425,0.146136229428,0.004970169877079932,0.41500000000000004,0.0522835127268,0.001831749958281221,0.81,4.20802277435,0.4702616284299097,0.3375,0.122257432375,0.005261809728006986,0.864298060303437,2.85426061942,0.5868825269450948,0.5825,1.48080239903,0.37099259563733206
13,25302,0.925925925925925,3.48603230331,0.7741734668207734,0.0,nan,0.0,0.5125000000000001,0.195778386845,0.005903847738369095,0.48750000000000004,0.427904678582,0.01697588762425627,0.5625,1.11037905198,0.05992305443451935,0.725,2.54983150147,0.17125558172364952,0.39,0.331155839268,0.016431122880398,0.7191088918763201,1.73695978438,0.2432030416907699,0.5,1.25913693814,0.2572314213421947
13,27972,0.779753086419753,2.94845318375,0.16399787374306324,0.0,nan,0.0,0.7525000000000001,4.51226237296,0.621663828968759,0.7025,4.04773155121,0.5258393951092402,0.7775000000000001,3.38361182061,0.6825821546552027,0.827499999999999,4.23809005329,0.5443862683500497,0.6675,3.21511376452,0.5455920814683486,0.850240061455732,2.83183116771,0.5468608767579388,0.6675,1.56816111259,0.5017531060877293
13,28024,0.8562962962962961,4.72594707022,0.4736962535468031,1.0,nan,0.0,1.0,0.0244336053904,0.9994094383085572,0.899999999999999,0.473037990638,0.9809246466085303,0.8500000000000001,1.92255853921,0.8775349330486754,1.0,0.594197201212,0.9762604439248201,1.0,0.0622145497732,0.9975272492246359,0.658382946034184,1.28991111526,0.1515249115132699,0.9175000000000001,0.965602891612,0.8389444318818238
13,28466,0.9456790123456791,2.82921457799,0.8365916165975641,1.0,nan,0.0,0.665,3.61998971574,0.23378490699911586,0.68,4.00190960325,0.4348859352157573,0.68,3.41277361773,0.32640377176277546,0.9575,1.34976714539,0.9364732737181611,0.5875,2.8043818989,0.2965687046682183,0.7730362972921061,2.20951963533,0.3491580673081274,0.61,1.52709994844,0.4123882619489614
13,28484,0.9358024691358021,3.16105896247,0.8070084447349095,1.0,nan,0.0,0.6375000000000001,2.70762846215,0.14662783941475815,0.625,3.12255279115,0.2348088971652005,0.5675,1.19378918793,0.06568198720486285,0.8600000000000001,3.89247371414,0.6778761189979446,0.61,3.04104046113,0.36247643911293337,0.8394468984059921,2.78538479831,0.5165262655937815,0.605,1.51989613519,0.4047705405168204
13,28512,0.9906172839506171,1.46002437492,0.9315490439376032,0.0,nan,0.0,0.764999999999999,4.26388733344,0.6766012620338785,0.6775,3.98395966105,0.42490307800131755,0.725,3.78358090198,0.49067003048319247,0.7525000000000001,3.24300095336,0.2509900883067009,0.635,3.19999276879,0.4407404043702033,0.814518916842711,2.60563440227,0.44915974713631845,0.827499999999999,1.2871891125,0.7371875451986855
13,28570,0.7214814814814811,1.16730696461,0.04742690043587904,0.0,nan,0.0,0.4625,0.0379319104479,0.000964441627639003,0.5,0.555711823252,0.02309694845239878,0.47500000000000003,0.222865740118,0.009045611019973483,0.6375000000000001,0.755311286569,0.03478267623490129,0.4325,0.650532353851,0.036731006724048026,0.957787593623967,1.90157514342,0.8213607280380457,0.7225,1.53291428244,0.5873648835863651
13,28894,0.7851851851851851,3.13572191616,0.1805234603172901,1.0,nan,0.0,0.6475000000000001,3.04594957741,0.17539571684326513,0.62,3.00594795032,0.21948619619210571,0.67,3.25363674481,0.29305304342067173,0.705,2.0502600467,0.12529971156221006,0.459999999999999,0.945637371127,0.05851530820356139,0.9097753024774341,2.59022891435,0.712621524420068,0.5,1.25913693814,0.2572314213421947
13,29183,0.84,4.59086517001,0.39754255472601074,1.0,nan,0.0,0.6900000000000001,4.3020688274,0.33328690036781883,0.635,3.34349528713,0.2671543927417992,0.6475000000000001,2.82778229913,0.22449020920148913,0.8225,4.24504855929,0.5231731640288004,0.5825,2.74191829503,0.2827016409510045,0.8598041098521221,2.85215579495,0.5740585049818491,0.5825,1.48080239903,0.37099259563733206
13,29184,0.8222222222222221,4.25626335038,0.3186367606596803,1.0,nan,0.0,0.62,2.131390556,0.10433877076949966,0.5700000000000001,1.78239169317,0.0998895919876608,0.5725,1.28071013009,0.07186679949344953,0.774999999999999,3.74128157337,0.3297586060277613,0.449999999999999,0.830105228976,0.04964430660692575,0.8626848473209141,2.85407298677,0.5822780617298557,0.5375,1.37310140761,0.3066434774549179
13,29229,0.8493827160493821,4.69018183392,0.44112803533499,0.0,nan,0.0,0.36750000000000005,0.000669172528719,1.3035712600482921e-05,0.34750000000000003,0.00761893727484,0.00019782269810833102,0.34750000000000003,0.00756813226728,0.0002325484547578899,0.7725000000000001,3.69155532341,0.320467203745334,0.3075,0.0638376828173,0.0025515544280827205,0.846360668331092,2.81782759885,0.535901231145181,0.4375,1.03920884632,0.18527370746584546
13,29338,0.602962962962962,0.0445715459368,0.0012326910282942885,1.0,nan,0.0,0.7000000000000001,4.49812628544,0.37733203433162943,0.6525000000000001,3.67587361468,0.32869004027543647,0.6900000000000001,3.54758223004,0.36122736652095366,0.615,0.493663607081,0.020884829209723635,0.62,3.11901012305,0.39329194272381623,0.9519877088534661,1.99355179614,0.810064970548556,-0.25,0.003365975131,0.00025108250278356746
13,29381,0.5051851851851851,0.00112502070021,2.7052052025803412e-05,1.0,nan,0.0,0.625,2.29207076414,0.11539573062975785,0.595,2.39063228741,0.15196002053797308,0.67,3.25363674481,0.29305304342067173,0.66,1.10262164197,0.05551833141676381,0.55,2.2754773039,0.20093279805523545,0.7350105627040521,1.86574185429,0.2718371119215676,0.5325,1.35901765626,0.2998130222444105
13,29764,0.829629629629629,4.41725175127,0.3507786113306164,1.0,nan,0.0,0.7425,4.64680748247,0.575817791864365,0.68,4.00190960325,0.4348859352157573,0.7225,3.78009902858,0.48121498465414764,0.774999999999999,3.74128157337,0.3297586060277613,0.5875,2.8043818989,0.2965687046682183,0.8482811599769541,2.82515512752,0.5413200039530495,0.6000000000000001,1.51214175438,0.39719021824281375
13,30094,0.8212345679012341,4.23268821628,0.3144446469198787,0.0,nan,0.0,0.675,3.91962236999,0.2715069209040325,0.62,3.00594795032,0.21948619619210571,0.5625,1.11037905198,0.05992305443451935,0.63,0.658954500908,0.02948508288839951,0.5825,2.74191829503,0.2827016409510045,0.91937776070674,2.47455256167,0.7369520544687314,0.625,1.54532592579,0.43543787533980316
13,31557,0.8627160493827161,4.73001255166,0.5040637861733477,1.0,nan,0.0,0.725,4.72851824049,0.49348966123463744,0.5575,1.50222431632,0.07938307646161441,0.7925000000000001,3.13005037033,0.7314931128552653,0.9275,2.12415282541,0.8847719225214276,0.5825,2.74191829503,0.2827016409510045,0.7937776070674091,2.41214992919,0.397084366472113,1.0,0.663364349495,0.9059555870040747
13,32060,0.9476543209876541,2.76287836506,0.8421146474553389,1.0,nan,0.0,0.65,3.13015486556,0.18311592670813082,0.65,3.63347471552,0.31955296551826157,0.55,0.917845801702,0.04727078822737232,1.0,0.594197201212,0.9762604439248201,0.5625,2.46482770139,0.23056927737341842,0.8214326867678121,2.66338838473,0.46737689239488833,0.75,1.48899100229,0.6289541096069741
13,38608,0.802469135802469,3.70725786184,0.2397364136106381,0.0,nan,0.0,0.7275,4.72925280826,0.5053127431906017,0.74,3.67231203064,0.6722410677044182,0.67,3.25363674481,0.29305304342067173,0.7875000000000001,3.96141933053,0.37795306454472544,0.764999999999999,2.14793922315,0.8174097284744929,0.9289802189360471,2.3439817861,0.7600973796614284,0.75,1.48899100229,0.6289541096069741
13,38649,0.811851851851851,3.98676323448,0.27585452001750677,0.0,nan,0.0,0.7925000000000001,3.48247052392,0.7837035105326645,0.7525000000000001,3.44203774603,0.7167501150277746,0.78,3.3447090042,0.6909928597079412,0.7575000000000001,3.36211801005,0.26750441810397774,0.867499999999999,0.715711942667,0.9587997220586958,0.8565776838870751,2.8476498454,0.5648628432748594,0.8225,1.3030391466,0.730711843590014
13,39144,0.6666666666666661,0.318546898629,0.01042423371322232,0.0,nan,0.0,0.6425000000000001,2.8767865047,0.1605886300138225,0.5575,1.50222431632,0.07938307646161441,0.63,2.45738277005,0.17821572986451847,0.655,1.01776791395,0.05021918941660164,0.5,1.49167813533,0.10685387786599607,0.9097753024774341,2.59022891435,0.712621524420068,0.6675,1.56816111259,0.5017531060877293
13,39247,0.9037037037037031,4.13769346762,0.689190120966138,0.0,nan,0.0,0.5750000000000001,0.949666999594,0.03703554755304367,0.65,3.63347471552,0.31955296551826157,0.5525,0.954492122455,0.049611015235938125,0.847499999999999,4.08479660387,0.627946078715521,0.595,2.89182762946,0.31793439794717704,0.8508162089494911,2.8336380768,0.5484929531642195,0.5175000000000001,1.31460468943,0.2797569460187702
13,39495,0.87358024691358,4.673190633,0.555214673255426,1.0,nan,0.0,0.764999999999999,4.26388733344,0.6766012620338785,0.7225,3.91313433663,0.6057153620940912,0.6900000000000001,3.54758223004,0.36122736652095366,0.75,3.1821651433,0.24295847086092554,0.5525,2.31404554734,0.20666976280637814,0.8521605531015941,2.83757249687,0.5523050269696735,0.66,1.56729860507,0.489994275406761
13,39581,0.8029629629629621,3.72265760667,0.24157096344141432,1.0,nan,0.0,0.735,4.70649710155,0.5407201474798047,0.6175,2.9464331381,0.21204556736844796,0.6675,3.2105096216,0.28497260207003083,0.9575,1.34976714539,0.9364732737181611,0.47000000000000003,1.07022739081,0.06858727279453783,0.8943729594776261,2.73642312645,0.6715322419323818,-0.25,0.003365975131,0.00025108250278356746
13,40799,0.96395061728395,2.22842044534,0.8827436262872642,1.0,nan,0.0,0.735,4.70649710155,0.5407201474798047,0.68,4.00190960325,0.4348859352157573,0.6225,2.29467261007,0.16039508121798932,0.9550000000000001,1.40755103388,0.9330269196870568,0.5725,2.60824132214,0.2559417548356585,0.8536969464182831,2.84157895875,0.5566677996419604,0.75,1.48899100229,0.6289541096069741
13,40956,0.6474074074074071,0.184326027498,0.00568156866213999,1.0,nan,0.0,0.7825000000000001,3.79525666512,0.7472943253626062,0.625,3.12255279115,0.2348088971652005,0.72,3.77448062571,0.4717713158830157,0.595,0.32484935095,0.012791212180819307,0.6575000000000001,3.23432841911,0.5133272598963466,0.988937968119838,1.42602850995,0.8730526369192314,-0.25,0.003365975131,0.00025108250278356746
13,41042,0.8207407407407401,4.22072461519,0.3123573797030751,1.0,nan,0.0,0.5425,0.446205218714,0.015115161478929022,0.34750000000000003,0.00761893727484,0.00019782269810833102,0.444999999999999,0.111621700872,0.00419157190329387,0.8325,4.21848986805,0.5655329882250681,0.515,1.72255149643,0.13094867495431078,0.9097753024774341,2.59022891435,0.712621524420068,-0.25,0.003365975131,0.00025108250278356746
13,41069,0.810864197530864,3.95876630401,0.271930771482029,0.0,nan,0.0,0.827499999999999,2.30513542361,0.8850263077447236,0.8525,1.14594741695,0.9440984878000502,0.845,2.02970479023,0.8676548437066545,0.81,4.20802277435,0.4702616284299097,0.8025,1.5568038987,0.8868130439464388,0.6005377376608411,0.893873552921,0.08852463048643612,0.7725000000000001,1.44125364636,0.6619382226065956
13,41615,0.544691358024691,0.00533438423983,0.00013457760942685892,1.0,nan,0.0,0.919999999999999,0.337051674743,0.9892199067996842,0.7425,3.62974533093,0.6813690276099517,0.847499999999999,1.97596095353,0.8726618601628884,0.8775000000000001,3.51903446215,0.742883785084394,0.81,1.44361587942,0.8980627484379277,0.820741309775302,2.65783448088,0.46553740379875513,0.9675,0.778995297339,0.8825351364894015
13,41703,0.7925925925925921,3.38696095722,0.20468562689890502,1.0,nan,0.0,0.6925,4.35598842134,0.3441101217846673,0.735,3.75166789886,0.6536778261611368,0.7875000000000001,3.21968364388,0.7156168311952713,0.77,3.64017229542,0.31130221007737413,0.685,3.13172697256,0.6012171975111474,0.7849433454964471,2.32564948026,0.37615643197236925,0.6975,1.55791709251,0.5486989179119492
13,41708,0.6498765432098761,0.198205200502,0.006153649967239114,1.0,nan,0.0,0.6725,3.84749308755,0.2617975999430552,0.645,3.54326565757,0.3016081962728517,0.735,3.77607043829,0.5284968672797685,0.665,1.19185731482,0.06125271075116473,0.51,1.6445671164,0.12253123406361172,0.784904935663529,2.3252726358,0.3760671114016835,0.6775,1.56717735368,0.5174318308944135
13,41851,0.8898765432098761,4.44594851146,0.629738513447898,1.0,nan,0.0,0.6425000000000001,2.8767865047,0.1605886300138225,0.6000000000000001,2.51564857799,0.1642257072024974,0.635,2.56508908773,0.19077230996582636,0.65,0.937314695216,0.04533331655154306,0.3275,0.0990892437526,0.004158533730362851,0.9193393508738231,2.47504736867,0.7368569978148015,-0.25,0.003365975131,0.00025108250278356746
13,43759,0.7056790123456791,0.836380708171,0.031695642116320456,1.0,nan,0.0,0.8625,1.28304397611,0.9469657503570919,0.8174999999999991,1.894268803,0.8914355979495322,0.75,3.70129980287,0.5846708431935506,0.6975,1.87205837412,0.11059505496821363,0.7675000000000001,2.10840459678,0.8227301877471781,0.934741693873631,2.26006493572,0.7733621414144164,0.75,1.48899100229,0.6289541096069741
13,44059,0.9565432098765431,2.46755716107,0.8653560887073937,0.0,nan,0.0,0.6575000000000001,3.3793607497,0.20753056846073936,0.5125000000000001,0.71014674252,0.03097973383797563,0.605,1.91821836551,0.12354776162153935,0.8225,4.24504855929,0.5231731640288004,0.5325,1.99979985644,0.16351339344001464,0.9020933358939881,2.66975103739,0.6924100362198915,-0.25,0.003365975131,0.00025108250278356746
13,44938,0.834567901234567,4.50788312629,0.37282174661078277,1.0,nan,0.0,0.75,4.55155761402,0.6103332904444456,0.6075,2.70241839337,0.18379457344659003,0.6425000000000001,2.72417405035,0.21060934784912227,0.9275,2.12415282541,0.8847719225214276,0.464999999999999,1.00682837243,0.0633955389048617,0.7176877280583821,1.72581247611,0.2407424646721275,0.8125,1.33375609706,0.7175267394674711
13,50703,0.8562962962962961,4.72594707022,0.4736962535468031,0.0,nan,0.0,0.7325,4.71822912705,0.5289383797390881,0.7125,4.00049113196,0.5661147338632486,0.7000000000000001,3.65457199777,0.39726261496626614,0.74,2.93262111972,0.21237756034852248,0.645,3.228467856,0.4729001394824338,0.735394661033224,1.86895403078,0.27255435698152797,0.675,1.56765192572,0.5135132625572638
13,50830,0.8967901234567901,4.3035303192,0.6599979992518175,0.0,nan,0.0,0.655,3.29702309413,0.1991849077399759,0.5650000000000001,1.66777252981,0.09126550015999967,0.66,3.07415584496,0.26139888678092277,0.81,4.20802277435,0.4702616284299097,0.5725,2.60824132214,0.2559417548356585,0.8275398502016511,2.70996527816,0.483787228154587,0.6375000000000001,1.55653042139,0.45482830690412135
13,50921,0.9397530864197531,3.02858846718,0.8192351618571652,0.0,nan,0.0,0.64,2.79213339744,0.15350249599792995,0.5925,2.32821759595,0.14606148481361264,0.68,3.41277361773,0.32640377176277546,0.7025,1.99014910821,0.12024934016595437,0.5975,2.91917707023,0.3251983490352576,0.8290762435183401,2.72091766947,0.4879592563345374,0.8325,1.27103290286,0.7435832244132864
13,51734,0.8503703703703701,4.6972665498,0.44576386609460805,0.0,nan,0.0,0.6825,4.12257810585,0.30167852444340215,0.6000000000000001,2.51564857799,0.1642257072024974,0.7225,3.78009902858,0.48121498465414764,0.7275,2.61369287188,0.17770996221658356,0.56,2.42772992386,0.22445348827698008,0.9270213174572691,2.37164646087,0.755478575956652,0.56,1.43149603194,0.3382110793387676
13,52992,0.928395061728395,3.40599108943,0.7826823421617128,0.0,nan,0.0,0.71,4.63756981202,0.4230604775563589,0.75,3.49141757972,0.7080829756055379,0.705,3.696716531,0.4156440990336565,0.8225,4.24504855929,0.5231731640288004,0.6725,3.19764095976,0.5616261289262954,0.748454004225081,1.9813475617,0.2976887331669825,0.6725,1.56797411041,0.509593698256509
13,54491,0.952098765432098,2.61438381441,0.8540636379940361,0.0,nan,0.0,0.7775000000000001,3.94103709926,0.7279501717864545,0.77,3.05951655917,0.7737231867595634,0.7975000000000001,3.03601853252,0.7469100031796508,0.9025000000000001,2.8457002186,0.8226788566543192,0.9450000000000001,0.197174626946,0.9909874486804106,0.8689456500864221,2.85117318584,0.6001428866925971,0.705,1.55196208368,0.56036180314932
13,54885,0.9525925925925921,2.59797404943,0.8553506390651635,1.0,nan,0.0,0.68,4.05732658654,0.2914531159306573,0.585,2.14226663672,0.12929872729791542,0.55,0.917845801702,0.04727078822737232,0.8500000000000001,4.05194457035,0.6381176117740881,0.5625,2.46482770139,0.23056927737341842,0.945265988092951,2.09930128506,0.7963086324501383,0.625,1.54532592579,0.43543787533980316
13,56634,0.8646913580246911,4.72560179984,0.5134031019625291,0.0,nan,0.0,0.8300000000000001,2.22338455886,0.8906867598591846,0.8525,1.14594741695,0.9440984878000502,0.845,2.02970479023,0.8676548437066545,0.9400000000000001,1.78199756657,0.9091619829247866,0.7575000000000001,2.26544438855,0.8008583419449651,0.429652391012099,0.155763181708,0.010202895915419587,0.764999999999999,1.45827720249,0.6510643086387006
13,56758,0.7827160493827161,3.05078548408,0.1728857142926889,0.0,nan,0.0,0.77,4.14267478739,0.6976224109319483,0.7725000000000001,3.00068898715,0.7812986137898559,0.8225,2.51947864071,0.8164805025886206,0.68,1.4852045283,0.08128349708386448,0.745,2.45544281045,0.7713434297544572,0.73808334933743,1.89158484429,0.2776097580116068,0.8125,1.33375609706,0.7175267394674711
13,56917,0.829629629629629,4.41725175127,0.3507786113306164,1.0,nan,0.0,0.73,4.72582057274,0.5171324526323839,0.72,3.93860894465,0.5959001888801307,0.77,3.4911474453,0.656792933743534,0.8300000000000001,4.22987104739,0.5549718788279818,0.6575000000000001,3.23432841911,0.5133272598963466,0.869444977914346,2.85051711068,0.6015663956469509,0.7325,1.51887018124,0.6026256849817482
13,56975,0.776296296296296,2.82884910391,0.1540124015849575,1.0,nan,0.0,0.6975,4.45414196677,0.36614097119990285,0.68,4.00190960325,0.4348859352157573,0.7325,3.78116182118,0.5190498818419406,0.8,4.12505691977,0.42855841850097515,0.7175,2.82710258602,0.6985266962209817,0.9289802189360471,2.3439817861,0.7600973796614284,0.6000000000000001,1.51214175438,0.39719021824281375
13,67160,0.88,4.60310933618,0.5850045357832008,0.0,nan,0.0,0.774999999999999,4.01068380415,0.7180100414998989,0.8150000000000001,1.95401055665,0.8866253760669485,0.8500000000000001,1.92255853921,0.8775349330486754,0.8625,3.84598864101,0.6875497206750514,0.76,2.22649497937,0.8064733180604757,0.830036489341271,2.72759348848,0.49057522199404363,0.68,1.5665505016,0.5213490224243887
13,67299,0.7091358024691351,0.90227730135,0.03469969598999141,1.0,nan,0.0,0.6775,3.989621295,0.2813939364254686,0.6775,3.98395966105,0.42490307800131755,0.6825,3.44890256051,0.33498119038433666,0.545,0.0961076848207,0.0032086295537970444,0.6625,3.22736290655,0.5294836988027938,0.9328212022277701,2.28842805704,0.7689944117347931,0.5,1.25913693814,0.2572314213421947
13,67423,0.652839506172839,0.216043521539,0.006767024882198106,0.0,nan,0.0,0.705,4.57534368233,0.40002179866241055,0.6375000000000001,3.39564453577,0.2755786027748967,0.6875,3.51636166686,0.35239707901491546,0.6825,1.53768792142,0.08506190733450454,0.6775,3.17502994257,0.577559926000214,0.9385442673324371,2.20290976797,0.7818479290595939,0.59,1.49501830931,0.3821526453931041
13,67905,0.8,3.62927613542,0.23067863545717038,1.0,nan,0.0,0.7975000000000001,3.31820282183,0.8007069055271677,0.764999999999999,3.17449247365,0.7581365735702457,0.8,2.98752604876,0.7544396268431458,0.845,4.11470723469,0.6176960801300964,0.75,2.38054106444,0.7834340818735257,0.786863837142308,2.34449328729,0.3806409169851336,0.6675,1.56816111259,0.5017531060877293
13,68565,0.8958024691358021,4.32538181481,0.6557367683156574,1.0,nan,0.0,0.7175,4.70140355607,0.4581041900661116,0.6950000000000001,4.05591626152,0.49543599547614475,0.7575000000000001,3.63650018033,0.6121985960150238,0.857499999999999,3.93639814782,0.6680894861390705,0.665,3.22189564533,0.5375455466308501,0.8021893604762821,2.49313116212,0.41771691182384907,0.5775,1.47069138196,0.36361365307898835
13,68688,0.883456790123456,4.55467579792,0.6008349091065999,0.0,nan,0.0,0.78,3.86917265139,0.737713378793805,0.685,4.03023353193,0.4549705348031798,0.8025,2.93814267502,0.7618468910049635,0.8075000000000001,4.19156751858,0.45976153029693917,0.62,3.11901012305,0.39329194272381623,0.8899942385250621,2.76789771263,0.6594795782125853,0.79,1.39750342976,0.6867853153300134
13,69217,0.9125925925925921,3.89535930881,0.724914508673527,0.0,nan,0.0,0.7675000000000001,4.20470418506,0.6871876097177649,0.7000000000000001,4.05307594599,0.5157128419504924,0.74,3.75950446885,0.5473393373894836,0.72,2.42265154551,0.15882475569659377,0.6425000000000001,3.22331455159,0.4648351365929889,0.777222969080084,2.2501204678,0.35849347194302034,0.7675000000000001,1.45272263954,0.6547030837011243
13,69292,0.75358024691358,2.06454158953,0.09854668533155125,0.0,nan,0.0,0.76,4.37314130365,0.6550034739733614,0.74,3.67231203064,0.6722410677044182,0.8150000000000001,2.68033756175,0.7969791459203914,0.74,2.93262111972,0.21237756034852248,0.7875000000000001,1.79050080052,0.861718152319255,0.751603610524294,2.00940460294,0.3039732845615112,0.75,1.48899100229,0.6289541096069741
13,70225,0.795555555555555,3.4852184096,0.21486702234588523,1.0,nan,0.0,0.5925,1.3439935349,0.05697489441143991,0.58,2.020093872,0.11889357616607339,0.64,2.67156622882,0.20386457294929483,0.804999999999999,4.17221230825,0.4493062076298615,0.5375,2.0792275765,0.17371106729270314,0.9116573842903781,2.56889830356,0.7174765827868024,-0.25,0.003365975131,0.00025108250278356746
13,70358,0.8291358024691351,4.40742837752,0.3485996724148893,1.0,nan,0.0,0.5425,0.446205218714,0.015115161478929022,0.47500000000000003,0.324221053881,0.012298758489614602,0.48,0.248406472596,0.010222829241796325,0.75,3.1821651433,0.24295847086092554,0.545,2.1975510052,0.18974982893105286,0.9552525446514301,1.94180379279,0.8164891503822514,0.5325,1.35901765626,0.2998130222444105
13,70659,0.7832098765432091,3.0678035664,0.1743964775744663,1.0,nan,0.0,0.6950000000000001,4.40672228832,0.35506418751455765,0.6025,2.57808920001,0.17059290308595992,0.685,3.48345055104,0.3436469670469624,0.5650000000000001,0.161164608397,0.005733926004590222,0.55,2.2754773039,0.20093279805523545,0.90497407336278,2.64140059579,0.7000604894180006,0.5275000000000001,1.34456336463,0.2930539184739529
13,70707,0.8493827160493821,4.69018183392,0.44112803533499,1.0,nan,0.0,0.67,3.77339923191,0.25227109266283554,0.6675,3.8877635826,0.3855125031702548,0.7525000000000001,3.68166204329,0.5938999603092393,0.8825000000000001,3.39448960588,0.7601703616020508,0.6425000000000001,3.22331455159,0.4648351365929889,0.853082389091607,2.84003967995,0.554921955117082,0.7225,1.53291428244,0.5873648835863651
13,70749,0.8661728395061721,4.72055296528,0.5204004374552772,0.0,nan,0.0,0.39,0.00194127244519,4.0058740142294406e-05,0.36,0.0118515060758,0.0003177315900905058,0.39,0.0264711781139,0.0008802597503356246,0.6575000000000001,1.05964519599,0.052815726598241804,0.365,0.210700564384,0.009748454529319136,0.8905703860188201,2.76402683379,0.6610731844157113,0.65,1.56402081178,0.47433565672482486
13,70793,0.808395061728395,3.8872128495,0.2622439288845097,0.0,nan,0.0,0.66,3.4607465358,0.21608091831080095,0.545,1.2458289285,0.06223466457427415,0.59,1.61023240377,0.09710838309589384,0.6125,0.469489336668,0.019681081030169287,0.5275000000000001,1.92025329157,0.15371326624340081,0.8893028615325521,2.77243336193,0.65756434260575,0.392499999999999,0.8726327969,0.14225764443400765
13,70852,0.799012345679012,3.59765064711,0.22710976328598348,0.0,nan,0.0,0.6975,4.45414196677,0.36614097119990285,0.6900000000000001,4.04828232288,0.4751711409371064,0.705,3.696716531,0.4156440990336565,0.6975,1.87205837412,0.11059505496821363,0.595,2.89182762946,0.31793439794717704,0.90013443441521,2.68797538334,0.6871622655644347,0.5925,1.49949795621,0.3858958180258337
13,72086,0.515061728395061,0.00167221383101,4.069282826919919e-05,0.0,nan,0.0,0.585,1.16406616757,0.04757982050847748,0.5650000000000001,1.66777252981,0.09126550015999967,0.545,0.847372194609,0.04285931098509547,0.847499999999999,4.08479660387,0.627946078715521,0.41750000000000004,0.519536165816,0.02798158788897482,0.8713654695602071,2.84740112008,0.6070379486410655,0.40750000000000003,0.928082531385,0.15576252379506805
13,74604,0.789629629629629,3.28727704955,0.19479755134115662,0.0,nan,0.0,0.9125000000000001,0.411924731202,0.9864187974736338,0.8300000000000001,1.60621401911,0.9132935546830877,0.827499999999999,2.41081690052,0.8288065661294134,0.804999999999999,4.17221230825,0.4493062076298615,0.9075000000000001,0.386477967365,0.980358350587097,0.8229690800845011,2.6755357788,0.4714782710297145,0.794999999999999,1.38402833299,0.6937393174734328
13,74635,0.769382716049382,2.59054831904,0.13527999780723166,0.0,nan,0.0,0.5375,0.392248311055,0.01302133624094986,0.5575,1.50222431632,0.07938307646161441,0.675,3.33600687611,0.3095293822724362,0.605,0.402392221108,0.016416521571194557,0.655,3.2358181677,0.5052392993683364,0.8252736700595351,2.69322782608,0.47766479586675215,0.382499999999999,0.835958077448,0.13371494138591317
13,74688,0.580246913580246,0.020068997473,0.000532643273043625,1.0,nan,0.0,0.774999999999999,4.01068380415,0.7180100414998989,0.7000000000000001,4.05307594599,0.5157128419504924,0.75,3.70129980287,0.5846708431935506,0.5,0.0259167905079,0.0007581131345819594,0.625,3.15095517507,0.408968869932664,0.8560015363933161,2.84658821845,0.563222479084279,0.75,1.48899100229,0.6289541096069741
13,74696,0.892839506172839,4.38797580069,0.642826977626477,1.0,nan,0.0,0.6975,4.45414196677,0.36614097119990285,0.7125,4.00049113196,0.5661147338632486,0.7175,3.76673573562,0.4623443536989563,0.7825000000000001,3.87947221538,0.3583472201327672,0.6950000000000001,3.05723209737,0.6321774926587598,0.8636450931438441,2.85426200915,0.5850187823023912,0.6675,1.56816111259,0.5017531060877293
13,76409,0.885432098765432,4.52376554323,0.6098016516832898,0.0,nan,0.0,0.5775,1.00052337207,0.03947290551480754,0.51,0.677031353017,0.02924599745438224,0.5325,0.687593018808,0.033290072198327705,0.7175,2.35947414133,0.15284716767826428,0.52,1.80127845678,0.13975798743473994,0.9366621855194931,2.23135367386,0.7776750605238285,0.25,0.411858996673,0.05262863200772404
13,76496,0.8044444444444441,3.76843869466,0.24712000237932807,0.0,nan,0.0,0.835,2.06299857964,0.9014008712751437,0.9175000000000001,0.321933731096,0.9878141858594831,0.8975000000000001,1.02708627431,0.9465251797176741,0.9325000000000001,1.98463657115,0.8950426075529667,0.804999999999999,1.51874594092,0.8906574167916178,0.660072978682542,1.30188851935,0.1537150222484003,0.889999999999999,1.06859404376,0.8109704265088196
13,78211,0.8740740740740741,4.66874099928,0.5575213295932344,1.0,nan,0.0,0.8300000000000001,2.22338455886,0.8906867598591846,0.81,2.07517719064,0.8765532736738284,0.8600000000000001,1.71334419172,0.8957079620858769,0.794999999999999,4.06711996576,0.4080736120212183,0.827499999999999,1.19318696256,0.9211038727335343,0.525676973305166,0.471284665763,0.03830132982606388,0.8025,1.36305666098,0.7040414433771385
13,79262,0.897283950617283,4.29242455051,0.6621204621442797,1.0,nan,0.0,0.7575000000000001,4.42294114419,0.6440076779989524,0.7275,3.85519712376,0.6251400145538772,0.8150000000000001,2.68033756175,0.7969791459203914,0.8400000000000001,4.16549270362,0.5969905081705261,0.827499999999999,1.19318696256,0.9211038727335343,0.786863837142308,2.34449328729,0.3806409169851336,0.66,1.56729860507,0.489994275406761
13,79313,0.7886419753086421,3.25378329279,0.19156738819402963,1.0,nan,0.0,0.6175,2.05267413051,0.09910893224943872,0.515,0.744401459675,0.03279768065407113,0.56,1.07002557327,0.057197738411351076,0.764999999999999,3.53286001526,0.2933672216936553,0.41250000000000003,0.480449617388,0.025482557554559884,0.9217591703476091,2.44341736288,0.7428080816060336,0.7000000000000001,1.55608121775,0.5525914469607054
13,79388,0.8069135802469131,3.84326394953,0.2565175588759858,0.0,nan,0.0,0.77,4.14267478739,0.6976224109319483,0.7325,3.78831240663,0.6442524173898084,0.75,3.70129980287,0.5846708431935506,0.725,2.54983150147,0.17125558172364952,0.715,2.85649356965,0.6914220205501372,0.9097753024774341,2.59022891435,0.712621524420068,0.7925000000000001,1.39081770252,0.6902707385254874
13,80513,0.8207407407407401,4.22072461519,0.3123573797030751,1.0,nan,0.0,0.7825000000000001,3.79525666512,0.7472943253626062,0.7075,4.02924579705,0.5460361529508828,0.76,3.61105110162,0.6212584264900718,0.8250000000000001,4.24314670664,0.5337840640701854,0.5975,2.91917707023,0.3251983490352576,0.8483195698098711,2.82529385002,0.5414285203546081,0.76,1.46901880489,0.643745862773835
13,80619,0.9777777777777771,1.80888972696,0.9106096230250369,1.0,nan,0.0,0.77,4.14267478739,0.6976224109319483,0.7775000000000001,2.88081365404,0.7960035021347339,0.8250000000000001,2.4652451674,0.8227114548459022,0.8150000000000001,4.23201393256,0.49136673099743156,0.6975,3.03576014971,0.6397939627990925,0.869406568081428,2.85056983005,0.6014569067473263,0.7625000000000001,1.46370975788,0.6474117993624828
13,80759,0.6167901234567901,0.07083781121,0.0020177936831063258,0.0,nan,0.0,0.6675,3.69750846753,0.2429321012423403,0.6675,3.8877635826,0.3855125031702548,0.7825000000000001,3.30437782176,0.699304509323508,0.605,0.402392221108,0.016416521571194557,0.845,0.966533828333,0.9399634539339645,0.854042634914538,2.8424074327,0.5576502447736388,0.5575,1.42543422222,0.3346398932853138
13,80766,0.8197530864197531,4.19645123329,0.30820071192548854,1.0,nan,0.0,0.6975,4.45414196677,0.36614097119990285,0.645,3.54326565757,0.3016081962728517,0.7225,3.78009902858,0.48121498465414764,0.6375000000000001,0.755311286569,0.03478267623490129,0.645,3.228467856,0.4729001394824338,0.8905703860188201,2.76402683379,0.6610731844157113,0.6000000000000001,1.51214175438,0.39719021824281375
13,80873,0.8182716049382711,4.15919365299,0.3020112213503507,0.0,nan,0.0,0.7775000000000001,3.94103709926,0.7279501717864545,0.735,3.75166789886,0.6536778261611368,0.7075,3.71481803793,0.4249089355780606,0.6325000000000001,0.69002586338,0.0311710921932566,0.705,2.96491030149,0.6623023819986431,0.9597080852698291,1.87111401663,0.8249834323399174,0.5,1.25913693814,0.2572314213421947
13,84558,0.8256790123456791,4.33495904014,0.3334875268026893,0.0,nan,0.0,0.7775000000000001,3.94103709926,0.7279501717864545,0.7925000000000001,2.50992140544,0.8364484874067108,0.837499999999999,2.19244898655,0.8518229257646521,0.7775000000000001,3.78924575747,0.3391721431958054,0.75,2.38054106444,0.7834340818735257,0.8444785865181481,2.80991642912,0.5306051821280081,0.6275000000000001,1.54786023141,0.43930438837425834
13,104560,0.9170370370370371,3.76404958186,0.7419376225041994,0.0,nan,0.0,0.485,0.0827402203817,0.002264368858575683,0.4,0.0437314485423,0.0013075990900950657,0.48,0.248406472596,0.010222829241796325,0.8500000000000001,4.05194457035,0.6381176117740881,0.40750000000000003,0.443579857128,0.023173396687341783,0.850240061455732,2.83183116771,0.5468608767579388,0.515,1.30690765286,0.27648003892748835
13,104598,0.8543209876543211,4.71903412444,0.4643674395743034,0.0,nan,0.0,0.685,4.18521947849,0.31206383121583026,0.5825,2.08095518902,0.12401978691149998,0.645,2.77626931529,0.21748501608490708,0.67,1.28542624566,0.06744412846486858,0.515,1.72255149643,0.13094867495431078,0.8269637027078931,2.70577451169,0.4822270935486471,0.5,1.25913693814,0.2572314213421947
13,104599,0.8804938271604931,4.59663905594,0.5872760848185514,1.0,nan,0.0,0.61,1.82411338367,0.0845784840751855,0.5725,1.84083893772,0.10441848102643085,0.595,1.71070444929,0.10540970107066965,0.6875,1.64555041049,0.09301842260106097,0.47000000000000003,1.07022739081,0.06858727279453783,0.8580756673708471,2.85004764243,0.5691304372799721,-0.25,0.003365975131,0.00025108250278356746
13,104688,0.743209876543209,1.74468777754,0.07881652038462345,1.0,nan,0.0,0.6625,3.54101253897,0.22483336801874365,0.7275,3.85519712376,0.6251400145538772,0.73,3.78411317495,0.5095928416333426,0.8125,4.22152164786,0.4807991803439427,0.7225,2.76580576622,0.7125103266015359,0.657384290378336,1.28284112398,0.15024026519425276,0.75,1.48899100229,0.6289541096069741
13,104824,0.8222222222222221,4.25626335038,0.3186367606596803,0.0,nan,0.0,0.6175,2.05267413051,0.09910893224943872,0.6325000000000001,3.29002133563,0.25886223029040356,0.6000000000000001,1.81347809239,0.11421926554602366,0.875,3.57869062796,0.7340112435834885,0.5675,2.53760438104,0.24307618722717808,0.882081812944113,2.81257130172,0.6373915527718846,0.5,1.25913693814,0.2572314213421947
13,107778,0.589135802469135,0.0275634059262,0.0007426930517482222,1.0,nan,0.0,0.7375,4.69065408831,0.5524674391225117,0.68,4.00190960325,0.4348859352157573,0.7175,3.76673573562,0.4623443536989563,0.685,1.5911449754,0.08897274814513349,0.6000000000000001,2.94557395041,0.3325294894731553,0.833877472632994,2.75291903321,0.5011012233340351,0.78,1.42317434006,0.6726804737668653
13,107870,0.90716049382716,4.04700403377,0.7033379018377158,0.0,nan,0.0,0.8150000000000001,2.72485292381,0.8536041291398347,0.8125,2.014333757,0.8816650605450665,0.8225,2.51947864071,0.8164805025886206,0.909999999999999,2.62852642115,0.8432087492567157,0.735,2.59951474325,0.7460616109869374,0.765815248703668,2.14046807221,0.3334531726706879,0.72,1.53607058328,0.5835286226528257
13,107898,0.7614814814814811,2.32301667043,0.11587307062758168,1.0,nan,0.0,0.6975,4.45414196677,0.36614097119990285,0.7025,4.04773155121,0.5258393951092402,0.794999999999999,3.08354987748,0.7392603351443988,0.6175,0.518773405515,0.022150178689611076,0.6075,3.01874904253,0.35490147680963363,0.9443057422700211,2.11426455415,0.7942855993083996,0.605,1.51989613519,0.4047705405168204
13,108143,0.8824691358024691,4.56925688864,0.5963292149294473,0.0,nan,0.0,0.625,2.29207076414,0.11539573062975785,0.485,0.405327526324,0.01593454634368876,0.6950000000000001,3.6047490825,0.3791111790527529,0.7225,2.48612702095,0.16496067388389535,0.73,2.66809044816,0.7328915344037241,0.8767428461686191,2.83363390292,0.6223158226217118,0.5625,1.43744547292,0.341797279803703
13,108336,0.8469135802469131,4.66962439747,0.4295718855524293,0.0,nan,0.0,0.595,1.40754517305,0.060413950888085176,0.535,1.06021042982,0.05071951155171527,0.56,1.07002557327,0.057197738411351076,0.5575,0.133387494112,0.0046321227248803665,0.387499999999999,0.317096064477,0.015620907593327758,0.8269637027078931,2.70577451169,0.4822270935486471,0.41750000000000004,0.965185559122,0.1652288345922421
13,108341,0.9516049382716051,2.63081423356,0.8527685281942307,1.0,nan,0.0,0.595,1.40754517305,0.060413950888085176,0.5825,2.08095518902,0.12401978691149998,0.52,0.550706621745,0.025573995099027233,0.8075000000000001,4.19156751858,0.45976153029693917,0.52,1.80127845678,0.13975798743473994,0.8097560975609751,2.56336660354,0.4368495377202886,0.595,1.5038459162,0.38965002543411054
13,108351,0.598518518518518,0.0382606450769,0.0010489492563144256,1.0,nan,0.0,0.615,1.975166127,0.09407439291361429,0.65,3.63347471552,0.31955296551826157,0.685,3.48345055104,0.3436469670469624,0.6825,1.53768792142,0.08506190733450454,0.64,3.21684532349,0.45678466337236706,0.839408488573074,2.78517937362,0.5164192833733772,0.665,1.56802593957,0.49783284051991045
13,108388,0.819259259259259,4.18414383575,0.30613142455021797,1.0,nan,0.0,0.5875,1.2222346641,0.05056231751529713,0.5475,1.29501348217,0.06541049163989791,0.64,2.67156622882,0.20386457294929483,0.6900000000000001,1.70087635654,0.0972012673637955,0.6000000000000001,2.94557395041,0.3325294894731553,0.8406376032264261,2.79161974609,0.519846574407012,0.58,1.47580932252,0.3672968048219587
13,108411,0.9303703703703701,3.34129442908,0.7893464168234872,1.0,nan,0.0,0.67,3.77339923191,0.25227109266283554,0.6175,2.9464331381,0.21204556736844796,0.6575000000000001,3.02660742598,0.25377273100591335,0.875,3.57869062796,0.7340112435834885,0.7075,2.93924132666,0.6696827782999295,0.8743230266948331,2.84075214085,0.6154500224764007,0.515,1.30690765286,0.27648003892748835
13,108416,0.807407407407407,3.85799516496,0.25841910764703524,1.0,nan,0.0,0.804999999999999,3.06578459086,0.8246502737988219,0.71,4.01614008172,0.556093417953193,0.8174999999999991,2.62709307028,0.8036135243398503,0.804999999999999,4.17221230825,0.4493062076298615,0.74,2.52853344296,0.7588826722889833,0.8364893412713651,2.76880253677,0.5083124743014295,0.7125,1.54467381192,0.5719750157202791
13,108417,0.973333333333333,1.93927160349,0.9022820771384048,1.0,nan,0.0,0.5325,0.343655829808,0.01118373717671353,0.5825,2.08095518902,0.12401978691149998,0.6325000000000001,2.51135605702,0.18442669656127783,0.8,4.12505691977,0.42855841850097515,0.605,2.99538898448,0.3473835844641308,0.860149798348377,2.852491831,0.5750445213380547,0.52,1.32222074957,0.2830529948939755
13,108652,0.5560493827160491,0.00821732306573,0.00021041036979620019,0.0,nan,0.0,0.5650000000000001,0.764290800889,0.02848961832763676,0.5075000000000001,0.645043894263,0.0275936370862318,0.6425000000000001,2.72417405035,0.21060934784912227,0.525,0.0550530544544,0.0017300090028588302,0.43999999999999906,0.723941015352,0.04188195369191337,0.945265988092951,2.09930128506,0.7963086324501383,0.5625,1.43744547292,0.341797279803703
13,109008,0.6819753086419751,0.476312728621,0.016442388946693056,1.0,nan,0.0,0.63,2.45638565317,0.12726554186544922,0.5275000000000001,0.933038440659,0.04325136875767469,0.5325,0.687593018808,0.033290072198327705,0.6950000000000001,1.81416496676,0.10598744284003513,0.5,1.49167813533,0.10685387786599607,0.8137507201843671,2.59893940045,0.44716067581993824,0.595,1.5038459162,0.38965002543411054
13,109067,0.8479012345679011,4.6783332384,0.43418821406334196,1.0,nan,0.0,0.7525000000000001,4.51226237296,0.621663828968759,0.7625000000000001,3.23045710212,0.7501301591150631,0.794999999999999,3.08354987748,0.7392603351443988,0.8,4.12505691977,0.42855841850097515,0.71,2.91259493244,0.6769977740896536,0.7877856731323211,2.3535366629,0.382806323728146,0.75,1.48899100229,0.6289541096069741
13,129429,0.8172839506172841,4.13380442174,0.2979158779279966,1.0,nan,0.0,0.68,4.05732658654,0.2914531159306573,0.5775,1.9597469574,0.11391888880270237,0.5875,1.56095453483,0.09314453866400578,0.7925000000000001,4.03430598493,0.3979463100763539,0.54,2.11881252285,0.17895864131184033,0.7937776070674091,2.41214992919,0.397084366472113,0.76,1.46901880489,0.643745862773835
13,129459,0.838024691358024,4.56278059214,0.38850151770885333,1.0,nan,0.0,0.6875,4.24509871579,0.3226023199175175,0.6725,3.94065599587,0.40508746920180094,0.6925,3.57706095363,0.37013353856178455,0.705,2.0502600467,0.12529971156221006,0.6375000000000001,3.20906819072,0.44875199994046333,0.896331860956404,2.72083122407,0.6768775040422625,0.605,1.51989613519,0.4047705405168204
13,129490,0.9654320987654321,2.18163651789,0.8860102874024258,1.0,nan,0.0,0.6975,4.45414196677,0.36614097119990285,0.6575000000000001,3.7548780213,0.347270219638233,0.754999999999999,3.66005018167,0.6030775082360149,0.889999999999999,3.19652338414,0.7848941609210942,0.625,3.15095517507,0.408968869932664,0.8252736700595351,2.69322782608,0.47766479586675215,0.7000000000000001,1.55608121775,0.5525914469607054
13,129672,0.901234567901234,4.19941019374,0.6788968551403202,1.0,nan,0.0,0.405,0.00380319064363,8.169198257456459e-05,0.485,0.405327526324,0.01593454634368876,0.38,0.0199246142101,0.0006497013173588902,0.725,2.54983150147,0.17125558172364952,0.43500000000000005,0.674410401108,0.038387062168841676,0.839408488573074,2.78517937362,0.5164192833733772,-0.25,0.003365975131,0.00025108250278356746
13,129907,0.725432098765432,1.26196994905,0.05222390731429381,0.0,nan,0.0,0.65,3.13015486556,0.18311592670813082,0.65,3.63347471552,0.31955296551826157,0.63,2.45738277005,0.17821572986451847,0.65,0.937314695216,0.04533331655154306,0.54,2.11881252285,0.17895864131184033,0.9058959093527941,2.63194864397,0.7024910849002051,0.6075,1.52356740905,0.4085748987393176
13,129987,0.6869135802469131,0.53886532572,0.018946485253749017,0.0,nan,0.0,0.6575000000000001,3.3793607497,0.20753056846073936,0.6575000000000001,3.7548780213,0.347270219638233,0.6875,3.51636166686,0.35239707901491546,0.5625,0.151410380514,0.005343313857273302,0.6575000000000001,3.23432841911,0.5133272598963466,0.9306702515844051,2.3197418758,0.7640383491816598,0.5,1.25913693814,0.2572314213421947
13,130043,0.942716049382716,2.92890176302,0.8280611046528976,0.0,nan,0.0,0.764999999999999,4.26388733344,0.6766012620338785,0.8300000000000001,1.60621401911,0.9132935546830877,0.899999999999999,0.988231613352,0.9490441311027695,0.865,3.79703852716,0.6971040078440676,0.6950000000000001,3.05723209737,0.6321774926587598,0.8598041098521221,2.85215579495,0.5740585049818491,0.804999999999999,1.35587111608,0.7074401229521416
13,130166,0.8681481481481481,4.71151131624,0.5297164899094119,0.0,nan,0.0,0.9325000000000001,0.23710213472,0.9927782479111995,0.7875000000000001,2.63472177632,0.823586631604232,0.9325000000000001,0.569333911571,0.9739229600423819,0.8600000000000001,3.89247371414,0.6778761189979446,0.875,0.642740056628,0.9638905803119427,0.918225465719224,2.48929180901,0.7340921270280804,0.875,1.1236820976,0.7945269697862487
13,130586,0.741728395061728,1.70111222818,0.07626414596586278,0.0,nan,0.0,0.35750000000000004,0.000407879435345,7.751953406231914e-06,0.20750000000000002,1.80118541337e-05,3.444246478760531e-07,0.28500000000000003,0.000982372011131,2.7294304377710817e-05,0.42750000000000005,0.0020343347567,4.942967533897449e-05,0.25,0.015611116845,0.000548225619741548,0.892452467831764,2.75080815976,0.6662630070839005,-0.25,0.003365975131,0.00025108250278356746
13,134922,0.679012345679012,0.441655152452,0.015082955269639674,0.0,nan,0.0,0.6775,3.989621295,0.2813939364254686,0.6925,4.05340675779,0.4852987962204294,0.725,3.78358090198,0.49067003048319247,0.79,3.99904235822,0.38790412357104664,0.635,3.19999276879,0.4407404043702033,0.857922028039178,2.84982596079,0.5686925748231944,0.4375,1.03920884632,0.18527370746584546
13,134923,0.77037037037037,2.62442866992,0.13785528902288371,0.0,nan,0.0,0.7025,4.53856188025,0.3886286451267063,0.6825,4.01734413274,0.4449105297085926,0.725,3.78358090198,0.49067003048319247,0.735,2.80545226145,0.1980319639311431,0.68,3.1618311083,0.5854812626506749,0.879969272133666,2.82178652291,0.6314399445282537,0.6725,1.56797411041,0.509593698256509
13,135551,0.7629629629629631,2.37260405268,0.1193512701991501,1.0,nan,0.0,0.7725000000000001,4.07794955806,0.7078987369924786,0.7575000000000001,3.33888305315,0.733704761655103,0.8250000000000001,2.4652451674,0.8227114548459022,0.774999999999999,3.74128157337,0.3297586060277613,0.6425000000000001,3.22331455159,0.4648351365929889,0.823314768580756,2.67823087612,0.4724036392122126,0.7825000000000001,1.4169209108,0.6762306160681038
13,135973,0.9017283950617281,4.18728007433,0.6809676473238109,1.0,nan,0.0,0.7825000000000001,3.79525666512,0.7472943253626062,0.8,2.32242956184,0.8545694899183652,0.7925000000000001,3.13005037033,0.7314931128552653,0.8975000000000001,2.98835845536,0.8080927120481936,0.745,2.45544281045,0.7713434297544572,0.849241405799884,2.8285297939,0.544034483220814,0.6675,1.56816111259,0.5017531060877293
13,136122,0.653827160493827,0.222288482108,0.00698347256350379,1.0,nan,0.0,0.745,4.61891652623,0.5874007643544554,0.78,2.81994843141,0.8031295678167615,0.745,3.73452526253,0.5660778867365291,0.8325,4.21848986805,0.5655329882250681,0.61,3.04104046113,0.36247643911293337,0.8521605531015941,2.83757249687,0.5523050269696735,0.5225000000000001,1.32975385648,0.28636798063860786
13,136139,0.9422222222222221,2.94552305361,0.8266106293658968,1.0,nan,0.0,0.784999999999999,3.7194577015,0.7566880929238917,0.8025,2.2601738792,0.8602977003855768,0.837499999999999,2.19244898655,0.8518229257646521,0.845,4.11470723469,0.6176960801300964,0.76,2.22649497937,0.8064733180604757,0.7495678893796811,1.99122762289,0.29990122510039924,0.8225,1.3030391466,0.730711843590014
13,136288,0.93679012345679,3.12801834316,0.8101141671024198,1.0,nan,0.0,0.7925000000000001,3.48247052392,0.7837035105326645,0.7375,3.71297750609,0.6630090518890183,0.8125,2.73311460622,0.790212226053849,0.827499999999999,4.23809005329,0.5443862683500497,0.6225,3.13558684974,0.401110438652805,0.852506241597849,2.83851984009,0.5532861076453037,0.7425,1.50260457086,0.6177348810854472
13,136820,0.852345679012345,4.70946917501,0.45505490204737803,1.0,nan,0.0,0.6175,2.05267413051,0.09910893224943872,0.6275000000000001,3.17945912632,0.24268662190725093,0.655,2.9781257728,0.2462666273584255,0.655,1.01776791395,0.05021918941660164,0.5650000000000001,2.5014649361,0.23677724299803535,0.9385442673324371,2.20290976797,0.7818479290595939,0.6025,1.51608721012,0.4009755327731666
13,136846,0.6074074074074071,0.0518305960937,0.001446544869242726,0.0,nan,0.0,0.804999999999999,3.06578459086,0.8246502737988219,0.8075000000000001,2.13647675248,0.8712887944069282,0.7925000000000001,3.13005037033,0.7314931128552653,0.6525000000000001,0.976991193363,0.04772596984571605,0.875,0.642740056628,0.9638905803119427,0.7226810063376221,1.76522108404,0.24945803159333085,0.7625000000000001,1.46370975788,0.6474117993624828
13,137085,0.8148148148148141,4.06847564284,0.28778907044567026,0.0,nan,0.0,0.8775000000000001,0.946713368068,0.9636051241232684,0.8400000000000001,1.39135725105,0.9282686093457335,0.875,1.41739238519,0.9191576921308423,0.9400000000000001,1.78199756657,0.9091619829247866,0.8500000000000001,0.906714301775,0.9446456230803353,0.660418667178797,1.30434042437,0.15416549391123122,0.847499999999999,1.22089148408,0.7622756387028832
13,137869,0.9772839506172831,1.82314739018,0.9097128261519655,0.0,nan,0.0,0.8700000000000001,1.10649453122,0.9559160959306787,0.875,0.775854321643,0.9655419903138293,0.905,0.913359700937,0.9537965270463509,0.972499999999999,1.03377340634,0.9542828501154041,0.8625,0.767329796368,0.9550931081176168,0.0,2.11890814799e-05,7.211882178445612e-07,0.8150000000000001,1.326204742,0.7208517087586495
13,138039,0.716049382716049,1.04494221694,0.04142242067058101,0.0,nan,0.0,0.6375000000000001,2.70762846215,0.14662783941475815,0.6975,4.05580593274,0.5055761941932099,0.63,2.45738277005,0.17821572986451847,0.7325,2.74158279976,0.19109814536734296,0.6075,3.01874904253,0.35490147680963363,0.8560015363933161,2.84658821845,0.563222479084279,0.655,1.56596295399,0.48216086836983496
13,140859,0.6948148148148141,0.652144445923,0.023640694163127318,1.0,nan,0.0,0.6000000000000001,1.53985266562,0.0677795922104498,0.5975,2.45313576574,0.1580147203014372,0.65,2.87864291209,0.2316233839440041,0.59,0.290813970282,0.011253310580367198,0.59,2.83439744357,0.3036173536903945,0.9577491837910501,1.90218461863,0.8212876771496077,0.4375,1.03920884632,0.18527370746584546
13,140984,0.9160493827160491,3.79373621017,0.7382053599608372,1.0,nan,0.0,0.7425,4.64680748247,0.575817791864365,0.754999999999999,3.39116379998,0.7252919191965577,0.7625000000000001,3.58374499906,0.6302523039233766,0.8925000000000001,3.12808974081,0.7928001495180648,0.6925,3.07758835064,0.6245087320911923,0.8857307470712501,2.79394946657,0.6476215035837998,0.645,1.56147471308,0.46652166688525815
13,141053,0.611358024691358,0.0591782468067,0.0016655279333119598,1.0,nan,0.0,0.7025,4.53856188025,0.3886286451267063,0.65,3.63347471552,0.31955296551826157,0.645,2.77626931529,0.21748501608490708,0.7025,1.99014910821,0.12024934016595437,0.5,1.49167813533,0.10685387786599607,1.0,1.27449748373,0.8879783654667209,0.625,1.54532592579,0.43543787533980316
13,141356,0.8508641975308641,4.70056353284,0.4480843247100945,1.0,nan,0.0,0.8400000000000001,1.90742707534,0.9113247758399425,0.794999999999999,2.44738155953,0.8426451211619684,0.8250000000000001,2.4652451674,0.8227114548459022,0.9475,1.58910284869,0.9217969688025863,0.8425,0.997292840403,0.9375087873017733,0.811791818705588,2.58164750542,0.4420864959698032,0.7025,1.55409603159,0.5564791995733147
13,142811,0.714567901234567,1.01314145735,0.0398979973328899,1.0,nan,0.0,0.675,3.91962236999,0.2715069209040325,0.58,2.020093872,0.11889357616607339,0.595,1.71070444929,0.10540970107066965,0.7825000000000001,3.87947221538,0.3583472201327672,0.535,2.03954529268,0.16856258451007602,0.8137507201843671,2.59893940045,0.44716067581993824,0.635,1.55458429677,0.45093938259854405
13,142951,0.929382716049382,3.37371031617,0.7860303544111036,0.0,nan,0.0,0.7375,4.69065408831,0.5524674391225117,0.764999999999999,3.17449247365,0.7581365735702457,0.804999999999999,2.88793902697,0.7691296566507797,0.784999999999999,3.92153045816,0.36809891520335003,0.68,3.1618311083,0.5854812626506749,0.8876896485500281,2.7825498609,0.6530835690086394,0.6475000000000001,1.56282307102,0.47042707045117754
13,143324,0.6972839506172831,0.691042090093,0.025298597372971566,1.0,nan,0.0,0.625,2.29207076414,0.11539573062975785,0.66,3.79133934441,0.35670342572687197,0.5725,1.28071013009,0.07186679949344953,0.6775,1.4337175516,0.0776350542777382,0.59,2.83439744357,0.3036173536903945,0.8636835029767621,2.85426484542,0.5851284140849029,0.5750000000000001,1.46545003792,0.35994345074924233
13,145305,0.7970370370370371,3.53371895842,0.22006629076737333,1.0,nan,0.0,0.6875,4.24509871579,0.3226023199175175,0.745,3.58535409826,0.6903882738426024,0.7675000000000001,3.52374418363,0.648023967504352,0.725,2.54983150147,0.17125558172364952,0.6575000000000001,3.23432841911,0.5133272598963466,0.9097753024774341,2.59022891435,0.712621524420068,0.605,1.51989613519,0.4047705405168204
13,145335,0.79753086419753,3.54978348934,0.22181530588953452,0.0,nan,0.0,0.5,0.134028234372,0.0038633210558981185,0.5425,1.19773914475,0.05918043460844578,0.55,0.917845801702,0.04727078822737232,0.8,4.12505691977,0.42855841850097515,0.5875,2.8043818989,0.2965687046682183,0.693796811983867,1.54496664867,0.20169328975811357,0.5225000000000001,1.32975385648,0.28636798063860786
13,145444,0.861728395061728,4.73122033382,0.49939151759746647,1.0,nan,0.0,0.6925,4.35598842134,0.3441101217846673,0.754999999999999,3.39116379998,0.7252919191965577,0.8525,1.86954816518,0.8822749796165602,0.794999999999999,4.06711996576,0.4080736120212183,0.7975000000000001,1.63378724038,0.8788370205866272,0.8017284424812751,2.48875747534,0.4165687904113848,0.725,1.5296151454,0.5911930750337213
13,146557,0.9002469135802461,4.22334205152,0.6747374350138703,0.0,nan,0.0,0.6825,4.12257810585,0.30167852444340215,0.72,3.93860894465,0.5959001888801307,0.73,3.78411317495,0.5095928416333426,0.74,2.93262111972,0.21237756034852248,0.5700000000000001,2.57320885838,0.24946481909322382,0.8974841559439211,2.71123218232,0.6800072039171035,-0.25,0.003365975131,0.00025108250278356746
13,146877,0.863209876543209,4.72915906353,0.5063993909466701,1.0,nan,0.0,0.5625,0.72236935521,0.0266316545593007,0.715,3.98232899878,0.5760937791619202,0.865,1.61200131155,0.9040203038464664,0.865,3.79703852716,0.6971040078440676,0.8400000000000001,1.02860797755,0.9349765262681509,0.5736892644516991,0.7265285255,0.06680502583401644,0.8075000000000001,1.34859122633,0.710820720336322
13,146928,0.803456790123456,3.73798858237,0.2434131011613926,1.0,nan,0.0,0.8174999999999991,2.63986863646,0.860309964672378,0.8600000000000001,1.01211667992,0.9521847629216884,0.855,1.81697838477,0.8868830410947302,0.885,3.32985642728,0.7685760994811008,0.8150000000000001,1.36994674457,0.9050960113522386,0.837718455924716,2.77587984629,0.5117200261382541,0.7000000000000001,1.55608121775,0.5525914469607054
13,146993,0.8528395061728391,4.71210833239,0.4573812242716603,1.0,nan,0.0,1.0,0.0244336053904,0.9994094383085572,1.0,0.0342365635578,0.9990003891170176,1.0,0.135307212926,0.9949619640547835,0.8,4.12505691977,0.42855841850097515,0.9500000000000001,0.179002478927,0.991927287570999,0.37584021509506405,0.0727432263397,0.0042861555112073445,0.8125,1.33375609706,0.7175267394674711
13,147026,0.815802469135802,4.09491900244,0.29182041010972243,1.0,nan,0.0,0.625,2.29207076414,0.11539573062975785,0.615,2.88623218434,0.20475460227157677,0.655,2.9781257728,0.2462666273584255,0.645,0.86125276479,0.04083872223645228,0.52,1.80127845678,0.13975798743473994,0.8626848473209141,2.85407298677,0.5822780617298557,0.5,1.25913693814,0.2572314213421947
13,147101,0.9007407407407401,4.2114312558,0.6768200996522342,0.0,nan,0.0,0.6825,4.12257810585,0.30167852444340215,0.7225,3.91313433663,0.6057153620940912,0.865,1.61200131155,0.9040203038464664,0.8525,4.01621335644,0.6482034020495624,0.8600000000000001,0.794029196967,0.9531415328438417,0.861724601497983,2.85365786136,0.5795376313470708,0.625,1.54532592579,0.43543787533980316
13,147111,0.852345679012345,4.70946917501,0.45505490204737803,1.0,nan,0.0,0.6225,2.21122257391,0.10976681487296601,0.774999999999999,2.94109083864,0.7887259895569979,0.735,3.77607043829,0.5284968672797685,0.837499999999999,4.18628087018,0.5865501453417525,0.605,2.99538898448,0.3473835844641308,0.9010946802381411,2.67915023866,0.6897391623176745,0.595,1.5038459162,0.38965002543411054
13,147193,0.6439506172839501,0.166315953804,0.005075984982552167,1.0,nan,0.0,0.7975000000000001,3.31820282183,0.8007069055271677,0.7825000000000001,2.7585854048,0.8101028294823431,0.7825000000000001,3.30437782176,0.699304509323508,0.75,3.1821651433,0.24295847086092554,0.8500000000000001,0.906714301775,0.9446456230803353,0.752294987516804,2.01561318334,0.3053646858800755,0.75,1.48899100229,0.6289541096069741
13,819,0.7214814814814811,1.16730696461,0.04742690043587904,0.0,nan,0.0,0.7225,4.72362033999,0.4816736217389532,0.7075,4.02924579705,0.5460361529508828,0.7025,3.67662311417,0.4064270129378359,0.8300000000000001,4.22987104739,0.5549718788279818,0.7775000000000001,1.94936954555,0.8430197973082127,0.8252736700595351,2.69322782608,0.47766479586675215,0.725,1.5296151454,0.5911930750337213
13,1942,0.755061728395061,2.11214822443,0.10164047644959888,0.0,nan,0.0,0.6075,1.75072090643,0.08011024978156948,0.5925,2.32821759595,0.14606148481361264,0.6725,3.29549076239,0.30123972483706185,0.784999999999999,3.92153045816,0.36809891520335003,0.585,2.77354407151,0.28959612944935187,0.8467447666602651,2.81935402036,0.5369838481321438,0.715,1.54195117274,0.5758333273179373
13,1993,0.905679012345679,4.08646057571,0.6973130066414143,0.0,nan,0.0,0.835,2.06299857964,0.9014008712751437,0.7525000000000001,3.44203774603,0.7167501150277746,0.7375,3.76884733623,0.5379284574995089,0.905,2.77360437681,0.8297030711942734,0.63,3.17799337942,0.42479331512313834,0.8857307470712501,2.79394946657,0.6476215035837998,0.6625,1.56773839816,0.4939131033647854
