left,boolean,ranking,id,score,chargeScore,mealScore,distanceScore,equipmentScore,locationScore,roomScore,serviceScore,bathScore,kinnennScore
left,true_positive,0,56917,0.493344048103,0.869444977914,0.7325,0.82962962963,0.72,0.83,0.77,0.73,0.6575,1
left,true_positive,1,74696,0.473903925725,0.863645093144,0.6675,0.892839506173,0.7125,0.7825,0.7175,0.6975,0.695,1
left,true_positive,2,18476,0.450609717361,0.859804109852,0.75,0.873086419753,0.7075,0.8925,0.73,0.785,0.6875,1
left,true_positive,3,135973,0.387389992759,0.8492414058,0.6675,0.901728395062,0.8,0.8975,0.7925,0.7825,0.745,1
left,true_positive,4,29183,0.332531750507,0.859804109852,0.5825,0.84,0.635,0.8225,0.6475,0.69,0.5825,1
left,true_positive,5,146928,0.321407099556,0.837718455925,0.7,0.803456790123,0.86,0.885,0.855,0.8175,0.815,1
left,true_positive,6,1725,0.303522536597,0.842519685039,0.615,0.760987654321,0.6,0.7425,0.6475,0.685,0.625,1
left,true_positive,7,129490,0.255782457262,0.82527367006,0.7,0.965432098765,0.6575,0.89,0.755,0.6975,0.625,1
left,true_positive,8,130166,0.224409448819,0.918225465719,0.875,0.868148148148,0.7875,0.86,0.9325,0.9325,0.875,0
left,true_positive,9,108411,0.219708983408,0.874323026695,0.515,0.93037037037,0.6175,0.875,0.6575,0.67,0.7075,1
left,true_positive,10,38649,0.188769342342,0.856577683887,0.8225,0.811851851852,0.7525,0.7575,0.78,0.7925,0.8675,0
left,true_positive,11,7343,0.186883133707,0.85596312656,0.6325,0.961975308642,0.6875,0.9125,0.715,0.7075,0.665,0
left,true_positive,12,5024,0.179568022563,0.928980218936,0.67,0.903209876543,0.6525,0.7425,0.7625,0.7,0.495,1
left,true_positive,13,17979,0.169670486666,0.878663337814,0.7125,0.752592592593,0.6525,0.6775,0.6825,0.7325,0.49,1
left,true_positive,14,143324,0.16491226251,0.863683502977,0.575,0.697283950617,0.66,0.6775,0.5725,0.625,0.59,1
left,true_positive,15,28484,0.162244867147,0.839446898406,0.605,0.935802469136,0.625,0.86,0.5675,0.6375,0.61,1
left,false_positive,16,147026,0.158620785683,0.862684847321,0.5,0.815802469136,0.615,0.645,0.655,0.625,0.52,1
left,true_positive,17,864,0.154356447566,0.87136546956,0.75,0.89975308642,0.6375,0.92,0.71,0.69,0.5625,0
left,true_positive,18,79388,0.150557588675,0.909775302477,0.7925,0.806913580247,0.7325,0.725,0.75,0.77,0.715,0
left,true_positive,19,80766,0.145452237594,0.890570386019,0.6,0.81975308642,0.645,0.6375,0.7225,0.6975,0.645,1
left,true_positive,20,16373,0.140865769376,0.880929517957,0.6675,0.664197530864,0.6925,0.7,0.65,0.6925,0.5975,1
left,true_positive,21,70852,0.118856392843,0.900134434415,0.5925,0.799012345679,0.69,0.6975,0.705,0.6975,0.595,0
left,true_positive,22,630,0.108297181289,0.940503168811,0.7725,0.762962962963,0.6375,0.6875,0.74,0.68,0.5575,0
left,true_positive,23,1511,0.106527730521,0.863645093144,0.6075,0.724444444444,0.52,0.87,0.54,0.6125,0.5925,1
left,true_positive,24,109008,0.103862515826,0.813750720184,0.595,0.681975308642,0.5275,0.695,0.5325,0.63,0.5,1
left,true_positive,25,8207,0.0872718953758,0.885961206069,0.6625,0.704691358025,0.7375,0.7775,0.6575,0.6975,0.54,0
left,true_positive,26,104824,0.0858035563253,0.882081812944,0.5,0.822222222222,0.6325,0.875,0.6,0.6175,0.5675,0
left,true_positive,27,50830,0.082283844082,0.827539850202,0.6375,0.896790123457,0.565,0.81,0.66,0.655,0.5725,0
left,true_positive,28,5627,0.0770101569907,0.868177453428,0.6675,0.768888888889,0.5225,0.59,0.66,0.59,0.5675,1
left,true_positive,29,1119,0.0629697261658,0.857422700211,0.5,0.887407407407,0.545,0.7325,0.58,0.6,0.5075,0
left,false_positive,30,12534,0.0603819686779,0.802189360476,0.69,0.895308641975,0.6475,0.735,0.6525,0.665,0.5625,0
left,true_positive,31,67423,0.0550869867428,0.938544267332,0.59,0.652839506173,0.6375,0.6825,0.6875,0.705,0.6775,0
left,true_positive,32,30094,0.0526110647388,0.919377760707,0.625,0.821234567901,0.62,0.63,0.5625,0.675,0.5825,0
left,true_positive,33,223,0.038853742986,0.87136546956,0.5825,0.81037037037,0.6375,0.605,0.605,0.6775,0.5575,0
left,true_positive,34,2958,0.0310347905095,0.890570386019,0.6825,0.97975308642,0.59,0.8775,0.5325,0.65,0.7475,0
left,true_positive,35,70225,0.0236709445054,0.91165738429,-0.25,0.795555555556,0.58,0.805,0.64,0.5925,0.5375,1
left,true_positive,36,39581,0.0236709445054,0.894372959478,-0.25,0.802962962963,0.6175,0.9575,0.6675,0.735,0.47,1
left,true_positive,37,108143,0.0146458387868,0.876742846169,0.5625,0.882469135802,0.485,0.7225,0.695,0.625,0.73,0
left,true_positive,38,1996,0.0140084793221,0.856001536393,0.62,0.786666666667,0.525,0.7325,0.495,0.67,0.6,0
left,false_positive,39,10672,0.00787401574806,0.813750720184,-0.25,0.723950617284,0.535,0.9275,0.6425,0.6075,0.5,0
left,false_positive,40,41042,0.00708068546558,0.909775302477,-0.25,0.820740740741,0.3475,0.8325,0.445,0.5425,0.515,1
left,false_positive,41,18763,0.00343729919685,0.928596120607,-0.25,0.955555555556,0.2925,0.9575,0.2925,0.5825,0.5,1
left,false_positive,42,129672,0.00339126142737,0.839408488573,-0.25,0.901234567901,0.485,0.725,0.38,0.405,0.435,1
left,true_positive,43,11140,0.00256363684275,0.86556558479,0.5275,0.245432098765,0.5775,0.7825,0.6325,0.6975,0.55,1
left,false_positive,44,104560,3.1509285664e-07,0.850240061456,0.515,0.917037037037,0.4,0.85,0.48,0.485,0.4075,0
left,false_positive,45,70749,2.16497330264e-12,0.890570386019,0.65,0.866172839506,0.36,0.6575,0.39,0.39,0.365,0
left,true_negative,46,568,0.104048144433,0.786863837142,0.5675,0.943209876543,0.685,0.945,0.6625,0.7975,0.865,1
left,false_negative,47,41703,0.0986175382037,0.784943345496,0.6975,0.792592592593,0.735,0.77,0.7875,0.6925,0.685,1
left,false_negative,48,141053,0.0849563163776,1.0,0.625,0.611358024691,0.65,0.7025,0.645,0.7025,0.5,1
left,true_negative,49,4771,0.0515612650958,0.763779527559,0.6025,0.797530864198,0.635,0.8975,0.705,0.705,0.5175,1
left,false_negative,50,18297,0.0194646588542,0.764739773382,0.75,0.853333333333,0.745,0.8525,0.7525,0.745,0.7275,0
left,true_negative,51,767,0.0162259885926,0.759938544267,0.7325,0.900740740741,0.6625,0.8725,0.7,0.695,0.5975,0
left,true_negative,52,56758,0.00605906102093,0.738083349337,0.8125,0.782716049383,0.7725,0.68,0.8225,0.77,0.745,0
left,true_negative,53,50703,0.00526096537287,0.735394661033,0.675,0.856296296296,0.7125,0.74,0.7,0.7325,0.645,0
left,true_negative,54,25302,0.00201099916913,0.719108891876,0.5,0.925925925926,0.4875,0.725,0.5625,0.5125,0.39,0
left,true_negative,55,1356,0.000719656607743,0.704513155368,0.79,0.831604938272,0.775,0.925,0.8125,0.7575,0.73,0
left,true_negative,56,1872,0.000119418655112,0.683272517765,0.6075,0.786666666667,0.6075,0.9475,0.6475,0.66,0.52,0
left,false_negative,57,137085,1.13799971885e-05,0.660418667179,0.8475,0.814814814815,0.84,0.94,0.875,0.8775,0.85,0
left,true_negative,58,1667,1.09450129175e-05,0.660072978683,0.75,0.902222222222,0.6625,0.8,0.6175,0.68,0.49,0
left,true_negative,59,5562,1.12395454713e-57,0.256769733052,0.6875,0.911111111111,0.775,0.9575,0.82,0.8025,0.7575,0
left,true_negative,60,137869,2.60486925291e-125,0.0,0.815,0.977283950617,0.875,0.9725,0.905,0.87,0.8625,0
