user,id,equipmentScore,equipmentScore_pdf,equipmentScore_cdf,roomScore,roomScore_pdf,roomScore_cdf,serviceScore,serviceScore_pdf,serviceScore_cdf,bathScore,bathScore_pdf,bathScore_cdf,mealScore,mealScore_pdf,mealScore_cdf,locationScore,locationScore_pdf,locationScore_cdf,distanceScore,distanceScore_pdf,distanceScore_cdf,chargeScore,chargeScore_pdf,chargeScore_cdf
8,101,0.655,1.52568054478,0.06842191789007031,0.6000000000000001,0.463596308042,0.01688922787791219,0.73,4.23029931028,0.16088468876084933,0.625,2.15759108828,0.11501288810743253,0.6975,3.60100046899,0.2454869394910219,0.9400000000000001,4.79807193365,0.7754572302109202,0.9797530864197531,2.39744029568,0.9003792310595663,0.9297100057614741,1.64716334068,0.9169539331050034
8,192,0.63,1.00105385872,0.03719404505171846,0.6775,1.29591146651,0.08211199357912781,0.66,0.583441174367,0.013678368371596191,0.5325,0.346454481454,0.01110126995288367,0.6675,2.62406565972,0.15179649999964823,0.745,1.65244392514,0.08398526724279597,0.755061728395061,1.74751427034,0.10880262372394187,0.8213942769348951,3.32524870556,0.6345007338082552
8,223,0.6375000000000001,1.14135277524,0.045221092161885586,0.605,0.506175690181,0.019313169051092934,0.6775,1.1668435166,0.02861813880869905,0.5575,0.656172419403,0.023318606317616387,0.5825,0.57759877522,0.03043954720803437,0.605,0.0579349634407,0.0016723429809710206,0.8103703703703701,3.85170226392,0.2582985931205906,0.8713654695602071,2.73441260572,0.7873504822838466
8,388,0.7575000000000001,6.41575601995,0.4271418251305583,0.7675000000000001,3.94944632422,0.29758664830143056,0.7675000000000001,6.76411497878,0.3742234543055141,0.675,3.10527977421,0.2482982657405319,0.7825000000000001,4.1254845425,0.6015461991018383,0.915,3.47155280369,0.6741148506540635,0.851358024691358,3.76138768616,0.41396274498360697,0.713885154599577,1.74464167958,0.3229163122354903
8,398,0.635,1.093323692,0.042428033870856016,0.6325000000000001,0.760768600504,0.03665299062544792,0.66,0.583441174367,0.013678368371596191,0.545,0.482373176345,0.016245022744941575,0.847499999999999,2.73731662978,0.8291518360830916,0.61,0.0673677618588,0.0019850662717444947,0.720493827160493,1.63098681845,0.05169172276522892,0.8828884194353751,2.55227034366,0.8178270504584949
8,462,0.7975000000000001,5.28985172745,0.6751477013636917,0.68,1.33390560168,0.085398990657486,0.8300000000000001,4.2064710115,0.7424365492307295,0.64,2.48679585586,0.14989720811039756,0.7075,3.87249388832,0.2828923274630612,0.79,3.83691606632,0.19102863050556806,0.810864197530864,3.86110890324,0.26020302093921416,0.965469560207413,0.94217029755,0.9629078556675124
8,509,0.6375000000000001,1.14135277524,0.045221092161885586,0.6950000000000001,1.59396292464,0.1072832486234636,0.6950000000000001,1.96646908485,0.05577678587297083,0.5125000000000001,0.193216001827,0.005822004560330088,0.8225,3.36699254671,0.7527082418864278,0.919999999999999,3.59008240561,0.6917138241911713,0.9125925925925921,4.3292882864,0.6857642614076985,0.6792778951411561,1.00897546618,0.2763336237460499
8,568,0.685,2.38244563,0.12658558141274806,0.6625,1.09165340666,0.06425112971479685,0.7975000000000001,6.14767659411,0.5734805303678668,0.865,1.85023823301,0.8217259158112924,0.5675,0.441228842411,0.022860750075740795,0.9450000000000001,4.88877183107,0.7997548085736551,0.9432098765432091,3.15295368234,0.796678407786636,0.786863837142308,3.35502811004,0.5176515341100737
8,570,0.754999999999999,6.3147032168,0.41122402829526145,0.8625,4.36022732007,0.764917335366981,0.7825000000000001,6.73553149339,0.47634691835836096,0.735,3.63755832435,0.45531294645939,0.857499999999999,2.47539243171,0.8552147465141586,0.8775000000000001,4.61863037816,0.5214163370131966,0.946172839506172,3.10905597477,0.8059544143316312,0.765700019204916,3.07119349232,0.44921856508451086
8,610,0.6875,2.4604123585,0.1326389522624443,0.7825000000000001,4.53907311325,0.3613278917207868,0.725,3.83236117177,0.14073792573966604,0.615,1.91793778061,0.09462458797437334,0.8225,3.36699254671,0.7527082418864278,0.9175000000000001,3.51427215353,0.6828403289819581,0.899753086419753,4.80832040803,0.6266144707254039,0.880929517956596,2.58452983473,0.8127957194122964
8,630,0.6375000000000001,1.14135277524,0.045221092161885586,0.74,2.8531047333,0.20432098895871176,0.68,1.26981946313,0.03166308306307626,0.5575,0.656172419403,0.023318606317616387,0.7725000000000001,4.24674655487,0.5596580648342269,0.6875,0.588153388097,0.02120047844222283,0.7629629629629631,1.90807817309,0.12320105634302854,0.9405031688112151,1.42360518615,0.9335220762096545
8,658,0.54,0.0510422146557,0.0009372256236684435,0.59,0.382191044172,0.012664701060986609,0.5775,0.0250223308178,0.0006103883677143989,0.47750000000000004,0.0595056895404,0.0017951741601708307,0.63,1.46661953441,0.0759131065872676,0.665,0.327769015508,0.011117311614525656,0.65679012345679,0.0944701499957,0.0016140606783973245,0.656270405223737,0.790358775673,0.25619541780076777
8,659,0.5925,0.424534209469,0.011086878775095538,0.645,0.88973703301,0.046958094255198785,0.6125,0.0784209685313,0.0022547709709968733,0.47750000000000004,0.0595056895404,0.0017951741601708307,0.62,1.21489887697,0.0625318099252131,0.65,0.21526036141,0.007098602296788691,0.622222222222222,0.0130799441905,0.00021443827691867027,0.531745726906087,0.653403575168,0.1273999467094962
8,716,0.715,3.54007671524,0.21372329344925212,0.8325,5.2877476761,0.6179467224816446,0.7225,3.64292262539,0.13139523308495848,0.645,2.58721297746,0.1625841651389061,0.8025,3.79549988906,0.6809361508043235,0.735,1.4503036291,0.06847134569760922,0.819259259259259,3.91537310902,0.29297801977128884,0.7945073938928361,3.39663299948,0.543475145253065
8,767,0.6625,1.72044691053,0.08058370371083635,0.7000000000000001,1.69528593383,0.11550293212998809,0.6950000000000001,1.96646908485,0.05577678587297083,0.5975,1.48349876511,0.06486088971130077,0.7325,4.30624208161,0.3859302640606828,0.8725,4.37271579864,0.4988793404272481,0.9007407407407401,4.7894051969,0.6313543715971648,0.7599385442673321,2.95402370195,0.43185429644842543
8,839,0.7875000000000001,5.90474767366,0.6191057878860675,0.845,5.01326541405,0.6825232147982573,0.8150000000000001,5.13106982368,0.6724434278875661,0.7275,3.63087477103,0.42804232150919275,0.735,4.32800918551,0.3967238951221356,0.925,3.83790559837,0.7102332808146342,1.0,1.61058136189,0.9411677353184265,0.782024198194737,3.31194514159,0.501513348438207
8,858,0.635,1.093323692,0.042428033870856016,0.65,0.944456387782,0.05154272841210923,0.61,0.0722022537801,0.002066624318582818,0.5525,0.581756218141,0.020226585540317164,0.5675,0.441228842411,0.022860750075740795,0.6475000000000001,0.200457490439,0.006579164956040631,0.631604938271604,0.0222140716684,0.00037645490246560303,0.7714614941425001,3.17242285795,0.4672128571912348
8,864,0.6375000000000001,1.14135277524,0.045221092161885586,0.71,1.92449926873,0.13357081636525622,0.6900000000000001,1.72034258654,0.046565400616525573,0.5625,0.737413519997,0.02679969135928782,0.75,4.38004745292,0.4621969102246416,0.919999999999999,3.59008240561,0.6917138241911713,0.899753086419753,4.80832040803,0.6266144707254039,0.8713654695602071,2.73441260572,0.7873504822838466
8,922,0.595,0.456221696634,0.012187574558933469,0.5750000000000001,0.271502124208,0.007781284094643065,0.605,0.0614426739352,0.0017333501629494448,0.454999999999999,0.0270883311593,0.0008707225571592421,0.4525,0.0397962900563,0.0011172721028006706,0.6825,0.520053535282,0.01843238975542541,0.5837037037037031,0.00120766465553,1.7199278582870052e-05,0.9174188592279621,1.90225809216,0.8951368173656686
8,930,0.75,6.04906396,0.3802815342549349,0.7925000000000001,4.87917044472,0.408468964637969,0.78,6.78714143551,0.4594401545516265,0.685,3.25058565833,0.2800892394861348,0.7125,3.98950144244,0.30255305997181187,0.885,4.64751236136,0.5564489145147452,0.750123456790123,1.68139232964,0.10034731482134805,0.56024582293067,0.970192355257,0.15023826886623776
8,995,0.51,0.00959748173441,0.00017952645403926262,0.5325,0.0649481496746,0.0012530998796495495,0.5775,0.0250223308178,0.0006103883677143989,0.52,0.24252976047,0.007450435737521446,0.7875000000000001,4.05327978995,0.6219961455218551,0.65,0.21526036141,0.007098602296788691,0.7664197530864191,1.99900415986,0.12995037556562547,0.8674860764355671,2.79175136223,0.7766307809639412
8,996,0.6000000000000001,0.523051856966,0.014633899448963608,0.6375000000000001,0.811152961692,0.04058217808361224,0.65,0.369337377192,0.008985398571116462,0.5325,0.346454481454,0.01110126995288367,0.625,1.33681412509,0.06890768538487876,0.725,1.24935879124,0.0549755383083976,0.8390123456790121,3.69840404837,0.3681815467396406,0.8703668139043591,2.74935705109,0.7846122727429322
8,1119,0.545,0.0656462269599,0.0012276514005859235,0.58,0.306654891655,0.009225887220720836,0.6000000000000001,0.0524269223113,0.001449302543788152,0.5075000000000001,0.1651096339,0.004927697006323441,0.5,0.1357314821,0.004971189682472327,0.7325,1.39982005968,0.06490870960405254,0.8874074074074071,4.77315373525,0.5669877567104085,0.8574227002112541,2.93193173759,0.7478209493031419
8,1128,0.6925,2.62010085453,0.14533770887155306,0.6775,1.29591146651,0.08211199357912781,0.7425,5.28463816252,0.2203259946914481,0.6025,1.60729585099,0.07258721485801937,0.8700000000000001,2.15323229266,0.8841336108685535,0.7725000000000001,2.38613956309,0.13793096348013414,0.7935802469135801,3.17569199703,0.19850077890106976,0.858882273862108,2.91233479756,0.7520860476070108
8,1186,0.6175,0.787438314046,0.026038271703101665,0.6625,1.09165340666,0.06425112971479685,0.7225,3.64292262539,0.13139523308495848,0.65,2.68310216386,0.17576178459112554,0.5750000000000001,0.503173358264,0.026395309446722953,0.67,0.37552143873,0.012873230013348818,0.712592592592592,1.52315325794,0.039159832894816365,0.7987708853466481,3.40639022403,0.5579807543875942
8,1356,0.774999999999999,6.45904016889,0.5414711253420254,0.8125,5.31492110386,0.5110640077119627,0.7575000000000001,6.37053953112,0.30827478446547885,0.73,3.63558301741,0.43712590084292163,0.79,4.01449754493,0.6320812307879935,0.925,3.83790559837,0.7102332808146342,0.8316049382716041,3.77219802691,0.34055075949850083,0.704513155367774,1.51075961516,0.30767740150139467
8,1357,0.78,6.27996894383,0.5733470347577775,0.8075000000000001,5.24422319739,0.48465422396348856,0.8025,5.87867974263,0.6035568614817338,0.72,3.60260857367,0.4009038279095833,0.76,4.34797076522,0.505877103025771,0.835,3.14353255557,0.3684078938446609,0.6083950617283951,0.00579301791218,9.027073728817019e-05,0.283887075091223,0.0634328553557,0.0330296009914071
8,1386,0.7025,2.97038386906,0.1732425499000737,0.7425,2.94615921242,0.21156964503726364,0.6975,2.09471072479,0.060852517508464696,0.6525000000000001,2.72943836608,0.18252767641894144,0.5825,0.57759877522,0.03043954720803437,0.8600000000000001,3.57094780526,0.4493978034548135,0.866666666666666,4.14270618969,0.47414445960774604,0.694680238140964,1.29025183518,0.29392950491394854
8,1404,0.6725,2.00428352577,0.09918817661451068,0.7875000000000001,4.71659986843,0.3844726085992969,0.6725,0.974365398584,0.02327292852211141,0.77,3.3639636846,0.5792790253281777,0.75,4.38004745292,0.4621969102246416,0.75,1.75358523456,0.09250013532402673,0.575802469135802,0.000708129124776,9.795560278928089e-06,0.41317457269060803,0.612291321355,0.05139844176736917
8,1500,0.5675,0.179276703174,0.0038178899100309582,0.5825,0.324918810026,0.010015262832523375,0.73,4.23029931028,0.16088468876084933,0.387499999999999,0.00354812224292,0.00011287425930172991,0.6875,3.2917912744,0.21099827936266832,0.9375,4.68471230967,0.7635953531058278,0.8859259259259251,4.74128060972,0.5599394919257799,0.9097753024774341,2.05726932234,0.8800016643111531
8,1501,0.505,0.00716711092675,0.00013791194229163765,0.6025,0.48473937178,0.018074585422576943,0.6425000000000001,0.260190353434,0.0066491805246151605,0.4,0.00508501680086,0.00016628193450730826,0.55,0.330928510716,0.01616122125745484,0.9450000000000001,4.88877183107,0.7997548085736551,0.775308641975308,2.29445345606,0.1489636843504009,0.8521605531015941,3.00057704801,0.7322107073657109
8,1511,0.52,0.0171363157567,0.0003097006016067941,0.54,0.0885654985999,0.001825485525078752,0.6125,0.0784209685313,0.0022547709709968733,0.5925,1.36194341253,0.057748486741468534,0.6075,0.947757209614,0.04907294486713427,0.8700000000000001,4.20947804309,0.488148270030317,0.724444444444444,1.64818863838,0.05817581099646842,0.8636450931438441,2.84667351802,0.7658016570663474
8,1556,0.6625,1.72044691053,0.08058370371083635,0.705,1.80523529317,0.12425048966955206,0.675,1.06826072361,0.025825204635770142,0.6525000000000001,2.72943836608,0.18252767641894144,0.705,3.80899898084,0.27328980071277037,0.7825000000000001,3.10353258934,0.1650210277389781,0.675555555555555,0.3269424986,0.005114635114530067,0.788745918955252,3.36823957894,0.5239787128568031
8,1630,0.6325000000000001,1.04660238821,0.03975338416574459,0.6825,1.37326346569,0.08878265793631063,0.6525000000000001,0.414980521852,0.009964756183790962,0.6075,1.73201185242,0.08093537969313777,0.8525,2.6062584708,0.8425108495788547,0.64,0.161700594831,0.005226107534610372,0.6335802469135801,0.0247938762756,0.00042283724447373424,0.888611484540042,2.45491285505,0.8321574786924493
8,1667,0.6625,1.72044691053,0.08058370371083635,0.6175,0.61756718663,0.02632933093650624,0.68,1.26981946313,0.03166308306307626,0.49,0.0922038038151,0.0027293430685837285,0.75,4.38004745292,0.4621969102246416,0.8,4.50553894276,0.23333161796383697,0.902222222222222,4.75462738003,0.6384249664447738,0.660072978682542,0.80509994921,0.25922573900955664
8,1680,0.6950000000000001,2.70274923488,0.15199077991278837,0.7275,2.42176040439,0.1714152413363486,0.7925000000000001,6.38703173519,0.5421294249705766,0.6975,3.40968144995,0.32174567815105976,0.784999999999999,4.09029278521,0.6118163060432867,0.8700000000000001,4.20947804309,0.488148270030317,0.875061728395061,4.41971482574,0.5100760632030787,0.8974841559439211,2.29497059839,0.8532374622172758
8,1725,0.6000000000000001,0.523051856966,0.014633899448963608,0.6475000000000001,0.916841923102,0.049216215509800584,0.685,1.48781542903,0.038550772607744,0.625,2.15759108828,0.11501288810743253,0.615,1.10140436191,0.0567446542255301,0.7425,1.60193949995,0.07991728320164926,0.760987654320987,1.86177693644,0.11947841458993391,0.84251968503937,3.11799773247,0.7027075389555597
8,1764,0.67,1.93126614125,0.09426897652764599,0.7425,2.94615921242,0.21156964503726364,0.7075,2.64775992146,0.08450677210907763,0.645,2.58721297746,0.1625841651389061,0.7725000000000001,4.24674655487,0.5596580648342269,0.857499999999999,3.45408833979,0.44062116527158746,0.880987654320987,4.60912017434,0.5368380172674192,0.7307470712502401,2.20248715268,0.3561512668969459
8,1770,0.5775,0.261268238191,0.00600277151042668,0.64,0.836921866714,0.04264218752386651,0.6025,0.0567469751924,0.0015856968660354462,0.5525,0.581756218141,0.020226585540317164,0.635,1.60369173313,0.083585994605645,0.835,3.14353255557,0.3684078938446609,0.722962962962963,1.64409328365,0.055736766520683025,0.785327443825619,3.3427776797,0.5125061327738223
8,1799,0.8400000000000001,2.75084286186,0.8433022009829949,0.885,3.28693867062,0.8511600541485538,0.81,5.43838128485,0.6460170560303897,0.8500000000000001,2.02860366731,0.7926543331367518,0.8250000000000001,3.30764398674,0.7610517669311297,0.8,4.50553894276,0.23333161796383697,0.7614814814814811,1.87296967052,0.12040056375579154,0.434415210293835,0.869905826941,0.06758925894809242
8,1872,0.6075,0.63108380243,0.01895644940943559,0.6475000000000001,0.916841923102,0.049216215509800584,0.66,0.583441174367,0.013678368371596191,0.52,0.24252976047,0.007450435737521446,0.6075,0.947757209614,0.04907294486713427,0.9475,4.86093469398,0.811951996609096,0.7866666666666661,2.81050780869,0.1778143469107129,0.683272517764547,1.07344667178,0.2804907239049875
8,1927,0.5775,0.261268238191,0.00600277151042668,0.5775,0.288841682401,0.00848161278962481,0.66,0.583441174367,0.013678368371596191,0.52,0.24252976047,0.007450435737521446,0.5,0.1357314821,0.004971189682472327,0.8400000000000001,3.12505865128,0.3840562069273015,0.8172839506172841,3.91917643991,0.2852387334456903,0.814518916842711,3.37007030715,0.6114760448408165
8,1996,0.525,0.0227553448334,0.00040881321500532377,0.495,0.00899476454488,0.0001289643924732985,0.67,0.885436024504,0.020949238388788517,0.6000000000000001,1.54519886979,0.06864666177252134,0.62,1.21489887697,0.0625318099252131,0.7325,1.39982005968,0.06490870960405254,0.7866666666666661,2.81050780869,0.1778143469107129,0.8560015363933161,2.95078003593,0.743640773601641
8,1997,0.6625,1.72044691053,0.08058370371083635,0.685,1.41408162618,0.0922665248264969,0.6900000000000001,1.72034258654,0.046565400616525573,0.59,1.30240113216,0.05441825364851399,0.7775000000000001,4.19016128495,0.5807538401074782,0.67,0.37552143873,0.012873230013348818,0.493827160493827,9.38639434744e-07,9.615062385852641e-09,0.8905703860188201,2.42052823711,0.8369328207097834
8,2335,0.5825,0.3103751768,0.007429616965146424,0.64,0.836921866714,0.04264218752386651,0.675,1.06826072361,0.025825204635770142,0.485,0.0774935308463,0.002306080113808138,0.75,4.38004745292,0.4621969102246416,0.6900000000000001,0.624364918346,0.022715830949851214,0.884444444444444,4.70536694516,0.5529415130446335,0.9059343191857111,2.13331489914,0.8719532249864689
8,2465,0.7775000000000001,6.37802142215,0.5575212149681605,0.6675,1.15576715287,0.06986823233130755,0.7225,3.64292262539,0.13139523308495848,0.555,0.61812402092,0.021726089027066298,-0.25,7.12765631348e-21,7.519124755452849e-23,0.7225,1.1997743766,0.05191420004395288,0.8153086419753081,3.91349186861,0.2775011069848849,0.937007874015748,1.49553529148,0.9284206315789522
8,2605,0.3025,1.23747025789e-06,2.5124966876634347e-08,0.339999999999999,1.59356891544e-08,2.3158269224836017e-10,0.339999999999999,1.45413850591e-09,1.3349358763697873e-11,0.355,0.00132894873466,3.893640346680862e-05,-0.25,7.12765631348e-21,7.519124755452849e-23,0.59,0.0362318237094,0.0009771315869625138,0.803456790123456,3.64615256737,0.23230319570175037,0.8767428461686191,2.65167656203,0.8018337309180019
8,2876,0.794999999999999,5.45052499863,0.6617216300674184,0.8174999999999991,5.35595846126,0.537753967895101,0.8400000000000001,3.62401090735,0.7815569478980549,0.889999999999999,1.56943076909,0.8644602657324486,0.6075,0.947757209614,0.04907294486713427,0.9550000000000001,4.51795603442,0.84734208431662,0.886913580246913,4.76301513135,0.564633126362502,0.602458229306702,1.33395264039,0.20184261716103974
8,2877,0.75,6.04906396,0.3802815342549349,0.6725,1.22364514976,0.07581507055774346,0.635,0.185409608304,0.004996581866243941,0.635,2.38167557034,0.1377240554982929,0.6875,3.2917912744,0.21099827936266832,0.8075000000000001,4.44446267765,0.26720584229173944,0.845432098765432,3.69865653607,0.3918879590915986,0.748454004225081,2.6815321745,0.3994500976877007
8,2958,0.59,0.394066148464,0.010063887149655,0.5325,0.0649481496746,0.0012530998796495495,0.65,0.369337377192,0.008985398571116462,0.7475,3.59724770319,0.5005988332886295,0.6825,3.12814268335,0.19494664376236623,0.8775000000000001,4.61863037816,0.5214163370131966,0.9797530864197531,2.39744029568,0.9003792310595663,0.8905703860188201,2.42052823711,0.8369328207097834
8,4771,0.635,1.093323692,0.042428033870856016,0.705,1.80523529317,0.12425048966955206,0.705,2.50276032747,0.0780696632428903,0.5175000000000001,0.225087083709,0.006866130824408796,0.6025,0.856621664621,0.044565764090513306,0.8975000000000001,3.97727753046,0.6108052483985581,0.79753086419753,3.37975162257,0.21145391306238343,0.7637795275590551,3.03381600636,0.4433559765232415
8,4778,0.7125,3.40907832543,0.20503889711766787,0.774999999999999,4.25198671387,0.32834848597337607,0.6875,1.60234954579,0.04241274442278783,0.6575000000000001,2.81910797482,0.1964006615853681,0.7875000000000001,4.05327978995,0.6219961455218551,0.9400000000000001,4.79807193365,0.7754572302109202,0.941234567901234,3.18535204363,0.7904188856985552,0.594814672556174,1.35045494041,0.19154895351842624
8,4801,0.625,0.91301624697,0.03241045880520282,0.64,0.836921866714,0.04264218752386651,0.735,4.64789224372,0.18307397244262258,0.6725,3.06684803528,0.2405829380174904,0.7075,3.87249388832,0.2828923274630612,0.764999999999999,2.0963845019,0.1212198522995717,0.8103703703703701,3.85170226392,0.2582985931205906,0.8214326867678121,3.32495902602,0.6346284504934625
8,4805,0.74,5.3337359338,0.32321556396162837,0.8400000000000001,5.14542628118,0.6571146723889884,0.7725000000000001,6.83391550568,0.40825391452475746,0.6975,3.40968144995,0.32174567815105976,0.7675000000000001,4.29454883635,0.5383010059019191,0.9125000000000001,3.46074887968,0.6654559588116069,0.940246913580246,3.20290667584,0.7872642741295103,0.7753024774342231,3.23027174664,0.479511724623797
8,4819,0.6725,2.00428352577,0.09918817661451068,0.715,2.05364109767,0.14351195489791485,0.6725,0.974365398584,0.02327292852211141,0.56,0.695928953151,0.02500837478239328,0.6025,0.856621664621,0.044565764090513306,0.7225,1.1997743766,0.05191420004395288,0.884444444444444,4.70536694516,0.5529415130446335,0.8751680430190121,2.67630842024,0.7976384228479494
8,4977,0.725,4.16716761788,0.2521209977941741,0.685,1.41408162618,0.0922665248264969,0.71,2.79799903965,0.09131282879540235,0.705,3.48955980707,0.3476262241759789,0.64,1.74735980661,0.09196101769359735,0.8500000000000001,3.22748832831,0.415671220450697,0.7970370370370371,3.3550166449,0.20979099558036857,0.7945073938928361,3.39663299948,0.543475145253065
8,5024,0.6525000000000001,1.4648534268,0.06468418777930342,0.7625000000000001,3.74406701399,0.27835239926919414,0.7000000000000001,2.22663492425,0.06625340575651971,0.495,0.109403388606,0.0032322667425432683,0.67,2.70823364567,0.15846181841524382,0.7425,1.60193949995,0.07991728320164926,0.9032098765432091,4.72725936787,0.6431076506363299,0.9289802189360471,1.66237694355,0.9157463037958788
8,5041,0.454999999999999,0.000592341145189,1.5804403815383004e-05,0.47750000000000004,0.00276722893926,3.524646335429583e-05,0.41000000000000003,1.16949285522e-06,1.325304948596813e-08,0.36250000000000004,0.00167967256052,5.017208401475973e-05,0.75,4.38004745292,0.4621969102246416,0.6375000000000001,0.150480580922,0.004836044904269598,0.8246913580246911,3.86761005003,0.31413742883613044,0.7061647781832141,1.5504521914,0.31020528797803937
8,5303,0.47250000000000003,0.00125020163495,3.1053899333278206e-05,0.5,0.0122183103935,0.00018164529309009142,0.75,5.88118315995,0.2622439254943127,0.6950000000000001,3.38022729877,0.3132580199361043,0.25,6.39219014127e-06,1.3605183225953982e-07,0.8600000000000001,3.57094780526,0.4493978034548135,0.78716049382716,2.83596403079,0.17920853027460787,0.865603994622623,2.81888810525,0.771350871199601
8,5309,0.6900000000000001,2.5394998627,0.13888857344158273,0.6950000000000001,1.59396292464,0.1072832486234636,0.6975,2.09471072479,0.060852517508464696,0.585,1.18650577976,0.04819790596555732,0.6950000000000001,3.52660729476,0.2365769627807088,0.7675000000000001,2.17623723907,0.126557914092185,0.9041975308641971,4.69665110861,0.6477616956796416,0.8444785865181481,3.09505847435,0.7087930022529558
8,5385,0.5875,0.364860865572,0.009115495515904267,0.6000000000000001,0.463596308042,0.01688922787791219,0.6075,0.0665711402172,0.001893270521627647,0.5075000000000001,0.1651096339,0.004927697006323441,0.7625000000000001,4.33275275838,0.5167285677562329,0.8425,3.13440762081,0.39187827806867775,0.9446913580246911,3.13047615305,0.8013326424202388,0.9020933358939881,2.20782969735,0.8636155717561884
8,5562,0.774999999999999,6.45904016889,0.5414711253420254,0.8200000000000001,5.36479861551,0.5511565668077898,0.8025,5.87867974263,0.6035568614817338,0.7575000000000001,3.51786922456,0.53620878559037,0.6875,3.2917912744,0.21099827936266832,0.9575,4.33575909902,0.8584147932849673,0.9111111111111111,4.40501728585,0.6792940122335396,0.256769733051661,0.0677820585007,0.03124881686064676
8,5627,0.5225000000000001,0.0197608934724,0.0003557492495948911,0.66,1.06083471841,0.06156068047219268,0.59,0.0380956663567,0.001000192442946106,0.5675,0.825600407178,0.03070432688806971,0.6675,2.62406565972,0.15179649999964823,0.59,0.0362318237094,0.0009771315869625138,0.7688888888888881,2.07187555305,0.1349747631583481,0.8681774534280771,2.78167236767,0.7785574528787613
8,5729,0.5225000000000001,0.0197608934724,0.0003557492495948911,0.545,0.107317582282,0.002314163597385641,0.5,0.000709307007002,1.1421764983297498e-05,0.41000000000000003,0.00676774107435,0.00022514319293573113,0.5,0.1357314821,0.004971189682472327,0.6375000000000001,0.150480580922,0.004836044904269598,0.826172839506172,3.84834315708,0.31985315359540756,0.696216631457653,1.32280370925,0.2959367503254412
8,7055,0.47250000000000003,0.00125020163495,3.1053899333278206e-05,0.5675,0.222549679929,0.005931566414362535,0.54,0.00556359300153,0.00010930794785939479,0.464999999999999,0.0382700085731,0.0011940113534808197,0.8075000000000001,3.69684652994,0.6996695368936005,0.6375000000000001,0.150480580922,0.004836044904269598,0.7412345679012341,1.62931231764,0.08569408233518823,0.8713654695602071,2.73441260572,0.7873504822838466
8,7341,0.6125,0.707644574852,0.022301867523736824,0.754999999999999,3.43702287029,0.25142605448310573,0.7000000000000001,2.22663492425,0.06625340575651971,0.6025,1.60729585099,0.07258721485801937,0.5,0.1357314821,0.004971189682472327,0.7675000000000001,2.17623723907,0.126557914092185,0.8864197530864191,4.75238336502,0.5622836254140027,0.8636835029767621,2.84613314302,0.7659109869432542
8,7342,0.545,0.0656462269599,0.0012276514005859235,0.56,0.178622837097,0.004430462994593706,0.5875,0.035108964115,0.000908729740012758,0.52,0.24252976047,0.007450435737521446,0.59,0.667211256594,0.035097281903356425,0.847499999999999,3.18483881619,0.40765855032331977,0.9061728395061721,4.62622638008,0.6569714317008508,0.8137507201843671,3.37413423729,0.6088855940611964
8,7343,0.6875,2.4604123585,0.1326389522624443,0.715,2.05364109767,0.14351195489791485,0.7075,2.64775992146,0.08450677210907763,0.665,2.94673305984,0.21802747538378667,0.6325000000000001,1.53428857498,0.07966387168753668,0.9125000000000001,3.46074887968,0.6654559588116069,0.9619753086419751,2.86207120624,0.853252670000419,0.8559631265603991,2.9512862713,0.7435274249107434
8,7588,0.6725,2.00428352577,0.09918817661451068,0.6175,0.61756718663,0.02632933093650624,0.6950000000000001,1.96646908485,0.05577678587297083,0.845,2.09252448209,0.7823527259605565,0.6025,0.856621664621,0.044565764090513306,0.8150000000000001,4.0126468136,0.29905444979313395,0.958024691358024,2.93395088799,0.8418005884180051,0.8559631265603991,2.9512862713,0.7435274249107434
8,7599,0.5625,0.146113538909,0.0030065063702171386,0.5675,0.222549679929,0.005931566414362535,0.6000000000000001,0.0524269223113,0.001449302543788152,0.5325,0.346454481454,0.01110126995288367,0.75,4.38004745292,0.4621969102246416,0.9500000000000001,4.78656665081,0.8240206465875398,0.9456790123456791,3.1161052832,0.8044173406817494,0.8646437487996921,2.83256628592,0.7686374695083226
8,7903,0.6425000000000001,1.24191696503,0.0511765989416164,0.645,0.88973703301,0.046958094255198785,0.68,1.26981946313,0.03166308306307626,0.5375,0.396650734752,0.012956823707029719,0.75,4.38004745292,0.4621969102246416,0.64,0.161700594831,0.005226107534610372,0.6716049382716051,0.251569473896,0.003977724314111906,0.8857307470712501,2.50449773986,0.8250138173160558
8,8207,0.7375,5.13451852095,0.310129566252881,0.6575000000000001,1.03075902822,0.058946337093814694,0.6975,2.09471072479,0.060852517508464696,0.54,0.423785743479,0.013982077946805466,0.6625,2.45690543478,0.13909488502948322,0.7775000000000001,2.69067801639,0.15057808149127178,0.7046913580246911,1.3080714566,0.027909339245977466,0.8859612060687531,2.50057412856,0.8255905493831307
8,8290,0.7825000000000001,6.1669886955,0.5889086191041794,0.8325,5.2877476761,0.6179467224816446,0.77,6.80963348865,0.3911951072089039,0.75,3.58128876695,0.5095725510779077,0.8925000000000001,1.60684335378,0.9263406343770055,0.8300000000000001,3.22989791271,0.3525079547975809,0.8898765432098761,4.81567683982,0.5788287524129645,0.783022853850585,3.32191514056,0.5048258662917063
8,8961,0.6325000000000001,1.04660238821,0.03975338416574459,0.6025,0.48473937178,0.018074585422576943,0.6625,0.650622861757,0.015219780828207482,0.5325,0.346454481454,0.01110126995288367,0.535,0.259692034603,0.01175061554327751,0.9075000000000001,3.52871103011,0.6480304882219957,0.835555555555555,3.72506166847,0.3553555893620772,0.73309007105819,2.26755885026,0.36138793890362436
8,9191,0.605,0.594112327963,0.01742514464510801,0.63,0.736111737813,0.03478196134230525,0.685,1.48781542903,0.038550772607744,0.5925,1.36194341253,0.057748486741468534,0.5825,0.57759877522,0.03043954720803437,0.6825,0.520053535282,0.01843238975542541,0.28098765432098705,6.21617093118e-19,3.630081545744598e-21,0.8905319761859031,2.42120759587,0.8368398355769401
8,9518,0.625,0.91301624697,0.03241045880520282,0.725,2.34291930179,0.16545993048955696,0.7000000000000001,2.22663492425,0.06625340575651971,0.675,3.10527977421,0.2482982657405319,0.75,4.38004745292,0.4621969102246416,0.8500000000000001,3.22748832831,0.415671220450697,0.919012345679012,3.98231927985,0.7124496059423834,0.8706740925676971,2.74477250786,0.785456387448419
8,10630,0.6675,1.85948711369,0.08953081414528843,0.7225,2.26667828217,0.15969847760109848,0.7275,4.02836112104,0.15056251485840214,0.7075,3.51304318893,0.35637982862605017,0.58,0.55123418761,0.02902884774514713,0.867499999999999,4.03686263977,0.47783973190030465,0.7698765432098761,2.10294027334,0.1370363088635001,0.6800845016324181,1.02147026919,0.2771524908565482
8,10672,0.535,0.039316824443,0.0007124326935976833,0.6425000000000001,0.863107321227,0.04476713445932594,0.6075,0.0665711402172,0.001893270521627647,0.5,0.129367754536,0.00382798473927913,-0.25,7.12765631348e-21,7.519124755452849e-23,0.9275,4.00162173007,0.7200283863940623,0.72395061728395,1.6471066121,0.05736214668289661,0.8137507201843671,3.37413423729,0.6088855940611964
8,11039,0.7625000000000001,6.5470836661,0.45958921940000796,0.8425,5.08289015038,0.6699015775010541,0.735,4.64789224372,0.18307397244262258,0.72,3.60260857367,0.4009038279095833,0.715,4.04267880529,0.3125940505516872,0.8125,4.17826320033,0.2888136157573307,0.0,1.62825182252e-41,8.043731880719894e-44,0.7560975609756091,2.86805672771,0.4206711743303695
8,11140,0.5775,0.261268238191,0.00600277151042668,0.6325000000000001,0.760768600504,0.03665299062544792,0.6975,2.09471072479,0.060852517508464696,0.55,0.547035120847,0.018815935540412918,0.5275000000000001,0.228941259148,0.009919904895180479,0.7825000000000001,3.10353258934,0.1650210277389781,0.245432098765432,1.22410265433e-21,6.721132892609618e-24,0.865565584789706,2.81943738463,0.771242587629026
8,11230,0.6725,2.00428352577,0.09918817661451068,0.6950000000000001,1.59396292464,0.1072832486234636,0.74,5.07364447615,0.20737748536388623,0.6125,1.85632522594,0.08990665784470704,0.6825,3.12814268335,0.19494664376236623,0.8975000000000001,3.97727753046,0.6108052483985581,0.8301234567901231,3.79267529069,0.33494726292781324,0.7756865757633951,3.23561598518,0.4807534955555746
8,11275,0.7875000000000001,5.90474767366,0.6191057878860675,0.8775000000000001,3.65517695924,0.8251267210550342,0.8225,4.66487329185,0.7091777578375398,0.8200000000000001,2.46778974225,0.72556144240925,0.8250000000000001,3.30764398674,0.7610517669311297,0.8775000000000001,4.61863037816,0.5214163370131966,0.8740740740740741,4.38677149027,0.505727168931219,0.45938160169003206,0.755472009178,0.08878808165520508
8,12534,0.6475000000000001,1.34944162712,0.05765187477646522,0.6525000000000001,0.972618570698,0.053938953768876134,0.665,0.723401810544,0.016936149147359164,0.5625,0.737413519997,0.02679969135928782,0.6900000000000001,3.37174220795,0.2193280007583094,0.735,1.4503036291,0.06847134569760922,0.895308641975308,4.85099480191,0.6051238200388976,0.8021893604762821,3.40770310552,0.5696292563593955
8,14112,0.75,6.04906396,0.3802815342549349,0.77,4.05138116173,0.30758784685207124,0.754999999999999,6.2232304251,0.2925289268585869,0.705,3.48955980707,0.3476262241759789,0.715,4.04267880529,0.3125940505516872,0.8174999999999991,3.84275740396,0.3088733363398865,0.869135802469135,4.2224187232,0.48447122930801734,0.777222969080084,3.2561790262,0.48574063795663713
8,15812,0.5750000000000001,0.238754295984,0.005378026489119678,0.5675,0.222549679929,0.005931566414362535,0.62,0.101730829168,0.0029253579175800106,0.5,0.129367754536,0.00382798473927913,0.5475,0.317931295439,0.01535025716301156,0.7125,1.00646710418,0.04089085840010788,0.8222222222222221,3.89485637397,0.30455262626061397,0.7657384290378331,3.07192315597,0.4493365431288111
8,15877,0.47000000000000003,0.00111439002342,2.810217374720654e-05,0.43999999999999906,0.000126727900891,1.321778774904195e-06,0.545,0.00695928362381,0.00014050428059830222,0.4325,0.0131085899501,0.00044017281605885847,0.375,0.00205472180226,4.464407278054144e-05,0.764999999999999,2.0963845019,0.1212198522995717,0.741728395061728,1.63013909781,0.08649887644530037,0.9789130017284421,0.719550709482,0.9740426549094623
8,15878,0.6975,2.78812043342,0.15885372031634457,0.7025,1.74913690182,0.11980800157519576,0.75,5.88118315995,0.2622439254943127,0.65,2.68310216386,0.17576178459112554,0.6925,3.45010124073,0.22785566388592343,0.8,4.50553894276,0.23333161796383697,0.8696296296296291,4.23864680059,0.48656037807713676,0.769541002496639,3.14055753925,0.4611505363635563
8,16373,0.6925,2.62010085453,0.14533770887155306,0.65,0.944456387782,0.05154272841210923,0.6925,1.84171344997,0.051017269746462764,0.5975,1.48349876511,0.06486088971130077,0.6675,2.62406565972,0.15179649999964823,0.7000000000000001,0.782734355368,0.0297339581302628,0.6641975308641971,0.152827766133,0.002510563934679929,0.880929517956596,2.58452983473,0.8127957194122964
8,17703,0.635,1.093323692,0.042428033870856016,0.76,3.64127886732,0.26912075774976385,0.605,0.0614426739352,0.0017333501629494448,0.42750000000000005,0.0112704505092,0.00037935705905754475,0.0,4.72696355841e-12,6.73842394055903e-14,0.595,0.0425065599307,0.00117361935861186,0.9827160493827161,2.29439170369,0.907331864366832,0.9251008258114071,1.74322296606,0.9091404368647229
8,17743,0.6725,2.00428352577,0.09918817661451068,0.6825,1.37326346569,0.08878265793631063,0.665,0.723401810544,0.016936149147359164,0.6625,2.90505849033,0.21071256074481692,0.5,0.1357314821,0.004971189682472327,0.784999999999999,3.34240766171,0.1730752388157326,0.8755555555555551,4.4361182668,0.5122626909784505,0.8367966199347031,3.18200556642,0.6846776367158943
8,17938,0.3125,1.97611324118e-06,4.09188575045991e-08,0.262499999999999,6.39665761726e-11,8.23013637463756e-13,0.4375,1.07640599929e-05,1.3426375204563995e-07,0.4575,0.0295013272201,0.0009414119823110259,0.5,0.1357314821,0.004971189682472327,0.7125,1.00646710418,0.04089085840010788,0.908148148148148,4.54463476231,0.6660307846147207,0.9558671019781061,1.11870984783,0.9530235327519768
8,17979,0.6525000000000001,1.4648534268,0.06468418777930342,0.6825,1.37326346569,0.08878265793631063,0.7325,4.43723443848,0.17171818483038317,0.49,0.0922038038151,0.0027293430685837285,0.7125,3.98950144244,0.30255305997181187,0.6775,0.457834207711,0.015990134068513132,0.752592592592592,1.71107270456,0.1045341432296564,0.87866333781448,2.62117757661,0.8068970485140688
8,18166,0.5875,0.364860865572,0.009115495515904267,0.6625,1.09165340666,0.06425112971479685,0.64,0.231931346985,0.006034786443109621,0.5625,0.737413519997,0.02679969135928782,0.6125,1.04794355207,0.054058432699050904,0.8825000000000001,4.68859517053,0.5447685408659283,0.997037037037037,1.72902775423,0.9362209521556061,0.8275398502016511,3.27412530694,0.6547839466363392
8,18246,0.784999999999999,6.04121576085,0.6041713187465743,0.78,4.44574300622,0.3500963088318574,0.7525000000000001,6.05939901658,0.2771724098360965,0.77,3.3639636846,0.5792790253281777,0.774999999999999,4.21950555441,0.5702413272746331,0.8725,4.37271579864,0.4988793404272481,0.9624691358024691,2.85239496777,0.8546636558984282,0.9107355483003641,2.03804325639,0.8819679241602548
8,18248,0.7475,5.88891979988,0.36535571296662395,0.7725000000000001,4.15234966003,0.3178427492170536,0.8625,2.47260237667,0.8496941201445731,0.8174999999999991,2.51099849062,0.7193381602007429,0.9175000000000001,1.0655826264,0.9595834505504753,0.9075000000000001,3.52871103011,0.6480304882219957,0.8562962962962961,3.85548716266,0.432755651394893,0.9520261186863831,1.19272502518,0.9485849987740967
8,18270,0.6775,2.15327761667,0.10958062219417773,0.764999999999999,3.8468962428,0.28784112751720986,0.7425,5.28463816252,0.2203259946914481,0.6275000000000001,2.21525773953,0.12047916405075525,0.645,1.89693868237,0.10106944388488041,0.7925000000000001,4.06489632076,0.20091117387060303,0.9501234567901231,3.05402283498,0.8181280730064939,0.779181870558863,3.28049337078,0.4921433363959747
8,18297,0.745,5.71421602262,0.3508490759572531,0.7525000000000001,3.33610962135,0.24295985295910777,0.745,5.49125307872,0.2337970309685667,0.7275,3.63087477103,0.42804232150919275,0.75,4.38004745292,0.4621969102246416,0.8525,3.28463940343,0.4238080608666945,0.853333333333333,3.79485896126,0.4214247395945435,0.7647397733819851,3.05272242448,0.4462782975558301
8,18311,0.382499999999999,3.96399957358e-05,9.519477140030975e-07,0.42000000000000004,1.84472324566e-05,1.8314277504994434e-07,0.58,0.0272890474259,0.0006757446556015695,0.41750000000000004,0.00839909779525,0.00028178657732494974,0.75,4.38004745292,0.4621969102246416,0.8300000000000001,3.22989791271,0.3525079547975809,0.838024691358024,3.70431626503,0.3645260021067244,0.814518916842711,3.37007030715,0.6114760448408165
8,18312,0.48250000000000004,0.00204374550575,4.713259026684618e-05,0.5275000000000001,0.0520214689058,0.0009615713436624384,0.6525000000000001,0.414980521852,0.009964756183790962,0.48250000000000004,0.0709870717395,0.002120591418290223,1.0,0.0951808483509,0.9977179843988498,0.9025000000000001,3.70702278668,0.6299846683212383,0.7891358024691351,2.93930741806,0.18491214487527532,0.9389667754945261,1.4551446441,0.93131064723993
8,18319,0.485,0.00232878608462,5.2589179293021294e-05,0.53,0.058216141198,0.0010992587024268685,0.48250000000000004,0.000247477770018,3.6877102932254033e-06,0.615,1.91793778061,0.09462458797437334,0.47750000000000004,0.0803258705441,0.0025755220560040306,0.7525000000000001,1.80458610763,0.09694773403680912,0.8538271604938271,3.80412563158,0.4233010177248149,0.9348185135394661,1.54087149914,0.9250967699694872
8,18392,0.5775,0.261268238191,0.00600277151042668,0.595,0.422232451644,0.01467518210067767,0.5975,0.0484360421679,0.0013232881866909656,0.52,0.24252976047,0.007450435737521446,0.5775,0.526459599164,0.027682051217779707,0.725,1.24935879124,0.0549755383083976,0.655308641975308,0.0861319796977,0.0014803917239002823,0.812944113693105,3.37817881162,0.6061623487921011
8,18476,0.7075,3.17457810571,0.18859406741261253,0.73,2.50316714755,0.17757087105736144,0.784999999999999,6.66823021267,0.4931047347364748,0.6875,3.28461453756,0.2882584475574048,0.75,4.38004745292,0.4621969102246416,0.8925000000000001,4.29097301397,0.5901370466575061,0.8730864197530861,4.35373033447,0.5014108677036893,0.8598041098521221,2.89983206847,0.754764987412014
8,18739,0.6925,2.62010085453,0.14533770887155306,0.754999999999999,3.43702287029,0.25142605448310573,0.745,5.49125307872,0.2337970309685667,0.5875,1.24387747556,0.051235631929571084,0.6875,3.2917912744,0.21099827936266832,0.847499999999999,3.18483881619,0.40765855032331977,0.7308641975308641,1.64384504864,0.06875755978481116,0.869829076243518,2.75735076306,0.7831316889894756
8,18763,0.29250000000000004,7.67251804752e-07,1.5279825416899746e-08,0.29250000000000004,5.8852351612e-10,7.980868504702509e-12,0.5825,0.0297185942598,0.0007469692640720495,0.5,0.129367754536,0.00382798473927913,-0.25,7.12765631348e-21,7.519124755452849e-23,0.9575,4.33575909902,0.8584147932849673,0.955555555555555,2.97431719931,0.8345057712048672,0.928596120606875,1.67038475178,0.9151062497034096
8,19718,0.6925,2.62010085453,0.14533770887155306,0.77,4.05138116173,0.30758784685207124,0.9225000000000001,0.849908358526,0.938918211137483,0.635,2.38167557034,0.1377240554982929,0.875,2.02758802807,0.8945847536993733,0.905,3.60480335757,0.6391192229113519,0.8444444444444441,3.69403168522,0.3882373887386615,0.640868062223929,0.837407755704,0.24388450936346018
8,19745,0.857499999999999,2.02168232487,0.8847077548177567,0.857499999999999,4.57197160706,0.7425800480762514,0.8925000000000001,1.39689428254,0.9062410268341967,0.625,2.15759108828,0.11501288810743253,-0.25,7.12765631348e-21,7.519124755452849e-23,0.857499999999999,3.45408833979,0.44062116527158746,0.6167901234567901,0.00954856991251,0.00015344694575492992,0.6714038793931241,0.90216802539,0.2688281426600875
8,20639,0.4425,0.000368779216295,9.922998578571141e-06,0.41500000000000004,1.11429337244e-05,1.1065637878363529e-07,0.5275000000000001,0.00307762775872,5.662164644833006e-05,0.3375,0.000754310122508,2.11383430897174e-05,0.5825,0.57759877522,0.03043954720803437,0.81,4.3266593044,0.2781774713682679,0.972345679012345,2.62217458911,0.8817586748410374,0.864298060303437,2.83746311845,0.7676574371242375
8,25302,0.48750000000000004,0.00266107766194,5.881586574473671e-05,0.5625,0.192676914769,0.0048944625356497915,0.5125000000000001,0.00142175116331,2.4279042482325152e-05,0.39,0.00381485303262,0.00012207419481113577,0.5,0.1357314821,0.004971189682472327,0.725,1.24935879124,0.0549755383083976,0.925925925925925,3.63697220592,0.7387496214275227,0.7191088918763201,1.88282615415,0.3323887525968046
8,27972,0.7025,2.97038386906,0.1732425499000737,0.7775000000000001,4.34991434357,0.3391012585881834,0.7525000000000001,6.05939901658,0.2771724098360965,0.6675,2.98757870301,0.22544553550479596,0.6675,2.62406565972,0.15179649999964823,0.827499999999999,3.30622655868,0.3443428365111267,0.779753086419753,2.47837856299,0.1595607803717178,0.850240061455732,3.02484663023,0.7264247518413014
8,28024,0.899999999999999,1.08546513429,0.9477575968306645,0.8500000000000001,4.85415090218,0.7072023699456262,1.0,0.324318984737,0.9807300909245049,1.0,0.488103836061,0.9737344296701875,0.9175000000000001,1.0655826264,0.9595834505504753,1.0,1.0316477397,0.963968361013608,0.8562962962962961,3.85548716266,0.432755651394893,0.658382946034184,0.797340728059,0.25787191775687884
8,28466,0.68,2.22896208892,0.11505827423375412,0.68,1.33390560168,0.085398990657486,0.665,0.723401810544,0.016936149147359164,0.5875,1.24387747556,0.051235631929571084,0.61,0.996721050698,0.05150307086515744,0.9575,4.33575909902,0.8584147932849673,0.9456790123456791,3.1161052832,0.8044173406817494,0.7730362972921061,3.19710188409,0.47222840442151715
8,28484,0.625,0.91301624697,0.03241045880520282,0.5675,0.222549679929,0.005931566414362535,0.6375000000000001,0.207126236736,0.005486645648167682,0.61,1.79429923806,0.08534330664157788,0.605,0.90105940258,0.04676239608380948,0.8600000000000001,3.57094780526,0.4493978034548135,0.9358024691358021,3.29740684433,0.7728296302282828,0.8394468984059921,3.15294870681,0.6930725658890851
8,28512,0.6775,2.15327761667,0.10958062219417773,0.725,2.34291930179,0.16545993048955696,0.764999999999999,6.69708954162,0.35739246617172205,0.635,2.38167557034,0.1377240554982929,0.827499999999999,3.24723578331,0.7692455785924301,0.7525000000000001,1.80458610763,0.09694773403680912,0.9906172839506171,1.9902867516,0.9242820770741109,0.814518916842711,3.37007030715,0.6114760448408165
8,28570,0.5,0.00536173177868,0.00010681579306271051,0.47500000000000003,0.00230668162988,2.8919732344211206e-05,0.4625,6.62901630822e-05,9.095011159481517e-07,0.4325,0.0131085899501,0.00044017281605885847,0.7225,4.179407895,0.34344869777861176,0.6375000000000001,0.150480580922,0.004836044904269598,0.7214814814814811,1.63724738131,0.053305782422483794,0.957787593623967,1.08238163123,0.9551370457144182
8,28894,0.62,0.828500377027,0.028058033268731533,0.67,1.18919843289,0.07279923583047283,0.6475000000000001,0.328539667737,0.008114030272906926,0.459999999999999,0.0321539212301,0.0010184288186090543,0.5,0.1357314821,0.004971189682472327,0.705,0.869234795883,0.03386203854544555,0.7851851851851851,2.7352881971,0.1737065750818842,0.9097753024774341,2.05726932234,0.8800016643111531
8,29183,0.635,1.093323692,0.042428033870856016,0.6475000000000001,0.916841923102,0.049216215509800584,0.6900000000000001,1.72034258654,0.046565400616525573,0.5825,1.13040725761,0.04530204168383437,0.5825,0.57759877522,0.03043954720803437,0.8225,3.53278655024,0.32728598120034336,0.84,3.693984094,0.37183198301879256,0.8598041098521221,2.89983206847,0.754764987412014
8,29184,0.5700000000000001,0.197776328086,0.004288934128110622,0.5725,0.254658983148,0.00712368847137145,0.62,0.101730829168,0.0029253579175800106,0.449999999999999,0.0228975545552,0.0007460887559221031,0.5375,0.270567940557,0.012413369876487803,0.774999999999999,2.52491282016,0.14406440873700027,0.8222222222222221,3.89485637397,0.30455262626061397,0.8626848473209141,2.86012580152,0.7630616831918369
8,29229,0.34750000000000003,9.40377310991e-06,2.0920122813818557e-07,0.34750000000000003,2.67579396288e-08,3.880656379254188e-10,0.36750000000000005,2.40585698792e-08,2.3869176211827737e-10,0.3075,0.000267193656392,6.958570064124456e-06,0.4375,0.0245303699065,0.0006421771845610041,0.7725000000000001,2.38613956309,0.13793096348013414,0.8493827160493821,3.7339806213,0.40656094181284347,0.846360668331092,3.0725622296,0.7145970543844328
8,29338,0.6525000000000001,1.4648534268,0.06468418777930342,0.6900000000000001,1.50049742028,0.09955020491085902,0.7000000000000001,2.22663492425,0.06625340575651971,0.62,2.03936476789,0.1045189881635211,-0.25,7.12765631348e-21,7.519124755452849e-23,0.615,0.0781766221443,0.002348312180526469,0.602962962962962,0.00415526187291,6.348088128534808e-05,0.9519877088534661,1.19347378453,0.948539172025825
8,29381,0.595,0.456221696634,0.012187574558933469,0.67,1.18919843289,0.07279923583047283,0.625,0.122671852199,0.003484154600690302,0.55,0.547035120847,0.018815935540412918,0.5325,0.249142945137,0.011114637471396282,0.66,0.285394574211,0.009586572140188128,0.5051851851851851,2.67610423239e-06,2.851908577738525e-08,0.7350105627040521,2.32078476868,0.3657939020665838
8,29764,0.68,2.22896208892,0.11505827423375412,0.7225,2.26667828217,0.15969847760109848,0.7425,5.28463816252,0.2203259946914481,0.5875,1.24387747556,0.051235631929571084,0.6000000000000001,0.814424646177,0.04247742012904663,0.774999999999999,2.52491282016,0.14406440873700027,0.829629629629629,3.79966572506,0.3330726130659452,0.8482811599769541,3.04916272691,0.7204754858471295
8,30094,0.62,0.828500377027,0.028058033268731533,0.5625,0.192676914769,0.0048944625356497915,0.675,1.06826072361,0.025825204635770142,0.5825,1.13040725761,0.04530204168383437,0.625,1.33681412509,0.06890768538487876,0.63,0.12118375653,0.0038211618977910425,0.8212345679012341,3.90341540709,0.3007015002346141,0.91937776070674,1.86192750364,0.898823683568346
8,31557,0.5575,0.117803936776,0.0023486608930076867,0.7925000000000001,4.87917044472,0.408468964637969,0.725,3.83236117177,0.14073792573966604,0.5825,1.13040725761,0.04530204168383437,1.0,0.0951808483509,0.9977179843988498,0.9275,4.00162173007,0.7200283863940623,0.8627160493827161,4.02228964341,0.4580195116277064,0.7937776070674091,3.39402171832,0.5409972630184228
8,32060,0.65,1.40611982016,0.06109590496120645,0.55,0.128569447137,0.002902830426780679,0.65,0.369337377192,0.008985398571116462,0.5625,0.737413519997,0.02679969135928782,0.75,4.38004745292,0.4621969102246416,1.0,1.0316477397,0.963968361013608,0.9476543209876541,3.08827173038,0.8105449735324636,0.8214326867678121,3.32495902602,0.6346284504934625
8,38608,0.74,5.3337359338,0.32321556396162837,0.67,1.18919843289,0.07279923583047283,0.7275,4.02836112104,0.15056251485840214,0.764999999999999,3.43225032162,0.5622849965509258,0.75,4.38004745292,0.4621969102246416,0.7875000000000001,3.59117072546,0.18174139591679633,0.802469135802469,3.60653537287,0.22872143697858172,0.9289802189360471,1.66237694355,0.9157463037958788
8,38649,0.7525000000000001,6.19181035346,0.39558652393728266,0.78,4.44574300622,0.3500963088318574,0.7925000000000001,6.38703173519,0.5421294249705766,0.867499999999999,1.82173541009,0.8263158380019997,0.8225,3.36699254671,0.7527082418864278,0.7575000000000001,1.90990540532,0.10623121294606581,0.811851851851851,3.87773782937,0.2640249129904217,0.8565776838870751,2.94316644941,0.7453386666555563
8,39144,0.5575,0.117803936776,0.0023486608930076867,0.63,0.736111737813,0.03478196134230525,0.6425000000000001,0.260190353434,0.0066491805246151605,0.5,0.129367754536,0.00382798473927913,0.6675,2.62406565972,0.15179649999964823,0.655,0.24803151607,0.00825501063721611,0.6666666666666661,0.180346425275,0.002920899176037967,0.9097753024774341,2.05726932234,0.8800016643111531
8,39247,0.65,1.40611982016,0.06109590496120645,0.5525,0.140142705876,0.003238588983522419,0.5750000000000001,0.022909330798,0.0005505049284431217,0.595,1.42236028816,0.06122869979045061,0.5175000000000001,0.191722995873,0.007819933758977313,0.847499999999999,3.18483881619,0.40765855032331977,0.9037037037037031,4.71235330444,0.6454384522682196,0.8508162089494911,3.01761015078,0.7281654268412326
8,39495,0.7225,3.99491080764,0.24192044207850782,0.6900000000000001,1.50049742028,0.09955020491085902,0.764999999999999,6.69708954162,0.35739246617172205,0.5525,0.581756218141,0.020226585540317164,0.66,2.37418777789,0.13305616017085603,0.75,1.75358523456,0.09250013532402673,0.87358024691358,4.37025703004,0.5035649389168766,0.8521605531015941,3.00057704801,0.7322107073657109
8,39581,0.6175,0.787438314046,0.026038271703101665,0.6675,1.15576715287,0.06986823233130755,0.735,4.64789224372,0.18307397244262258,0.47000000000000003,0.0456345546054,0.0014032085101992324,-0.25,7.12765631348e-21,7.519124755452849e-23,0.9575,4.33575909902,0.8584147932849673,0.8029629629629621,3.62662408342,0.23050742491177284,0.8943729594776261,2.35226635172,0.8460078989082143
8,40799,0.68,2.22896208892,0.11505827423375412,0.6225,0.664084907819,0.029532981600387757,0.735,4.64789224372,0.18307397244262258,0.5725,0.920691493627,0.03506721347709558,0.75,4.38004745292,0.4621969102246416,0.9550000000000001,4.51795603442,0.84734208431662,0.96395061728395,2.82238970361,0.858867382892916,0.8536969464182831,2.98085871052,0.7368056606224558
8,40956,0.625,0.91301624697,0.03241045880520282,0.72,2.19305414602,0.1541243578772961,0.7825000000000001,6.73553149339,0.47634691835836096,0.6575000000000001,2.81910797482,0.1964006615853681,-0.25,7.12765631348e-21,7.519124755452849e-23,0.595,0.0425065599307,0.00117361935861186,0.6474074074074071,0.0537770094338,0.0009392110032461924,0.988937968119838,0.574924073301,0.9805151735387653
8,41042,0.34750000000000003,9.40377310991e-06,2.0920122813818557e-07,0.444999999999999,0.000199483683948,2.124425216348368e-06,0.5425,0.00622818213445,0.00012403431779129905,0.515,0.208662115988,0.0063241522596536575,-0.25,7.12765631348e-21,7.519124755452849e-23,0.8325,3.17662071043,0.36051156860126093,0.8207407407407401,3.90708758988,0.2987729634336742,0.9097753024774341,2.05726932234,0.8800016643111531
8,41069,0.8525,2.20501259101,0.8741495012803933,0.845,5.01326541405,0.6825232147982573,0.827499999999999,4.35765308837,0.73173179047429,0.8025,2.7868845392,0.6796336697793048,0.7725000000000001,4.24674655487,0.5596580648342269,0.81,4.3266593044,0.2781774713682679,0.810864197530864,3.86110890324,0.26020302093921416,0.6005377376608411,1.34317840173,0.1992713764895375
8,41615,0.7425,5.52806581997,0.33679417582886306,0.847499999999999,4.93689274529,0.6949622802347,0.919999999999999,0.881496857649,0.936754344150097,0.81,2.64596810535,0.7000041637959165,0.9675,0.306781873506,0.9917081839201023,0.8775000000000001,4.61863037816,0.5214163370131966,0.544691358024691,7.32699044584e-05,9.022023096653429e-07,0.820741309775302,3.33011108768,0.6323278617010929
8,41703,0.735,4.93360440221,0.2975443791448751,0.7875000000000001,4.71659986843,0.3844726085992969,0.6925,1.84171344997,0.051017269746462764,0.685,3.25058565833,0.2800892394861348,0.6975,3.60100046899,0.2454869394910219,0.77,2.27131837571,0.13211371878276684,0.7925925925925921,3.12323071044,0.19539017662001434,0.7849433454964471,3.33950817651,0.5112228027038767
8,41708,0.645,1.29474291437,0.05434704639953874,0.735,2.67344706313,0.19050833901392533,0.6725,0.974365398584,0.02327292852211141,0.51,0.178710862717,0.005357288127230267,0.6775,2.96113870468,0.17972243486946535,0.665,0.327769015508,0.011117311614525656,0.6498765432098761,0.0620814546239,0.0010819670909586636,0.784904935663529,3.33917666532,0.5110945391167783
8,41851,0.6000000000000001,0.523051856966,0.014633899448963608,0.635,0.785775868243,0.03858609628212981,0.6425000000000001,0.260190353434,0.0066491805246151605,0.3275,0.000538803371747,1.4728058136563892e-05,-0.25,7.12765631348e-21,7.519124755452849e-23,0.65,0.21526036141,0.007098602296788691,0.8898765432098761,4.81567683982,0.5788287524129645,0.9193393508738231,1.86272011816,0.8987521520217142
8,43759,0.8174999999999991,3.99936080254,0.7679192032618317,0.75,3.23634549162,0.2347445482497342,0.8625,2.47260237667,0.8496941201445731,0.7675000000000001,3.39915524071,0.5708247028223922,0.75,4.38004745292,0.4621969102246416,0.6975,0.741215867862,0.027829273195785653,0.7056790123456791,1.34013050222,0.029217197173142178,0.934741693873631,1.5424653482,0.9249783395175597
8,44059,0.5125000000000001,0.0111048747613,0.00020535930290256155,0.605,0.506175690181,0.019313169051092934,0.6575000000000001,0.521843515579,0.012297919525767633,0.5325,0.346454481454,0.01110126995288367,-0.25,7.12765631348e-21,7.519124755452849e-23,0.8225,3.53278655024,0.32728598120034336,0.9565432098765431,2.95855305066,0.8374356237328088,0.9020933358939881,2.20782969735,0.8636155717561884
8,44938,0.6075,0.63108380243,0.01895644940943559,0.6425000000000001,0.863107321227,0.04476713445932594,0.75,5.88118315995,0.2622439254943127,0.464999999999999,0.0382700085731,0.0011940113534808197,0.8125,3.59229618355,0.7178947842777343,0.9275,4.00162173007,0.7200283863940623,0.834567901234567,3.73546845704,0.3516714662414398,0.7176877280583821,1.84478050594,0.32974001917569595
8,50703,0.7125,3.40907832543,0.20503889711766787,0.7000000000000001,1.69528593383,0.11550293212998809,0.7325,4.43723443848,0.17171818483038317,0.645,2.58721297746,0.1625841651389061,0.675,2.87695194319,0.17242476366157244,0.74,1.55140475467,0.07597559620330462,0.8562962962962961,3.85548716266,0.432755651394893,0.735394661033224,2.33140805473,0.3666873520938559
8,50830,0.5650000000000001,0.162067455619,0.0033914751275244018,0.66,1.06083471841,0.06156068047219268,0.655,0.465742467537,0.011064568327137632,0.5725,0.920691493627,0.03506721347709558,0.6375000000000001,1.67474404096,0.08768370466363007,0.81,4.3266593044,0.2781774713682679,0.8967901234567901,4.84439836573,0.612306514217935,0.8275398502016511,3.27412530694,0.6547839466363392
8,50921,0.5925,0.424534209469,0.011086878775095538,0.68,1.33390560168,0.085398990657486,0.64,0.231931346985,0.006034786443109621,0.5975,1.48349876511,0.06486088971130077,0.8325,3.12359468546,0.7851741202881152,0.7025,0.825431790519,0.03174392761073792,0.9397530864197531,3.21208488033,0.7856803372014886,0.8290762435183401,3.2599752355,0.6598034851311025
8,51734,0.6000000000000001,0.523051856966,0.014633899448963608,0.7225,2.26667828217,0.15969847760109848,0.6825,1.37689851379,0.0349706546860228,0.56,0.695928953151,0.02500837478239328,0.56,0.389114108952,0.019752329010710258,0.7275,1.29927850436,0.058161273303743884,0.8503703703703701,3.74690215948,0.41025507440697295,0.9270213174572691,1.70321435451,0.9124498712938706
8,52992,0.75,6.04906396,0.3802815342549349,0.705,1.80523529317,0.12425048966955206,0.71,2.79799903965,0.09131282879540235,0.6725,3.06684803528,0.2405829380174904,0.6725,2.79258704512,0.1653378231685803,0.8225,3.53278655024,0.32728598120034336,0.928395061728395,3.53325683426,0.7475992194643912,0.748454004225081,2.6815321745,0.3994500976877007
8,54491,0.77,6.56216633604,0.5088833770609797,0.7975000000000001,5.02344148069,0.43323380954188573,0.7775000000000001,6.82161136114,0.44242549735155634,0.9450000000000001,0.975596149584,0.9341448669338669,0.705,3.80899898084,0.27328980071277037,0.9025000000000001,3.70702278668,0.6299846683212383,0.952098765432098,3.02612001285,0.8241332903298723,0.8689456500864221,2.77040302345,0.7806900005275391
8,54885,0.585,0.336954484361,0.008238500181956305,0.55,0.128569447137,0.002902830426780679,0.68,1.26981946313,0.03166308306307626,0.5625,0.737413519997,0.02679969135928782,0.625,1.33681412509,0.06890768538487876,0.8500000000000001,3.22748832831,0.415671220450697,0.9525925925925921,3.01899059656,0.8256259133017254,0.945265988092951,1.32680905762,0.9400712982495232
8,56634,0.8525,2.20501259101,0.8741495012803933,0.845,5.01326541405,0.6825232147982573,0.8300000000000001,4.2064710115,0.7424365492307295,0.7575000000000001,3.51786922456,0.53620878559037,0.764999999999999,4.31490599593,0.5275386763221387,0.9400000000000001,4.79807193365,0.7754572302109202,0.8646913580246911,4.08119214772,0.4660224752734652,0.429652391012099,0.836726648287,0.06351789653078874
8,56758,0.7725000000000001,6.52102516812,0.5252418808452466,0.8225,5.36564065002,0.5645712945676192,0.77,6.80963348865,0.3911951072089039,0.745,3.61057258032,0.49158850795530296,0.8125,3.59229618355,0.7178947842777343,0.68,0.488204696123,0.017172374684408687,0.7827160493827161,2.61447499411,0.16710320002967577,0.73808334933743,2.40546579041,0.37305547427431035
8,56917,0.72,3.83278983678,0.23213798449743808,0.77,4.05138116173,0.30758784685207124,0.73,4.23029931028,0.16088468876084933,0.6575000000000001,2.81910797482,0.1964006615853681,0.7325,4.30624208161,0.3859302640606828,0.8300000000000001,3.22989791271,0.3525079547975809,0.829629629629629,3.79966572506,0.3330726130659452,0.869444977914346,2.76303787804,0.7820715023594812
8,56975,0.68,2.22896208892,0.11505827423375412,0.7325,2.58708667129,0.18393317158761793,0.6975,2.09471072479,0.060852517508464696,0.7175,3.58871626908,0.39191422550450983,0.6000000000000001,0.814424646177,0.04247742012904663,0.8,4.50553894276,0.23333161796383697,0.776296296296296,2.33317664208,0.15124883276018564,0.9289802189360471,1.66237694355,0.9157463037958788
8,67160,0.8150000000000001,4.15480252565,0.7577270683228514,0.8500000000000001,4.85415090218,0.7072023699456262,0.774999999999999,6.83759511842,0.42534750756958417,0.76,3.49170229796,0.5449712586553559,0.68,3.04494221003,0.18723013821395912,0.8625,3.70960599837,0.4584941493585618,0.88,4.57915403042,0.532300524599529,0.830036489341271,3.25088182027,0.6629295117603576
8,67299,0.6775,2.15327761667,0.10958062219417773,0.6825,1.37326346569,0.08878265793631063,0.6775,1.1668435166,0.02861813880869905,0.6625,2.90505849033,0.21071256074481692,0.5,0.1357314821,0.004971189682472327,0.545,0.00698512604642,0.0001508905101565671,0.7091358024691351,1.44139105667,0.03402996053347172,0.9328212022277701,1.58236655678,0.9219777486259276
8,67423,0.6375000000000001,1.14135277524,0.045221092161885586,0.6875,1.45645927152,0.09585436558670106,0.705,2.50276032747,0.0780696632428903,0.6775,3.14289742053,0.25610865878116895,0.59,0.667211256594,0.035097281903356425,0.6825,0.520053535282,0.01843238975542541,0.652839506172839,0.0740620125794,0.001283057633138365,0.9385442673324371,1.46384052169,0.9306940000355759
8,67905,0.764999999999999,6.57614684335,0.47599835976013344,0.8,5.08768842165,0.44587388710772125,0.7975000000000001,6.14767659411,0.5734805303678668,0.75,3.58128876695,0.5095725510779077,0.6675,2.62406565972,0.15179649999964823,0.845,3.15428064641,0.3997369788896806,0.8,3.49844110939,0.2199473720833828,0.786863837142308,3.35502811004,0.5176515341100737
8,68565,0.6950000000000001,2.70274923488,0.15199077991278837,0.7575000000000001,3.53883539604,0.26014571722168256,0.7175,3.28481280233,0.11408751779787785,0.665,2.94673305984,0.21802747538378667,0.5775,0.526459599164,0.027682051217779707,0.857499999999999,3.45408833979,0.44062116527158746,0.8958024691358021,4.8496236699,0.6075190681789258,0.8021893604762821,3.40770310552,0.5696292563593955
8,68688,0.685,2.38244563,0.12658558141274806,0.8025,5.14614869651,0.45866742898155793,0.78,6.78714143551,0.4594401545516265,0.62,2.03936476789,0.1045189881635211,0.79,4.01449754493,0.6320812307879935,0.8075000000000001,4.44446267765,0.26720584229173944,0.883456790123456,4.67947100234,0.54830690597502,0.8899942385250621,2.43069704592,0.8355353078448731
8,69217,0.7000000000000001,2.87702354454,0.1659343220767881,0.74,2.8531047333,0.20432098895871176,0.7675000000000001,6.76411497878,0.3742234543055141,0.6425000000000001,2.53758498113,0.15617792829639718,0.7675000000000001,4.29454883635,0.5383010059019191,0.72,1.15060679571,0.04897631915921866,0.9125925925925921,4.3292882864,0.6857642614076985,0.777222969080084,3.2561790262,0.48574063795663713
8,69292,0.74,5.3337359338,0.32321556396162837,0.8150000000000001,5.33926850319,0.5243833172297516,0.76,6.49950719761,0.324366329319416,0.7875000000000001,3.07112688789,0.6356874986652389,0.75,4.38004745292,0.4621969102246416,0.74,1.55140475467,0.07597559620330462,0.75358024691358,1.72484397113,0.10623080336904563,0.751603610524294,2.76060889217,0.40802113790712313
8,70225,0.58,0.285142710691,0.00668550169005818,0.64,0.836921866714,0.04264218752386651,0.5925,0.0412981216517,0.001099387767769138,0.5375,0.396650734752,0.012956823707029719,-0.25,7.12765631348e-21,7.519124755452849e-23,0.804999999999999,4.51935739303,0.2559909879959391,0.795555555555555,3.27928180492,0.20487644108657513,0.9116573842903781,2.01951206954,0.8838381298780569
8,70358,0.47500000000000003,0.00140696363985,3.4370624834809637e-05,0.48,0.00330841121377,4.282303996543418e-05,0.5425,0.00622818213445,0.00012403431779129905,0.545,0.482373176345,0.016245022744941575,0.5325,0.249142945137,0.011114637471396282,0.75,1.75358523456,0.09250013532402673,0.8291358024691351,3.80669827795,0.33119449971991,0.9552525446514301,1.13043362264,0.9523324213527387
8,70659,0.6025,0.558082522719,0.015985103152359004,0.685,1.41408162618,0.0922665248264969,0.6950000000000001,1.96646908485,0.05577678587297083,0.55,0.547035120847,0.018815935540412918,0.5275000000000001,0.228941259148,0.009919904895180479,0.5650000000000001,0.0152889928719,0.00036447975250828216,0.7832098765432091,2.63813419916,0.16840012967368675,0.90497407336278,2.15209484235,0.8698956937922185
8,70707,0.6675,1.85948711369,0.08953081414528843,0.7525000000000001,3.33610962135,0.24295985295910777,0.67,0.885436024504,0.020949238388788517,0.6425000000000001,2.53758498113,0.15617792829639718,0.7225,4.179407895,0.34344869777861176,0.8825000000000001,4.68859517053,0.5447685408659283,0.8493827160493821,3.7339806213,0.40656094181284347,0.853082389091607,2.98877818244,0.7349713163858435
8,70749,0.36,1.59395424519e-05,3.642197000517827e-07,0.39,8.84878962898e-07,9.89514028920346e-09,0.39,2.01383086192e-07,2.13915615488665e-09,0.365,0.00181408119029,5.453731533507799e-05,0.65,2.05174251549,0.11093911327318605,0.6575000000000001,0.266111907691,0.00889744497545714,0.8661728395061721,4.12711310741,0.47210253438416283,0.8905703860188201,2.42052823711,0.8369328207097834
8,70793,0.545,0.0656462269599,0.0012276514005859235,0.59,0.382191044172,0.012664701060986609,0.66,0.583441174367,0.013678368371596191,0.5275000000000001,0.301370373288,0.009483759604088609,0.392499999999999,0.0043980629139,9.872047914093032e-05,0.6125,0.0725876952584,0.002159936458332642,0.808395061728395,3.80681002771,0.25073272380097833,0.8893028615325521,2.44283844106,0.8338505788389083
8,70852,0.6900000000000001,2.5394998627,0.13888857344158273,0.705,1.80523529317,0.12425048966955206,0.6975,2.09471072479,0.060852517508464696,0.595,1.42236028816,0.06122869979045061,0.5925,0.700891268136,0.03680699292458235,0.6975,0.741215867862,0.027829273195785653,0.799012345679012,3.45206461076,0.21651489187006837,0.90013443441521,2.24518231598,0.8592539911770734
8,72086,0.5650000000000001,0.162067455619,0.0033914751275244018,0.545,0.107317582282,0.002314163597385641,0.585,0.0323212705879,0.0008244818577270809,0.41750000000000004,0.00839909779525,0.00028178657732494974,0.40750000000000003,0.00813172748724,0.00019013243629684672,0.847499999999999,3.18483881619,0.40765855032331977,0.515061728395061,6.42265105939e-06,7.089978143658857e-08,0.8713654695602071,2.73441260572,0.7873504822838466
8,74604,0.8300000000000001,3.26880547218,0.8132586463966225,0.827499999999999,5.34297402351,0.5913564159493999,0.9125000000000001,0.988646364941,0.9297537171494906,0.9075000000000001,1.37414757845,0.8902143496384132,0.794999999999999,3.93180378953,0.6519497885036677,0.804999999999999,4.51935739303,0.2559909879959391,0.789629629629629,2.96543887905,0.18637010316612315,0.8229690800845011,3.31304717846,0.6397278250200386
8,74635,0.5575,0.117803936776,0.0023486608930076867,0.675,1.25918778829,0.07891837471825776,0.5375,0.00496071729342,9.616493017707956e-05,0.655,2.77475895294,0.18940813005344048,0.382499999999999,0.00286187101781,6.292539523867019e-05,0.605,0.0579349634407,0.0016723429809710206,0.769382716049382,2.08726858356,0.13600170091338448,0.8252736700595351,3.29404468812,0.6473413970236055
8,74688,0.7000000000000001,2.87702354454,0.1659343220767881,0.75,3.23634549162,0.2347445482497342,0.774999999999999,6.83759511842,0.42534750756958417,0.625,2.15759108828,0.11501288810743253,0.75,4.38004745292,0.4621969102246416,0.5,0.000844933509272,1.48773821077937e-05,0.580246913580246,0.000958033513309,1.347178498985257e-05,0.8560015363933161,2.95078003593,0.743640773601641
8,74696,0.7125,3.40907832543,0.20503889711766787,0.7175,2.1220469615,0.14873102564151067,0.6975,2.09471072479,0.060852517508464696,0.6950000000000001,3.38022729877,0.3132580199361043,0.6675,2.62406565972,0.15179649999964823,0.7825000000000001,3.10353258934,0.1650210277389781,0.892839506172839,4.8459204376,0.5931483116525766,0.8636450931438441,2.84667351802,0.7658016570663474
8,76409,0.51,0.00959748173441,0.00017952645403926262,0.5325,0.0649481496746,0.0012530998796495495,0.5775,0.0250223308178,0.0006103883677143989,0.52,0.24252976047,0.007450435737521446,0.25,6.39219014127e-06,1.3605183225953982e-07,0.7175,1.10194107795,0.04616074791715197,0.885432098765432,4.7297289809,0.5576009530208222,0.9366621855194931,1.50268125588,0.9279024072393742
8,76496,0.9175000000000001,0.839798924578,0.9645712317430191,0.8975000000000001,2.68696918583,0.8884638068789834,0.835,3.9104329374,0.7627250506851928,0.804999999999999,2.73945424023,0.686541522291265,0.889999999999999,1.66501148823,0.9222509558459396,0.9325000000000001,4.36347461481,0.7409354051693976,0.8044444444444441,3.6834507197,0.23592295001093347,0.660072978682542,0.80509994921,0.25922573900955664
8,78211,0.81,4.47313488399,0.7361609975095865,0.8600000000000001,4.46813651429,0.7538810839304835,0.8300000000000001,4.2064710115,0.7424365492307295,0.827499999999999,2.34431470212,0.7436009070336818,0.8025,3.79549988906,0.6809361508043235,0.794999999999999,4.26031664977,0.21132592522594623,0.8740740740740741,4.38677149027,0.505727168931219,0.525676973305166,0.59770625242,0.12360485281165226
8,79262,0.7275,4.34872155259,0.26276404118819335,0.8150000000000001,5.33926850319,0.5243833172297516,0.7575000000000001,6.37053953112,0.30827478446547885,0.827499999999999,2.34431470212,0.7436009070336818,0.66,2.37418777789,0.13305616017085603,0.8400000000000001,3.12505865128,0.3840562069273015,0.897283950617283,4.84052565728,0.6146978883285108,0.786863837142308,3.35502811004,0.5176515341100737
8,79313,0.515,0.0128430545907,0.00023524307315795528,0.56,0.178622837097,0.004430462994593706,0.6175,0.093051322925,0.002682096543427363,0.41250000000000003,0.00727089133738,0.00024268366287958135,0.7000000000000001,3.67302574154,0.2545799916354614,0.764999999999999,2.0963845019,0.1212198522995717,0.7886419753086421,2.91327655951,0.1834670669294616,0.9217591703476091,1.81266369644,0.9031990822884005
8,79388,0.7325,4.73396555058,0.28546047255411183,0.75,3.23634549162,0.2347445482497342,0.77,6.80963348865,0.3911951072089039,0.715,3.57272414116,0.38296199653227286,0.7925000000000001,3.97399194787,0.6420671972621567,0.725,1.24935879124,0.0549755383083976,0.8069135802469131,3.76563628469,0.24512272419968523,0.9097753024774341,2.05726932234,0.8800016643111531
8,80513,0.7075,3.17457810571,0.18859406741261253,0.76,3.64127886732,0.26912075774976385,0.7825000000000001,6.73553149339,0.47634691835836096,0.5975,1.48349876511,0.06486088971130077,0.76,4.34797076522,0.505877103025771,0.8250000000000001,3.40728152782,0.3359561621027104,0.8207407407407401,3.90708758988,0.2987729634336742,0.8483195698098711,3.04869025705,0.7205925946048197
8,80619,0.7775000000000001,6.37802142215,0.5575212149681605,0.8250000000000001,5.35838317117,0.577978019093576,0.77,6.80963348865,0.3911951072089039,0.6975,3.40968144995,0.32174567815105976,0.7625000000000001,4.33275275838,0.5167285677562329,0.8150000000000001,4.0126468136,0.29905444979313395,0.9777777777777771,2.46203371346,0.8955791954030667,0.869406568081428,2.76360555381,0.7819653636334718
8,80759,0.6675,1.85948711369,0.08953081414528843,0.7825000000000001,4.53907311325,0.3613278917207868,0.6675,0.801716790096,0.018841405213833866,0.845,2.09252448209,0.7823527259605565,0.5575,0.373509503898,0.018799213778003122,0.605,0.0579349634407,0.0016723429809710206,0.6167901234567901,0.00954856991251,0.00015344694575492992,0.854042634914538,2.97638521187,0.7378353363587661
8,80766,0.645,1.29474291437,0.05434704639953874,0.7225,2.26667828217,0.15969847760109848,0.6975,2.09471072479,0.060852517508464696,0.645,2.58721297746,0.1625841651389061,0.6000000000000001,0.814424646177,0.04247742012904663,0.6375000000000001,0.150480580922,0.004836044904269598,0.8197530864197531,3.91309077565,0.2949109943622594,0.8905703860188201,2.42052823711,0.8369328207097834
8,80873,0.735,4.93360440221,0.2975443791448751,0.7075,1.86366429131,0.12883612043030496,0.7775000000000001,6.82161136114,0.44242549735155634,0.705,3.48955980707,0.3476262241759789,0.5,0.1357314821,0.004971189682472327,0.6325000000000001,0.130271528319,0.004135347998532233,0.8182716049382711,3.91838329735,0.2891093225994651,0.9597080852698291,1.04654024671,0.9571812541908611
8,84558,0.7925000000000001,5.60761301566,0.6478980588055069,0.837499999999999,5.20057523212,0.6441806033451037,0.7775000000000001,6.82161136114,0.44242549735155634,0.75,3.58128876695,0.5095725510779077,0.6275000000000001,1.40076791033,0.07232925942247745,0.7775000000000001,2.69067801639,0.15057808149127178,0.8256790123456791,3.8549443283,0.3179511008878271,0.8444785865181481,3.09505847435,0.7087930022529558
8,104560,0.4,7.78451914807e-05,1.9449662990660222e-06,0.48,0.00330841121377,4.282303996543418e-05,0.485,0.000289290831101,4.3574175607478676e-06,0.40750000000000003,0.00630047897524,0.0002088150613937442,0.515,0.183029341229,0.007351542496634167,0.8500000000000001,3.22748832831,0.415671220450697,0.9170370370370371,4.08976226254,0.7044774147963125,0.850240061455732,3.02484663023,0.7264247518413014
8,104598,0.5825,0.3103751768,0.007429616965146424,0.645,0.88973703301,0.046958094255198785,0.685,1.48781542903,0.038550772607744,0.515,0.208662115988,0.0063241522596536575,0.5,0.1357314821,0.004971189682472327,0.67,0.37552143873,0.012873230013348818,0.8543209876543211,3.81373762056,0.42518195755576016,0.8269637027078931,3.27929993948,0.6528960733448279
8,104599,0.5725,0.217594988655,0.004807870942881209,0.595,0.422232451644,0.01467518210067767,0.61,0.0722022537801,0.002066624318582818,0.47000000000000003,0.0456345546054,0.0014032085101992324,-0.25,7.12765631348e-21,7.519124755452849e-23,0.6875,0.588153388097,0.02120047844222283,0.8804938271604931,4.5942484342,0.5345655710309966,0.8580756673708471,2.92319474576,0.7497325546007262
8,104688,0.7275,4.34872155259,0.26276404118819335,0.73,2.50316714755,0.17757087105736144,0.6625,0.650622861757,0.015219780828207482,0.7225,3.61431737958,0.4099254486555713,0.75,4.38004745292,0.4621969102246416,0.8125,4.17826320033,0.2888136157573307,0.743209876543209,1.63393899369,0.08891646137494306,0.657384290378336,0.79365797121,0.2570775443467422
8,104824,0.6325000000000001,1.04660238821,0.03975338416574459,0.6000000000000001,0.463596308042,0.01688922787791219,0.6175,0.093051322925,0.002682096543427363,0.5675,0.825600407178,0.03070432688806971,0.5,0.1357314821,0.004971189682472327,0.875,4.5132852988,0.509992938800005,0.8222222222222221,3.89485637397,0.30455262626061397,0.882081812944113,2.56561919515,0.8157629828203147
8,107778,0.68,2.22896208892,0.11505827423375412,0.7175,2.1220469615,0.14873102564151067,0.7375,4.86066742982,0.19495941921638305,0.6000000000000001,1.54519886979,0.06864666177252134,0.78,4.15879617524,0.5911904498918861,0.685,0.553374797584,0.019773869635262675,0.589135802469135,0.00172712861279,2.5091227163826257e-05,0.833877472632994,3.21273165585,0.6753437054144531
8,107870,0.8125,4.31283616092,0.7471430288499585,0.8225,5.36564065002,0.5645712945676192,0.8150000000000001,5.13106982368,0.6724434278875661,0.735,3.63755832435,0.45531294645939,0.72,4.13772472777,0.3330514588082449,0.909999999999999,3.48027827932,0.6567858345309736,0.90716049382716,4.58673101353,0.6615212627926998,0.765815248703668,3.07338034973,0.44957258322791244
8,107898,0.7025,2.97038386906,0.1732425499000737,0.794999999999999,4.95380055889,0.4207611750237708,0.6975,2.09471072479,0.060852517508464696,0.6075,1.73201185242,0.08093537969313777,0.605,0.90105940258,0.04676239608380948,0.6175,0.0841622760108,0.0025511501090383078,0.7614814814814811,1.87296967052,0.12040056375579154,0.9443057422700211,1.34619044068,0.9387879358440803
8,108143,0.485,0.00232878608462,5.2589179293021294e-05,0.6950000000000001,1.59396292464,0.1072832486234636,0.625,0.122671852199,0.003484154600690302,0.73,3.63558301741,0.43712590084292163,0.5625,0.405546563267,0.020745474038160853,0.7225,1.1997743766,0.05191420004395288,0.8824691358024691,4.65221079426,0.5436985626156956,0.8767428461686191,2.65167656203,0.8018337309180019
8,108336,0.535,0.039316824443,0.0007124326935976833,0.56,0.178622837097,0.004430462994593706,0.595,0.0447366322253,0.0012068796384395784,0.387499999999999,0.00354812224292,0.00011287425930172991,0.41750000000000004,0.0119803465244,0.00028960743814005445,0.5575,0.0115177433534,0.00026451948570796387,0.8469135802469131,3.70877339457,0.3973744746148325,0.8269637027078931,3.27929993948,0.6528960733448279
8,108341,0.5825,0.3103751768,0.007429616965146424,0.52,0.0364284130232,0.0006325731667536229,0.595,0.0447366322253,0.0012068796384395784,0.52,0.24252976047,0.007450435737521446,0.595,0.736610337018,0.038603437720309726,0.8075000000000001,4.44446267765,0.26720584229173944,0.9516049382716051,3.03317902097,0.8226371643879913,0.8097560975609751,3.39182867112,0.5953698894084101
8,108351,0.65,1.40611982016,0.06109590496120645,0.685,1.41408162618,0.0922665248264969,0.615,0.0853297877207,0.002459303689645796,0.64,2.48679585586,0.14989720811039756,0.665,2.54024160612,0.145341203100264,0.6825,0.520053535282,0.01843238975542541,0.598518518518518,0.00314951394618,4.7344757993302056e-05,0.839408488573074,3.15337724402,0.6929514534253564
8,108388,0.5475,0.0741726475639,0.0014022447292294342,0.64,0.836921866714,0.04264218752386651,0.5875,0.035108964115,0.000908729740012758,0.6000000000000001,1.54519886979,0.06864666177252134,0.58,0.55123418761,0.02902884774514713,0.6900000000000001,0.624364918346,0.022715830949851214,0.819259259259259,3.91537310902,0.29297801977128884,0.8406376032264261,3.13955995499,0.696818845975303
8,108411,0.6175,0.787438314046,0.026038271703101665,0.6575000000000001,1.03075902822,0.058946337093814694,0.67,0.885436024504,0.020949238388788517,0.7075,3.51304318893,0.35637982862605017,0.515,0.183029341229,0.007351542496634167,0.875,4.5132852988,0.509992938800005,0.9303703703703701,3.45937866308,0.7545041725970351,0.8743230266948331,2.68938698424,0.795371365970997
8,108416,0.71,3.28753370872,0.19667001796122438,0.8174999999999991,5.35595846126,0.537753967895101,0.804999999999999,5.73583754565,0.6180759892347775,0.74,3.62930287722,0.4734844249002594,0.7125,3.98950144244,0.30255305997181187,0.804999999999999,4.51935739303,0.2559909879959391,0.807407407407407,3.78006151323,0.24698588796956472,0.8364893412713651,3.18530509865,0.6836993669802083
8,108417,0.5825,0.3103751768,0.007429616965146424,0.6325000000000001,0.760768600504,0.03665299062544792,0.5325,0.00392193539983,7.404619298446084e-05,0.605,1.66962254614,0.0766833324540841,0.52,0.200654747787,0.008310355847473963,0.8,4.50553894276,0.23333161796383697,0.973333333333333,2.59494716297,0.8843350989413995,0.860149798348377,2.89511830518,0.7557666116499244
8,108652,0.5075000000000001,0.00829322632696,0.00015720268659705382,0.6425000000000001,0.863107321227,0.04476713445932594,0.5650000000000001,0.015838411464,0.00035851117863264394,0.43999999999999906,0.016551046302,0.0005508177659186704,0.5625,0.405546563267,0.020745474038160853,0.525,0.00290588353109,5.712480327897157e-05,0.5560493827160491,0.000173220130421,2.2258067711161604e-06,0.945265988092951,1.32680905762,0.9400712982495232
8,109008,0.5275000000000001,0.0261617875907,0.0004698692195492791,0.5325,0.0649481496746,0.0012530998796495495,0.63,0.149847324063,0.004162441300990453,0.5,0.129367754536,0.00382798473927913,0.595,0.736610337018,0.038603437720309726,0.6950000000000001,0.700943178118,0.026026840420337035,0.6819753086419751,0.489110720807,0.007707141669698637,0.8137507201843671,3.37413423729,0.6088855940611964
8,109067,0.7625000000000001,6.5470836661,0.45958921940000796,0.794999999999999,4.95380055889,0.4207611750237708,0.7525000000000001,6.05939901658,0.2771724098360965,0.71,3.53479509472,0.3651899972021275,0.75,4.38004745292,0.4621969102246416,0.8,4.50553894276,0.23333161796383697,0.8479012345679011,3.71761910668,0.40104169166016007,0.7877856731323211,3.36174507443,0.5207474521190955
8,129429,0.5775,0.261268238191,0.00600277151042668,0.5875,0.362708513699,0.01173365464373517,0.68,1.26981946313,0.03166308306307626,0.54,0.423785743479,0.013982077946805466,0.76,4.34797076522,0.505877103025771,0.7925000000000001,4.06489632076,0.20091117387060303,0.8172839506172841,3.91917643991,0.2852387334456903,0.7937776070674091,3.39402171832,0.5409972630184228
8,129459,0.6725,2.00428352577,0.09918817661451068,0.6925,1.54629801768,0.10335832139730611,0.6875,1.60234954579,0.04241274442278783,0.6375000000000001,2.43482803803,0.1437449315841229,0.605,0.90105940258,0.04676239608380948,0.705,0.869234795883,0.03386203854544555,0.838024691358024,3.70431626503,0.3645260021067244,0.896331860956404,2.31633924715,0.8505806510991641
8,129490,0.6575000000000001,1.5885963025,0.07231433231202496,0.754999999999999,3.43702287029,0.25142605448310573,0.6975,2.09471072479,0.060852517508464696,0.625,2.15759108828,0.11501288810743253,0.7000000000000001,3.67302574154,0.2545799916354614,0.889999999999999,4.43781477618,0.5792224553897477,0.9654320987654321,2.79087575456,0.8630255470224459,0.8252736700595351,3.29404468812,0.6473413970236055
8,129672,0.485,0.00232878608462,5.2589179293021294e-05,0.38,3.43609844564e-07,4.20632054988646e-09,0.405,7.62025102515e-07,8.493743653251723e-09,0.43500000000000005,0.0141550062735,0.0004742330491578628,-0.25,7.12765631348e-21,7.519124755452849e-23,0.725,1.24935879124,0.0549755383083976,0.901234567901234,4.77866084358,0.6337168921803842,0.839408488573074,3.15337724402,0.6929514534253564
8,129907,0.65,1.40611982016,0.06109590496120645,0.63,0.736111737813,0.03478196134230525,0.65,0.369337377192,0.008985398571116462,0.54,0.423785743479,0.013982077946805466,0.6075,0.947757209614,0.04907294486713427,0.65,0.21526036141,0.007098602296788691,0.725432098765432,1.64957526533,0.05980441845702088,0.9058959093527941,2.13406795749,0.8718712702547197
8,129987,0.6575000000000001,1.5885963025,0.07231433231202496,0.6875,1.45645927152,0.09585436558670106,0.6575000000000001,0.521843515579,0.012297919525767633,0.6575000000000001,2.81910797482,0.1964006615853681,0.5,0.1357314821,0.004971189682472327,0.5625,0.0139304114702,0.0003279777665011575,0.6869135802469131,0.646866562998,0.010501093759353758,0.9306702515844051,1.62715077846,0.9185260056952649
8,130043,0.8300000000000001,3.26880547218,0.8132586463966225,0.899999999999999,2.57169999587,0.8950367259529867,0.764999999999999,6.69708954162,0.35739246617172205,0.6950000000000001,3.38022729877,0.3132580199361043,0.804999999999999,3.74692924478,0.6903645058690261,0.865,3.86702964134,0.46796156550091317,0.942716049382716,3.16075852921,0.7951194737574699,0.8598041098521221,2.89983206847,0.754764987412014
8,130166,0.7875000000000001,5.90474767366,0.6191057878860675,0.9325000000000001,1.30431647828,0.9567672095357405,0.9325000000000001,0.740022394154,0.9468477974424961,0.875,1.73718072992,0.8396610891643241,0.875,2.02758802807,0.8945847536993733,0.8600000000000001,3.57094780526,0.4493978034548135,0.8681481481481481,4.19022038553,0.4803168699793581,0.918225465719224,1.8856751288,0.8966645054719506
8,130586,0.20750000000000002,8.82454589013e-09,1.510172693760382e-10,0.28500000000000003,3.41782113087e-10,4.57350120980532e-12,0.35750000000000004,8.90574945815e-09,8.583640311862443e-11,0.25,2.87186861678e-05,6.57160351407335e-07,-0.25,7.12765631348e-21,7.519124755452849e-23,0.42750000000000005,9.50574268421e-06,1.272895821453495e-07,0.741728395061728,1.63013909781,0.08649887644530037,0.892452467831764,2.38698946578,0.8414569682413527
8,134922,0.6925,2.62010085453,0.14533770887155306,0.725,2.34291930179,0.16545993048955696,0.6775,1.1668435166,0.02861813880869905,0.635,2.38167557034,0.1377240554982929,0.4375,0.0245303699065,0.0006421771845610041,0.79,3.83691606632,0.19102863050556806,0.679012345679012,0.408003537526,0.006380720698259437,0.857922028039178,2.92525487978,0.7492832786203687
8,134923,0.6825,2.30534110773,0.1207260090050807,0.725,2.34291930179,0.16545993048955696,0.7025,2.36252896802,0.07198899808538212,0.68,3.1796783145,0.264012055849869,0.6725,2.79258704512,0.1653378231685803,0.735,1.4503036291,0.06847134569760922,0.77037037037037,2.11889322721,0.13807872525956655,0.879969272133666,2.6001461794,0.8103064273253358
8,135551,0.7575000000000001,6.41575601995,0.4271418251305583,0.8250000000000001,5.35838317117,0.577978019093576,0.7725000000000001,6.83391550568,0.40825391452475746,0.6425000000000001,2.53758498113,0.15617792829639718,0.7825000000000001,4.1254845425,0.6015461991018383,0.774999999999999,2.52491282016,0.14406440873700027,0.7629629629629631,1.90807817309,0.12320105634302854,0.823314768580756,3.31028166196,0.6408726301985528
8,135973,0.8,5.12693031473,0.6881690204939868,0.7925000000000001,4.87917044472,0.408468964637969,0.7825000000000001,6.73553149339,0.47634691835836096,0.745,3.61057258032,0.49158850795530296,0.6675,2.62406565972,0.15179649999964823,0.8975000000000001,3.97727753046,0.6108052483985581,0.9017283950617281,4.76706574746,0.636073896578341,0.849241405799884,3.03729898013,0.7233977442152939
8,136122,0.78,6.27996894383,0.5733470347577775,0.745,3.04116867346,0.21905341473212023,0.745,5.49125307872,0.2337970309685667,0.61,1.79429923806,0.08534330664157788,0.5225000000000001,0.20982989988,0.008823410279777066,0.8325,3.17662071043,0.36051156860126093,0.653827160493827,0.0786372997839,0.0013584384377497167,0.8521605531015941,3.00057704801,0.7322107073657109
8,136139,0.8025,4.96291003374,0.7007814422262921,0.837499999999999,5.20057523212,0.6441806033451037,0.784999999999999,6.66823021267,0.4931047347364748,0.76,3.49170229796,0.5449712586553559,0.8225,3.36699254671,0.7527082418864278,0.845,3.15428064641,0.3997369788896806,0.9422222222222221,3.16874817858,0.7935566405577928,0.7495678893796811,2.70981769978,0.40245280094513886
8,136288,0.7375,5.13451852095,0.310129566252881,0.8125,5.31492110386,0.5110640077119627,0.7925000000000001,6.38703173519,0.5421294249705766,0.6225,2.09893115079,0.10969203680353094,0.7425,4.37029398035,0.4293637275440636,0.827499999999999,3.30622655868,0.3443428365111267,0.93679012345679,3.27386198211,0.7760745677339336,0.852506241597849,2.99616378809,0.733247209918305
8,136820,0.6275000000000001,0.956558531033,0.03474723774844338,0.655,1.00137063548,0.05640631271479292,0.6175,0.093051322925,0.002682096543427363,0.5650000000000001,0.78063708194,0.028696891828378493,0.6025,0.856621664621,0.044565764090513306,0.655,0.24803151607,0.00825501063721611,0.852345679012345,3.77739046224,0.417685475567719,0.9385442673324371,1.46384052169,0.9306940000355759
8,136846,0.8075000000000001,4.63528412934,0.7247758092992671,0.7925000000000001,4.87917044472,0.408468964637969,0.804999999999999,5.73583754565,0.6180759892347775,0.875,1.73718072992,0.8396610891643241,0.7625000000000001,4.33275275838,0.5167285677562329,0.6525000000000001,0.23109952479,0.007656330347812329,0.6074074074074071,0.00545625972472,8.471708751453807e-05,0.7226810063376221,1.97967940563,0.3392869303040733
8,137085,0.8400000000000001,2.75084286186,0.8433022009829949,0.875,3.77709775698,0.8158361887818482,0.8775000000000001,1.85962579442,0.882005398215441,0.8500000000000001,2.02860366731,0.7926543331367518,0.847499999999999,2.73731662978,0.8291518360830916,0.9400000000000001,4.79807193365,0.7754572302109202,0.8148148148148141,3.91045796973,0.2755692400583433,0.660418667178797,0.806919083835,0.2595043649846579
8,137869,0.875,1.52920044242,0.9154647904414805,0.905,2.34761842052,0.907331248269241,0.8700000000000001,2.1480540719,0.8670001147838781,0.8625,1.87898439809,0.8170644442114733,0.8150000000000001,3.53791518803,0.7268078326296755,0.972499999999999,2.94100187434,0.9133186940146711,0.9772839506172831,2.47765242456,0.8943595110436757,0.0,0.0677814278957,0.012229453305905589
8,138039,0.6975,2.78812043342,0.15885372031634457,0.63,0.736111737813,0.03478196134230525,0.6375000000000001,0.207126236736,0.005486645648167682,0.6075,1.73201185242,0.08093537969313777,0.655,2.21107364322,0.1215944169997657,0.7325,1.39982005968,0.06490870960405254,0.716049382716049,1.58368808594,0.04453586533179473,0.8560015363933161,2.95078003593,0.743640773601641
8,140859,0.5975,0.489079051832,0.013368962284428569,0.65,0.944456387782,0.05154272841210923,0.6000000000000001,0.0524269223113,0.001449302543788152,0.59,1.30240113216,0.05441825364851399,0.4375,0.0245303699065,0.0006421771845610041,0.59,0.0362318237094,0.0009771315869625138,0.6948148148148141,0.941473499117,0.016752803933923133,0.9577491837910501,1.08310350641,0.9550954577538809
8,140984,0.754999999999999,6.3147032168,0.41122402829526145,0.7625000000000001,3.74406701399,0.27835239926919414,0.7425,5.28463816252,0.2203259946914481,0.6925,3.34950979851,0.30484559431524033,0.645,1.89693868237,0.10106944388488041,0.8925000000000001,4.29097301397,0.5901370466575061,0.9160493827160491,4.14374888142,0.7004114790743889,0.8857307470712501,2.50449773986,0.8250138173160558
8,141053,0.65,1.40611982016,0.06109590496120645,0.645,0.88973703301,0.046958094255198785,0.7025,2.36252896802,0.07198899808538212,0.5,0.129367754536,0.00382798473927913,0.625,1.33681412509,0.06890768538487876,0.7025,0.825431790519,0.03174392761073792,0.611358024691358,0.00692356286173,0.00010906362741570765,1.0,0.438000307128,0.9860955128767055
8,141356,0.794999999999999,5.45052499863,0.6617216300674184,0.8250000000000001,5.35838317117,0.577978019093576,0.8400000000000001,3.62401090735,0.7815569478980549,0.8425,2.12564701094,0.7770801849297976,0.7025,3.74243667211,0.2638498892418246,0.9475,4.86093469398,0.811951996609096,0.8508641975308641,3.75395222416,0.4121071212382294,0.811791818705588,3.38355067646,0.6022665488084624
8,142811,0.58,0.285142710691,0.00668550169005818,0.595,0.422232451644,0.01467518210067767,0.675,1.06826072361,0.025825204635770142,0.535,0.370889828583,0.01199767919643798,0.635,1.60369173313,0.083585994605645,0.7825000000000001,3.10353258934,0.1650210277389781,0.714567901234567,1.56037303551,0.04220644716794181,0.8137507201843671,3.37413423729,0.6088855940611964
8,142951,0.764999999999999,6.57614684335,0.47599835976013344,0.804999999999999,5.19844572545,0.47159949398929185,0.7375,4.86066742982,0.19495941921638305,0.68,3.1796783145,0.264012055849869,0.6475000000000001,1.97373050501,0.10590751714958802,0.784999999999999,3.34240766171,0.1730752388157326,0.929382716049382,3.49528971167,0.7510699379122636,0.8876896485500281,2.47090750521,0.8298870702533016
8,143324,0.66,1.65355026899,0.07636659917402107,0.5725,0.254658983148,0.00712368847137145,0.625,0.122671852199,0.003484154600690302,0.59,1.30240113216,0.05441825364851399,0.5750000000000001,0.503173358264,0.026395309446722953,0.6775,0.457834207711,0.015990134068513132,0.6972839506172831,1.03751188552,0.019196093153302632,0.8636835029767621,2.84613314302,0.7659109869432542
8,145305,0.745,5.71421602262,0.3508490759572531,0.7675000000000001,3.94944632422,0.29758664830143056,0.6875,1.60234954579,0.04241274442278783,0.6575000000000001,2.81910797482,0.1964006615853681,0.605,0.90105940258,0.04676239608380948,0.725,1.24935879124,0.0549755383083976,0.7970370370370371,3.3550166449,0.20979099558036857,0.9097753024774341,2.05726932234,0.8800016643111531
8,145335,0.5425,0.0579556292933,0.0010733170817005986,0.55,0.128569447137,0.002902830426780679,0.5,0.000709307007002,1.1421764983297498e-05,0.5875,1.24387747556,0.051235631929571084,0.5225000000000001,0.20982989988,0.008823410279777066,0.8,4.50553894276,0.23333161796383697,0.79753086419753,3.37975162257,0.21145391306238343,0.693796811983867,1.27187405457,0.29279779885227675
8,145444,0.754999999999999,6.3147032168,0.41122402829526145,0.8525,4.76545221117,0.7192280699089401,0.6925,1.84171344997,0.051017269746462764,0.7975000000000001,2.88237733624,0.6654606883645018,0.725,4.21711760691,0.3539451863653588,0.794999999999999,4.26031664977,0.21132592522594623,0.861728395061728,3.99398914456,0.45406092325409536,0.8017284424812751,3.40785078297,0.5680585468308502
8,146557,0.72,3.83278983678,0.23213798449743808,0.73,2.50316714755,0.17757087105736144,0.6825,1.37689851379,0.0349706546860228,0.5700000000000001,0.872292890253,0.03282633517501319,-0.25,7.12765631348e-21,7.519124755452849e-23,0.74,1.55140475467,0.07597559620330462,0.9002469135802461,4.79929306191,0.6289867564379233,0.8974841559439211,2.29497059839,0.8532374622172758
8,146877,0.715,3.54007671524,0.21372329344925212,0.865,4.24874605529,0.7756792437573108,0.5625,0.0143809989452,0.00032076072506362834,0.8400000000000001,2.15963352121,0.7717237707537369,0.8075000000000001,3.69684652994,0.6996695368936005,0.865,3.86702964134,0.46796156550091317,0.863209876543209,4.03674037585,0.46000938763145327,0.5736892644516991,1.16042446668,0.16455369999983846
8,146928,0.8600000000000001,1.93759738014,0.8896558151155164,0.855,4.67123764587,0.7310250337881816,0.8174999999999991,4.97569001062,0.685076992108703,0.8150000000000001,2.55515013313,0.7130056637458968,0.7000000000000001,3.67302574154,0.2545799916354614,0.885,4.64751236136,0.5564489145147452,0.803456790123456,3.64615256737,0.23230319570175037,0.837718455924716,3.17201885073,0.6876063309784044
8,146993,1.0,0.0936951161972,0.9966622787697664,1.0,0.144971071974,0.9954906050069836,1.0,0.324318984737,0.9807300909245049,0.9500000000000001,0.925869884342,0.9388981596397351,0.8125,3.59229618355,0.7178947842777343,0.8,4.50553894276,0.23333161796383697,0.8528395061728391,3.78594488295,0.41955295083320954,0.37584021509506405,0.128390316232,0.03899023688046185
8,147026,0.615,0.747150667312,0.024120196880549952,0.655,1.00137063548,0.05640631271479292,0.625,0.122671852199,0.003484154600690302,0.52,0.24252976047,0.007450435737521446,0.5,0.1357314821,0.004971189682472327,0.645,0.186634090759,0.006095498627822715,0.815802469135802,3.91586539066,0.2794343085012797,0.8626848473209141,2.86012580152,0.7630616831918369
8,147101,0.7225,3.99491080764,0.24192044207850782,0.865,4.24874605529,0.7756792437573108,0.6825,1.37689851379,0.0349706546860228,0.8600000000000001,1.90803341827,0.8123307415814167,0.625,1.33681412509,0.06890768538487876,0.8525,3.28463940343,0.4238080608666945,0.9007407407407401,4.7894051969,0.6313543715971648,0.861724601497983,2.87346900831,0.7603088442710801
8,147111,0.774999999999999,6.45904016889,0.5414711253420254,0.735,2.67344706313,0.19050833901392533,0.6225,0.111538572812,0.00319169013437145,0.605,1.66962254614,0.0766833324540841,0.595,0.736610337018,0.038603437720309726,0.837499999999999,3.12735280697,0.3762433140294428,0.852345679012345,3.77739046224,0.417685475567719,0.9010946802381411,2.22692937422,0.8614011633598511
8,147193,0.7825000000000001,6.1669886955,0.5889086191041794,0.7825000000000001,4.53907311325,0.3613278917207868,0.7975000000000001,6.14767659411,0.5734805303678668,0.8500000000000001,2.02860366731,0.7926543331367518,0.75,4.38004745292,0.4621969102246416,0.75,1.75358523456,0.09250013532402673,0.6439506172839501,0.0441650806913,0.0007705314475544644,0.752294987516804,2.77757541329,0.4099356331066345
8,819,0.7075,3.17457810571,0.18859406741261253,0.7025,1.74913690182,0.11980800157519576,0.7225,3.64292262539,0.13139523308495848,0.7775000000000001,3.24715708613,0.6040805754710276,0.725,4.21711760691,0.3539451863653588,0.8300000000000001,3.22989791271,0.3525079547975809,0.7214814814814811,1.63724738131,0.053305782422483794,0.8252736700595351,3.29404468812,0.6473413970236055
8,1942,0.5925,0.424534209469,0.011086878775095538,0.6725,1.22364514976,0.07581507055774346,0.6075,0.0665711402172,0.001893270521627647,0.585,1.18650577976,0.04819790596555732,0.715,4.04267880529,0.3125940505516872,0.784999999999999,3.34240766171,0.1730752388157326,0.755061728395061,1.74751427034,0.10880262372394187,0.8467447666602651,3.06791774869,0.7157763290066187
8,1993,0.7525000000000001,6.19181035346,0.39558652393728266,0.7375,2.76215686668,0.19730236529938214,0.835,3.9104329374,0.7627250506851928,0.63,2.27186061714,0.12608828986621184,0.6625,2.45690543478,0.13909488502948322,0.905,3.60480335757,0.6391192229113519,0.905679012345679,4.64493635252,0.6546822264475192,0.8857307470712501,2.50449773986,0.8250138173160558
