user,id,mealScore,mealScore_pdf,mealScore_cdf,chargeScore,chargeScore_pdf,chargeScore_cdf,equipmentScore,equipmentScore_pdf,equipmentScore_cdf,roomScore,roomScore_pdf,roomScore_cdf,serviceScore,serviceScore_pdf,serviceScore_cdf,bathScore,bathScore_pdf,bathScore_cdf,locationScore,locationScore_pdf,locationScore_cdf,distanceScore,distanceScore_pdf,distanceScore_cdf,kinnennScore,kinnennScore_pdf,kinnennScore_cdf
4,101,0.6975,4.12906513866,0.5030160101679544,0.9297100057614741,2.65690971718,0.8664583016431111,0.655,4.45513008192,0.31455009123846955,0.6000000000000001,1.55604655654,0.07029298084241581,0.73,5.3893725768,0.5424703862674194,0.625,3.80598869205,0.3764041992315251,0.9400000000000001,1.52854892093,0.9254560077137337,0.9797530864197531,1.44369912083,0.8974502151977996,1.0,nan,0.0
4,192,0.6675,3.94860161899,0.3808371360863346,0.8213942769348951,4.91865113926,0.3977653648379894,0.63,3.64729146838,0.21276771171355044,0.6775,3.89083393704,0.2816006835330263,0.66,3.79835892673,0.1981897008242934,0.5325,1.8189136082,0.10793095602504912,0.745,3.39553386552,0.23369325148022177,0.755061728395061,2.03136716242,0.23319859013125388,1.0,nan,0.0
4,223,0.5825,2.01794891896,0.11974603780510448,0.8713654695602071,4.71867856395,0.6472382433830153,0.6375000000000001,3.91349072783,0.24113003860882304,0.605,1.69209377932,0.07841086520004273,0.6775,4.52542249405,0.27119087156647226,0.5575,2.42644095793,0.16091031470701112,0.605,0.344452560314,0.012987523395149692,0.8103703703703701,3.2097499748,0.3773429346720809,0.0,nan,0.0
4,388,0.7825000000000001,2.72169247053,0.8095484062971503,0.713885154599577,1.33140259006,0.05480404503641081,0.7575000000000001,3.60549926821,0.7876277466390793,0.7675000000000001,4.05901188037,0.6732998156898037,0.7675000000000001,4.43848913179,0.7302210074372165,0.675,3.86521773683,0.5725404463563188,0.915,2.20958249852,0.878972401353154,0.851358024691358,3.80273000815,0.5232455235115978,1.0,nan,0.0
4,398,0.847499999999999,1.20778736001,0.9345906795390899,0.8828884194353751,4.40162753304,0.6998607105235075,0.635,3.82646352409,0.23145470301977306,0.6325000000000001,2.52520823447,0.1361283188918081,0.66,3.79835892673,0.1981897008242934,0.545,2.11740597913,0.13251742491793894,0.61,0.386891828756,0.014814178100314483,0.720493827160493,1.50660617517,0.17266485594200856,0.0,nan,0.0
4,462,0.7075,4.09730372623,0.5441863190155342,0.965469560207413,1.4459410749,0.9387051272665978,0.7975000000000001,2.13277456567,0.9021242534078935,0.68,3.95317374999,0.2914061838398807,0.8300000000000001,1.83583051517,0.9250274237690042,0.64,3.93356402916,0.434564206406718,0.79,4.35782656001,0.4110292339219186,0.810864197530864,3.22006613155,0.378930545385604,1.0,nan,0.0
4,509,0.8225,1.72694050898,0.8981336019436441,0.6792778951411561,0.61434514023,0.02233385833435735,0.6375000000000001,3.91349072783,0.24113003860882304,0.6950000000000001,4.2716532568,0.3532191707834377,0.6950000000000001,5.08565118314,0.3556033153327494,0.5125000000000001,1.38223840356,0.07601876316416459,0.919999999999999,2.06455933784,0.8896562813721793,0.9125925925925921,3.13671880354,0.745294385299237,0.0,nan,0.0
4,568,0.5675,1.6554479294,0.09223380851582758,0.786863837142308,3.95186142619,0.24265483153637935,0.685,4.96920988922,0.4574644772950216,0.6625,3.47403065734,0.22628156323602844,0.7975000000000001,3.15966924845,0.8446230373608747,0.865,0.535739490881,0.9699005239671834,0.9450000000000001,1.4078545736,0.9327945872321635,0.9432098765432091,2.33069489132,0.8292053866538773,1.0,nan,0.0
4,570,0.857499999999999,1.03208836229,0.9457742321435412,0.765700019204916,3.13529532339,0.16754103901472228,0.754999999999999,3.69561663432,0.7785010825207563,0.8625,1.39920230621,0.9323373013477633,0.7825000000000001,3.82050508966,0.7922566809147147,0.735,2.79934138487,0.7766910611448965,0.8775000000000001,3.33858682077,0.7749131459364531,0.946172839506172,2.25133659434,0.8359934208629313,1.0,nan,0.0
4,610,0.8225,1.72694050898,0.8981336019436441,0.880929517956596,4.46095041096,0.6911799203385227,0.6875,4.98249834866,0.4699051288116033,0.7825000000000001,3.68702983494,0.7314881863793896,0.725,5.42169255213,0.5154321437319791,0.615,3.67286266634,0.3389798870420747,0.9175000000000001,2.1366285007,0.8844049896844455,0.899753086419753,3.42161692192,0.7031342152052966,0.0,nan,0.0
4,630,0.7725000000000001,2.97564110804,0.7810563701123334,0.9405031688112151,2.25387971306,0.8929380210906506,0.6375000000000001,3.91349072783,0.24113003860882304,0.74,4.49135744789,0.5548665240077318,0.68,4.61802511751,0.28262092687349744,0.5575,2.42644095793,0.16091031470701112,0.6875,1.71702502885,0.0874732307597515,0.7629629629629631,2.18168354751,0.24983559967200822,0.0,nan,0.0
4,658,0.63,3.23735852803,0.24476542664442208,0.656270405223737,0.341215592383,0.011599799064221053,0.54,0.781386792696,0.02701227721609555,0.59,1.30265307987,0.05602101244985656,0.5775,0.773462668602,0.02483030287956929,0.47750000000000004,0.784698458701,0.03876066771851872,0.665,1.18664213407,0.05502624747289956,0.65679012345679,0.944733648889,0.0964034736108506,0.0,nan,0.0
4,659,0.62,2.99035460499,0.21361473464144587,0.531745726906087,0.00636808167031,0.00015990262318533598,0.5925,2.24290168726,0.1024225944455094,0.645,2.92766622634,0.17020742945287584,0.6125,1.76640171741,0.06766603540745962,0.47750000000000004,0.784698458701,0.03876066771851872,0.65,0.900428658057,0.039441839472609236,0.622222222222222,0.730367178446,0.06754402424110123,0.0,nan,0.0
4,716,0.8025,2.20966587316,0.8588453524123646,0.7945073938928361,4.21993548471,0.2738995634460522,0.715,4.80802514046,0.6058538613290063,0.8325,2.19340532882,0.8789023798584237,0.7225,5.42827504307,0.501868345982481,0.645,3.95547782396,0.4542912148446487,0.735,3.10284736706,0.20118989037853374,0.819259259259259,3.38762153673,0.40667766565115965,0.0,nan,0.0
4,767,0.7325,3.82663555345,0.6437740173489723,0.7599385442673321,2.90759988912,0.15013373403741548,0.6625,4.64006618533,0.3486777474608388,0.7000000000000001,4.35372077505,0.37478804932913773,0.6950000000000001,5.08565118314,0.3556033153327494,0.5975,3.36170205685,0.2772965813286977,0.8725,3.48126520533,0.7578615148704131,0.9007407407407401,3.40171268598,0.7065037916469856,0.0,nan,0.0
4,839,0.735,3.78609617853,0.6532903876348827,0.782024198194737,3.77219348534,0.22396140863833675,0.7875000000000001,2.48801663092,0.8790368796916944,0.845,1.84065554519,0.9040874553972991,0.8150000000000001,2.41064647197,0.8932778100956416,0.7275,2.97012777408,0.7550527348116005,0.925,1.9233985912,0.8996244370318147,1.0,1.07596530531,0.922792160967811,1.0,nan,0.0
4,858,0.5675,1.6554479294,0.09223380851582758,0.7714614941425001,3.36314382219,0.18626189291841952,0.635,3.82646352409,0.23145470301977306,0.65,3.0875334828,0.1852461755330119,0.61,1.67722707358,0.06336205756678447,0.5525,2.30215729646,0.1490890102459885,0.6475000000000001,0.858029590268,0.03724407763925547,0.631604938271604,0.785479801773,0.07465380067868158,0.0,nan,0.0
4,864,0.75,3.50111015583,0.7080282116860168,0.8713654695602071,4.71867856395,0.6472382433830153,0.6375000000000001,3.91349072783,0.24113003860882304,0.71,4.47693123166,0.4189882002472768,0.6900000000000001,4.94833310755,0.33050992543538893,0.5625,2.55083912087,0.17335361289605794,0.919999999999999,2.06455933784,0.8896562813721793,0.899753086419753,3.42161692192,0.7031342152052966,0.0,nan,0.0
4,922,0.4525,0.190574023519,0.007687585480338902,0.9174188592279621,3.13678618039,0.8308659038873119,0.595,2.33293229707,0.10814212077598277,0.5750000000000001,0.973045433969,0.03903091372030173,0.605,1.50706860872,0.055405931091774746,0.454999999999999,0.518369029274,0.024264265270823246,0.6825,1.58921611007,0.07920984593210811,0.5837037037037031,0.525273307227,0.04347170234737303,1.0,nan,0.0
4,930,0.7125,4.06432148159,0.5645950462979,0.56024582293067,0.0177864860076,0.0004786845225412624,0.75,3.87144736525,0.7595807412013746,0.7925000000000001,3.40444614711,0.76696342444082,0.78,3.92817875518,0.7825705508089911,0.685,3.75537593562,0.6106737881164416,0.885,3.11701441655,0.7991263698649722,0.750123456790123,1.94308438016,0.2233869706372065,1.0,nan,0.0
4,995,0.7875000000000001,2.59309278307,0.8228355514422653,0.8674860764355671,4.80634073198,0.6287592152728447,0.51,0.352348398638,0.010663815607401043,0.5325,0.362633655009,0.012236366129271429,0.5775,0.773462668602,0.02483030287956929,0.52,1.5389019163,0.08696726990690412,0.65,0.900428658057,0.039441839472609236,0.7664197530864191,2.25074271132,0.25749603478790345,1.0,nan,0.0
4,996,0.625,3.11567546819,0.22888114388048691,0.8703668139043591,4.74223939331,0.6425140874990853,0.6000000000000001,2.51649033216,0.12026388782843281,0.6375000000000001,2.68596582838,0.1491558291084049,0.65,3.3481185214,0.16244840571225028,0.5325,1.8189136082,0.10793095602504912,0.725,2.8008577657,0.17166724588063895,0.8390123456790121,3.69607821547,0.47687769925024737,0.0,nan,0.0
4,1119,0.5,0.525731493899,0.02356482152737551,0.8574227002112541,4.98201007098,0.579442151217404,0.545,0.880220409468,0.03116274459532682,0.58,1.07599944771,0.044150628772216025,0.6000000000000001,1.34814309326,0.048272638898553155,0.5075000000000001,1.2830903113,0.06935726418064818,0.7325,3.02787954402,0.19352637557147995,0.8874074074074071,3.63545340867,0.6595021468038305,0.0,nan,0.0
4,1128,0.8700000000000001,0.839090343901,0.9574385255631365,0.858882273862108,4.96141427564,0.5866989396280138,0.6925,4.99437242959,0.49485549822221375,0.6775,3.89083393704,0.2816006835330263,0.7425,5.20098240917,0.6088154995912074,0.6025,3.45954726311,0.29435238957741616,0.7725000000000001,4.07844782028,0.33699498040396414,0.7935802469135801,2.84138965292,0.32650700974525887,1.0,nan,0.0
4,1186,0.5750000000000001,1.83287104387,0.10530977032036887,0.7987708853466481,4.35889050951,0.2921904555079609,0.6175,3.17948433978,0.17007903681556547,0.6625,3.47403065734,0.22628156323602844,0.7225,5.42827504307,0.501868345982481,0.65,3.96676626903,0.4741012705373403,0.67,1.2942505354,0.061225951259732986,0.712592592592592,1.41474588641,0.16112964369136099,0.0,nan,0.0
4,1356,0.79,2.52872196598,0.8292378138085462,0.704513155367774,1.09551432217,0.04345673199473321,0.774999999999999,2.95282360848,0.8450473278987596,0.8125,2.79810685012,0.8290401808579281,0.7575000000000001,4.79501793194,0.6840059123967626,0.73,2.91371482399,0.7624076613240065,0.925,1.9233985912,0.8996244370318147,0.8316049382716041,3.59768994139,0.4498492464964544,0.0,nan,0.0
4,1357,0.76,3.27859136375,0.7419447348340377,0.283887075091223,2.0134373956e-08,2.9984048145848914e-10,0.78,2.76517033393,0.859341715425199,0.8075000000000001,2.95202532567,0.8146647206240991,0.8025,2.94017352085,0.8598715160076198,0.72,3.13516705056,0.7321535046563115,0.835,4.3026707151,0.6102412628176624,0.6083950617283951,0.652810222792,0.057986290386167726,0.0,nan,0.0
4,1386,0.5825,2.01794891896,0.11974603780510448,0.694680238140964,0.882291280525,0.033761167243367356,0.7025,4.95920143378,0.5446885633769698,0.7425,4.46839200053,0.5660669539688988,0.6975,5.14649823394,0.3683946251358781,0.6525000000000001,3.96840572136,0.48402079200001136,0.8600000000000001,3.81186218094,0.7122349758605487,0.866666666666666,3.82101387004,0.5817686500418993,0.0,nan,0.0
4,1404,0.75,3.50111015583,0.7080282116860168,0.41317457269060803,3.58389915315e-05,6.828316642623895e-07,0.6725,4.83114736629,0.396089972081287,0.7875000000000001,3.5484166771,0.7495792808093983,0.6725,4.33022933925,0.24904652977255765,0.77,1.99338432289,0.8604608238999907,0.75,3.53557808296,0.2510231805578293,0.575802469135802,0.48758785449,0.039471311794705366,0.0,nan,0.0
4,1500,0.6875,4.11433595328,0.46176017018942106,0.9097753024774341,3.4372259835,0.8057398046554878,0.5675,1.43307728177,0.056853344692080005,0.5825,1.13008189236,0.04690786925673613,0.73,5.3893725768,0.5424703862674194,0.387499999999999,0.125272881811,0.0052353834792626215,0.9375,1.59104950279,0.9215568026991906,0.8859259259259251,3.6563365934,0.654100685515321,0.0,nan,0.0
4,1501,0.55,1.278068258,0.06664577563011878,0.8521605531015941,5.0418006115,0.5530587301193103,0.505,0.304391712442,0.009024361202260581,0.6025,1.62333017186,0.07426688781294552,0.6425000000000001,3.00839068858,0.13861324005389586,0.4,0.165552175163,0.007042249087115608,0.9450000000000001,1.4078545736,0.9327945872321635,0.775308641975308,2.43636223232,0.2783196489258611,0.0,nan,0.0
4,1511,0.6075,2.6667926321,0.17824643154322417,0.8636450931438441,4.8825129154,0.6101483710107443,0.52,0.466677985058,0.014737453963783917,0.54,0.439004745278,0.01523517621238219,0.6125,1.76640171741,0.06766603540745962,0.5925,3.25778912997,0.2607454835541284,0.8700000000000001,3.55065768126,0.7490713155665064,0.724444444444444,1.55605157106,0.17871374198860093,1.0,nan,0.0
4,1556,0.705,4.10956121831,0.5339271440492414,0.788745918955252,4.01984462173,0.25015671578500137,0.6625,4.64006618533,0.3486777474608388,0.705,4.42236080497,0.39673399217258665,0.675,4.42938961943,0.25999667312296154,0.6525000000000001,3.96840572136,0.48402079200001136,0.7825000000000001,4.25640739888,0.37870770921458513,0.675555555555555,1.07824194289,0.11535905592830008,1.0,nan,0.0
4,1630,0.8525,1.11756361038,0.9404020840228176,0.888611484540042,4.21740278204,0.7245317215203035,0.6325000000000001,3.73765864023,0.2219992024007319,0.6825,4.01308810635,0.3013645309480557,0.6525000000000001,3.4615340346,0.17096051994217504,0.6075,3.55058533819,0.3118807065111877,0.64,0.739667367848,0.03126090950855399,0.6335802469135801,0.797347912848,0.07621707170183992,0.0,nan,0.0
4,1667,0.75,3.50111015583,0.7080282116860168,0.660072978682542,0.377415914346,0.012965124397969138,0.6625,4.64006618533,0.3486777474608388,0.6175,2.05587157748,0.10180317136553005,0.68,4.61802511751,0.28262092687349744,0.49,0.971898669379,0.04970902563920485,0.8,4.44597074952,0.4550945492355586,0.902222222222222,3.37116296884,0.7115208377514126,0.0,nan,0.0
4,1680,0.784999999999999,2.65744720871,0.8162723634758684,0.8974841559439211,3.90512910958,0.7605868985331068,0.6950000000000001,4.9929283718,0.5073406497122316,0.7275,4.55122932506,0.4982535802912624,0.7925000000000001,3.38092244978,0.8282718843821015,0.6975,3.5704651038,0.6565112305963753,0.8700000000000001,3.55065768126,0.7490713155665064,0.875061728395061,3.77444022965,0.613678807985521,1.0,nan,0.0
4,1725,0.615,2.86226404947,0.19898221309730205,0.84251968503937,5.09054998137,0.5041522342403675,0.6000000000000001,2.51649033216,0.12026388782843281,0.6475000000000001,3.00782387435,0.17762686992517784,0.685,4.79176171578,0.30615208569486707,0.625,3.80598869205,0.3764041992315251,0.7425,3.32372190601,0.22529395821726272,0.760987654320987,2.14309559499,0.24556432021127791,1.0,nan,0.0
4,1764,0.7725000000000001,2.97564110804,0.7810563701123334,0.7307470712502401,1.83604717484,0.08136711788260906,0.67,4.78976224342,0.3840629170348221,0.7425,4.46839200053,0.5660669539688988,0.7075,5.33316399616,0.4208708923047215,0.645,3.95547782396,0.4542912148446487,0.857499999999999,3.87235782092,0.7026292566163568,0.880987654320987,3.71783757292,0.635887632977537,0.0,nan,0.0
4,1770,0.635,3.35452986019,0.2612472093495998,0.785327443825619,3.89553543253,0.23662639626204338,0.5775,1.73473950543,0.07266521056969666,0.64,2.76659442212,0.15597151806766682,0.6025,1.42618463399,0.05173995393449139,0.5525,2.30215729646,0.1490890102459885,0.835,4.3026707151,0.6102412628176624,0.722962962962963,1.53722120779,0.17642247213543022,0.0,nan,0.0
4,1799,0.8250000000000001,1.67028050105,0.9023799293686057,0.434415210293835,0.000101746924989,2.0301903393662044e-06,0.8400000000000001,0.938211186449,0.9653279276816034,0.885,0.938190499683,0.9584002479851995,0.81,2.61817645064,0.8807085253615778,0.8500000000000001,0.677619339462,0.9608359802575153,0.8,4.44597074952,0.4550945492355586,0.7614814814814811,2.15268129011,0.24662500416571484,0.0,nan,0.0
4,1872,0.6075,2.6667926321,0.17824643154322417,0.683272517764547,0.676552300503,0.024910562468453627,0.6075,2.79837786211,0.140190752717541,0.6475000000000001,3.00782387435,0.17762686992517784,0.66,3.79835892673,0.1981897008242934,0.52,1.5389019163,0.08696726990690412,0.9475,1.3497218138,0.9362412456234873,0.7866666666666661,2.68608320786,0.30740012587136123,0.0,nan,0.0
4,1927,0.5,0.525731493899,0.02356482152737551,0.814518916842711,4.7849006922,0.3643874612421971,0.5775,1.73473950543,0.07266521056969666,0.5775,1.02365325748,0.04152642500753492,0.66,3.79835892673,0.1981897008242934,0.52,1.5389019163,0.08696726990690412,0.8400000000000001,4.22701687197,0.6315707076846432,0.8172839506172841,3.34967993541,0.40002337372616664,0.0,nan,0.0
4,1996,0.62,2.99035460499,0.21361473464144587,0.8560015363933161,5.00040740242,0.5723486311535166,0.525,0.533967768701,0.017236101109130403,0.495,0.125581937386,0.0037342695578543006,0.67,4.22824924878,0.23834787635557014,0.6000000000000001,3.41143016296,0.2857633225573646,0.7325,3.02787954402,0.19352637557147995,0.7866666666666661,2.68608320786,0.30740012587136123,0.0,nan,0.0
4,1997,0.7775000000000001,2.84947178212,0.7956199919363616,0.8905703860188201,4.15097836827,0.7327283974505125,0.6625,4.64006618533,0.3486777474608388,0.685,4.07043965544,0.3114694885627302,0.6900000000000001,4.94833310755,0.33050992543538893,0.59,3.20379686379,0.25266823525172444,0.67,1.2942505354,0.061225951259732986,0.493827160493827,0.194340664036,0.012747457035509948,1.0,nan,0.0
4,2335,0.75,3.50111015583,0.7080282116860168,0.9059343191857111,3.58639165996,0.792250397649867,0.5825,1.89733510246,0.08174231702519671,0.64,2.76659442212,0.15597151806766682,0.675,4.42938961943,0.25999667312296154,0.485,0.893515670686,0.04504744791729576,0.6900000000000001,1.78287939899,0.09184784888515025,0.884444444444444,3.67611260177,0.6486691036733255,0.0,nan,0.0
4,2465,-0.25,1.91034213596e-15,2.620979833825258e-17,0.937007874015748,2.38167608597,0.8848375567821523,0.7775000000000001,2.85881771425,0.8523118227726403,0.6675,3.62010794971,0.24401945889994223,0.7225,5.42827504307,0.501868345982481,0.555,2.36424175223,0.15492197641934138,0.7225,2.72491294026,0.1647600350547346,0.8153086419753081,3.31076444335,0.39344500345304056,1.0,nan,0.0
4,2605,-0.25,1.91034213596e-15,2.620979833825258e-17,0.8767428461686191,4.58060839632,0.6722493938576869,0.3025,3.70100818998e-05,6.102232254930667e-07,0.339999999999999,0.000312258902969,6.543267186683951e-06,0.339999999999999,2.74697862966e-05,4.544864692320008e-07,0.355,0.0591493263525,0.002363339311285683,0.59,0.239800537432,0.008645592517367715,0.803456790123456,3.06136982622,0.35566111150902985,1.0,nan,0.0
4,2876,0.6075,2.6667926321,0.17824643154322417,0.602458229306702,0.0715143602458,0.0021281036809558222,0.794999999999999,2.21965816137,0.8966840087619661,0.8174999999999991,2.64437384762,0.8426461019920799,0.8400000000000001,1.50068071962,0.9416754402093092,0.889999999999999,0.356146761492,0.9809152983140025,0.9550000000000001,1.18444504433,0.9457357425082173,0.886913580246913,3.6425361597,0.6577051073628516,0.0,nan,0.0
4,2877,0.6875,4.11433595328,0.46176017018942106,0.748454004225081,2.46377433083,0.11930826711031513,0.75,3.87144736525,0.7595807412013746,0.6725,3.75944857921,0.2624714136054592,0.635,2.67482214452,0.11730706602340535,0.635,3.90117129832,0.41497304453630446,0.8075000000000001,4.47478436768,0.4885677515678428,0.845432098765432,3.76111960742,0.5008250433706217,1.0,nan,0.0
4,2958,0.6825,4.08959431936,0.4412455663524103,0.8905703860188201,4.15097836827,0.7327283974505125,0.59,2.15421137287,0.0969264951773907,0.5325,0.362633655009,0.012236366129271429,0.65,3.3481185214,0.16244840571225028,0.7475,2.50847715443,0.8098689440716549,0.8775000000000001,3.33858682077,0.7749131459364531,0.9797530864197531,1.44369912083,0.8974502151977996,0.0,nan,0.0
4,4771,0.6025,2.53544880215,0.1652407051316886,0.7637795275590551,3.05925251607,0.16159276101119113,0.635,3.82646352409,0.23145470301977306,0.705,4.42236080497,0.39673399217258665,0.705,5.29534761778,0.40758398760763404,0.5175000000000001,1.48566023198,0.0831867741515328,0.8975000000000001,2.73700479989,0.835721405587194,0.79753086419753,2.93002625909,0.33790749521510005,1.0,nan,0.0
4,4778,0.7875000000000001,2.59309278307,0.8228355514422653,0.594814672556174,0.056190603686,0.0016422062639081432,0.7125,4.84739280501,0.5937836697458789,0.774999999999999,3.88232822291,0.7030926672265292,0.6875,4.87232832207,0.3182331211887707,0.6575000000000001,3.96368585959,0.5038554556543872,0.9400000000000001,1.52854892093,0.9254560077137337,0.941234567901234,2.3839146406,0.8245490163661291,1.0,nan,0.0
4,4801,0.7075,4.09730372623,0.5441863190155342,0.8214326867678121,4.91929782326,0.3979543018296153,0.625,3.46272889065,0.19499077141957927,0.64,2.76659442212,0.15597151806766682,0.735,5.33199461996,0.56928408628245,0.6725,3.88683380915,0.5628498771949816,0.764999999999999,3.91671957644,0.30699920653762314,0.8103703703703701,3.2097499748,0.3773429346720809,1.0,nan,0.0
4,4805,0.7675000000000001,3.09938083519,0.7658676289867226,0.7753024774342231,3.51380342904,0.19946950669330596,0.74,4.19958124973,0.719195716998071,0.8400000000000001,1.97851621042,0.8945414737394433,0.7725000000000001,4.24118272109,0.7519246475949284,0.6975,3.5704651038,0.6565112305963753,0.9125000000000001,2.28333366567,0.8733564127332978,0.940246913580246,2.4105939611,0.8221813610244275,0.0,nan,0.0
4,4819,0.6025,2.53544880215,0.1652407051316886,0.8751680430190121,4.62293898968,0.6650023066190072,0.6725,4.83114736629,0.396089972081287,0.715,4.51692992444,0.4414790100281655,0.6725,4.33022933925,0.24904652977255765,0.56,2.48866941768,0.1670542056572813,0.7225,2.72491294026,0.1647600350547346,0.884444444444444,3.67611260177,0.6486691036733255,0.0,nan,0.0
4,4977,0.64,3.46632035643,0.27830175630848314,0.7945073938928361,4.21993548471,0.2738995634460522,0.725,4.60838247018,0.652990295014297,0.685,4.07043965544,0.3114694885627302,0.71,5.36484657355,0.43424469547875055,0.705,3.43786960668,0.6828015912956571,0.8500000000000001,4.04011072101,0.6729440039890214,0.7970370370370371,2.91897668543,0.33646329649174783,1.0,nan,0.0
4,5024,0.67,3.97879006977,0.39074691163071507,0.9289802189360471,2.68495303328,0.8645090960269665,0.6525000000000001,4.38642834105,0.30349745198389255,0.7625000000000001,4.16461038904,0.6527364013199934,0.7000000000000001,5.20185370389,0.38133122968203703,0.495,1.05498691063,0.0547742788849561,0.7425,3.32372190601,0.22529395821726272,0.9032098765432091,3.35034824702,0.7148401315307803,1.0,nan,0.0
4,5041,0.75,3.50111015583,0.7080282116860168,0.7061647781832141,1.13474392233,0.04529836758239123,0.454999999999999,0.0571253898087,0.001406816241872812,0.47750000000000004,0.0722742738393,0.002040774612951626,0.41000000000000003,0.00117687571598,2.2804979247099564e-05,0.36250000000000004,0.0705502145966,0.0028485302608276656,0.6375000000000001,0.703091848055,0.029457754900487344,0.8246913580246911,3.48627764197,0.425351506734138,0.0,nan,0.0
4,5303,0.25,0.000626670169955,1.727191380151278e-05,0.865603994622623,4.84502407306,0.6196764822265186,0.47250000000000003,0.107118180672,0.0028037254294274398,0.5,0.146089543317,0.00441232405292593,0.75,5.02005060185,0.6471739028934541,0.6950000000000001,3.61127942847,0.6475336763085027,0.8600000000000001,3.81186218094,0.7122349758605487,0.78716049382716,2.69713925936,0.3087293161935427,1.0,nan,0.0
4,5309,0.6950000000000001,4.12975462274,0.49269187778689777,0.8444785865181481,5.08712937363,0.514121313332871,0.6900000000000001,4.9908932508,0.48237289066936756,0.6950000000000001,4.2716532568,0.3532191707834377,0.6975,5.14649823394,0.3683946251358781,0.585,3.09223200804,0.23692628431018903,0.7675000000000001,3.97307831056,0.31686194183768124,0.9041975308641971,3.32918631167,0.7181386952869786,0.0,nan,0.0
4,5385,0.7625000000000001,3.2198498393,0.7500680122831742,0.9020933358939881,3.73322838304,0.7781922445964485,0.5875,2.06698119512,0.0916503205479956,0.6000000000000001,1.55604655654,0.07029298084241581,0.6075,1.59076391445,0.05927764009780703,0.5075000000000001,1.2830903113,0.06935726418064818,0.8425,4.18458301001,0.6420858301752543,0.9446913580246911,2.29093443941,0.832628797371467,0.0,nan,0.0
4,5562,0.6875,4.11433595328,0.46176017018942106,0.256769733051661,3.26939796629e-09,4.653781117873642e-11,0.774999999999999,2.95282360848,0.8450473278987596,0.8200000000000001,2.56787655799,0.8491613437909145,0.8025,2.94017352085,0.8598715160076198,0.7575000000000001,2.27608302546,0.8337891706493743,0.9575,1.13243976474,0.9486315247670752,0.9111111111111111,3.17217639359,0.7406210581472243,0.0,nan,0.0
4,5627,0.6675,3.94860161899,0.3808371360863346,0.8681774534280771,4.79148889974,0.6320770942050637,0.5225000000000001,0.499432691535,0.015944727053764964,0.66,3.39885375646,0.2176901878591883,0.59,1.06462268756,0.03624699870657529,0.5675,2.67463883203,0.1864177103697327,0.59,0.239800537432,0.008645592517367715,0.7688888888888881,2.30120267425,0.26311553314403274,1.0,nan,0.0
4,5729,0.5,0.525731493899,0.02356482152737551,0.696216631457653,0.913349966755,0.035140467737076506,0.5225000000000001,0.499432691535,0.015944727053764964,0.545,0.496676515838,0.017572037163089606,0.5,0.0612637999848,0.0014862513680388625,0.41000000000000003,0.205995017914,0.008893268541630833,0.6375000000000001,0.703091848055,0.029457754900487344,0.826172839506172,3.51157957505,0.43053519527083073,0.0,nan,0.0
4,7055,0.8075000000000001,2.08483772432,0.8695807003093668,0.8713654695602071,4.71867856395,0.6472382433830153,0.47250000000000003,0.107118180672,0.0028037254294274398,0.5675,0.831606909508,0.03227316401125358,0.54,0.254035143965,0.0070085873113481245,0.464999999999999,0.626024671011,0.029972546294210256,0.6375000000000001,0.703091848055,0.029457754900487344,0.7412345679012341,1.79557162789,0.206781621631118,0.0,nan,0.0
4,7341,0.5,0.525731493899,0.02356482152737551,0.8636835029767621,4.8818055063,0.6103358939338848,0.6125,2.98877623932,0.1546581997392244,0.754999999999999,4.30215433667,0.6209696024367093,0.7000000000000001,5.20185370389,0.38133122968203703,0.6025,3.45954726311,0.29435238957741616,0.7675000000000001,3.97307831056,0.31686194183768124,0.8864197530864191,3.6494974928,0.6559046002129255,0.0,nan,0.0
4,7342,0.59,2.20903926205,0.1355940612661031,0.8137507201843671,4.76780982168,0.36071825445477,0.545,0.880220409468,0.03116274459532682,0.56,0.705483261873,0.02651849899172419,0.5875,1.0008680235,0.03366572272927778,0.52,1.5389019163,0.08696726990690412,0.847499999999999,4.09101741697,0.662779541457831,0.9061728395061721,3.28586052429,0.724672290377607,1.0,nan,0.0
4,7343,0.6325000000000001,3.29656271983,0.2529330745823263,0.8559631265603991,5.00088175109,0.5721565572269769,0.6875,4.98249834866,0.4699051288116033,0.715,4.51692992444,0.4414790100281655,0.7075,5.33316399616,0.4208708923047215,0.665,3.93681588729,0.5334970458290069,0.9125000000000001,2.28333366567,0.8733564127332978,0.9619753086419751,1.84537805469,0.8683160371586575,0.0,nan,0.0
4,7588,0.6025,2.53544880215,0.1652407051316886,0.8559631265603991,5.00088175109,0.5721565572269769,0.6725,4.83114736629,0.396089972081287,0.6175,2.05587157748,0.10180317136553005,0.6950000000000001,5.08565118314,0.3556033153327494,0.845,0.731491731113,0.9573146422191436,0.8150000000000001,4.47079694605,0.5221342489535817,0.958024691358024,1.94336389719,0.8608330093339045,1.0,nan,0.0
4,7599,0.75,3.50111015583,0.7080282116860168,0.8646437487996921,4.86375909364,0.6150150182395491,0.5625,1.29484719181,0.0500371376314878,0.5675,0.831606909508,0.03227316401125358,0.6000000000000001,1.34814309326,0.048272638898553155,0.5325,1.8189136082,0.10793095602504912,0.9500000000000001,1.29309778294,0.9395444537060245,0.9456790123456791,2.26451616666,0.8348783963341859,1.0,nan,0.0
4,7903,0.75,3.50111015583,0.7080282116860168,0.8857307470712501,4.31206675444,0.7122452427164061,0.6425000000000001,4.08135362357,0.2611208265157733,0.645,2.92766622634,0.17020742945287584,0.68,4.61802511751,0.28262092687349744,0.5375,1.93648894982,0.11731831285354066,0.64,0.739667367848,0.03126090950855399,0.6716049382716051,1.04872105082,0.11115793273830311,1.0,nan,0.0
4,8207,0.6625,3.88067520559,0.3612598267707073,0.8859612060687531,4.3046331125,0.713238141203159,0.7375,4.27549396885,0.7086012988029107,0.6575000000000001,3.32245974937,0.20928830870452472,0.6975,5.14649823394,0.3683946251358781,0.54,1.99625112361,0.12223411328166152,0.7775000000000001,4.1731963185,0.35762871386147904,0.7046913580246911,1.331322999,0.15028615209643797,0.0,nan,0.0
4,8290,0.8925000000000001,0.562606238168,0.9730441036549522,0.783022853850585,3.8097822322,0.22774732046849905,0.7825000000000001,2.67204892218,0.8661381129542514,0.8325,2.19340532882,0.8789023798584237,0.77,4.34117409776,0.7411961755184935,0.75,2.45012455416,0.8160671786031923,0.8300000000000001,4.36543188036,0.5885654950285863,0.8898765432098761,3.59824801625,0.668433251610309,0.0,nan,0.0
4,8961,0.535,1.00103354621,0.04960840817491263,0.73309007105819,1.9139023559,0.08575983836115705,0.6325000000000001,3.73765864023,0.2219992024007319,0.6025,1.62333017186,0.07426688781294552,0.6625,3.90850347614,0.2078235745472452,0.5325,1.8189136082,0.10793095602504912,0.9075000000000001,2.43284983525,0.8615669632973189,0.835555555555555,3.65309139602,0.4641738987222232,0.0,nan,0.0
4,9191,0.5825,2.01794891896,0.11974603780510448,0.8905319761859031,4.15229586742,0.7325689337606034,0.605,2.70375060636,0.13331320189188844,0.63,2.44534012966,0.12991522629042884,0.685,4.79176171578,0.30615208569486707,0.5925,3.25778912997,0.2607454835541284,0.6825,1.58921611007,0.07920984593210811,0.28098765432098705,0.00499000973618,0.00021527134244526386,0.0,nan,0.0
4,9518,0.75,3.50111015583,0.7080282116860168,0.8706740925676971,4.73506200538,0.6439701754012332,0.625,3.46272889065,0.19499077141957927,0.725,4.55194885005,0.48687381746114156,0.7000000000000001,5.20185370389,0.38133122968203703,0.675,3.86521773683,0.5725404463563188,0.8500000000000001,4.04011072101,0.6729440039890214,0.919012345679012,2.97705257362,0.7649236838644217,1.0,nan,0.0
4,10630,0.58,1.95550061641,0.11477937249369091,0.6800845016324181,0.626515888684,0.02283428852396542,0.6675,4.74403181285,0.3721447822855264,0.7225,4.54887308674,0.47549699905286824,0.7275,5.40870666964,0.5289714719353722,0.7075,3.39058383765,0.6913374575650741,0.867499999999999,3.61855803788,0.7401094699146631,0.7698765432098761,2.32163674435,0.26539840535419545,1.0,nan,0.0
4,10672,-0.25,1.91034213596e-15,2.620979833825258e-17,0.8137507201843671,4.76780982168,0.36071825445477,0.535,0.690943894369,0.023334888399478913,0.6425000000000001,2.84720822385,0.1629887890018553,0.6075,1.59076391445,0.05927764009780703,0.5,1.14276601098,0.06026671526880999,0.9275,1.85445461004,0.9043465142986439,0.72395061728395,1.54973575775,0.17794688253410443,0.0,nan,0.0
4,11039,0.715,4.04367406939,0.5747306103678493,0.7560975609756091,2.75712231216,0.13925516919711511,0.7625000000000001,3.42190922737,0.8051979010950567,0.8425,1.90900151286,0.8994006338633331,0.735,5.33199461996,0.56928408628245,0.72,3.13516705056,0.7321535046563115,0.8125,4.47578227854,0.5109502642559234,0.0,2.3643396181e-06,6.932060811886361e-08,1.0,nan,0.0
4,11140,0.5275000000000001,0.879373364469,0.042563904575069894,0.865565584789706,4.84578658296,0.6194903710139729,0.5775,1.73473950543,0.07266521056969666,0.6325000000000001,2.52520823447,0.1361283188918081,0.6975,5.14649823394,0.3683946251358781,0.55,2.24027039104,0.14341102523221755,0.7825000000000001,4.25640739888,0.37870770921458513,0.245432098765432,0.00226183024036,9.215928857978646e-05,1.0,nan,0.0
4,11230,0.6825,4.08959431936,0.4412455663524103,0.7756865757633951,3.52877517207,0.20082202867400395,0.6725,4.83114736629,0.396089972081287,0.6950000000000001,4.2716532568,0.3532191707834377,0.74,5.2504483849,0.5957500333776923,0.6125,3.63411697007,0.3298457294573677,0.8975000000000001,2.73700479989,0.835721405587194,0.8301234567901231,3.57529582194,0.4445358186520403,1.0,nan,0.0
4,11275,0.8250000000000001,1.67028050105,0.9023799293686057,0.45938160169003206,0.000324687913685,6.854764352081689e-06,0.7875000000000001,2.48801663092,0.8790368796916944,0.8775000000000001,1.07805588741,0.9508479237887291,0.8225,2.1133330387,0.9102313198938274,0.8200000000000001,1.05596673741,0.9351693073491834,0.8775000000000001,3.33858682077,0.7749131459364531,0.8740740740740741,3.78198948167,0.6099471928284825,1.0,nan,0.0
4,12534,0.6900000000000001,4.12238390863,0.4720566738719336,0.8021893604762821,4.46380580391,0.30727228623601144,0.6475000000000001,4.23954898449,0.2819274595165394,0.6525000000000001,3.1666446803,0.19306403872510888,0.665,4.01707407707,0.2177309066660323,0.5625,2.55083912087,0.17335361289605794,0.735,3.10284736706,0.20118989037853374,0.895308641975308,3.50634157026,0.6877357421140089,0.0,nan,0.0
4,14112,0.715,4.04367406939,0.5747306103678493,0.777222969080084,3.58844806175,0.20628950140478136,0.75,3.87144736525,0.7595807412013746,0.77,4.002420641,0.6833771099996644,0.754999999999999,4.87451969389,0.6719181004191493,0.705,3.43786960668,0.6828015912956571,0.8174999999999991,4.46216804036,0.5333012124152461,0.869135802469135,3.81147882322,0.5911921985106244,0.0,nan,0.0
4,15812,0.5475,1.22880420877,0.06351243851067752,0.7657384290378331,3.13681669222,0.16766149440197736,0.5750000000000001,1.65628819857,0.06842683357521873,0.5675,0.831606909508,0.03227316401125358,0.62,2.04942816709,0.08196128297966086,0.5,1.14276601098,0.06026671526880999,0.7125,2.42303477828,0.13902437147433777,0.8222222222222221,3.44253019069,0.4167970288676848,1.0,nan,0.0
4,15877,0.375,0.027831836501,0.0009737136582284082,0.9789130017284421,1.10032405954,0.9557469393021343,0.47000000000000003,0.0981936740884,0.0025472271588511865,0.43999999999999906,0.0197085080425,0.0005047813827392451,0.545,0.298512868949,0.008387408194055162,0.4325,0.331279697017,0.014838589430655583,0.764999999999999,3.91671957644,0.30699920653762314,0.741728395061728,1.80338117736,0.20767025009596798,1.0,nan,0.0
4,15878,0.6925,4.1275265962,0.48236966849509827,0.769541002496639,3.2873398144,0.1798757570298333,0.6975,4.98656824122,0.5198160429473098,0.7025,4.38976252857,0.3857181123565898,0.75,5.02005060185,0.6471739028934541,0.65,3.96676626903,0.4741012705373403,0.8,4.44597074952,0.4550945492355586,0.8696296296296291,3.80915346885,0.5930738418426674,0.0,nan,0.0
4,16373,0.6675,3.94860161899,0.3808371360863346,0.880929517956596,4.46095041096,0.6911799203385227,0.6925,4.99437242959,0.49485549822221375,0.65,3.0875334828,0.1852461755330119,0.6925,5.0195210262,0.3429707722775241,0.5975,3.36170205685,0.2772965813286977,0.7000000000000001,2.05802510995,0.11103755524163003,0.6641975308641971,0.995526208747,0.10358827117396248,1.0,nan,0.0
4,17703,0.0,1.14944767788e-08,2.1141413059355254e-10,0.9251008258114071,2.83524385074,0.8538022043336414,0.635,3.82646352409,0.23145470301977306,0.76,4.21336023853,0.6422633539828038,0.605,1.50706860872,0.055405931091774746,0.42750000000000005,0.29873409129,0.01326478399580812,0.595,0.271176534071,0.009921665474561631,0.9827160493827161,1.3837354619,0.9016384895409533,1.0,nan,0.0
4,17743,0.5,0.525731493899,0.02356482152737551,0.8367966199347031,5.08145828037,0.4750311456480864,0.6725,4.83114736629,0.396089972081287,0.6825,4.01308810635,0.3013645309480557,0.665,4.01707407707,0.2177309066660323,0.6625,3.94838330462,0.5236400076736514,0.784999999999999,4.29342590084,0.3893956547421627,0.8755555555555551,3.7704612708,0.615541752220281,0.0,nan,0.0
4,17938,0.5,0.525731493899,0.02356482152737551,0.9558671019781061,1.73254758281,0.9234703766962455,0.3125,6.60433406813e-05,1.112103681297908e-06,0.262499999999999,6.81285363818e-06,1.2491155317067636e-07,0.4375,0.00436522094063,9.018357174310894e-05,0.4575,0.543753650717,0.02559171147384789,0.7125,2.42303477828,0.13902437147433777,0.908148148148148,3.2412661954,0.7311190373776104,1.0,nan,0.0
4,17979,0.7125,4.06432148159,0.5645950462979,0.87866333781448,4.52696908631,0.6809952549410576,0.6525000000000001,4.38642834105,0.30349745198389255,0.6825,4.01308810635,0.3013645309480557,0.7325,5.36376838668,0.5559131091154108,0.49,0.971898669379,0.04970902563920485,0.6775,1.46689050944,0.07157192624695774,0.752592592592592,1.98666648614,0.22823828336650306,1.0,nan,0.0
4,18166,0.6125,2.7974473401,0.19190748501253468,0.8275398502016511,5.00719361834,0.42828090581571865,0.5875,2.06698119512,0.0916503205479956,0.6625,3.47403065734,0.22628156323602844,0.64,2.89619438162,0.131232678332103,0.5625,2.55083912087,0.17335361289605794,0.8825000000000001,3.19168697126,0.791240348076587,0.997037037037037,1.12367284351,0.9195339433639755,0.0,nan,0.0
4,18246,0.774999999999999,2.91280831112,0.788417047537088,0.9107355483003641,3.39967076996,0.8090223622986713,0.784999999999999,2.57961356603,0.8727025319637415,0.78,3.75395868315,0.7221865949420516,0.7525000000000001,4.94961678801,0.6596369847896063,0.77,1.99338432289,0.8604608238999907,0.8725,3.48126520533,0.7578615148704131,0.9624691358024691,1.83332801153,0.8692243577637035,1.0,nan,0.0
4,18248,0.9175000000000001,0.347900477613,0.984244728596944,0.9520261186863831,1.85604548459,0.9165800745500141,0.7475,3.95673791103,0.7497951083123492,0.7725000000000001,3.94347997612,0.6933099609450926,0.8625,0.90184057827,0.9683006360640543,0.8174999999999991,1.09375152063,0.932482367613881,0.9075000000000001,2.43284983525,0.8615669632973189,0.8562962962962961,3.82301398965,0.5420800339153549,0.0,nan,0.0
4,18270,0.645,3.57187673384,0.2959000212147008,0.779181870558863,3.66396638559,0.21339299549610274,0.6775,4.90042206031,0.4204265100753596,0.764999999999999,4.113118781,0.6630841209901126,0.7425,5.20098240917,0.6088154995912074,0.6275000000000001,3.83347876108,0.38595403466267875,0.7925000000000001,4.38504589047,0.4219585292378504,0.9501234567901231,2.1467343365,0.8446804476523949,1.0,nan,0.0
4,18297,0.75,3.50111015583,0.7080282116860168,0.7647397733819851,3.09726557333,0.16454864459143262,0.745,4.03999675619,0.7397987447640632,0.7525000000000001,4.34197269387,0.6101637890498626,0.745,5.14595790083,0.6217503128159833,0.7275,2.97012777408,0.7550527348116005,0.8525,3.98661404551,0.6829779366112798,0.853333333333333,3.81244932551,0.5307670372273635,0.0,nan,0.0
4,18311,0.75,3.50111015583,0.7080282116860168,0.814518916842711,4.7849006922,0.3643874612421971,0.382499999999999,0.00261371523728,5.190316599723227e-05,0.42000000000000004,0.00927677485165,0.00022698188310411844,0.58,0.826262144038,0.02682940888500685,0.41750000000000004,0.24199744233,0.010569973230604355,0.8300000000000001,4.36543188036,0.5885654950285863,0.838024691358024,3.6843414806,0.47323301099576587,1.0,nan,0.0
4,18312,1.0,0.0565699026708,0.9978371658412972,0.9389667754945261,2.30969247176,0.8894323749774299,0.48250000000000004,0.150270161383,0.004080126817854749,0.5275000000000001,0.317993628626,0.01053679529005254,0.6525000000000001,3.4615340346,0.17096051994217504,0.48250000000000004,0.856082182431,0.042860693862813284,0.9025000000000001,2.58436938629,0.8490245709608417,0.7891358024691351,2.74144943063,0.3141007416112379,1.0,nan,0.0
4,18319,0.47750000000000004,0.331039224937,0.01406688539504191,0.9348185135394661,2.46314752015,0.8795342126988865,0.485,0.163152818284,0.004471715852751952,0.53,0.339714429177,0.01135868513278528,0.48250000000000004,0.0307020154807,0.0007095586884961976,0.615,3.67286266634,0.3389798870420747,0.7525000000000001,3.60352132909,0.2599473686409643,0.8538271604938271,3.81454663352,0.5326502516110254,0.0,nan,0.0
4,18392,0.5775,1.89378770404,0.10996792178929668,0.812944113693105,4.74941942001,0.3568798945685043,0.5775,1.73473950543,0.07266521056969666,0.595,1.4261195683,0.06284019382979243,0.5975,1.27296327644,0.04499685338667919,0.52,1.5389019163,0.08696726990690412,0.725,2.8008577657,0.17166724588063895,0.655308641975308,0.934827073449,0.09501121612762185,1.0,nan,0.0
4,18476,0.75,3.50111015583,0.7080282116860168,0.8598041098521221,4.94752858972,0.5912662015857212,0.7075,4.91261917045,0.5693760190412137,0.73,4.5467235951,0.5096268086458803,0.784999999999999,3.71165654583,0.8016720973416762,0.6875,3.72238435997,0.6200214280581553,0.8925000000000001,2.88979540337,0.8216542607127899,0.8730864197530861,3.78899143568,0.6062083916624291,1.0,nan,0.0
4,18739,0.6875,4.11433595328,0.46176017018942106,0.869829076243518,4.75464422139,0.6399606626051024,0.6925,4.99437242959,0.49485549822221375,0.754999999999999,4.30215433667,0.6209696024367093,0.745,5.14595790083,0.6217503128159833,0.5875,3.14857806973,0.2447275213678637,0.847499999999999,4.09101741697,0.662779541457831,0.7308641975308641,1.64182167093,0.18897482872511337,0.0,nan,0.0
4,18763,-0.25,1.91034213596e-15,2.620979833825258e-17,0.928596120606875,2.69974455313,0.8634749700421585,0.29250000000000004,2.04697917296e-05,3.3063683227949964e-07,0.29250000000000004,3.19085640122e-05,6.15719607144919e-07,0.5825,0.881729440847,0.02896383694510362,0.5,1.14276601098,0.06026671526880999,0.9575,1.13243976474,0.9486315247670752,0.955555555555555,2.00594144069,0.8559575233196602,1.0,nan,0.0
4,19718,0.875,0.770006715451,0.9614593742512008,0.640868062223929,0.223720889296,0.007304926296767951,0.6925,4.99437242959,0.49485549822221375,0.77,4.002420641,0.6833771099996644,0.9225000000000001,0.164912182197,0.9953233177511096,0.635,3.90117129832,0.41497304453630446,0.905,2.50841285543,0.85539047841423,0.8444444444444441,3.75242439095,0.4971146109322818,0.0,nan,0.0
4,19745,-0.25,1.91034213596e-15,2.620979833825258e-17,0.6714038793931241,0.505421045949,0.017936860205767024,0.857499999999999,0.619516100204,0.9788151749276623,0.857499999999999,1.51831689875,0.9250459496977099,0.8925000000000001,0.408906781395,0.9871876554373187,0.625,3.80598869205,0.3764041992315251,0.857499999999999,3.87235782092,0.7026292566163568,0.6167901234567901,0.699383626096,0.06366105285072939,1.0,nan,0.0
4,20639,0.5825,2.01794891896,0.11974603780510448,0.864298060303437,4.87033559171,0.6133325333855495,0.4425,0.0354513852691,0.0008378460002299169,0.41500000000000004,0.00763620964725,0.0001848237903769353,0.5275000000000001,0.166941484134,0.004410442668761784,0.3375,0.038929346779,0.0015167522741865648,0.81,4.47711222332,0.49975838397861494,0.972345679012345,1.60263027011,0.88617535174913,1.0,nan,0.0
4,25302,0.5,0.525731493899,0.02356482152737551,0.7191088918763201,1.47688875749,0.062134589418622446,0.48750000000000004,0.176971327681,0.004896670746517119,0.5625,0.745852761586,0.02833232465849823,0.5125000000000001,0.0978927772779,0.002464883396957886,0.39,0.132518487951,0.00555754393938173,0.725,2.8008577657,0.17166724588063895,0.925925925925925,2.79670235244,0.784886356666177,0.0,nan,0.0
4,27972,0.6675,3.94860161899,0.3808371360863346,0.850240061455732,5.05786103619,0.543360072757177,0.7025,4.95920143378,0.5446885633769698,0.7775000000000001,3.81910660319,0.7127198771057605,0.7525000000000001,4.94961678801,0.6596369847896063,0.6675,3.92267685159,0.5433219439443429,0.827499999999999,4.39177812665,0.577618271000568,0.779753086419753,2.53278508656,0.28936144543757214,0.0,nan,0.0
4,28024,0.9175000000000001,0.347900477613,0.984244728596944,0.658382946034184,0.360937118348,0.012341293354348776,0.899999999999999,0.188632593209,0.9945373678941387,0.8500000000000001,1.70769844344,0.9129562066083794,1.0,0.00956672950801,0.999783544839274,1.0,0.0448827703458,0.998102271307889,1.0,0.477942943984,0.9813700182414344,0.8562962962962961,3.82301398965,0.5420800339153549,1.0,nan,0.0
4,28466,0.61,2.7322560301,0.18499528851235428,0.7730362972921061,3.425097865,0.19160699368333547,0.68,4.92811356785,0.43271315949503886,0.68,3.95317374999,0.2914061838398807,0.665,4.01707407707,0.2177309066660323,0.5875,3.14857806973,0.2447275213678637,0.9575,1.13243976474,0.9486315247670752,0.9456790123456791,2.26451616666,0.8348783963341859,1.0,nan,0.0
4,28484,0.605,2.60115754333,0.1716614683619325,0.8394468984059921,5.08920214245,0.4885100307944321,0.625,3.46272889065,0.19499077141957927,0.5675,0.831606909508,0.03227316401125358,0.6375000000000001,2.78492944994,0.12413149164552353,0.61,3.59333133511,0.32081100224275644,0.8600000000000001,3.81186218094,0.7122349758605487,0.9358024691358021,2.53095449741,0.8112002537145615,1.0,nan,0.0
4,28512,0.827499999999999,1.6145943082,0.9064858160645675,0.814518916842711,4.7849006922,0.3643874612421971,0.6775,4.90042206031,0.4204265100753596,0.725,4.55194885005,0.48687381746114156,0.764999999999999,4.53282656676,0.7190062112805364,0.635,3.90117129832,0.41497304453630446,0.7525000000000001,3.60352132909,0.2599473686409643,0.9906172839506171,1.23415639036,0.9119708597671228,0.0,nan,0.0
4,28570,0.7225,3.96569426312,0.6047805162223886,0.957787593623967,1.67265367316,0.9267400057244851,0.5,0.261951487245,0.007610704618155798,0.47500000000000003,0.0665972530951,0.001867271690571282,0.4625,0.013296954303,0.0002918721250236231,0.4325,0.331279697017,0.014838589430655583,0.6375000000000001,0.703091848055,0.029457754900487344,0.7214814814814811,1.51873836336,0.17415884086632982,0.0,nan,0.0
4,28894,0.5,0.525731493899,0.02356482152737551,0.9097753024774341,3.4372259835,0.8057398046554878,0.62,3.27447559322,0.17814657146705565,0.67,3.6906972969,0.25315833246613073,0.6475000000000001,3.2346094222,0.15422000506331113,0.459999999999999,0.570143605019,0.026983871324277424,0.705,2.20170084157,0.12168538318346431,0.7851851851851851,2.6529811759,0.303445276434398,1.0,nan,0.0
4,29183,0.5825,2.01794891896,0.11974603780510448,0.8598041098521221,4.94752858972,0.5912662015857212,0.635,3.82646352409,0.23145470301977306,0.6475000000000001,3.00782387435,0.17762686992517784,0.6900000000000001,4.94833310755,0.33050992543538893,0.5825,3.03485856652,0.22926721748631881,0.8225,4.43407344025,0.5555478024910406,0.84,3.70736697455,0.4805337587521874,1.0,nan,0.0
4,29184,0.5375,1.0440897161,0.052164551018978066,0.8626848473209141,4.89983393133,0.6054515859933687,0.5700000000000001,1.50540495662,0.06052600725396235,0.5725,0.924173569066,0.03665975108652002,0.62,2.04942816709,0.08196128297966086,0.449999999999999,0.470525762072,0.02179362822966256,0.774999999999999,4.12720904877,0.347252617367326,0.8222222222222221,3.44253019069,0.4167970288676848,1.0,nan,0.0
4,29229,0.4375,0.134491458374,0.0052715229337338245,0.846360668331092,5.08071127886,0.5236901478092694,0.34750000000000003,0.000451514417301,8.221758252594283e-06,0.34750000000000003,0.000439668721446,9.33693468043211e-06,0.36750000000000005,0.000129556074686,2.279075690995024e-06,0.3075,0.0185488866292,0.0006898225276376421,0.7725000000000001,4.07844782028,0.33699498040396414,0.8493827160493821,3.79090875706,0.5157452904217776,0.0,nan,0.0
4,29338,-0.25,1.91034213596e-15,2.620979833825258e-17,0.9519877088534661,1.85730489225,0.9165087599677687,0.6525000000000001,4.38642834105,0.30349745198389255,0.6900000000000001,4.17692996196,0.3320926162374208,0.7000000000000001,5.20185370389,0.38133122968203703,0.62,3.74393458045,0.35752552637333423,0.615,0.433563162317,0.016863495196209725,0.602962962962962,0.623526310928,0.05452000254792398,1.0,nan,0.0
4,29381,0.5325,0.959230862648,0.047158338642508166,0.7350105627040521,1.97901488458,0.08949781225208561,0.595,2.33293229707,0.10814212077598277,0.67,3.6906972969,0.25315833246613073,0.625,2.2500185623,0.09270619653360557,0.55,2.24027039104,0.14341102523221755,0.66,1.08513095165,0.0493493643503712,0.5051851851851851,0.224369789228,0.015122272981895188,1.0,nan,0.0
4,29764,0.6000000000000001,2.4697618605,0.1589842061071324,0.8482811599769541,5.07101199619,0.5334388055520227,0.68,4.92811356785,0.43271315949503886,0.7225,4.54887308674,0.47549699905286824,0.7425,5.20098240917,0.6088154995912074,0.5875,3.14857806973,0.2447275213678637,0.774999999999999,4.12720904877,0.347252617367326,0.829629629629629,3.56764392313,0.4427721260296399,1.0,nan,0.0
4,30094,0.625,3.11567546819,0.22888114388048691,0.91937776070674,3.05961564788,0.8369349612413219,0.62,3.27447559322,0.17814657146705565,0.5625,0.745852761586,0.02833232465849823,0.675,4.42938961943,0.25999667312296154,0.5825,3.03485856652,0.22926721748631881,0.63,0.601665172009,0.02457257304321637,0.8212345679012341,3.42450794881,0.4134058751341887,0.0,nan,0.0
4,31557,1.0,0.0565699026708,0.9978371658412972,0.7937776070674091,4.19532604736,0.27082887606263406,0.5575,1.16535361138,0.043890305204369665,0.7925000000000001,3.40444614711,0.76696342444082,0.725,5.42169255213,0.5154321437319791,0.5825,3.03485856652,0.22926721748631881,0.9275,1.85445461004,0.9043465142986439,0.8627160493827161,3.82900470858,0.5666545581497111,1.0,nan,0.0
4,32060,0.75,3.50111015583,0.7080282116860168,0.8214326867678121,4.91929782326,0.3979543018296153,0.65,4.31450345721,0.29262063567129604,0.55,0.560123344318,0.020211567670953532,0.65,3.3481185214,0.16244840571225028,0.5625,2.55083912087,0.17335361289605794,1.0,0.477942943984,0.9813700182414344,0.9476543209876541,2.21192765076,0.8392995176175715,1.0,nan,0.0
4,38608,0.75,3.50111015583,0.7080282116860168,0.9289802189360471,2.68495303328,0.8645090960269665,0.74,4.19958124973,0.719195716998071,0.67,3.6906972969,0.25315833246613073,0.7275,5.40870666964,0.5289714719353722,0.764999999999999,2.10499246581,0.8502158222780012,0.7875000000000001,4.32726070259,0.40017218543268346,0.802469135802469,3.03968201644,0.35264823830553416,0.0,nan,0.0
4,38649,0.8225,1.72694050898,0.8981336019436441,0.8565776838870751,4.99314734769,0.5752275249409056,0.7525000000000001,3.78433639201,0.7691508281054789,0.78,3.75395868315,0.7221865949420516,0.7925000000000001,3.38092244978,0.8282718843821015,0.867499999999999,0.514778393764,0.9712135199546985,0.7575000000000001,3.73452948083,0.27829536510136976,0.811851851851851,3.24056418412,0.38212099512068365,0.0,nan,0.0
4,39144,0.6675,3.94860161899,0.3808371360863346,0.9097753024774341,3.4372259835,0.8057398046554878,0.5575,1.16535361138,0.043890305204369665,0.63,2.44534012966,0.12991522629042884,0.6425000000000001,3.00839068858,0.13861324005389586,0.5,1.14276601098,0.06026671526880999,0.655,0.989738406784,0.04416473704468807,0.6666666666666661,1.0129685018,0.10606783782287947,0.0,nan,0.0
4,39247,0.5175000000000001,0.734429591555,0.03451111213880103,0.8508162089494911,5.05337081652,0.5462728667355261,0.65,4.31450345721,0.29262063567129604,0.5525,0.594104858381,0.02165403319321335,0.5750000000000001,0.723273471422,0.022959920167903883,0.595,3.31045654877,0.26895607682719824,0.847499999999999,4.09101741697,0.662779541457831,0.9037037037037031,3.33981006512,0.7164920260189596,0.0,nan,0.0
4,39495,0.66,3.84308035408,0.35160464108517697,0.8521605531015941,5.0418006115,0.5530587301193103,0.7225,4.66433992033,0.6413985889817807,0.6900000000000001,4.17692996196,0.3320926162374208,0.764999999999999,4.53282656676,0.7190062112805364,0.5525,2.30215729646,0.1490890102459885,0.75,3.53557808296,0.2510231805578293,0.87358024691358,3.78555904177,0.608078656690945,1.0,nan,0.0
4,39581,-0.25,1.91034213596e-15,2.620979833825258e-17,0.8943729594776261,4.01778338747,0.7482612425967465,0.6175,3.17948433978,0.17007903681556547,0.6675,3.62010794971,0.24401945889994223,0.735,5.33199461996,0.56928408628245,0.47000000000000003,0.686172570386,0.03325123046117881,0.9575,1.13243976474,0.9486315247670752,0.8029629629629621,3.0505382171,0.35415199737532743,1.0,nan,0.0
4,40799,0.75,3.50111015583,0.7080282116860168,0.8536969464182831,5.02671597223,0.5607935840580165,0.68,4.92811356785,0.43271315949503886,0.6225,2.20924044522,0.11246437700292383,0.735,5.33199461996,0.56928408628245,0.5725,2.79709351905,0.2000977609720547,0.9550000000000001,1.18444504433,0.9457357425082173,0.96395061728395,1.79745587059,0.8719137753277191,1.0,nan,0.0
4,40956,-0.25,1.91034213596e-15,2.620979833825258e-17,0.988937968119838,0.884778213413,0.9656677691362361,0.625,3.46272889065,0.19499077141957927,0.72,4.54200272471,0.4641326144653158,0.7825000000000001,3.82050508966,0.7922566809147147,0.6575000000000001,3.96368585959,0.5038554556543872,0.595,0.271176534071,0.009921665474561631,0.6474074074074071,0.883241617538,0.08783005560074177,1.0,nan,0.0
4,41042,-0.25,1.91034213596e-15,2.620979833825258e-17,0.9097753024774341,3.4372259835,0.8057398046554878,0.34750000000000003,0.000451514417301,8.221758252594283e-06,0.444999999999999,0.0236423931841,0.0006128839740713543,0.5425,0.275509273802,0.007670207375317801,0.515,1.43342860825,0.07953812693139703,0.8325,4.33570475364,0.5994426127738322,0.8207407407407401,3.41538969847,0.41171700862158045,1.0,nan,0.0
4,41069,0.7725000000000001,2.97564110804,0.7810563701123334,0.6005377376608411,0.0673395080262,0.001994806753913525,0.8525,0.700662513376,0.9755179033993872,0.845,1.84065554519,0.9040874553972991,0.827499999999999,1.9259590094,0.9203256957565422,0.8025,1.34148393142,0.9142630975743503,0.81,4.47711222332,0.49975838397861494,0.810864197530864,3.22006613155,0.378930545385604,0.0,nan,0.0
4,41615,0.9675,0.120463113219,0.9950778836597314,0.820741309775302,4.90748217801,0.3945572756609876,0.7425,4.1210138531,0.7295969927131105,0.847499999999999,1.77353682167,0.908604934443159,0.919999999999999,0.17863208677,0.9948940887821681,0.81,1.21311668453,0.9238372541172366,0.8775000000000001,3.33858682077,0.7749131459364531,0.544691358024691,0.355062429414,0.02643032311776528,1.0,nan,0.0
4,41703,0.6975,4.12906513866,0.5030160101679544,0.7849433454964471,3.88134484295,0.23513285154845387,0.735,4.34855089159,0.6978206271158516,0.7875000000000001,3.5484166771,0.7495792808093983,0.6925,5.0195210262,0.3429707722775241,0.685,3.75537593562,0.6106737881164416,0.77,4.02703007512,0.3268625921702786,0.7925925925925921,2.81917701325,0.32371166746396834,1.0,nan,0.0
4,41708,0.6775,4.05350590542,0.420883143867783,0.784904935663529,3.87992346797,0.23498379703758895,0.645,4.1617642817,0.2714252494104996,0.735,4.52643827762,0.5323159447773894,0.6725,4.33022933925,0.24904652977255765,0.51,1.33211748845,0.0726260437438713,0.665,1.18664213407,0.05502624747289956,0.6498765432098761,0.899146825093,0.09003049668163417,1.0,nan,0.0
4,41851,-0.25,1.91034213596e-15,2.620979833825258e-17,0.9193393508738231,3.06112787785,0.8368174128734043,0.6000000000000001,2.51649033216,0.12026388782843281,0.635,2.6054595106,0.14254158690952598,0.6425000000000001,3.00839068858,0.13861324005389586,0.3275,0.0305135750877,0.0011711467477830723,0.65,0.900428658057,0.039441839472609236,0.8898765432098761,3.59824801625,0.668433251610309,1.0,nan,0.0
4,43759,0.75,3.50111015583,0.7080282116860168,0.934741693873631,2.46602463332,0.8793448840278119,0.8174999999999991,1.49823984191,0.9382407551264085,0.75,4.37859847109,0.5992623996431012,0.8625,0.90184057827,0.9683006360640543,0.7675000000000001,2.0489062621,0.8554080836059852,0.6975,1.98760466856,0.10598072824540655,0.7056790123456791,1.34132893998,0.15160597075956123,1.0,nan,0.0
4,44059,-0.25,1.91034213596e-15,2.620979833825258e-17,0.9020933358939881,3.73322838304,0.7781922445964485,0.5125000000000001,0.378541545523,0.011577110274300237,0.605,1.69209377932,0.07841086520004273,0.6575000000000001,3.68694803888,0.1888328350714717,0.5325,1.8189136082,0.10793095602504912,0.8225,4.43407344025,0.5555478024910406,0.9565432098765431,1.98079436816,0.8579262693161307,0.0,nan,0.0
4,44938,0.8125,1.96245904897,0.8796978154190722,0.7176877280583821,1.43632100441,0.06006460219912152,0.6075,2.79837786211,0.140190752717541,0.6425000000000001,2.84720822385,0.1629887890018553,0.75,5.02005060185,0.6471739028934541,0.464999999999999,0.626024671011,0.029972546294210256,0.9275,1.85445461004,0.9043465142986439,0.834567901234567,3.63984942576,0.4605724122556708,1.0,nan,0.0
4,50703,0.675,4.03129795979,0.41077656828057496,0.735394661033224,1.99217399502,0.09026047431975762,0.7125,4.84739280501,0.5937836697458789,0.7000000000000001,4.35372077505,0.37478804932913773,0.7325,5.36376838668,0.5559131091154108,0.645,3.95547782396,0.4542912148446487,0.74,3.25090864756,0.21707547633493646,0.8562962962962961,3.82301398965,0.5420800339153549,0.0,nan,0.0
4,50830,0.6375000000000001,3.41115154465,0.2697046026426037,0.8275398502016511,5.00719361834,0.42828090581571865,0.5650000000000001,1.36288093421,0.05335884451269238,0.66,3.39885375646,0.2176901878591883,0.655,3.57457396135,0.17975576312635633,0.5725,2.79709351905,0.2000977609720547,0.81,4.47711222332,0.49975838397861494,0.8967901234567901,3.47900800401,0.6929101903011543,0.0,nan,0.0
4,50921,0.8325,1.50628550757,0.9142862772741434,0.8290762435183401,5.02452410718,0.4359874885838141,0.5925,2.24290168726,0.1024225944455094,0.68,3.95317374999,0.2914061838398807,0.64,2.89619438162,0.131232678332103,0.5975,3.36170205685,0.2772965813286977,0.7025,2.12941684935,0.11627166336233954,0.9397530864197531,2.42394724371,0.8209876474832207,0.0,nan,0.0
4,51734,0.56,1.4870024787,0.0804555807075926,0.9270213174572691,2.76060470217,0.8591755263972702,0.6000000000000001,2.51649033216,0.12026388782843281,0.7225,4.54887308674,0.47549699905286824,0.6825,4.70690101805,0.2942778913295246,0.56,2.48866941768,0.1670542056572813,0.7275,2.87675248588,0.17876428223577112,0.8503703703703701,3.79707981365,0.5194924879402238,0.0,nan,0.0
4,52992,0.6725,4.00637503436,0.4007289167134549,0.748454004225081,2.46377433083,0.11930826711031513,0.75,3.87144736525,0.7595807412013746,0.705,4.42236080497,0.39673399217258665,0.71,5.36484657355,0.43424469547875055,0.6725,3.88683380915,0.5628498771949816,0.8225,4.43407344025,0.5555478024910406,0.928395061728395,2.73085370837,0.7917106186343179,0.0,nan,0.0
4,54491,0.705,4.10956121831,0.5339271440492414,0.8689456500864221,4.77458940061,0.6357514355278424,0.77,3.14120675761,0.8298122570978146,0.7975000000000001,3.25629298224,0.783616772321476,0.7775000000000001,4.03438267948,0.7726170118091269,0.9450000000000001,0.134704644914,0.9935532768084652,0.9025000000000001,2.58436938629,0.8490245709608417,0.952098765432098,2.09508317304,0.8488698180932225,0.0,nan,0.0
4,54885,0.625,3.11567546819,0.22888114388048691,0.945265988092951,2.08477745661,0.9032677056014078,0.585,1.98132190596,0.08659027987350323,0.55,0.560123344318,0.020211567670953532,0.68,4.61802511751,0.28262092687349744,0.5625,2.55083912087,0.17335361289605794,0.8500000000000001,4.04011072101,0.6729440039890214,0.9525925925925921,2.0822473998,0.8499012564223343,1.0,nan,0.0
4,56634,0.764999999999999,3.1600773386,0.7580431248876311,0.429652391012099,8.08856105142e-05,1.5970716505760334e-06,0.8525,0.700662513376,0.9755179033993872,0.845,1.84065554519,0.9040874553972991,0.8300000000000001,1.83583051517,0.9250274237690042,0.7575000000000001,2.27608302546,0.8337891706493743,0.9400000000000001,1.52854892093,0.9254560077137337,0.8646913580246911,3.82612716436,0.5742155499780481,0.0,nan,0.0
4,56758,0.8125,1.96245904897,0.8796978154190722,0.73808334933743,2.08552329771,0.09574182397944711,0.7725000000000001,3.04701359866,0.8375475511359691,0.8225,2.49177611576,0.8554858156242042,0.77,4.34117409776,0.7411961755184935,0.745,2.56687614977,0.8035247540940578,0.68,1.52734920906,0.07531442909201713,0.7827160493827161,2.59808390141,0.2969625582541895,0.0,nan,0.0
4,56917,0.7325,3.82663555345,0.6437740173489723,0.869444977914346,4.76338270877,0.638132730214237,0.72,4.71636454105,0.6296718730403283,0.77,4.002420641,0.6833771099996644,0.73,5.3893725768,0.5424703862674194,0.6575000000000001,3.96368585959,0.5038554556543872,0.8300000000000001,4.36543188036,0.5885654950285863,0.829629629629629,3.56764392313,0.4427721260296399,1.0,nan,0.0
4,56975,0.6000000000000001,2.4697618605,0.1589842061071324,0.9289802189360471,2.68495303328,0.8645090960269665,0.68,4.92811356785,0.43271315949503886,0.7325,4.53845045004,0.5209840584874329,0.6975,5.14649823394,0.3683946251358781,0.7175,3.18846773799,0.7242487598271281,0.8,4.44597074952,0.4550945492355586,0.776296296296296,2.45760983079,0.2807364162159678,1.0,nan,0.0
4,67160,0.68,4.07295174037,0.4310417958824505,0.830036489341271,5.03435720554,0.44081704970351654,0.8150000000000001,1.57096914397,0.9344046657532795,0.8500000000000001,1.70769844344,0.9129562066083794,0.774999999999999,4.13881790297,0.7624001112524776,0.76,2.21863944931,0.8394074982828296,0.8625,3.7493033282,0.7216868481000458,0.88,3.7285981044,0.6322103377703481,0.0,nan,0.0
4,67299,0.5,0.525731493899,0.02356482152737551,0.9328212022277701,2.53833487745,0.8745395844945301,0.6775,4.90042206031,0.4204265100753596,0.6825,4.01308810635,0.3013645309480557,0.6775,4.52542249405,0.27119087156647226,0.6625,3.94838330462,0.5236400076736514,0.545,0.0718048917035,0.0022848800570766043,0.7091358024691351,1.37727818675,0.15630437450928675,1.0,nan,0.0
4,67423,0.59,2.20903926205,0.1355940612661031,0.9385442673324371,2.32514209476,0.8884532487669343,0.6375000000000001,3.91349072783,0.24113003860882304,0.6875,4.12509594757,0.3217144830269332,0.705,5.29534761778,0.40758398760763404,0.6775,3.84120556078,0.5821739689952212,0.6825,1.58921611007,0.07920984593210811,0.652839506172839,0.918486924636,0.09272321720908175,0.0,nan,0.0
4,67905,0.6675,3.94860161899,0.3808371360863346,0.786863837142308,3.95186142619,0.24265483153637935,0.764999999999999,3.32884939155,0.8136364896658024,0.8,3.18101004311,0.791663543845122,0.7975000000000001,3.15966924845,0.8446230373608747,0.75,2.45012455416,0.8160671786031923,0.845,4.13921332676,0.652491176041753,0.8,2.98507360692,0.34521016318369563,1.0,nan,0.0
4,68565,0.5775,1.89378770404,0.10996792178929668,0.8021893604762821,4.46380580391,0.30727228623601144,0.6950000000000001,4.9929283718,0.5073406497122316,0.7575000000000001,4.25924687007,0.6316719862954644,0.7175,5.42212593982,0.4747316048992769,0.665,3.93681588729,0.5334970458290069,0.857499999999999,3.87235782092,0.7026292566163568,0.8958024691358021,3.49733421473,0.6894650490869791,1.0,nan,0.0
4,68688,0.79,2.52872196598,0.8292378138085462,0.8899942385250621,4.17067871638,0.7303311401001255,0.685,4.96920988922,0.4574644772950216,0.8025,3.10511227883,0.7995213102532222,0.78,3.92817875518,0.7825705508089911,0.62,3.74393458045,0.35752552637333423,0.8075000000000001,4.47478436768,0.4885677515678428,0.883456790123456,3.68867125785,0.6450321318725947,0.0,nan,0.0
4,69217,0.7675000000000001,3.09938083519,0.7658676289867226,0.777222969080084,3.58844806175,0.20628950140478136,0.7000000000000001,4.97531382948,0.5322694119475138,0.74,4.49135744789,0.5548665240077318,0.7675000000000001,4.43848913179,0.7302210074372165,0.6425000000000001,3.94584211642,0.44441401259489116,0.72,2.64904129755,0.15804262007876108,0.9125925925925921,3.13671880354,0.745294385299237,0.0,nan,0.0
4,69292,0.75,3.50111015583,0.7080282116860168,0.751603610524294,2.58345394976,0.12725616382853702,0.74,4.19958124973,0.719195716998071,0.8150000000000001,2.72115612855,0.8359392369295817,0.76,4.71138111791,0.6958897439390854,0.7875000000000001,1.62435608283,0.8920616140862033,0.74,3.25090864756,0.21707547633493646,0.75358024691358,2.0044133632,0.2302091722986834,0.0,nan,0.0
4,70225,-0.25,1.91034213596e-15,2.620979833825258e-17,0.9116573842903781,3.3635429382,0.8121396543807837,0.58,1.81511320903,0.07710213334864455,0.64,2.76659442212,0.15597151806766682,0.5925,1.13121054047,0.038991197395597685,0.5375,1.93648894982,0.11731831285354066,0.804999999999999,4.46880570766,0.47738750473770114,0.795555555555555,2.88576783,0.3321634756214732,1.0,nan,0.0
4,70358,0.5325,0.959230862648,0.047158338642508166,0.9552525446514301,1.75197786375,0.9223996628867144,0.47500000000000003,0.116743475232,0.00308340200528458,0.48,0.0783794493233,0.002228999823438992,0.5425,0.275509273802,0.007670207375317801,0.545,2.11740597913,0.13251742491793894,0.75,3.53557808296,0.2510231805578293,0.8291358024691351,3.55990035078,0.4410122348059536,1.0,nan,0.0
4,70659,0.5275000000000001,0.879373364469,0.042563904575069894,0.90497407336278,3.62335291346,0.7887888219160281,0.6025,2.6097339177,0.12667149066790045,0.685,4.07043965544,0.3114694885627302,0.6950000000000001,5.08565118314,0.3556033153327494,0.55,2.24027039104,0.14341102523221755,0.5650000000000001,0.125437442999,0.0042132833414604606,0.7832098765432091,2.60903211074,0.2982482652174398,1.0,nan,0.0
4,70707,0.7225,3.96569426312,0.6047805162223886,0.853082389091607,5.03298701406,0.5577024358174615,0.6675,4.74403181285,0.3721447822855264,0.7525000000000001,4.34197269387,0.6101637890498626,0.67,4.22824924878,0.23834787635557014,0.6425000000000001,3.94584211642,0.44441401259489116,0.8825000000000001,3.19168697126,0.791240348076587,0.8493827160493821,3.79090875706,0.5157452904217776,1.0,nan,0.0
4,70749,0.65,3.67037272735,0.3140087542173701,0.8905703860188201,4.15097836827,0.7327283974505125,0.36,0.000861857903993,1.6169930674100266e-05,0.39,0.00278428137596,6.401411816100874e-05,0.39,0.000428476674307,7.93141811318786e-06,0.365,0.0747893637441,0.0030301562603829942,0.6575000000000001,1.03667082397,0.04669743083297676,0.8661728395061721,3.82250188152,0.5798813564499168,0.0,nan,0.0
4,70793,0.392499999999999,0.0441099065131,0.0015930920047912606,0.8893028615325521,4.19414057245,0.7274395069439785,0.545,0.880220409468,0.03116274459532682,0.59,1.30265307987,0.05602101244985656,0.66,3.79835892673,0.1981897008242934,0.5275000000000001,1.70432035642,0.09912420341391658,0.6125,0.409681379388,0.015809670618987148,0.808395061728395,3.16806722997,0.37104374914066723,0.0,nan,0.0
4,70852,0.5925,2.27374324256,0.1411974530893223,0.90013443441521,3.80693806778,0.7708068775579816,0.6900000000000001,4.9908932508,0.48237289066936756,0.705,4.42236080497,0.39673399217258665,0.6975,5.14649823394,0.3683946251358781,0.595,3.31045654877,0.26895607682719824,0.6975,1.98760466856,0.10598072824540655,0.799012345679012,2.96309928922,0.3422727884554914,0.0,nan,0.0
4,72086,0.40750000000000003,0.0646774792472,0.0023999188217561245,0.8713654695602071,4.71867856395,0.6472382433830153,0.5650000000000001,1.36288093421,0.05335884451269238,0.545,0.496676515838,0.017572037163089606,0.585,0.939916309426,0.031240322578931626,0.41750000000000004,0.24199744233,0.010569973230604355,0.847499999999999,4.09101741697,0.662779541457831,0.515061728395061,0.253149047535,0.017478310122605194,0.0,nan,0.0
4,74604,0.794999999999999,2.40028824003,0.8415600716146141,0.8229690800845011,4.94421768281,0.4055316588789012,0.8300000000000001,1.16582193935,0.9548361717523215,0.827499999999999,2.34118856489,0.8675672179507414,0.9125000000000001,0.225995395821,0.9933828275194352,0.9075000000000001,0.26440978312,0.986309878123492,0.804999999999999,4.46880570766,0.47738750473770114,0.789629629629629,2.75254379774,0.31545728293069353,0.0,nan,0.0
4,74635,0.382499999999999,0.0339674382219,0.0012047516939819214,0.8252736700595351,4.97808382849,0.41696589420361097,0.5575,1.16535361138,0.043890305204369665,0.675,3.82621037621,0.27195391738358643,0.5375,0.234012528789,0.006398822107079908,0.655,3.96737624946,0.4939410748781193,0.605,0.344452560314,0.012987523395149692,0.769382716049382,2.31140231443,0.264254446514405,0.0,nan,0.0
4,74688,0.75,3.50111015583,0.7080282116860168,0.8560015363933161,5.00040740242,0.5723486311535166,0.7000000000000001,4.97531382948,0.5322694119475138,0.75,4.37859847109,0.5992623996431012,0.774999999999999,4.13881790297,0.7624001112524776,0.625,3.80598869205,0.3764041992315251,0.5,0.0179862217819,0.0005096892975231104,0.580246913580246,0.508592386992,0.04168486002736588,1.0,nan,0.0
4,74696,0.6675,3.94860161899,0.3808371360863346,0.8636450931438441,4.8825129154,0.6101483710107443,0.7125,4.84739280501,0.5937836697458789,0.7175,4.53134824984,0.45279013912839916,0.6975,5.14649823394,0.3683946251358781,0.6950000000000001,3.61127942847,0.6475336763085027,0.7825000000000001,4.25640739888,0.37870770921458513,0.892839506172839,3.54977832489,0.679023928009351,1.0,nan,0.0
4,76409,0.25,0.000626670169955,1.727191380151278e-05,0.9366621855194931,2.39447057945,0.8840120280729347,0.51,0.352348398638,0.010663815607401043,0.5325,0.362633655009,0.012236366129271429,0.5775,0.773462668602,0.02483030287956929,0.52,1.5389019163,0.08696726990690412,0.7175,2.57336199028,0.15151466816522913,0.885432098765432,3.66305266336,0.6522934238295202,0.0,nan,0.0
4,76496,0.889999999999999,0.589109499514,0.9716046666096416,0.660072978682542,0.377415914346,0.012965124397969138,0.9175000000000001,0.107482035613,0.9970709245181013,0.8975000000000001,0.735098626539,0.9688199732966974,0.835,1.66307310089,0.9337704457440816,0.804999999999999,1.29770101842,0.9175618729219448,0.9325000000000001,1.72016650288,0.9132810008321257,0.8044444444444441,3.08295447476,0.358695354618029,0.0,nan,0.0
4,78211,0.8025,2.20966587316,0.8588453524123646,0.525676973305166,0.00506646185602,0.00012534590432534523,0.81,1.72238594437,0.9261745326615681,0.8600000000000001,1.45802565447,0.9287660747599449,0.8300000000000001,1.83583051517,0.9250274237690042,0.827499999999999,0.948566036866,0.9426807541526576,0.794999999999999,4.40884911412,0.4329516163876221,0.8740740740740741,3.78198948167,0.6099471928284825,1.0,nan,0.0
4,79262,0.66,3.84308035408,0.35160464108517697,0.786863837142308,3.95186142619,0.24265483153637935,0.7275,4.54865204642,0.6644373569393716,0.8150000000000001,2.72115612855,0.8359392369295817,0.7575000000000001,4.79501793194,0.6840059123967626,0.827499999999999,0.948566036866,0.9426807541526576,0.8400000000000001,4.22701687197,0.6315707076846432,0.897283950617283,3.46969132985,0.6946259227071179,1.0,nan,0.0
4,79313,0.7000000000000001,4.1254618435,0.5133347751228539,0.9217591703476091,2.96598319911,0.8441096157916922,0.515,0.406289061191,0.012557818654760071,0.56,0.705483261873,0.02651849899172419,0.6175,1.95259280085,0.07695925830368022,0.41250000000000003,0.217418843364,0.009422419608526706,0.764999999999999,3.91671957644,0.30699920653762314,0.7886419753086421,2.73036084911,0.31274967760234357,1.0,nan,0.0
4,79388,0.7925000000000001,2.4644247644,0.8354792227003038,0.9097753024774341,3.4372259835,0.8057398046554878,0.7325,4.41855563974,0.6868610879798465,0.75,4.37859847109,0.5992623996431012,0.77,4.34117409776,0.7411961755184935,0.715,3.2407545251,0.7162120108811622,0.725,2.8008577657,0.17166724588063895,0.8069135802469131,3.13640123829,0.3663737322946189,0.0,nan,0.0
4,80513,0.76,3.27859136375,0.7419447348340377,0.8483195698098711,5.0707856781,0.5336335779331458,0.7075,4.91261917045,0.5693760190412137,0.76,4.21336023853,0.6422633539828038,0.7825000000000001,3.82050508966,0.7922566809147147,0.5975,3.36170205685,0.2772965813286977,0.8250000000000001,4.41467773405,0.5666094768305329,0.8207407407407401,3.41538969847,0.41171700862158045,1.0,nan,0.0
4,80619,0.7625000000000001,3.2198498393,0.7500680122831742,0.869406568081428,4.76425093064,0.6379497528028579,0.7775000000000001,2.85881771425,0.8523118227726403,0.8250000000000001,2.4161794844,0.8616206443528491,0.77,4.34117409776,0.7411961755184935,0.6975,3.5704651038,0.6565112305963753,0.8150000000000001,4.47079694605,0.5221342489535817,0.9777777777777771,1.48483352768,0.8945579888463532,1.0,nan,0.0
4,80759,0.5575,1.43303183894,0.076805772661925,0.854042634914538,5.02305010329,0.5625306311848572,0.6675,4.74403181285,0.3721447822855264,0.7825000000000001,3.68702983494,0.7314881863793896,0.6675,4.12376007504,0.22790737447383613,0.845,0.731491731113,0.9573146422191436,0.605,0.344452560314,0.012987523395149692,0.6167901234567901,0.699383626096,0.06366105285072939,0.0,nan,0.0
4,80766,0.6000000000000001,2.4697618605,0.1589842061071324,0.8905703860188201,4.15097836827,0.7327283974505125,0.645,4.1617642817,0.2714252494104996,0.7225,4.54887308674,0.47549699905286824,0.6975,5.14649823394,0.3683946251358781,0.645,3.95547782396,0.4542912148446487,0.6375000000000001,0.703091848055,0.029457754900487344,0.8197530864197531,3.39694522997,0.40835287006208976,1.0,nan,0.0
4,80873,0.5,0.525731493899,0.02356482152737551,0.9597080852698291,1.61402810441,0.9298958235245558,0.735,4.34855089159,0.6978206271158516,0.7075,4.4514394886,0.40782698314378524,0.7775000000000001,4.03438267948,0.7726170118091269,0.705,3.43786960668,0.6828015912956571,0.6325000000000001,0.634117367478,0.026117023424358076,0.8182716049382711,3.36877756271,0.4033411509736795,0.0,nan,0.0
4,84558,0.6275000000000001,3.1770263298,0.23674722195580272,0.8444785865181481,5.08712937363,0.514121313332871,0.7925000000000001,2.30790710705,0.8910248245664196,0.837499999999999,2.04913565508,0.8895071320357275,0.7775000000000001,4.03438267948,0.7726170118091269,0.75,2.45012455416,0.8160671786031923,0.7775000000000001,4.1731963185,0.35762871386147904,0.8256790123456791,3.50322733903,0.4288031407753392,0.0,nan,0.0
4,104560,0.515,0.70120061442,0.03271682023496227,0.850240061455732,5.05786103619,0.543360072757177,0.4,0.00589831167318,0.00012277984903731227,0.48,0.0783794493233,0.002228999823438992,0.485,0.033968441056,0.0007903332898706951,0.40750000000000003,0.195118112379,0.008391988766123966,0.8500000000000001,4.04011072101,0.6729440039890214,0.9170370370370371,3.0271255544,0.7589935061007136,0.0,nan,0.0
4,104598,0.5,0.525731493899,0.02356482152737551,0.8269637027078931,5.00019145336,0.425398027782865,0.5825,1.89733510246,0.08174231702519671,0.645,2.92766622634,0.17020742945287584,0.685,4.79176171578,0.30615208569486707,0.515,1.43342860825,0.07953812693139703,0.67,1.2942505354,0.061225951259732986,0.8543209876543211,3.81650993319,0.5345344686334806,0.0,nan,0.0
4,104599,-0.25,1.91034213596e-15,2.620979833825258e-17,0.8580756673708471,4.97300793484,0.5826923198553352,0.5725,1.57982453572,0.06438211296207888,0.595,1.4261195683,0.06284019382979243,0.61,1.67722707358,0.06336205756678447,0.47000000000000003,0.686172570386,0.03325123046117881,0.6875,1.71702502885,0.0874732307597515,0.8804938271604931,3.72328317675,0.6340503138468973,1.0,nan,0.0
4,104688,0.75,3.50111015583,0.7080282116860168,0.657384290378336,0.351494649281,0.011985574356667044,0.7275,4.54865204642,0.6644373569393716,0.73,4.5467235951,0.5096268086458803,0.6625,3.90850347614,0.2078235745472452,0.7225,3.08094728623,0.7399238291924037,0.8125,4.47578227854,0.5109502642559234,0.743209876543209,1.82708109785,0.2103594311183717,1.0,nan,0.0
4,104824,0.5,0.525731493899,0.02356482152737551,0.882081812944113,4.42630026867,0.6963003558025879,0.6325000000000001,3.73765864023,0.2219992024007319,0.6000000000000001,1.55604655654,0.07029298084241581,0.6175,1.95259280085,0.07695925830368022,0.5675,2.67463883203,0.1864177103697327,0.875,3.41052631011,0.7664765195736436,0.8222222222222221,3.44253019069,0.4167970288676848,0.0,nan,0.0
4,107778,0.78,2.78573322733,0.8026640714785614,0.833877472632994,5.06590901178,0.4602185322374839,0.68,4.92811356785,0.43271315949503886,0.7175,4.53134824984,0.45279013912839916,0.7375,5.2941735445,0.5825680422087088,0.6000000000000001,3.41143016296,0.2857633225573646,0.685,1.65245511998,0.08326165320865794,0.589135802469135,0.552083928542,0.04639752982989887,1.0,nan,0.0
4,107870,0.72,3.99430442067,0.5948299832406952,0.765815248703668,3.13985944965,0.1679025804837082,0.8125,1.64570108635,0.9303842403151765,0.8225,2.49177611576,0.8554858156242042,0.8150000000000001,2.41064647197,0.8932778100956416,0.735,2.79934138487,0.7766910611448965,0.909999999999999,2.35778891241,0.8675551461441221,0.90716049382716,3.26371682398,0.727906675246071,0.0,nan,0.0
4,107898,0.605,2.60115754333,0.1716614683619325,0.9443057422700211,2.11837083777,0.9012496987098888,0.7025,4.95920143378,0.5446885633769698,0.794999999999999,3.33081956775,0.7753827091695353,0.6975,5.14649823394,0.3683946251358781,0.6075,3.55058533819,0.3118807065111877,0.6175,0.458571178993,0.01797842496745686,0.7614814814814811,2.15268129011,0.24662500416571484,1.0,nan,0.0
4,108143,0.5625,1.54208492412,0.08424171166503604,0.8767428461686191,4.58060839632,0.6722493938576869,0.485,0.163152818284,0.004471715852751952,0.6950000000000001,4.2716532568,0.3532191707834377,0.625,2.2500185623,0.09270619653360557,0.73,2.91371482399,0.7624076613240065,0.7225,2.72491294026,0.1647600350547346,0.8824691358024691,3.70072285561,0.6413830063961401,0.0,nan,0.0
4,108336,0.41750000000000004,0.0829671577763,0.0031346512179645206,0.8269637027078931,5.00019145336,0.425398027782865,0.535,0.690943894369,0.023334888399478913,0.56,0.705483261873,0.02651849899172419,0.595,1.20065326037,0.04190543072169964,0.387499999999999,0.125272881811,0.0052353834792626215,0.5575,0.102177583747,0.0033623579222013373,0.8469135802469131,3.77323569387,0.5064061855807365,0.0,nan,0.0
4,108341,0.595,2.33882100194,0.14696308905769595,0.8097560975609751,4.67239149599,0.34185963676672926,0.5825,1.89733510246,0.08174231702519671,0.52,0.259594778751,0.008376979466349108,0.595,1.20065326037,0.04190543072169964,0.52,1.5389019163,0.08696726990690412,0.8075000000000001,4.47478436768,0.4885677515678428,0.9516049382716051,2.10795057969,0.8478320332664413,1.0,nan,0.0
4,108351,0.665,3.91587362941,0.37100601996140403,0.839408488573074,5.08913339919,0.4883145567065642,0.65,4.31450345721,0.29262063567129604,0.685,4.07043965544,0.3114694885627302,0.615,1.85821812171,0.07219626800335976,0.64,3.93356402916,0.434564206406718,0.6825,1.58921611007,0.07920984593210811,0.598518518518518,0.600071837381,0.05180106529039612,1.0,nan,0.0
4,108388,0.58,1.95550061641,0.11477937249369091,0.8406376032264261,5.09069780294,0.4945707809337224,0.5475,0.93286001836,0.03342864313221011,0.64,2.76659442212,0.15597151806766682,0.5875,1.0008680235,0.03366572272927778,0.6000000000000001,3.41143016296,0.2857633225573646,0.6900000000000001,1.78287939899,0.09184784888515025,0.819259259259259,3.38762153673,0.40667766565115965,1.0,nan,0.0
4,108411,0.515,0.70120061442,0.03271682023496227,0.8743230266948331,4.64501875287,0.6610864871928344,0.6175,3.17948433978,0.17007903681556547,0.6575000000000001,3.32245974937,0.20928830870452472,0.67,4.22824924878,0.23834787635557014,0.7075,3.39058383765,0.6913374575650741,0.875,3.41052631011,0.7664765195736436,0.9303703703703701,2.67780952373,0.7970525538502892,1.0,nan,0.0
4,108416,0.7125,4.06432148159,0.5645950462979,0.8364893412713651,5.0801671835,0.4734699182148864,0.71,4.88229232467,0.5816206211005861,0.8174999999999991,2.64437384762,0.8426461019920799,0.804999999999999,2.83166446184,0.8670861035177142,0.74,2.6834992647,0.7903986289867861,0.804999999999999,4.46880570766,0.47738750473770114,0.807407407407407,3.1469925443,0.3679251889874941,1.0,nan,0.0
4,108417,0.52,0.768846885123,0.036389958501924516,0.860149798348377,4.94214782238,0.5929755779874931,0.5825,1.89733510246,0.08174231702519671,0.6325000000000001,2.52520823447,0.1361283188918081,0.5325,0.198018707194,0.005320912231438276,0.605,3.50596195325,0.3030596401281988,0.8,4.44597074952,0.4550945492355586,0.973333333333333,1.58071134711,0.8877473542553278,1.0,nan,0.0
4,108652,0.5625,1.54208492412,0.08424171166503604,0.945265988092951,2.08477745661,0.9032677056014078,0.5075000000000001,0.327651294168,0.009814121573783367,0.6425000000000001,2.84720822385,0.1629887890018553,0.5650000000000001,0.547302932007,0.01663915139745306,0.43999999999999906,0.385879732928,0.017523436062551887,0.525,0.0396851218405,0.0011983656945689209,0.5560493827160491,0.400444570298,0.030717545209440287,0.0,nan,0.0
4,109008,0.595,2.33882100194,0.14696308905769595,0.8137507201843671,4.76780982168,0.36071825445477,0.5275000000000001,0.570336405874,0.018616093918673055,0.5325,0.362633655009,0.012236366129271429,0.63,2.45891832077,0.10447533059809666,0.5,1.14276601098,0.06026671526880999,0.6950000000000001,1.91822909562,0.1010986610225604,0.6819753086419751,1.1282024864,0.12244006996392064,1.0,nan,0.0
4,109067,0.75,3.50111015583,0.7080282116860168,0.7877856731323211,3.98530487277,0.24631323529113675,0.7625000000000001,3.42190922737,0.8051979010950567,0.794999999999999,3.33081956775,0.7753827091695353,0.7525000000000001,4.94961678801,0.6596369847896063,0.71,3.34190701175,0.699753351239231,0.8,4.44597074952,0.4550945492355586,0.8479012345679011,3.78068652065,0.5101365591117466,1.0,nan,0.0
4,129429,0.76,3.27859136375,0.7419447348340377,0.7937776070674091,4.19532604736,0.27082887606263406,0.5775,1.73473950543,0.07266521056969666,0.5875,1.24342312809,0.05283876934927623,0.68,4.61802511751,0.28262092687349744,0.54,1.99625112361,0.12223411328166152,0.7925000000000001,4.38504589047,0.4219585292378504,0.8172839506172841,3.34967993541,0.40002337372616664,1.0,nan,0.0
4,129459,0.605,2.60115754333,0.1716614683619325,0.896331860956404,3.94720456925,0.7560627581368231,0.6725,4.83114736629,0.396089972081287,0.6925,4.22582061658,0.34259667985830444,0.6875,4.87232832207,0.3182331211887707,0.6375000000000001,3.91866477624,0.4247483769129447,0.705,2.20170084157,0.12168538318346431,0.838024691358024,3.6843414806,0.47323301099576587,1.0,nan,0.0
4,129490,0.7000000000000001,4.1254618435,0.5133347751228539,0.8252736700595351,4.97808382849,0.41696589420361097,0.6575000000000001,4.52042180459,0.3257702605023296,0.754999999999999,4.30215433667,0.6209696024367093,0.6975,5.14649823394,0.3683946251358781,0.625,3.80598869205,0.3764041992315251,0.889999999999999,2.96593076231,0.8143345440833856,0.9654320987654321,1.76201174431,0.8745503643177537,1.0,nan,0.0
4,129672,-0.25,1.91034213596e-15,2.620979833825258e-17,0.839408488573074,5.08913339919,0.4883145567065642,0.485,0.163152818284,0.004471715852751952,0.38,0.00182977114191,4.1259619172271755e-05,0.405,0.000918358867925,1.759227292755863e-05,0.43500000000000005,0.348683686505,0.015688382192935918,0.725,2.8008577657,0.17166724588063895,0.901234567901234,3.39162070453,0.7081811617127368,1.0,nan,0.0
4,129907,0.6075,2.6667926321,0.17824643154322417,0.9058959093527941,3.58787299237,0.7921126164958217,0.65,4.31450345721,0.29262063567129604,0.63,2.44534012966,0.12991522629042884,0.65,3.3481185214,0.16244840571225028,0.54,1.99625112361,0.12223411328166152,0.65,0.900428658057,0.039441839472609236,0.725432098765432,1.56880148395,0.18025686626661383,0.0,nan,0.0
4,129987,0.5,0.525731493899,0.02356482152737551,0.9306702515844051,2.6201374736,0.8689919210573769,0.6575000000000001,4.52042180459,0.3257702605023296,0.6875,4.12509594757,0.3217144830269332,0.6575000000000001,3.68694803888,0.1888328350714717,0.6575000000000001,3.96368585959,0.5038554556543872,0.5625,0.117212535172,0.003910073254552511,0.6869135802469131,1.16854479036,0.12811031456251193,0.0,nan,0.0
4,130043,0.804999999999999,2.1469784392,0.8642910510812893,0.8598041098521221,4.94752858972,0.5912662015857212,0.8300000000000001,1.16582193935,0.9548361717523215,0.899999999999999,0.698823377251,0.9706120827896079,0.764999999999999,4.53282656676,0.7190062112805364,0.6950000000000001,3.61127942847,0.6475336763085027,0.865,3.68482121703,0.730979889724064,0.942716049382716,2.34397983515,0.8280511465790458,0.0,nan,0.0
4,130166,0.875,0.770006715451,0.9614593742512008,0.918225465719224,3.10500078793,0.8333832362563461,0.7875000000000001,2.48801663092,0.8790368796916944,0.9325000000000001,0.34322128816,0.986997761831242,0.9325000000000001,0.118894647626,0.996731230336152,0.875,0.456121932155,0.9748505222027792,0.8600000000000001,3.81186218094,0.7122349758605487,0.8681481481481481,3.81571152825,0.5874256388560036,0.0,nan,0.0
4,130586,-0.25,1.91034213596e-15,2.620979833825258e-17,0.892452467831764,4.08571909907,0.7404796796037381,0.20750000000000002,7.90289260953e-08,1.088426143030825e-09,0.28500000000000003,2.1857019276e-05,4.16386240533294e-07,0.35750000000000004,7.45642776197e-05,1.2825863471420728e-06,0.25,0.00403798897852,0.0001358919063410341,0.42750000000000005,0.00130415112071,3.107928249457261e-05,0.741728395061728,1.80338117736,0.20767025009596798,0.0,nan,0.0
4,134922,0.4375,0.134491458374,0.0052715229337338245,0.857922028039178,4.97515702303,0.5819281049042727,0.6925,4.99437242959,0.49485549822221375,0.725,4.55194885005,0.48687381746114156,0.6775,4.52542249405,0.27119087156647226,0.635,3.90117129832,0.41497304453630446,0.79,4.35782656001,0.4110292339219186,0.679012345679012,1.10481789429,0.11913203546636553,0.0,nan,0.0
4,134923,0.6725,4.00637503436,0.4007289167134549,0.879969272133666,4.48927500217,0.6868826714270142,0.6825,4.95106459365,0.44506312712874607,0.725,4.55194885005,0.48687381746114156,0.7025,5.25152721604,0.3943991581561273,0.68,3.81485341305,0.5917445240591044,0.735,3.10284736706,0.20118989037853374,0.77037037037037,2.33190547181,0.26654742672248055,0.0,nan,0.0
4,135551,0.7825000000000001,2.72169247053,0.8095484062971503,0.823314768580756,4.94956810882,0.4072417455762092,0.7575000000000001,3.60549926821,0.7876277466390793,0.8250000000000001,2.4161794844,0.8616206443528491,0.7725000000000001,4.24118272109,0.7519246475949284,0.6425000000000001,3.94584211642,0.44441401259489116,0.774999999999999,4.12720904877,0.347252617367326,0.7629629629629631,2.18168354751,0.24983559967200822,1.0,nan,0.0
4,135973,0.6675,3.94860161899,0.3808371360863346,0.849241405799884,5.06497499151,0.5383053882896311,0.8,2.04736652404,0.9073491114633363,0.7925000000000001,3.40444614711,0.76696342444082,0.7825000000000001,3.82050508966,0.7922566809147147,0.745,2.56687614977,0.8035247540940578,0.8975000000000001,2.73700479989,0.835721405587194,0.9017283950617281,3.38143706547,0.7098535254032403,1.0,nan,0.0
4,136122,0.5225000000000001,0.804467869813,0.038356349689805384,0.8521605531015941,5.0418006115,0.5530587301193103,0.78,2.76517033393,0.859341715425199,0.745,4.44189344778,0.5772055395209232,0.745,5.14595790083,0.6217503128159833,0.61,3.59333133511,0.32081100224275644,0.8325,4.33570475364,0.5994426127738322,0.653827160493827,0.92499792063,0.09363357738456575,1.0,nan,0.0
4,136139,0.8225,1.72694050898,0.8981336019436441,0.7495678893796811,2.5058831019,0.12207605814885467,0.8025,1.96353543969,0.9123624004042094,0.837499999999999,2.04913565508,0.8895071320357275,0.784999999999999,3.71165654583,0.8016720973416762,0.76,2.21863944931,0.8394074982828296,0.845,4.13921332676,0.652491176041753,0.9422222222222221,2.35727880287,0.8268903425328652,1.0,nan,0.0
4,136288,0.7425,3.65198255893,0.681194469345842,0.852506241597849,5.03857910728,0.5548010686668365,0.7375,4.27549396885,0.7086012988029107,0.8125,2.79810685012,0.8290401808579281,0.7925000000000001,3.38092244978,0.8282718843821015,0.6225,3.7761210782,0.36692607262515625,0.827499999999999,4.39177812665,0.577618271000568,0.93679012345679,2.50418829892,0.8136867440752,1.0,nan,0.0
4,136820,0.6025,2.53544880215,0.1652407051316886,0.9385442673324371,2.32514209476,0.8884532487669343,0.6275000000000001,3.55557698112,0.2037638677865664,0.655,3.2450048762,0.20107877314799172,0.6175,1.95259280085,0.07695925830368022,0.5650000000000001,2.61285973817,0.17980827708198044,0.655,0.989738406784,0.04416473704468807,0.852345679012345,3.80785464695,0.5270038803627866,1.0,nan,0.0
4,136846,0.7625000000000001,3.2198498393,0.7500680122831742,0.7226810063376221,1.58207611801,0.06759671193811748,0.8075000000000001,1.8009657074,0.9217707312705784,0.7925000000000001,3.40444614711,0.76696342444082,0.804999999999999,2.83166446184,0.8670861035177142,0.875,0.456121932155,0.9748505222027792,0.6525000000000001,0.944327480742,0.04174747080175898,0.6074074074074071,0.647435799899,0.0573441954091933,0.0,nan,0.0
4,137085,0.847499999999999,1.20778736001,0.9345906795390899,0.660418667178797,0.380865237272,0.013096188155811261,0.8400000000000001,0.938211186449,0.9653279276816034,0.875,1.12774621465,0.9480909919445693,0.8775000000000001,0.616642824762,0.9795835276191902,0.8500000000000001,0.677619339462,0.9608359802575153,0.9400000000000001,1.52854892093,0.9254560077137337,0.8148148148148141,3.30089295487,0.39181249318460226,0.0,nan,0.0
4,137869,0.8150000000000001,1.90234303998,0.8845286589474056,0.0,1.53537218779e-18,1.5378441776982855e-20,0.875,0.391523195094,0.9875412086414711,0.905,0.6304269128,0.9739329304563618,0.8700000000000001,0.748665977846,0.9744763183859871,0.8625,0.557436625975,0.9685342091339972,0.972499999999999,0.853007102454,0.9634527816237619,0.9772839506172831,1.49526057899,0.8938221654913314,0.0,nan,0.0
4,138039,0.655,3.76102025698,0.33259066498358447,0.8560015363933161,5.00040740242,0.5723486311535166,0.6975,4.98656824122,0.5198160429473098,0.63,2.44534012966,0.12991522629042884,0.6375000000000001,2.78492944994,0.12413149164552353,0.6075,3.55058533819,0.3118807065111877,0.7325,3.02787954402,0.19352637557147995,0.716049382716049,1.45382909573,0.1660871952744419,0.0,nan,0.0
4,140859,0.4375,0.134491458374,0.0052715229337338245,0.9577491837910501,1.67383919233,0.9266757366101988,0.5975,2.42417438678,0.11408826574231098,0.65,3.0875334828,0.1852461755330119,0.6000000000000001,1.34814309326,0.048272638898553155,0.59,3.20379686379,0.25266823525172444,0.59,0.239800537432,0.008645592517367715,0.6948148148148141,1.23715242018,0.13761077163462038,1.0,nan,0.0
4,140984,0.645,3.57187673384,0.2959000212147008,0.8857307470712501,4.31206675444,0.7122452427164061,0.754999999999999,3.69561663432,0.7785010825207563,0.7625000000000001,4.16461038904,0.6527364013199934,0.7425,5.20098240917,0.6088154995912074,0.6925,3.65025840281,0.6384563629853444,0.8925000000000001,2.88979540337,0.8216542607127899,0.9160493827160491,3.05186586754,0.7559915180398458,1.0,nan,0.0
4,141053,0.625,3.11567546819,0.22888114388048691,1.0,0.6863990763,0.9743213411033718,0.65,4.31450345721,0.29262063567129604,0.645,2.92766622634,0.17020742945287584,0.7025,5.25152721604,0.3943991581561273,0.5,1.14276601098,0.06026671526880999,0.7025,2.12941684935,0.11627166336233954,0.611358024691358,0.669066187481,0.059944576735495594,1.0,nan,0.0
4,141356,0.7025,4.11895496593,0.5236408995532665,0.811791818705588,4.72236861111,0.35142266034493574,0.794999999999999,2.21965816137,0.8966840087619661,0.8250000000000001,2.4161794844,0.8616206443528491,0.8400000000000001,1.50068071962,0.9416754402093092,0.8425,0.75974031743,0.9554507872947212,0.9475,1.3497218138,0.9362412456234873,0.8508641975308641,3.79997031872,0.5213683081589606,1.0,nan,0.0
4,142811,0.635,3.35452986019,0.2612472093495998,0.8137507201843671,4.76780982168,0.36071825445477,0.58,1.81511320903,0.07710213334864455,0.595,1.4261195683,0.06284019382979243,0.675,4.42938961943,0.25999667312296154,0.535,1.87735637927,0.11255114376544813,0.7825000000000001,4.25640739888,0.37870770921458513,0.714567901234567,1.43687515259,0.16394597121244023,1.0,nan,0.0
4,142951,0.6475000000000001,3.62205755829,0.30489281744317687,0.8876896485500281,4.24809965337,0.7206297906816116,0.764999999999999,3.32884939155,0.8136364896658024,0.804999999999999,3.02873868274,0.807188708794008,0.7375,5.2941735445,0.5825680422087088,0.68,3.81485341305,0.5917445240591044,0.784999999999999,4.29342590084,0.3893956547421627,0.929382716049382,2.70436624579,0.7943946839886749,0.0,nan,0.0
4,143324,0.5750000000000001,1.83287104387,0.10530977032036887,0.8636835029767621,4.8818055063,0.6103358939338848,0.66,4.58212416642,0.33714920889504085,0.5725,0.924173569066,0.03665975108652002,0.625,2.2500185623,0.09270619653360557,0.59,3.20379686379,0.25266823525172444,0.6775,1.46689050944,0.07157192624695774,0.6972839506172831,1.25974977906,0.14069324537350608,1.0,nan,0.0
4,145305,0.605,2.60115754333,0.1716614683619325,0.9097753024774341,3.4372259835,0.8057398046554878,0.745,4.03999675619,0.7397987447640632,0.7675000000000001,4.05901188037,0.6732998156898037,0.6875,4.87232832207,0.3182331211887707,0.6575000000000001,3.96368585959,0.5038554556543872,0.725,2.8008577657,0.17166724588063895,0.7970370370370371,2.91897668543,0.33646329649174783,1.0,nan,0.0
4,145335,0.5225000000000001,0.804467869813,0.038356349689805384,0.693796811983867,0.86480285369,0.03298947272721008,0.5425,0.8297383749,0.029025742967530375,0.55,0.560123344318,0.020211567670953532,0.5,0.0612637999848,0.0014862513680388625,0.5875,3.14857806973,0.2447275213678637,0.8,4.44597074952,0.4550945492355586,0.79753086419753,2.93002625909,0.33790749521510005,0.0,nan,0.0
4,145444,0.725,3.9345508678,0.6146563433852608,0.8017284424812751,4.45002172503,0.3052180100217162,0.754999999999999,3.69561663432,0.7785010825207563,0.8525,1.64318817358,0.9171445335630677,0.6925,5.0195210262,0.3429707722775241,0.7975000000000001,1.43198889255,0.9073310361383435,0.794999999999999,4.40884911412,0.4329516163876221,0.861728395061728,3.82960648871,0.562872482067466,1.0,nan,0.0
4,146557,-0.25,1.91034213596e-15,2.620979833825258e-17,0.8974841559439211,3.90512910958,0.7605868985331068,0.72,4.71636454105,0.6296718730403283,0.73,4.5467235951,0.5096268086458803,0.6825,4.70690101805,0.2942778913295246,0.5700000000000001,2.73608208129,0.19318119141739237,0.74,3.25090864756,0.21707547633493646,0.9002469135802461,3.41171181893,0.7048214607634311,0.0,nan,0.0
4,146877,0.8075000000000001,2.08483772432,0.8695807003093668,0.5736892644516991,0.0281533138126,0.0007825563149835367,0.715,4.80802514046,0.6058538613290063,0.865,1.34186964752,0.9357633286587358,0.5625,0.509145161679,0.015319053649017384,0.8400000000000001,0.788885468995,0.9535151934741883,0.865,3.68482121703,0.730979889724064,0.863209876543209,3.82849473024,0.5685453044924482,1.0,nan,0.0
4,146928,0.7000000000000001,4.1254618435,0.5133347751228539,0.837718455924716,5.08484184175,0.4797170327814078,0.8600000000000001,0.581756062734,0.9803163822857001,0.855,1.58004853056,0.9211732898079756,0.8174999999999991,2.30953434054,0.8991776412740653,0.8150000000000001,1.13253687247,0.929699715888574,0.885,3.11701441655,0.7991263698649722,0.803456790123456,3.06136982622,0.35566111150902985,1.0,nan,0.0
4,146993,0.8125,1.96245904897,0.8796978154190722,0.37584021509506405,5.0440556667e-06,8.897725385718879e-08,1.0,0.00437421498133,0.9999065590023519,1.0,0.058082334461,0.9981797826311471,1.0,0.00956672950801,0.999783544839274,0.9500000000000001,0.122609434098,0.9941961446439351,0.8,4.44597074952,0.4550945492355586,0.8528395061728391,3.81021849511,0.5288848915402344,1.0,nan,0.0
4,147026,0.5,0.525731493899,0.02356482152737551,0.8626848473209141,4.89983393133,0.6054515859933687,0.615,3.08418593133,0.1622494055920295,0.655,3.2450048762,0.20107877314799172,0.625,2.2500185623,0.09270619653360557,0.52,1.5389019163,0.08696726990690412,0.645,0.817115175691,0.03515045423951484,0.815802469135802,3.32058016058,0.3950823748123966,1.0,nan,0.0
4,147101,0.625,3.11567546819,0.22888114388048691,0.861724601497983,4.91644888158,0.6007385068817771,0.7225,4.66433992033,0.6413985889817807,0.865,1.34186964752,0.9357633286587358,0.6825,4.70690101805,0.2942778913295246,0.8600000000000001,0.579888699028,0.9671127117194205,0.8525,3.98661404551,0.6829779366112798,0.9007407407407401,3.40171268598,0.7065037916469856,0.0,nan,0.0
4,147111,0.595,2.33882100194,0.14696308905769595,0.9010946802381411,3.77091723732,0.7744451972161011,0.774999999999999,2.95282360848,0.8450473278987596,0.735,4.52643827762,0.5323159447773894,0.6225,2.14861226149,0.08720835681740702,0.605,3.50596195325,0.3030596401281988,0.837499999999999,4.26641162296,0.6209532785952123,0.852345679012345,3.80785464695,0.5270038803627866,1.0,nan,0.0
4,147193,0.75,3.50111015583,0.7080282116860168,0.752294987516804,2.60996717963,0.12905146507136941,0.7825000000000001,2.67204892218,0.8661381129542514,0.7825000000000001,3.68702983494,0.7314881863793896,0.7975000000000001,3.15966924845,0.8446230373608747,0.8500000000000001,0.677619339462,0.9608359802575153,0.75,3.53557808296,0.2510231805578293,0.6439506172839501,0.861279496056,0.08481493388069421,1.0,nan,0.0
4,819,0.725,3.9345508678,0.6146563433852608,0.8252736700595351,4.97808382849,0.41696589420361097,0.7075,4.91261917045,0.5693760190412137,0.7025,4.38976252857,0.3857181123565898,0.7225,5.42827504307,0.501868345982481,0.7775000000000001,1.83069229058,0.8747972648602171,0.8300000000000001,4.36543188036,0.5885654950285863,0.7214814814814811,1.51873836336,0.17415884086632982,0.0,nan,0.0
4,1942,0.715,4.04367406939,0.5747306103678493,0.8467447666602651,5.07902545004,0.5256413208331325,0.5925,2.24290168726,0.1024225944455094,0.6725,3.75944857921,0.2624714136054592,0.6075,1.59076391445,0.05927764009780703,0.585,3.09223200804,0.23692628431018903,0.784999999999999,4.29342590084,0.3893956547421627,0.755061728395061,2.03136716242,0.23319859013125388,0.0,nan,0.0
4,1993,0.6625,3.88067520559,0.3612598267707073,0.8857307470712501,4.31206675444,0.7122452427164061,0.7525000000000001,3.78433639201,0.7691508281054789,0.7375,4.51072491298,0.5436131652914173,0.835,1.66307310089,0.9337704457440816,0.63,3.85853749623,0.3955695667846456,0.905,2.50841285543,0.85539047841423,0.905679012345679,3.29681407485,0.7230469353355244,0.0,nan,0.0
