user,id,chargeScore,chargeScore_pdf,chargeScore_cdf,serviceScore,serviceScore_pdf,serviceScore_cdf,equipmentScore,equipmentScore_pdf,equipmentScore_cdf,roomScore,roomScore_pdf,roomScore_cdf,bathScore,bathScore_pdf,bathScore_cdf,mealScore,mealScore_pdf,mealScore_cdf,distanceScore,distanceScore_pdf,distanceScore_cdf,locationScore,locationScore_pdf,locationScore_cdf,kinnennScore,kinnennScore_pdf,kinnennScore_cdf
11,101,0.9297100057614741,3.05263297907,0.9132637817442768
,0.73,4.46978080473,0.7324936784404226
,0.655,4.52466285406,0.5418964502406349
,0.6000000000000001,2.95189726156,0.20689340322791935
,0.625,3.58239476893,0.5548320209213335
,0.6975,1.68719317887,0.6444749514464249
,0.9797530864197531,1.34217100977,0.9134125081031739
,0.9400000000000001,1.16962560391,0.932898606158767
,1.0,nan,nan
11,192,0.8213942769348951,5.62264415779,0.20799194099620838
,0.66,5.12140885606,0.37091249152825445
,0.63,4.49204787396,0.4284081014550329
,0.6775,4.12155519111,0.4936133153646111
,0.5325,2.82508026691,0.2417572031830531
,0.6675,1.76031694518,0.5926881369068111
,0.755061728395061,2.9147406111,0.2919199016380243
,0.745,3.54974839844,0.3860427306448168
,1.0,nan,nan
11,223,0.8713654695602071,7.98637736281,0.5764322150258432
,0.6775,5.38745198341,0.46327814363075304
,0.6375000000000001,4.5410963845,0.46230315095730407
,0.605,3.07573037698,0.2219637294617301
,0.5575,3.23122475646,0.3176742133299966
,0.5825,1.78993834973,0.43986351137139196
,0.8103703703703701,3.37895574635,0.46888114148095983
,0.605,1.04420697084,0.05597163808325134
,0.0,nan,nan
11,388,0.713885154599577,0.1591207306,0.0031561574093500596
,0.7675000000000001,2.86373021889,0.8707315860191747
,0.7575000000000001,2.00354041293,0.8964048056677963
,0.7675000000000001,2.69990456672,0.8187669213510329
,0.675,3.0289937692,0.7226042406205636
,0.7825000000000001,1.35052985918,0.7746694223643418
,0.851358024691358,3.26930870616,0.6065041700786316
,0.915,1.60791419186,0.8983273667726941
,1.0,nan,nan
11,398,0.8828884194353751,7.40826128652,0.6655250642512729
,0.66,5.12140885606,0.37091249152825445
,0.635,4.52844363394,0.4509654499389869
,0.6325000000000001,3.67443690936,0.3151662176868709
,0.545,3.04094869318,0.2784428145760266
,0.847499999999999,1.03071243944,0.8521403128742114
,0.720493827160493,2.37610078988,0.2001345372370831
,0.61,1.12324694853,0.06138883507153581
,0.0,nan,nan
11,462,0.965469560207413,0.917647122327,0.9787659970448215
,0.8300000000000001,0.764629636931,0.976117765163869
,0.7975000000000001,1.02685303798,0.9557707806776032
,0.68,4.12141495454,0.5039176069844397
,0.64,3.48146067372,0.6078899618602425
,0.7075,1.65650377355,0.6611958960588746
,0.810864197530864,3.38005439169,0.47055003530805783
,0.79,3.6582998431,0.5506117011645731
,1.0,nan,nan
11,509,0.6792778951411561,0.02812482007,0.0004749657305149717
,0.6950000000000001,5.35660983956,0.5577317894429048
,0.6375000000000001,4.5410963845,0.46230315095730407
,0.6950000000000001,4.06269090958,0.5654214758397658
,0.5125000000000001,2.44466757451,0.1890068358526701
,0.8225,1.15519054392,0.8248176988445317
,0.9125925925925921,2.48157287416,0.7854802540087917
,0.919999999999999,1.51475605835,0.9061330245529589
,0.0,nan,nan
11,568,0.786863837142308,2.48767489526,0.07073124209213373
,0.7975000000000001,1.66286840191,0.9379301068017083
,0.685,4.09523181442,0.672358959965193
,0.6625,4.06440305832,0.43209517152434956
,0.865,0.256791933153,0.9888105404308813
,0.5675,1.76687813629,0.4131771598400116
,0.9432098765432091,1.95273980279,0.8534237295275118
,0.9450000000000001,1.09103393241,0.9385488967324054
,1.0,nan,nan
11,570,0.765700019204916,1.26650943071,0.032087201011796955
,0.7825000000000001,2.22813324015,0.9088533979200015
,0.754999999999999,2.07589283763,0.8913057286633959
,0.8625,0.691037905932,0.9696738287239681
,0.735,1.88856067823,0.871021274705279
,0.857499999999999,0.981342575101,0.8622002246415921
,0.946172839506172,1.90110781921,0.859133094392617
,0.8775000000000001,2.35892598437,0.8241440800758293
,1.0,nan,nan
11,610,0.880929517956596,7.53487103696,0.6508872773639389
,0.725,4.65084666517,0.7096863241579425
,0.6875,4.03995781791,0.6825284739159844
,0.7825000000000001,2.31492548713,0.8563775616740539
,0.615,3.61354074108,0.5188276025408265
,0.8225,1.15519054392,0.8248176988445317
,0.899753086419753,2.68905174407,0.7522709227548496
,0.9175000000000001,1.56102975529,0.9022884226166925
,0.0,nan,nan
11,630,0.9405031688112151,2.21134034425,0.9415185308868812
,0.68,5.40166267766,0.47676582265906686
,0.6375000000000001,4.5410963845,0.46230315095730407
,0.74,3.36679805429,0.7351332149558385
,0.5575,3.23122475646,0.3176742133299966
,0.7725000000000001,1.39717990538,0.7609298430045216
,0.7629629629629631,3.01741505222,0.31536202479208697
,0.6875,2.64091929014,0.20503101939652849
,0.0,nan,nan
11,658,0.656270405223737,0.00741438761853,0.00011315327839408123
,0.5775,1.89454385481,0.07415193543230436
,0.54,2.19435557691,0.11246070667922078
,0.59,2.69715642425,0.1786420174084827
,0.47750000000000004,1.75417867078,0.1155866703681885
,0.63,1.80715303426,0.5256355349082764
,0.65679012345679,1.30213182935,0.08360047774531276
,0.665,2.17425095484,0.15083117496776724
,0.0,nan,nan
11,659,0.531745726906087,3.56587641558e-07,3.515919034668941e-09
,0.6125,3.36245148211,0.16537963278492457
,0.5925,3.80203279384,0.27080293624921203
,0.645,3.87773087147,0.36242232289256393
,0.47750000000000004,1.75417867078,0.1155866703681885
,0.62,1.81070755102,0.5075430377365835
,0.622222222222222,0.831893659865,0.04706247262983153
,0.65,1.8636548867,0.12055737411209269
,0.0,nan,nan
11,716,0.7945073938928361,3.08172170458,0.09196570519546154
,0.7225,4.73589854153,0.6979520843512453
,0.715,3.30002449809,0.7839219838815157
,0.8325,1.17264829094,0.9421496340002138
,0.645,3.43416014208,0.6251817334650742
,0.8025,1.25412944845,0.8007218265523609
,0.819259259259259,3.38963779624,0.4989780676446066
,0.735,3.44257944371,0.3510583596491552
,0.0,nan,nan
11,767,0.7599385442673321,1.03451128281,0.025477024397691585
,0.6950000000000001,5.35660983956,0.5577317894429048
,0.6625,4.4621722979,0.5756172889254068
,0.7000000000000001,4.02160004863,0.5856365566818411
,0.5975,3.59591994749,0.4556106728967232
,0.7325,1.56774817074,0.7015328235808993
,0.9007407407407401,2.67362659488,0.7549191672557722
,0.8725,2.46112815619,0.812093677364125
,0.0,nan,nan
11,839,0.782024198194737,2.15359426879,0.05951361310291155
,0.8150000000000001,1.12131624233,0.9620949882911118
,0.7875000000000001,1.23510939595,0.944482154534326
,0.845,0.950988031833,0.9553911765402796
,0.7275,2.03567011976,0.8563067686044935
,0.735,1.55801840028,0.7054400616147737
,1.0,1.04591831069,0.9375232502309941
,0.925,1.42415486715,0.9134791906553228
,1.0,nan,nan
11,858,0.7714614941425001,1.53886783227,0.04014849640646343
,0.61,3.25141798214,0.15711228697968
,0.635,4.52844363394,0.4509654499389869
,0.65,3.94347140575,0.3819792720455495
,0.5525,3.15863407065,0.30169749135467383
,0.5675,1.76687813629,0.4131771598400116
,0.631604938271604,0.947440717579,0.055402587911599056
,0.6475000000000001,1.81293544642,0.11596171998089348
,0.0,nan,nan
11,864,0.8713654695602071,7.98637736281,0.5764322150258432
,0.6900000000000001,5.39639359046,0.5308390749449738
,0.6375000000000001,4.5410963845,0.46230315095730407
,0.71,3.90904411729,0.6253225943253669
,0.5625,3.29862973282,0.33400109475056083
,0.75,1.49679909147,0.7283570604387402
,0.899753086419753,2.68905174407,0.7522709227548496
,0.919999999999999,1.51475605835,0.9061330245529589
,0.0,nan,nan
11,922,0.9174188592279621,4.19329746273,0.8688993282094842
,0.605,3.02984848185,0.14140967157610762
,0.595,3.86709636991,0.2803897864538903
,0.5750000000000001,2.30878239864,0.14109766424143383
,0.454999999999999,1.34482263575,0.08080908523060182
,0.4525,1.36682571976,0.2297840056816559
,0.5837037037037031,0.45667392419,0.022751428736597287
,0.6825,2.53891878512,0.1920807401141867
,1.0,nan,nan
11,930,0.56024582293067,5.23313825987e-06,5.621108785125654e-08
,0.78,2.33003628391,0.9031560859983248
,0.75,2.2234863685,0.880558793689326
,0.7925000000000001,2.06232688686,0.8782583589264634
,0.685,2.85733505886,0.7520476965561474
,0.7125,1.64007645839,0.6694376387892412
,0.750123456790123,2.84584306627,0.2776948341433092
,0.885,2.20499171699,0.8412588746737508
,1.0,nan,nan
11,995,0.8674860764355671,8.08232161358,0.5452466663498755
,0.5775,1.89454385481,0.07415193543230436
,0.51,1.35914667911,0.05963388064943573
,0.5325,1.30497749481,0.06512556125084791
,0.52,2.59089308549,0.20789215127988014
,0.7875000000000001,1.32677170097,0.7813627859694855
,0.7664197530864191,3.05913382482,0.32586529072554316
,0.65,1.8636548867,0.12055737411209269
,1.0,nan,nan
11,996,0.8703668139043591,8.01613073244,0.568441429151985
,0.65,4.85115505409,0.3209855236441823
,0.6000000000000001,3.99055048828,0.3000377670748121
,0.6375000000000001,3.76205887422,0.33376078228230566
,0.5325,2.82508026691,0.2417572031830531
,0.625,1.80940944261,0.516593730085625
,0.8390123456790121,3.34442732622,0.5656428776021942
,0.725,3.3095813151,0.317277304492935
,0.0,nan,nan
11,1119,0.8574227002112541,8.07892725748,0.4636209225789685
,0.6000000000000001,2.81054036049,0.12681002383470552
,0.545,2.34928236203,0.12381855038817252
,0.58,2.43810602493,0.15296459054279893
,0.5075000000000001,2.34577357335,0.17703038920913253
,0.5,1.57155472976,0.2997297023143757
,0.8874074074074071,2.87237543427,0.717921990168456
,0.7325,3.41163362119,0.3424902612902895
,0.0,nan,nan
11,1128,0.858882273862108,8.10210005741,0.47543054818118624
,0.7425,3.9663323979,0.7852836948758715
,0.6925,3.92215241086,0.7024376329553136
,0.6775,4.12155519111,0.4936133153646111
,0.6025,3.61033173402,0.47362940524657116
,0.8700000000000001,0.920391100945,0.8740850242569947
,0.7935802469135801,3.30698051876,0.4126591610471761
,0.7725000000000001,3.69210186475,0.4861537581400302
,1.0,nan,nan
11,1186,0.7987708853466481,3.44606741959,0.10587344028279015
,0.7225,4.73589854153,0.6979520843512453
,0.6175,4.33873037969,0.3731254659755848
,0.6625,4.06440305832,0.43209517152434956
,0.65,3.38048529414,0.6422209374469123
,0.5750000000000001,1.7794310925,0.4264770845017378
,0.712592592592592,2.24047655505,0.18189463485613605
,0.67,2.27894381668,0.1619641323062223
,0.0,nan,nan
11,1356,0.704513155367774,0.102580688953,0.0019470058127115267
,0.7575000000000001,3.30782792113,0.8398795865970599
,0.774999999999999,1.53057613527,0.9272363487854622
,0.8125,1.58706425313,0.9146690150715497
,0.73,1.98639937317,0.8613343145063088
,0.79,1.31479769094,0.784664760234783
,0.8316049382716041,3.37243759886,0.5407575193588889
,0.925,1.42415486715,0.9134791906553228
,0.0,nan,nan
11,1357,0.283887075091223,8.6209696992e-22,4.935923948167281e-24
,0.8025,1.49443226218,0.9458189064706636
,0.78,1.40782349693,0.9345798701221528
,0.8075000000000001,1.70098816778,0.9064504303604035
,0.72,2.18433042994,0.8404823358078699
,0.76,1.45355210372,0.7431103058044192
,0.6083950617283951,0.678974432378,0.036640897437088676
,0.835,3.16549013356,0.7061127075381645
,0.0,nan,nan
11,1386,0.694680238140964,0.0632098049291,0.0011458179723607537
,0.6975,5.32760965892,0.5710883140312601
,0.7025,3.66136076938,0.7403806687044033
,0.7425,3.31081364198,0.7434804948600069
,0.6525000000000001,3.3513584468,0.6506360526753427
,0.5825,1.78993834973,0.43986351137139196
,0.866666666666666,3.13020667376,0.6555496518352754
,0.8600000000000001,2.71173218617,0.7797536362645704
,0.0,nan,nan
11,1404,0.41317457269060803,3.63453529401e-13,2.6657044158134713e-15
,0.6725,5.34067543495,0.4364477078203784
,0.6725,4.33028229818,0.6196241568913325
,0.7875000000000001,2.18780608956,0.8676338286386436
,0.77,1.25423206317,0.925704722895134
,0.75,1.49679909147,0.7283570604387402
,0.575802469135802,0.398571768205,0.019376636638132515
,0.75,3.59278941341,0.40390210697114026
,0.0,nan,nan
11,1500,0.9097753024774341,4.96300007409,0.833921645143122
,0.73,4.46978080473,0.7324936784404226
,0.5675,3.06424532939,0.18470715712199332
,0.5825,2.50294903517,0.1591408989801334
,0.387499999999999,0.476752000865,0.022633374010483875
,0.6875,1.71483824365,0.6274621821224511
,0.8859259259259251,2.89305181292,0.7136512650824028
,0.9375,1.21013176981,0.929924075318008
,0.0,nan,nan
11,1501,0.8521605531015941,7.93342043458,0.42144934161593944
,0.6425000000000001,4.60209614647,0.28551354581651567
,0.505,1.24043696095,0.05313766378450388
,0.6025,3.01419095603,0.21435116024951228
,0.4,0.593279709379,0.029301155586425782
,0.55,1.72990306309,0.38256494362490856
,0.775308641975308,3.15656695581,0.353501482544445
,0.9450000000000001,1.09103393241,0.9385488967324054
,0.0,nan,nan
11,1511,0.8636450931438441,8.1243112294,0.5141048926464604
,0.6125,3.36245148211,0.16537963278492457
,0.52,1.61570152347,0.07448748078664516
,0.54,1.463366814,0.0755006215976309
,0.5925,3.574113952,0.4376825320304725
,0.6075,1.80974991721,0.48490892310722067
,0.724444444444444,2.44284585792,0.20965372577529928
,0.8700000000000001,2.51192973653,0.805877303105079
,1.0,nan,nan
11,1556,0.788745918955252,2.62652757211,0.07554313846345638
,0.675,5.36709906027,0.4498336818502304
,0.6625,4.4621722979,0.5756172889254068
,0.705,3.97024521679,0.6056203653113856
,0.6525000000000001,3.3513584468,0.6506360526753427
,0.705,1.66445136463,0.6570446646428321
,0.675555555555555,1.60227144929,0.11081150286126687
,0.7825000000000001,3.68469765435,0.5230644118414718
,1.0,nan,nan
11,1630,0.888611484540042,6.98231523708,0.7067416323435921
,0.6525000000000001,4.9258237559,0.33320767798317563
,0.6325000000000001,4.51208174471,0.439664023995479
,0.6825,4.11849747809,0.5142180756126196
,0.6075,3.61725982664,0.491701514784194
,0.8525,1.00597300468,0.8572319859292241
,0.6335802469135801,0.972961053784,0.05729921342600094
,0.64,1.66349056473,0.10292786241957332
,0.0,nan,nan
11,1667,0.660072978682542,0.00933975717811,0.0001448781146679709
,0.68,5.40166267766,0.47676582265906686
,0.6625,4.4621722979,0.5756172889254068
,0.6175,3.36860825598,0.2622696159546631
,0.49,1.99768454132,0.13902757795419896
,0.75,1.49679909147,0.7283570604387402
,0.902222222222222,2.65030359445,0.7588628462491676
,0.8,3.59611882038,0.5869089834170799
,0.0,nan,nan
11,1680,0.8974841559439211,6.19255796578,0.7652853935849868
,0.7925000000000001,1.84174408208,0.9291728121676082
,0.6950000000000001,3.85989147796,0.7121656302509138
,0.7275,3.6249712517,0.6913940070194922
,0.6975,2.62591858372,0.7863341926669887
,0.784999999999999,1.33868369141,0.7780309534125461
,0.875061728395061,3.03452956821,0.681435244310132
,0.8700000000000001,2.51192973653,0.805877303105079
,1.0,nan,nan
11,1725,0.84251968503937,7.43531404458,0.3471409133599681
,0.685,5.41147664804,0.5038090402715691
,0.6000000000000001,3.99055048828,0.3000377670748121
,0.6475000000000001,3.91178421267,0.37215970293346046
,0.625,3.58239476893,0.5548320209213335
,0.615,1.81104518842,0.49848825544862974
,0.760987654320987,2.99267420729,0.3094260285895094
,0.7425,3.52553430265,0.3771982594357082
,1.0,nan,nan
11,1764,0.7307470712502401,0.3329322076,0.0071469852415033735
,0.7075,5.15340229428,0.6235692007988997
,0.67,4.36822936276,0.608750348051434
,0.7425,3.31081364198,0.7434804948600069
,0.645,3.43416014208,0.6251817334650742
,0.7725000000000001,1.39717990538,0.7609298430045216
,0.880987654320987,2.95965603786,0.6991986325405536
,0.857499999999999,2.76052256645,0.7729132015531391
,0.0,nan,nan
11,1770,0.785327443825619,2.37801857952,0.06699385961141403
,0.6025,2.9197970187,0.13397275707208642
,0.5775,3.37415013772,0.2169101815823029
,0.64,3.8027956953,0.34321729138533874
,0.5525,3.15863407065,0.30169749135467383
,0.635,1.80394207736,0.5346636694267388
,0.722962962962963,2.41791753744,0.20605314450246281
,0.835,3.16549013356,0.7061127075381645
,0.0,nan,nan
11,1799,0.434415210293835,5.87132875463e-12,4.514214224917195e-14
,0.81,1.26221926162,0.9561408019631767
,0.8400000000000001,0.41288214056,0.9848914963602267
,0.885,0.438685939062,0.9822198697115381
,0.8500000000000001,0.344915881256,0.9843241210519253
,0.8250000000000001,1.14273698037,0.8276901101772682
,0.7614814814814811,2.99891939663,0.3109054360486191
,0.8,3.59611882038,0.5869089834170799
,0.0,nan,nan
11,1872,0.683272517764547,0.0349136751181,0.0006004310498463916
,0.66,5.12140885606,0.37091249152825445
,0.6075,4.15699889969,0.3306059910650448
,0.6475000000000001,3.91178421267,0.37215970293346046
,0.52,2.59089308549,0.20789215127988014
,0.6075,1.80974991721,0.48490892310722067
,0.7866666666666661,3.25846002815,0.3899576993079043
,0.9475,1.05297101799,0.94122872998033
,0.0,nan,nan
11,1927,0.814518916842711,4.94079081788,0.1716745919744796
,0.66,5.12140885606,0.37091249152825445
,0.5775,3.37415013772,0.2169101815823029
,0.5775,2.37335576225,0.1469502914960692
,0.52,2.59089308549,0.20789215127988014
,0.5,1.57155472976,0.2997297023143757
,0.8172839506172841,3.3889324141,0.4922830262292265
,0.8400000000000001,3.08198750322,0.7217332237832563
,0.0,nan,nan
11,1996,0.8560015363933161,8.04909818157,0.452159795673554
,0.67,5.30827323031,0.423135287382518
,0.525,1.75290149319,0.08290664999296384
,0.495,0.673988082048,0.02887803794380156
,0.6000000000000001,3.60405680903,0.4646110305385671
,0.62,1.81070755102,0.5075430377365835
,0.7866666666666661,3.25846002815,0.3899576993079043
,0.7325,3.41163362119,0.3424902612902895
,0.0,nan,nan
11,1997,0.8905703860188201,6.81967756479,0.720261264691499
,0.6900000000000001,5.39639359046,0.5308390749449738
,0.6625,4.4621722979,0.5756172889254068
,0.685,4.11280968531,0.5245077856205692
,0.59,3.56047879441,0.42876391501467415
,0.7775000000000001,1.37400946221,0.7678579516284998
,0.493827160493827,0.0747967498108,0.002897163003806478
,0.67,2.27894381668,0.1619641323062223
,1.0,nan,nan
11,2335,0.9059343191857111,5.35423005688,0.8141070913397586
,0.675,5.36709906027,0.4498336818502304
,0.5825,3.522921763,0.23415500000003409
,0.64,3.8027956953,0.34321729138533874
,0.485,1.89935396576,0.12928540154417562
,0.75,1.49679909147,0.7283570604387402
,0.884444444444444,2.91341410459,0.7093501399029878
,0.6900000000000001,2.69123939568,0.2116963234443558
,0.0,nan,nan
11,2465,0.937007874015748,2.46505897654,0.9333511969522508
,0.7225,4.73589854153,0.6979520843512453
,0.7775000000000001,1.46845645129,0.9309848331159175
,0.6675,4.0944044313,0.4524966896364183
,0.555,3.19555189714,0.309640477691446
,-0.25,0.00159777729757,0.00010040393109595546
,0.8153086419753081,3.38727217681,0.4855903214042615
,0.7225,3.27266543258,0.30904920729205004
,1.0,nan,nan
11,2605,0.8767428461686191,7.76822463162,0.6188343995835957
,0.339999999999999,0.000119358233728,1.862681310997653e-06
,0.3025,0.0022613789373,5.018817543696032e-05
,0.339999999999999,0.00997945055547,0.0002713894755894193
,0.355,0.255550473376,0.011029119046057488
,-0.25,0.00159777729757,0.00010040393109595546
,0.803456790123456,3.3573975103,0.4455883620189273
,0.59,0.828256747021,0.04196833312136528
,1.0,nan,nan
11,2876,0.602458229306702,0.000178585409289,2.208728964420451e-06
,0.8400000000000001,0.578836107509,0.9828023339830612
,0.794999999999999,1.07653169298,0.9531418814976131
,0.8174999999999991,1.47701066655,0.9223275264539692
,0.889999999999999,0.15153889975,0.993817890364002
,0.6075,1.80974991721,0.48490892310722067
,0.886913580246913,2.87930191897,0.7165018215179746
,0.9550000000000001,0.943814422301,0.9487119273706535
,0.0,nan,nan
11,2877,0.748454004225081,0.676516781179,0.015774394070845427
,0.635,4.32102944186,0.25203414739672086
,0.75,2.2234863685,0.880558793689326
,0.6725,4.11350470729,0.4730210424268041
,0.635,3.52209520259,0.5903782388749886
,0.6875,1.71483824365,0.6274621821224511
,0.845432098765432,3.30970224467,0.587006923148517
,0.8075000000000001,3.53017398321,0.6136425875984554
,1.0,nan,nan
11,2958,0.8905703860188201,6.81967756479,0.720261264691499
,0.65,4.85115505409,0.3209855236441823
,0.59,3.73493576565,0.26138131710433515
,0.5325,1.30497749481,0.06512556125084791
,0.7475,1.65003063042,0.8931268892062718
,0.6825,1.72746401044,0.6188560868261883
,0.9797530864197531,1.34217100977,0.9134125081031739
,0.8775000000000001,2.35892598437,0.8241440800758293
,0.0,nan,nan
11,4771,0.7637795275590551,1.18487989516,0.029733971832487778
,0.705,5.20541090403,0.6106195481757704
,0.635,4.52844363394,0.4509654499389869
,0.705,3.97024521679,0.6056203653113856
,0.5175000000000001,2.54250986236,0.20147531278777275
,0.6025,1.80768729381,0.47586493109866324
,0.79753086419753,3.32986856679,0.42577016530890266
,0.8975000000000001,1.95036412909,0.8672248833178916
,1.0,nan,nan
11,4778,0.594814672556174,9.80577479876e-05,1.180535025488818e-06
,0.6875,5.40704302146,0.517333487081721
,0.7125,3.37465318205,0.7755784364952107
,0.774999999999999,2.50735492471,0.8382947998165613
,0.6575000000000001,3.28874575219,0.6672386838012859
,0.7875000000000001,1.32677170097,0.7813627859694855
,0.941234567901234,1.98723553229,0.8495324036332499
,0.9400000000000001,1.16962560391,0.932898606158767
,1.0,nan,nan
11,4801,0.8214326867678121,5.62642120369,0.20820797835889138
,0.735,4.27595598055,0.7543628626596797
,0.625,4.44115851423,0.40606913519297316
,0.64,3.8027956953,0.34321729138533874
,0.6725,3.06954897246,0.7149808476121482
,0.7075,1.65650377355,0.6611958960588746
,0.8103703703703701,3.37895574635,0.46888114148095983
,0.764999999999999,3.67665579131,0.45850969483606124
,1.0,nan,nan
11,4805,0.7753024774342231,1.74457378108,0.04644794994881662
,0.7725000000000001,2.64613452773,0.8845043944354869
,0.74,2.52773066235,0.8568110634722406
,0.8400000000000001,1.03605583995,0.9504255759286664
,0.6975,2.62591858372,0.7863341926669887
,0.7675000000000001,1.42001050921,0.7538867189731979
,0.940246913580246,2.00449875383,0.8475611775064986
,0.9125000000000001,1.65537843805,0.8942483684286318
,0.0,nan,nan
11,4819,0.8751680430190121,7.8419797462,0.6065418569111178
,0.6725,5.34067543495,0.4364477078203784
,0.6725,4.33028229818,0.6196241568913325
,0.715,3.83848775432,0.6446952106690208
,0.56,3.26560081726,0.3257955207670546
,0.6025,1.80768729381,0.47586493109866324
,0.884444444444444,2.91341410459,0.7093501399029878
,0.7225,3.27266543258,0.30904920729205004
,0.0,nan,nan
11,4977,0.7945073938928361,3.08172170458,0.09196570519546154
,0.71,5.09603020291,0.6363820896152335
,0.725,2.9940464322,0.8154003961079945
,0.685,4.11280968531,0.5245077856205692
,0.705,2.48091827005,0.805486999600344
,0.64,1.79978189293,0.5436733735496233
,0.7970370370370371,3.32720391388,0.4241264413850837
,0.8500000000000001,2.90310131386,0.7516707589712747
,1.0,nan,nan
11,5024,0.9289802189360471,3.11547394578,0.9110131230681191
,0.7000000000000001,5.2926611975,0.584364880281766
,0.6525000000000001,4.53822386586,0.5305670734935384
,0.7625000000000001,2.82715923908,0.80494868686356
,0.495,2.09683940371,0.14926362211716415
,0.67,1.7553780212,0.5970828011349955
,0.9032098765432091,2.63463543637,0.7614727004001884
,0.7425,3.52553430265,0.3771982594357082
,1.0,nan,nan
11,5041,0.7061647781832141,0.111005093173,0.0021233058421256854
,0.41000000000000003,0.00578743814904,0.0001102103004903257
,0.454999999999999,0.415960901856,0.014396911476134644
,0.47750000000000004,0.471231641952,0.018937201340450786
,0.36250000000000004,0.297167039451,0.013098601194340805
,0.75,1.49679909147,0.7283570604387402
,0.8246913580246911,3.38665157712,0.5173860736221205
,0.6375000000000001,1.61471570468,0.09883022226591928
,0.0,nan,nan
11,5303,0.865603994622623,8.10956068476,0.5300074422314638
,0.75,3.64104546509,0.813818701737429
,0.47250000000000003,0.632481835069,0.023468240898083446
,0.5,0.742269410718,0.03241669313933699
,0.6950000000000001,2.67338383823,0.7797099599852944
,0.25,0.454494773223,0.050606283291950896
,0.78716049382716,3.26227519611,0.3915677595652426
,0.8600000000000001,2.71173218617,0.7797536362645704
,1.0,nan,nan
11,5309,0.8444785865181481,7.55859867078,0.3618284052515853
,0.6975,5.32760965892,0.5710883140312601
,0.6900000000000001,3.9822201836,0.6925566959123146
,0.6950000000000001,4.06269090958,0.5654214758397658
,0.585,3.52785024017,0.411040142349372
,0.6950000000000001,1.69439695454,0.6402479238260994
,0.9041975308641971,2.6188749121,0.764067033986432
,0.7675000000000001,3.68379838473,0.46771067649358855
,0.0,nan,nan
11,5385,0.9020933358939881,5.74142848284,0.792795773053453
,0.6075,3.14046792319,0.14912247308938625
,0.5875,3.66595201907,0.2521298297474175
,0.6000000000000001,2.95189726156,0.20689340322791935
,0.5075000000000001,2.34577357335,0.17703038920913253
,0.7625000000000001,1.44247058689,0.7467303554594258
,0.9446913580246911,1.92690405645,0.8562975353908754
,0.8425,3.03865766904,0.7293842387701552
,0.0,nan,nan
11,5562,0.256769733051661,7.074475641e-24,3.8724365898582517e-26
,0.8025,1.49443226218,0.9458189064706636
,0.774999999999999,1.53057613527,0.9272363487854622
,0.8200000000000001,1.42352609516,0.9259529775585049
,0.7575000000000001,1.4678938186,0.9087090469474223
,0.6875,1.71483824365,0.6274621821224511
,0.9111111111111111,2.50619781578,0.7817855901327306
,0.9575,0.909124872276,0.9510279238876506
,0.0,nan,nan
11,5627,0.8681774534280771,8.06912193133,0.5508301329866429
,0.59,2.38559665845,0.10084803505382006
,0.5225000000000001,1.68359995812,0.07861130939288545
,0.66,4.04538516052,0.4219573842793126
,0.5675,3.3604529072,0.35065120611695766
,0.6675,1.76031694518,0.5926881369068111
,0.7688888888888881,3.08765681291,0.333454144626606
,0.59,0.828256747021,0.04196833312136528
,1.0,nan,nan
11,5729,0.696216631457653,0.0682895194611,0.0012467902402016457
,0.5,0.241817760661,0.006399144204322122
,0.5225000000000001,1.68359995812,0.07861130939288545
,0.545,1.57431703986,0.08309311955638729
,0.41000000000000003,0.70063869396,0.03576001075974094
,0.5,1.57155472976,0.2997297023143757
,0.826172839506172,3.38458483243,0.5224018704379865
,0.6375000000000001,1.61471570468,0.09883022226591928
,0.0,nan,nan
11,7055,0.8713654695602071,7.98637736281,0.5764322150258432
,0.54,0.800772725739,0.025513463047255824
,0.47250000000000003,0.632481835069,0.023468240898083446
,0.5675,2.11692429892,0.12450337267176205
,0.464999999999999,1.52102852894,0.09512981182326732
,0.8075000000000001,1.22955935128,0.8069311083266995
,0.7412345679012341,2.71386720788,0.2529779359884472
,0.6375000000000001,1.61471570468,0.09883022226591928
,0.0,nan,nan
11,7341,0.8636835029767621,8.12415584815,0.5144169431164263
,0.7000000000000001,5.2926611975,0.584364880281766
,0.6125,4.25398981554,0.3516383861549212
,0.754999999999999,3.0145026646,0.7830391708489615
,0.6025,3.61033173402,0.47362940524657116
,0.5,1.57155472976,0.2997297023143757
,0.8864197530864191,2.88619415356,0.7150782408246379
,0.7675000000000001,3.68379838473,0.46771067649358855
,0.0,nan,nan
11,7342,0.8137507201843671,4.86458112855,0.16790837264848085
,0.5875,2.28330835406,0.09501228523384306
,0.545,2.34928236203,0.12381855038817252
,0.56,1.92941587125,0.10933290419483824
,0.52,2.59089308549,0.20789215127988014
,0.59,1.79836135434,0.45332094848716403
,0.9061728395061721,2.58708784492,0.7692087827670406
,0.847499999999999,2.94915162476,0.7443552736062347
,1.0,nan,nan
11,7343,0.8559631265603991,8.04819334252,0.451850648518086
,0.7075,5.15340229428,0.6235692007988997
,0.6875,4.03995781791,0.6825284739159844
,0.715,3.83848775432,0.6446952106690208
,0.665,3.18464356837,0.6915212059081507
,0.6325000000000001,1.80566657845,0.5301516090848727
,0.9619753086419751,1.63032494598,0.8870230096445408
,0.9125000000000001,1.65537843805,0.8942483684286318
,0.0,nan,nan
11,7588,0.8559631265603991,8.04819334252,0.451850648518086
,0.6950000000000001,5.35660983956,0.5577317894429048
,0.6725,4.33028229818,0.6196241568913325
,0.6175,3.36860825598,0.2622696159546631
,0.845,0.379182976762,0.9825149511175093
,0.6025,1.80768729381,0.47586493109866324
,0.958024691358024,1.69704729607,0.8804506842678124
,0.8150000000000001,3.44875028104,0.6398228791586404
,1.0,nan,nan
11,7599,0.8646437487996921,8.11853023815,0.5222156967091661
,0.6000000000000001,2.81054036049,0.12681002383470552
,0.5625,2.90550931227,0.169782127208778
,0.5675,2.11692429892,0.12450337267176205
,0.5325,2.82508026691,0.2417572031830531
,0.75,1.49679909147,0.7283570604387402
,0.9456790123456791,1.90970170238,0.8581921539797652
,0.9500000000000001,1.01574229686,0.943814447028591
,1.0,nan,nan
11,7903,0.8857307470712501,7.20654048007,0.686299946638033
,0.68,5.40166267766,0.47676582265906686
,0.6425000000000001,4.55517253656,0.48505008198723676
,0.645,3.87773087147,0.36242232289256393
,0.5375,2.91404006495,0.25610632471058625
,0.75,1.49679909147,0.7283570604387402
,0.6716049382716051,1.53702969746,0.10461072898521034
,0.64,1.66349056473,0.10292786241957332
,1.0,nan,nan
11,8207,0.8859612060687531,7.18930480821,0.6879587751134986
,0.6975,5.32760965892,0.5710883140312601
,0.7375,2.60509701854,0.8503951039102164
,0.6575000000000001,4.02373761939,0.4118704372358374
,0.54,2.95727230833,0.26344564868302045
,0.6625,1.76953443741,0.5838631394622074
,0.7046913580246911,2.10313599326,0.16473399080251147
,0.7775000000000001,3.69239861557,0.5046183476461523
,0.0,nan,nan
11,8290,0.783022853850585,2.21980772266,0.06169725641058221
,0.77,2.75437623796,0.8777540091694562
,0.7825000000000001,1.34870612386,0.9380252137199455
,0.8325,1.17264829094,0.9421496340002138
,0.75,1.60367172487,0.8971939101794832
,0.8925000000000001,0.813790131625,0.8935859066450643
,0.8898765432098761,2.83724070919,0.7249710692740379
,0.8300000000000001,3.24437827029,0.6900860141743878
,0.0,nan,nan
11,8961,0.73309007105819,0.367069562121,0.007966467100269246
,0.6625,5.17641328596,0.3837858790032015
,0.6325000000000001,4.51208174471,0.439664023995479
,0.6025,3.01419095603,0.21435116024951228
,0.5325,2.82508026691,0.2417572031830531
,0.535,1.69010069021,0.3569059244580597
,0.835555555555555,3.35912748845,0.5540556709659572
,0.9075000000000001,1.75191291856,0.885730993517434
,0.0,nan,nan
11,9191,0.8905319761859031,6.82293953334,0.7199992593608291
,0.685,5.41147664804,0.5038090402715691
,0.605,4.10418880175,0.32027892780083134
,0.63,3.62771780633,0.3060381352639755
,0.5925,3.574113952,0.4376825320304725
,0.5825,1.78993834973,0.43986351137139196
,0.28098765432098705,0.00010747848724,2.700415418133264e-06
,0.6825,2.53891878512,0.1920807401141867
,0.0,nan,nan
11,9518,0.8706740925676971,8.00734505563,0.5709032736938888
,0.7000000000000001,5.2926611975,0.584364880281766
,0.625,4.44115851423,0.40606913519297316
,0.725,3.67159923747,0.6822729115373474
,0.675,3.0289937692,0.7226042406205636
,0.75,1.49679909147,0.7283570604387402
,0.919012345679012,2.37326705011,0.8010649813457489
,0.8500000000000001,2.90310131386,0.7516707589712747
,1.0,nan,nan
11,10630,0.6800845016324181,0.0293904417183,0.0004981584272718997
,0.7275,4.56204947225,0.7212031963576672
,0.6675,4.40291755868,0.5977857260020545
,0.7225,3.71634844336,0.6730375765562517
,0.7075,2.43190973784,0.8116280910169835
,0.58,1.78666576345,0.4353927081060664
,0.7698765432098761,3.09875894401,0.3365091793787356
,0.867499999999999,2.56245210278,0.7995342613351433
,1.0,nan,nan
11,10672,0.8137507201843671,4.86458112855,0.16790837264848085
,0.6075,3.14046792319,0.14912247308938625
,0.535,2.04283406746,0.10186931413553135
,0.6425000000000001,3.84137784279,0.3527729650965111
,0.5,2.19643680218,0.15999671078599606
,-0.25,0.00159777729757,0.00010040393109595546
,0.72395061728395,2.43455068996,0.20844942973233405
,0.9275,1.37987951085,0.9169840870029313
,0.0,nan,nan
11,11039,0.7560975609756091,0.900324000024,0.021766171557372673
,0.735,4.27595598055,0.7543628626596797
,0.7625000000000001,1.86210910809,0.9060670315881324
,0.8425,0.992919194647,0.9529615438695198
,0.72,2.18433042994,0.8404823358078699
,0.715,1.63160304831,0.6735272736930105
,0.0,1.59897734006e-10,2.7343685783088337e-12
,0.8125,3.47754209915,0.6311646776025965
,1.0,nan,nan
11,11140,0.865565584789706,8.10998356328,0.5296959472221062
,0.6975,5.32760965892,0.5710883140312601
,0.5775,3.37415013772,0.2169101815823029
,0.6325000000000001,3.67443690936,0.3151662176868709
,0.55,3.12052446616,0.29384830052066213
,0.5275000000000001,1.66757568732,0.3443135842145035
,0.245432098765432,2.65166915539e-05,6.290302931852735e-07
,0.7825000000000001,3.68469765435,0.5230644118414718
,1.0,nan,nan
11,11230,0.7756865757633951,1.76624700935,0.04712219365137946
,0.74,4.07166939662,0.7752357998814936
,0.6725,4.33028229818,0.6196241568913325
,0.6950000000000001,4.06269090958,0.5654214758397658
,0.6125,3.61666201189,0.5097894576802163
,0.6825,1.72746401044,0.6188560868261883
,0.8301234567901231,3.37646024529,0.5357582702711243
,0.8975000000000001,1.95036412909,0.8672248833178916
,1.0,nan,nan
11,11275,0.45938160169003206,1.29917099157e-10,1.058893502596203e-12
,0.8225,0.930786392455,0.9697748662627305
,0.7875000000000001,1.23510939595,0.944482154534326
,0.8775000000000001,0.513210562813,0.9786559595665563
,0.8200000000000001,0.592287161157,0.9705228630298848
,0.8250000000000001,1.14273698037,0.8276901101772682
,0.8740740740740741,3.04643849922,0.6784322832889652
,0.8775000000000001,2.35892598437,0.8241440800758293
,1.0,nan,nan
11,12534,0.8021893604762821,3.75328337418,0.11817527678444231
,0.665,5.22600123003,0.3967900437513961
,0.6475000000000001,4.55420088217,0.5078297881969625
,0.6525000000000001,3.97273031727,0.3918750362682613
,0.5625,3.29862973282,0.33400109475056083
,0.6900000000000001,1.70822221212,0.6317410493488095
,0.895308641975308,2.7571626849,0.7401674125176065
,0.735,3.44257944371,0.3510583596491552
,0.0,nan,nan
11,14112,0.777222969080084,1.85497910475,0.04990358848722267
,0.754999999999999,3.41931900578,0.8314706123968331
,0.75,2.2234863685,0.880558793689326
,0.77,2.63585267267,0.8254366608573509
,0.705,2.48091827005,0.805486999600344
,0.715,1.63160304831,0.6735272736930105
,0.869135802469135,3.10339994795,0.663245697964986
,0.8174999999999991,3.41836881107,0.6484071042384842
,0.0,nan,nan
11,15812,0.7657384290378331,1.26818734439,0.03213587964586043
,0.62,3.69345102504,0.19184248991231462
,0.5750000000000001,3.29799186469,0.20856978433135967
,0.5675,2.11692429892,0.12450337267176205
,0.5,2.19643680218,0.15999671078599606
,0.5475,1.72377317471,0.37824780537003844
,0.8222222222222221,3.38890428035,0.5090208830423721
,0.7125,3.11200309246,0.27710931289157237
,1.0,nan,nan
11,15877,0.9789130017284421,0.535481259659,0.9883365207787809
,0.545,0.911474069261,0.029789712324103133
,0.47000000000000003,0.597157099187,0.02193151249730095
,0.43999999999999906,0.197299162862,0.0070011680990130385
,0.4325,0.990187698417,0.05465631320920221
,0.375,0.985786934024,0.1385058257773863
,0.741728395061728,2.72144211126,0.2543199887668183
,0.764999999999999,3.67665579131,0.45850969483606124
,1.0,nan,nan
11,15878,0.769541002496639,1.44337168703,0.037285583659547934
,0.75,3.64104546509,0.813818701737429
,0.6975,3.79557732295,0.7217353792589514
,0.7025,3.99718131231,0.5956605632134444
,0.65,3.38048529414,0.6422209374469123
,0.6925,1.70140755209,0.636003127657355
,0.8696296296296291,3.09790220848,0.6647768855331964
,0.8,3.59611882038,0.5869089834170799
,0.0,nan,nan
11,16373,0.880929517956596,7.53487103696,0.6508872773639389
,0.6925,5.37956366666,0.5443103040318897
,0.6925,3.92215241086,0.7024376329553136
,0.65,3.94347140575,0.3819792720455495
,0.5975,3.59591994749,0.4556106728967232
,0.6675,1.76031694518,0.5926881369068111
,0.6641975308641971,1.41749673965,0.09367042808421527
,0.7000000000000001,2.88646846931,0.23959380225454469
,1.0,nan,nan
11,17703,0.9251008258114071,3.460912924,0.8982629620397284
,0.605,3.02984848185,0.14140967157610762
,0.635,4.52844363394,0.4509654499389869
,0.76,2.89017466435,0.7978019179995461
,0.42750000000000005,0.920063007377,0.04988205228778921
,0.0,0.0429744423548,0.0034534687469223576
,0.9827160493827161,1.29647242078,0.9173214257961606
,0.595,0.896662903754,0.04627913291040489
,1.0,nan,nan
11,17743,0.8367966199347031,7.02021417764,0.30573928724439514
,0.665,5.22600123003,0.3967900437513961
,0.6725,4.33028229818,0.6196241568913325
,0.6825,4.11849747809,0.5142180756126196
,0.6625,3.22063578049,0.6835143465909832
,0.5,1.57155472976,0.2997297023143757
,0.8755555555555551,3.02851239434,0.682932293418632
,0.784999999999999,3.67786529005,0.5322680278311767
,0.0,nan,nan
11,17938,0.9558671019781061,1.31315556395,0.9681480069834558
,0.4375,0.0210609775984,0.0004388840853691826
,0.3125,0.00345116536391,7.835814344359335e-05
,0.262499999999999,0.000527940972401,1.21948486746429e-05
,0.4575,1.38790189639,0.08422484996115967
,0.5,1.57155472976,0.2997297023143757
,0.908148148148148,2.55496457167,0.7742874065711607
,0.7125,3.11200309246,0.27710931289157237
,1.0,nan,nan
11,17979,0.87866333781448,7.66772434741,0.6336585270821886
,0.7325,4.37432110083,0.7435494410403947
,0.6525000000000001,4.53822386586,0.5305670734935384
,0.6825,4.11849747809,0.5142180756126196
,0.49,1.99768454132,0.13902757795419896
,0.7125,1.64007645839,0.6694376387892412
,0.752592592592592,2.88071833746,0.28476483436213873
,0.6775,2.43553138231,0.1796441424129368
,1.0,nan,nan
11,18166,0.8275398502016511,6.21444892247,0.24437970493753375
,0.64,4.5115970687,0.27412071604018995
,0.5875,3.66595201907,0.2521298297474175
,0.6625,4.06440305832,0.43209517152434956
,0.5625,3.29862973282,0.33400109475056083
,0.6125,1.8108535858,0.4939608319248172
,0.997037037037037,1.08681016366,0.9343638722647056
,0.8825000000000001,2.25631224801,0.8356822523336261
,0.0,nan,nan
11,18246,0.9107355483003641,4.86520553422,0.8386403815956113
,0.7525000000000001,3.53048202591,0.8227832647458732
,0.784999999999999,1.29112832653,0.9413246838519289
,0.78,2.37891453696,0.8505103078067789
,0.77,1.25423206317,0.925704722895134
,0.774999999999999,1.38563524527,0.7644083792430578
,0.9624691358024691,1.62204228712,0.8878260627286844
,0.8725,2.46112815619,0.812093677364125
,1.0,nan,nan
11,18248,0.9520261186863831,1.50538687507,0.9627416167031955
,0.8625,0.289189193749,0.9922667257605033
,0.7475,2.29855710394,0.8749064006729385
,0.7725000000000001,2.57163977014,0.8319460505964043
,0.8174999999999991,0.617716605111,0.96901052189057
,0.9175000000000001,0.701707210262,0.9125138082115568
,0.8562962962962961,3.22975178836,0.6225533939144097
,0.9075000000000001,1.75191291856,0.885730993517434
,0.0,nan,nan
11,18270,0.779181870558863,1.97288762633,0.053651917070455205
,0.7425,3.9663323979,0.7852836948758715
,0.6775,4.24499990587,0.6410674643710299
,0.764999999999999,2.76370438147,0.8119373480396062
,0.6275000000000001,3.57000563583,0.5637728998234801
,0.645,1.7946793564,0.5526599176838987
,0.9501234567901231,1.83256853418,0.8665081239436363
,0.7925000000000001,3.64560158402,0.559741979380175
,1.0,nan,nan
11,18297,0.7647397733819851,1.22514231588,0.030890991032313353
,0.745,3.85925616404,0.7950660125561052
,0.745,2.37435459221,0.8690654023963059
,0.7525000000000001,3.07562033926,0.7754263547260443
,0.7275,2.03567011976,0.8563067686044935
,0.75,1.49679909147,0.7283570604387402
,0.853333333333333,3.25411687442,0.612947199423058
,0.8525,2.85627064404,0.75887012987259
,0.0,nan,nan
11,18311,0.814518916842711,4.94079081788,0.1716745919744796
,0.58,1.98842255951,0.07900515611669098
,0.382499999999999,0.0488781659198,0.0013288825967901232
,0.42000000000000004,0.117177530019,0.003915717325250187
,0.41750000000000004,0.789715091807,0.041344203227479136
,0.75,1.49679909147,0.7283570604387402
,0.838024691358024,3.34891600688,0.5623375039390315
,0.8300000000000001,3.24437827029,0.6900860141743878
,1.0,nan,nan
11,18312,0.9389667754945261,2.32059612116,0.9380375698970664
,0.6525000000000001,4.9258237559,0.33320767798317563
,0.48250000000000004,0.789576134043,0.030557117149197056
,0.5275000000000001,1.20507119171,0.05885238656914604
,0.48250000000000004,1.85061050629,0.12459801205971022
,1.0,0.396275368034,0.9570690416864185
,0.7891358024691351,3.27700387186,0.3980264474147259
,0.9025000000000001,1.85034702142,0.8767260715120387
,1.0,nan,nan
11,18319,0.9348185135394661,2.63328269627,0.9277714349462074
,0.48250000000000004,0.130906956906,0.0032221424859656
,0.485,0.832921873201,0.032584893800848835
,0.53,1.25444020622,0.061926530391081556
,0.615,3.61354074108,0.5188276025408265
,0.47750000000000004,1.47961939991,0.2653842207416769
,0.8538271604938271,3.25018662971,0.6145532024535794
,0.7525000000000001,3.61154897277,0.41290791882815564
,0.0,nan,nan
11,18392,0.812944113693105,4.78471036569,0.1640167937521701
,0.5975,2.70229416798,0.1199192128892818
,0.5775,3.37415013772,0.2169101815823029
,0.595,2.82544427951,0.1924491225829672
,0.52,2.59089308549,0.20789215127988014
,0.5775,1.78316286807,0.4309303744809388
,0.655308641975308,1.27960752455,0.08168810170795346
,0.725,3.3095813151,0.317277304492935
,1.0,nan,nan
11,18476,0.8598041098521221,8.11280266293,0.48290452345214696
,0.784999999999999,2.1282226365,0.9142984129376868
,0.7075,3.52066166593,0.7583381819144709
,0.73,3.57655221595,0.700396275187672
,0.6875,2.81235213668,0.759134959516147
,0.75,1.49679909147,0.7283570604387402
,0.8730864197530861,3.05817826526,0.675417643707838
,0.8925000000000001,2.05161807903,0.8572203672448369
,1.0,nan,nan
11,18739,0.869829076243518,8.03071143324,0.5641268880764495
,0.745,3.85925616404,0.7950660125561052
,0.6925,3.92215241086,0.7024376329553136
,0.754999999999999,3.0145026646,0.7830391708489615
,0.5875,3.54504956338,0.4198816331961544
,0.6875,1.71483824365,0.6274621821224511
,0.7308641975308641,2.54921794374,0.22567916754903355
,0.847499999999999,2.94915162476,0.7443552736062347
,0.0,nan,nan
11,18763,0.928596120606875,3.14882976335,0.9098100749419109
,0.5825,2.08458766437,0.08409595392595948
,0.29250000000000004,0.00146599493395,3.182143864179167e-05
,0.29250000000000004,0.00175425893623,4.3029977906590765e-05
,0.5,2.19643680218,0.15999671078599606
,-0.25,0.00159777729757,0.00010040393109595546
,0.955555555555555,1.73912949783,0.87620854664591
,0.9575,0.909124872276,0.9510279238876506
,1.0,nan,nan
11,19718,0.640868062223929,0.00278689607949,3.989345529338513e-05
,0.9225000000000001,0.0287877546043,0.9993949533384465
,0.6925,3.92215241086,0.7024376329553136
,0.77,2.63585267267,0.8254366608573509
,0.635,3.52209520259,0.5903782388749886
,0.875,0.89631634378,0.8786267115310276
,0.8444444444444441,3.31566409436,0.5837351189523545
,0.905,1.80091160094,0.8812900579529108
,0.0,nan,nan
11,19745,0.6714038793931241,0.0181267200063,0.0002954856689817764
,0.8925000000000001,0.0991285139761,0.9976651410899706
,0.857499999999999,0.267770318135,0.9907720389544673
,0.857499999999999,0.759375483311,0.9660497413467692
,0.625,3.58239476893,0.5548320209213335
,-0.25,0.00159777729757,0.00010040393109595546
,0.6167901234567901,0.76934072333,0.042714891334719694
,0.857499999999999,2.76052256645,0.7729132015531391
,1.0,nan,nan
11,20639,0.864298060303437,8.12094104919,0.5194087850140213
,0.5275000000000001,0.568040659557,0.017021652484894394
,0.4425,0.301119713184,0.009946467816936715
,0.41500000000000004,0.102245822041,0.0033678969955289882
,0.3375,0.176863819704,0.00728069404020101
,0.5825,1.78993834973,0.43986351137139196
,0.972345679012345,1.45952225372,0.9030385016336486
,0.81,3.50469800051,0.6224365319897363
,1.0,nan,nan
11,25302,0.7191088918763201,0.201394737499,0.0040939408611044776
,0.5125000000000001,0.362539765675,0.010134244336949627
,0.48750000000000004,0.877935827749,0.034723116788446945
,0.5625,1.99131964974,0.11423368752117921
,0.39,0.498538764272,0.023852332789303477
,0.5,1.57155472976,0.2997297023143757
,0.925925925925925,2.25437194279,0.8170628524555765
,0.725,3.3095813151,0.317277304492935
,0.0,nan,nan
11,27972,0.850240061455732,7.85700285457,0.40628472202297516
,0.7525000000000001,3.53048202591,0.8227832647458732
,0.7025,3.66136076938,0.7403806687044033
,0.7775000000000001,2.44308501059,0.8444828377284458
,0.6675,3.14742911929,0.6994365458662758
,0.6675,1.76031694518,0.5926881369068111
,0.779753086419753,3.19959717993,0.36762775304167467
,0.827499999999999,3.28194380101,0.6819278406238254
,0.0,nan,nan
11,28024,0.658382946034184,0.00843337363531,0.000129871518828817
,1.0,0.000550244577623,0.999990974404458
,0.899999999999999,0.0816308022771,0.9975363258387684
,0.8500000000000001,0.87074461522,0.9599434990293794
,1.0,0.00898579122559,0.9997121296303993
,0.9175000000000001,0.701707210262,0.9125138082115568
,0.8562962962962961,3.22975178836,0.6225533939144097
,1.0,0.447256366629,0.9790145167425426
,1.0,nan,nan
11,28466,0.7730362972921061,1.62080349189,0.04263599287171755
,0.665,5.22600123003,0.3967900437513961
,0.68,4.1978753679,0.6516216618961777
,0.68,4.12141495454,0.5039176069844397
,0.5875,3.54504956338,0.4198816331961544
,0.61,1.81042177035,0.48943418769974345
,0.9456790123456791,1.90970170238,0.8581921539797652
,0.9575,0.909124872276,0.9510279238876506
,1.0,nan,nan
11,28484,0.8394468984059921,7.22197155316,0.3246155750787778
,0.6375000000000001,4.4178139994,0.2629582972849763
,0.625,4.44115851423,0.40606913519297316
,0.5675,2.11692429892,0.12450337267176205
,0.61,3.61790243408,0.5007458599380636
,0.605,1.80883830063,0.4803856379192979
,0.9358024691358021,2.08223629173,0.8384795566306789
,0.8600000000000001,2.71173218617,0.7797536362645704
,1.0,nan,nan
11,28512,0.814518916842711,4.94079081788,0.1716745919744796
,0.764999999999999,2.97398285088,0.8634346088796694
,0.6775,4.24499990587,0.6410674643710299
,0.725,3.67159923747,0.6822729115373474
,0.635,3.52209520259,0.5903782388749886
,0.827499999999999,1.13027586884,0.830531377457467
,0.9906172839506171,1.17840323568,0.9270949729937852
,0.7525000000000001,3.61154897277,0.41290791882815564
,0.0,nan,nan
11,28570,0.957787593623967,1.22463348241,0.9705841168158573
,0.4625,0.060738844638,0.0013839005438181112
,0.5,1.12838819141,0.047218404918224335
,0.47500000000000003,0.44661094524,0.017790112959714964
,0.4325,0.990187698417,0.05465631320920221
,0.7225,1.60518279589,0.6856661426250594
,0.7214814814814811,2.39286588055,0.2024895865706265
,0.6375000000000001,1.61471570468,0.09883022226591928
,0.0,nan,nan
11,28894,0.9097753024774341,4.96300007409,0.833921645143122
,0.6475000000000001,4.77214113519,0.30895552403214666
,0.62,4.3762527941,0.3840198844841047
,0.67,4.10532859917,0.46274692642022064
,0.459999999999999,1.43164595472,0.08774914876104975
,0.5,1.57155472976,0.2997297023143757
,0.7851851851851851,3.24669847528,0.385139005038009
,0.705,2.97953780354,0.254260261491904
,1.0,nan,nan
11,29183,0.8598041098521221,8.11280266293,0.48290452345214696
,0.6900000000000001,5.39639359046,0.5308390749449738
,0.635,4.52844363394,0.4509654499389869
,0.6475000000000001,3.91178421267,0.37215970293346046
,0.5825,3.50890749693,0.40224383491815585
,0.5825,1.78993834973,0.43986351137139196
,0.84,3.33970911253,0.5689437045720241
,0.8225,3.35303253654,0.6653380922837124
,1.0,nan,nan
11,29184,0.8626848473209141,8.12645366678,0.50630225999313
,0.62,3.69345102504,0.19184248991231462
,0.5700000000000001,3.14288927834,0.19246620131071035
,0.5725,2.24446741523,0.13540616410773756
,0.449999999999999,1.26074755918,0.07429634039761224
,0.5375,1.69722951523,0.3611401274406657
,0.8222222222222221,3.38890428035,0.5090208830423721
,0.774999999999999,3.69325175937,0.4953858675415429
,1.0,nan,nan
11,29229,0.846360668331092,7.66698638916,0.3761578950303872
,0.36750000000000005,0.000606708868354,1.0191927108045482e-05
,0.34750000000000003,0.0139100608529,0.00034384835447031595
,0.34750000000000003,0.0128912364864,0.0003567252981525812
,0.3075,0.0894182197653,0.0034140459208121822
,0.4375,1.29529658191,0.2098152225923236
,0.8493827160493821,3.28364463589,0.6000319755135448
,0.7725000000000001,3.69210186475,0.4861537581400302
,0.0,nan,nan
11,29338,0.9519877088534661,1.50741413671,0.9626837561182147
,0.7000000000000001,5.2926611975,0.584364880281766
,0.6525000000000001,4.53822386586,0.5305670734935384
,0.6900000000000001,4.09317911284,0.5450273233403361
,0.62,3.60167926811,0.5368687650787125
,-0.25,0.00159777729757,0.00010040393109595546
,0.602962962962962,0.624564763881,0.03310185739638788
,0.615,1.20568644219,0.06720977511600851
,1.0,nan,nan
11,29381,0.7350105627040521,0.397298311282,0.008700113285742377
,0.625,3.90964001986,0.21085233238315068
,0.595,3.86709636991,0.2803897864538903
,0.67,4.10532859917,0.46274692642022064
,0.55,3.12052446616,0.29384830052066213
,0.5325,1.68278019179,0.35268978371927834
,0.5051851851851851,0.0970239664381,0.0038682027459309536
,0.66,2.0698537016,0.14022112876728798
,1.0,nan,nan
11,29764,0.8482811599769541,7.76685224606,0.3909799523920864
,0.7425,3.9663323979,0.7852836948758715
,0.68,4.1978753679,0.6516216618961777
,0.7225,3.71634844336,0.6730375765562517
,0.5875,3.54504956338,0.4198816331961544
,0.6000000000000001,1.80629736861,0.4713474005516163
,0.829629629629629,3.37768311516,0.5340905781210792
,0.774999999999999,3.69325175937,0.4953858675415429
,1.0,nan,nan
11,30094,0.91937776070674,4.00139334481,0.8769251354213696
,0.675,5.36709906027,0.4498336818502304
,0.62,4.3762527941,0.3840198844841047
,0.5625,1.99131964974,0.11423368752117921
,0.5825,3.50890749693,0.40224383491815585
,0.625,1.80940944261,0.516593730085625
,0.8212345679012341,3.38938765723,0.5056735587259025
,0.63,1.47202444026,0.08725851107047031
,0.0,nan,nan
11,31557,0.7937776070674091,3.02162446785,0.0897386761351405
,0.725,4.65084666517,0.7096863241579425
,0.5575,2.74579570752,0.15565369045624533
,0.7925000000000001,2.06232688686,0.8782583589264634
,0.5825,3.50890749693,0.40224383491815585
,1.0,0.396275368034,0.9570690416864185
,0.8627160493827161,3.17066926335,0.6431024769310125
,0.9275,1.37987951085,0.9169840870029313
,1.0,nan,nan
11,32060,0.8214326867678121,5.62642120369,0.20820797835889138
,0.65,4.85115505409,0.3209855236441823
,0.65,4.54807947974,0.5192084189983113
,0.55,1.68921803333,0.0912503797214124
,0.5625,3.29862973282,0.33400109475056083
,0.75,1.49679909147,0.7283570604387402
,0.9476543209876541,1.87535870737,0.861930470721644
,1.0,0.447256366629,0.9790145167425426
,1.0,nan,nan
11,38608,0.9289802189360471,3.11547394578,0.9110131230681191
,0.7275,4.56204947225,0.7212031963576672
,0.74,2.52773066235,0.8568110634722406
,0.67,4.10532859917,0.46274692642022064
,0.764999999999999,1.33765659605,0.919226181350234
,0.75,1.49679909147,0.7283570604387402
,0.802469135802469,3.35338399576,0.4422743767864329
,0.7875000000000001,3.66906074311,0.5414520947169406
,0.0,nan,nan
11,38649,0.8565776838870751,8.06204943039,0.4568010503288474
,0.7925000000000001,1.84174408208,0.9291728121676082
,0.7525000000000001,2.14923564537,0.8860245160078983
,0.78,2.37891453696,0.8505103078067789
,0.867499999999999,0.244085735915,0.989436526518581
,0.8225,1.15519054392,0.8248176988445317
,0.811851851851851,3.38207402887,0.4738893774927234
,0.7575000000000001,3.64339959943,0.43104846859270424
,0.0,nan,nan
11,39144,0.9097753024774341,4.96300007409,0.833921645143122
,0.6425000000000001,4.60209614647,0.28551354581651567
,0.5575,2.74579570752,0.15565369045624533
,0.63,3.62771780633,0.3060381352639755
,0.5,2.19643680218,0.15999671078599606
,0.6675,1.76031694518,0.5926881369068111
,0.6666666666666661,1.45690702309,0.09721898147697608
,0.655,1.96618581424,0.1301314208856983
,0.0,nan,nan
11,39247,0.8508162089494911,7.88119249066,0.4108185344368166
,0.5750000000000001,1.80305239482,0.06953044711429184
,0.65,4.54807947974,0.5192084189983113
,0.5525,1.74804287018,0.0955467731041652
,0.595,3.58593380883,0.44663297194595675
,0.5175000000000001,1.63499669581,0.32779836594013034
,0.9037037037037031,2.62676654699,0.762771812944171
,0.847499999999999,2.94915162476,0.7443552736062347
,0.0,nan,nan
11,39495,0.8521605531015941,7.93342043458,0.42144934161593944
,0.764999999999999,2.97398285088,0.8634346088796694
,0.7225,3.07137719867,0.8078185342125287
,0.6900000000000001,4.09317911284,0.5450273233403361
,0.5525,3.15863407065,0.30169749135467383
,0.66,1.77380926442,0.5794339131456977
,0.87358024691358,3.05232967273,0.6769264128581689
,0.75,3.59278941341,0.40390210697114026
,1.0,nan,nan
11,39581,0.8943729594776261,6.4837797573,0.7455627667776465
,0.735,4.27595598055,0.7543628626596797
,0.6175,4.33873037969,0.3731254659755848
,0.6675,4.0944044313,0.4524966896364183
,0.47000000000000003,1.6127522459,0.10296333757660543
,-0.25,0.00159777729757,0.00010040393109595546
,0.8029629629629621,3.35541969537,0.44393087390486513
,0.9575,0.909124872276,0.9510279238876506
,1.0,nan,nan
11,40799,0.8536969464182831,7.98574021915,0.4336794054440364
,0.735,4.27595598055,0.7543628626596797
,0.68,4.1978753679,0.6516216618961777
,0.6225,3.47698407653,0.2793860142128495
,0.5725,3.41632584347,0.36759570501493827
,0.75,1.49679909147,0.7283570604387402
,0.96395061728395,1.59727659135,0.8902107279371247
,0.9550000000000001,0.943814422301,0.9487119273706535
,1.0,nan,nan
11,40956,0.988937968119838,0.349247145838,0.9927126332261319
,0.7825000000000001,2.22813324015,0.9088533979200015
,0.625,4.44115851423,0.40606913519297316
,0.72,3.75913380966,0.6636928059352701
,0.6575000000000001,3.28874575219,0.6672386838012859
,-0.25,0.00159777729757,0.00010040393109595546
,0.6474074074074071,1.16280723696,0.07204282597423284
,0.595,0.896662903754,0.04627913291040489
,1.0,nan,nan
11,41042,0.9097753024774341,4.96300007409,0.833921645143122
,0.5425,0.8548130338,0.027582403989801354
,0.34750000000000003,0.0139100608529,0.00034384835447031595
,0.444999999999999,0.2233797164,0.008051731641201171
,0.515,2.49374871574,0.1951799168888157
,-0.25,0.00159777729757,0.00010040393109595546
,0.8207407407407401,3.38953977811,0.5039997470250303
,0.8325,3.20554091787,0.6981486720874486
,1.0,nan,nan
11,41069,0.6005377376608411,0.00015386662885,1.8900530452380003e-06
,0.827499999999999,0.817371840187,0.9741408057002678
,0.8525,0.304062656117,0.9893440577722497
,0.845,0.950988031833,0.9553911765402796
,0.8025,0.787099707169,0.9585107772877475
,0.7725000000000001,1.39717990538,0.7609298430045216
,0.810864197530864,3.38005439169,0.47055003530805783
,0.81,3.50469800051,0.6224365319897363
,0.0,nan,nan
11,41615,0.820741309775302,5.55833517466,0.20434152491863422
,0.919999999999999,0.0321145531539,0.9993188939599582
,0.7425,2.4507803222,0.8630341040348042
,0.847499999999999,0.910263565938,0.9577174896760197
,0.81,0.698769691549,0.9640781990846307
,0.9675,0.503704606944,0.9424912406760366
,0.544691358024691,0.223397490381,0.009909241879363092
,0.8775000000000001,2.35892598437,0.8241440800758293
,1.0,nan,nan
11,41703,0.7849433454964471,2.35112637614,0.06608563796875322
,0.6925,5.37956366666,0.5443103040318897
,0.735,2.682766019,0.8437853260490524
,0.7875000000000001,2.18780608956,0.8676338286386436
,0.685,2.85733505886,0.7520476965561474
,0.6975,1.68719317887,0.6444749514464249
,0.7925925925925921,3.30070206691,0.4093960897554175
,0.77,3.68894945914,0.47692702706907397
,1.0,nan,nan
11,41708,0.784904935663529,2.34844866287,0.06599538302943536
,0.6725,5.34067543495,0.4364477078203784
,0.645,4.55656858733,0.49644054293052786
,0.735,3.47470360372,0.7180270958336346
,0.51,2.39532369878,0.18295679794013925
,0.6775,1.73926476187,0.6101889171107547
,0.6498765432098761,1.19868885834,0.07495813484024515
,0.665,2.17425095484,0.15083117496776724
,1.0,nan,nan
11,41851,0.9193393508738231,4.00512662535,0.8767713708782023
,0.6425000000000001,4.60209614647,0.28551354581651567
,0.6000000000000001,3.99055048828,0.3000377670748121
,0.635,3.71924545874,0.32440872760351747
,0.3275,0.141901804101,0.005692329509652717
,-0.25,0.00159777729757,0.00010040393109595546
,0.8898765432098761,2.83724070919,0.7249710692740379
,0.65,1.8636548867,0.12055737411209269
,1.0,nan,nan
11,43759,0.934741693873631,2.63931336085,0.9275689154677569
,0.8625,0.289189193749,0.9922667257605033
,0.8174999999999991,0.685859202491,0.9727329472720758
,0.75,3.13590927093,0.7676617597607349
,0.7675000000000001,1.29559028401,0.9225175944613591
,0.75,1.49679909147,0.7283570604387402
,0.7056790123456791,2.12035225887,0.16681966464040865
,0.6975,2.83869959204,0.23243718206574637
,1.0,nan,nan
11,44059,0.9020933358939881,5.74142848284,0.792795773053453
,0.6575000000000001,5.06117285292,0.35818319480694194
,0.5125000000000001,1.42094331562,0.06310865894058448
,0.605,3.07573037698,0.2219637294617301
,0.5325,2.82508026691,0.2417572031830531
,-0.25,0.00159777729757,0.00010040393109595546
,0.9565432098765431,1.72226410821,0.8779178733617581
,0.8225,3.35303253654,0.6653380922837124
,0.0,nan,nan
11,44938,0.7176877280583821,0.189009385212,0.0038166090973587056
,0.75,3.64104546509,0.813818701737429
,0.6075,4.15699889969,0.3306059910650448
,0.6425000000000001,3.84137784279,0.3527729650965111
,0.464999999999999,1.52102852894,0.09512981182326732
,0.8125,1.204860358,0.8130172052628366
,0.834567901234567,3.36280576048,0.5507361785808571
,0.9275,1.37987951085,0.9169840870029313
,1.0,nan,nan
11,50703,0.735394661033224,0.40359854072,0.008853922084732263
,0.7325,4.37432110083,0.7435494410403947
,0.7125,3.37465318205,0.7755784364952107
,0.7000000000000001,4.02160004863,0.5856365566818411
,0.645,3.43416014208,0.6251817334650742
,0.675,1.74484980721,0.605833729705517
,0.8562962962962961,3.22975178836,0.6225533939144097
,0.74,3.49957402726,0.3684165143547429
,0.0,nan,nan
11,50830,0.8275398502016511,6.21444892247,0.24437970493753375
,0.655,4.99590600766,0.34561082004077776
,0.5650000000000001,2.98507029014,0.17714541717290555
,0.66,4.04538516052,0.4219573842793126
,0.5725,3.41632584347,0.36759570501493827
,0.6375000000000001,1.8019802451,0.539171121693004
,0.8967901234567901,2.73470402963,0.7442354931301576
,0.81,3.50469800051,0.6224365319897363
,0.0,nan,nan
11,50921,0.8290762435183401,6.35691233338,0.2540373366290153
,0.64,4.5115970687,0.27412071604018995
,0.5925,3.80203279384,0.27080293624921203
,0.68,4.12141495454,0.5039176069844397
,0.5975,3.59591994749,0.4556106728967232
,0.8325,1.10534449116,0.836120429730668
,0.9397530864197531,2.01313317181,0.8465691696904516
,0.7025,2.93343620657,0.2468688567878975
,0.0,nan,nan
11,51734,0.9270213174572691,3.28757078424,0.9047424566105732
,0.6825,5.40968063154,0.49028129580961705
,0.6000000000000001,3.99055048828,0.3000377670748121
,0.7225,3.71634844336,0.6730375765562517
,0.56,3.26560081726,0.3257955207670546
,0.56,1.75232533378,0.39997891265778507
,0.8503703703703701,3.2765844127,0.603271612592573
,0.7275,3.3450835916,0.3255959358131991
,0.0,nan,nan
11,52992,0.748454004225081,0.676516781179,0.015774394070845427
,0.71,5.09603020291,0.6363820896152335
,0.75,2.2234863685,0.880558793689326
,0.705,3.97024521679,0.6056203653113856
,0.6725,3.06954897246,0.7149808476121482
,0.6725,1.75022161473,0.6014648457751033
,0.928395061728395,2.21151239178,0.8225763235304084
,0.8225,3.35303253654,0.6653380922837124
,0.0,nan,nan
11,54491,0.8689456500864221,8.0524579572,0.5570225391253136
,0.7775000000000001,2.43378183517,0.8972016807084643
,0.77,1.65913516605,0.9192644268927752
,0.7975000000000001,1.93903947482,0.8882607533451816
,0.9450000000000001,0.0407927930498,0.9985373633155146
,0.705,1.66445136463,0.6570446646428321
,0.952098765432098,1.79846839987,0.8700943123079049
,0.9025000000000001,1.85034702142,0.8767260715120387
,0.0,nan,nan
11,54885,0.945265988092951,1.89540723054,0.9512847176229045
,0.68,5.40166267766,0.47676582265906686
,0.585,3.59523048799,0.24305300520876033
,0.55,1.68921803333,0.0912503797214124
,0.5625,3.29862973282,0.33400109475056083
,0.625,1.80940944261,0.516593730085625
,0.9525925925925921,1.78996391224,0.8709803446232138
,0.8500000000000001,2.90310131386,0.7516707589712747
,1.0,nan,nan
11,56634,0.429652391012099,3.18363258998e-12,2.4215495389106017e-14
,0.8300000000000001,0.764629636931,0.976117765163869
,0.8525,0.304062656117,0.9893440577722497
,0.845,0.950988031833,0.9553911765402796
,0.7575000000000001,1.4678938186,0.9087090469474223
,0.764999999999999,1.43128878016,0.7503225751637304
,0.8646913580246911,3.15081774169,0.6493460472468446
,0.9400000000000001,1.16962560391,0.932898606158767
,0.0,nan,nan
11,56758,0.73808334933743,0.45019531462,0.010000719900743384
,0.77,2.75437623796,0.8777540091694562
,0.7725000000000001,1.59414869881,0.9233307415641556
,0.8225,1.37111143156,0.929446048610602
,0.745,1.69688631183,0.8889433429980338
,0.8125,1.204860358,0.8130172052628366
,0.7827160493827161,3.22605469218,0.3771476859209456
,0.68,2.48736676157,0.18579781759535063
,0.0,nan,nan
11,56917,0.869444977914346,8.04050467804,0.5610404078291257
,0.73,4.46978080473,0.7324936784404226
,0.72,3.14824378786,0.8000438968527981
,0.77,2.63585267267,0.8254366608573509
,0.6575000000000001,3.28874575219,0.6672386838012859
,0.7325,1.56774817074,0.7015328235808993
,0.829629629629629,3.37768311516,0.5340905781210792
,0.8300000000000001,3.24437827029,0.6900860141743878
,1.0,nan,nan
11,56975,0.9289802189360471,3.11547394578,0.9110131230681191
,0.6975,5.32760965892,0.5710883140312601
,0.68,4.1978753679,0.6516216618961777
,0.7325,3.52643225412,0.7092753506021348
,0.7175,2.23400332911,0.8349594187817518
,0.6000000000000001,1.80629736861,0.4713474005516163
,0.776296296296296,3.16646878036,0.35662398508125787
,0.8,3.59611882038,0.5869089834170799
,1.0,nan,nan
11,67160,0.830036489341271,6.44447471856,0.2601836720474463
,0.774999999999999,2.53920668421,0.8909857770436521
,0.8150000000000001,0.723131146126,0.9709720174210903
,0.8500000000000001,0.87074461522,0.9599434990293794
,0.76,1.4238311713,0.9123235719519626
,0.68,1.7334687222,0.6145298776840614
,0.88,2.97253004557,0.6962691452939964
,0.8625,2.66241522886,0.7864714236810872
,0.0,nan,nan
11,67299,0.9328212022277701,2.79285637585,0.9223535477170642
,0.6775,5.38745198341,0.46327814363075304
,0.6775,4.24499990587,0.6410674643710299
,0.6825,4.11849747809,0.5142180756126196
,0.6625,3.22063578049,0.6835143465909832
,0.5,1.57155472976,0.2997297023143757
,0.7091358024691351,2.18052292081,0.17425332285092682
,0.545,0.368877551509,0.016051124855272672
,1.0,nan,nan
11,67423,0.9385442673324371,2.351266935,0.937050629237567
,0.705,5.20541090403,0.6106195481757704
,0.6375000000000001,4.5410963845,0.46230315095730407
,0.6875,4.10436416266,0.5347798257748881
,0.6775,2.98743705541,0.7301249818448472
,0.59,1.79836135434,0.45332094848716403
,0.652839506172839,1.24249566413,0.0785745055884997
,0.6825,2.53891878512,0.1920807401141867
,0.0,nan,nan
11,67905,0.786863837142308,2.48767489526,0.07073124209213373
,0.7975000000000001,1.66286840191,0.9379301068017083
,0.764999999999999,1.79316762334,0.9106358700070334
,0.8,1.87837610595,0.8930323763060142
,0.75,1.60367172487,0.8971939101794832
,0.6675,1.76031694518,0.5926881369068111
,0.8,3.34234111095,0.4340077537528436
,0.845,2.99435813094,0.736925704025902
,1.0,nan,nan
11,68565,0.8021893604762821,3.75328337418,0.11817527678444231
,0.7175,4.89371235944,0.6738709447010287
,0.6950000000000001,3.85989147796,0.7121656302509138
,0.7575000000000001,2.95265480539,0.7904982595801517
,0.665,3.18464356837,0.6915212059081507
,0.5775,1.78316286807,0.4309303744809388
,0.8958024691358021,2.74970459817,0.7415271340037671
,0.857499999999999,2.76052256645,0.7729132015531391
,1.0,nan,nan
11,68688,0.8899942385250621,6.86830800833,0.7163180844894352
,0.78,2.33003628391,0.9031560859983248
,0.685,4.09523181442,0.672358959965193
,0.8025,1.81844418835,0.8976532435113697
,0.62,3.60167926811,0.5368687650787125
,0.79,1.31479769094,0.784664760234783
,0.883456790123456,2.92681017823,0.7064660666162312
,0.8075000000000001,3.53017398321,0.6136425875984554
,0.0,nan,nan
11,69217,0.777222969080084,1.85497910475,0.04990358848722267
,0.7675000000000001,2.86373021889,0.8707315860191747
,0.7000000000000001,3.72935232221,0.7311419244409783
,0.74,3.36679805429,0.7351332149558385
,0.6425000000000001,3.45862629682,0.6165654142972166
,0.7675000000000001,1.42001050921,0.7538867189731979
,0.9125925925925921,2.48157287416,0.7854802540087917
,0.72,3.23439162515,0.3009151089795005
,0.0,nan,nan
11,69292,0.751603610524294,0.762201626545,0.018037802172432695
,0.76,3.19627275996,0.8480096988413959
,0.74,2.52773066235,0.8568110634722406
,0.8150000000000001,1.53153465677,0.9185670579510347
,0.7875000000000001,0.985879826795,0.9452502894358247
,0.75,1.49679909147,0.7283570604387402
,0.75358024691358,2.8944318783,0.28761677173501354
,0.74,3.49957402726,0.3684165143547429
,0.0,nan,nan
11,70225,0.9116573842903781,4.77147924815,0.8430820885151737
,0.5925,2.48963680782,0.10694172875907648
,0.58,3.44917755057,0.22543959264938507
,0.64,3.8027956953,0.34321729138533874
,0.5375,2.91404006495,0.25610632471058625
,-0.25,0.00159777729757,0.00010040393109595546
,0.795555555555555,3.31887216527,0.41920335964711664
,0.804999999999999,3.55392842803,0.6047870967579612
,1.0,nan,nan
11,70358,0.9552525446514301,1.34253552266,0.9673319962104623
,0.5425,0.8548130338,0.027582403989801354
,0.47500000000000003,0.66935882676,0.025095215280090996
,0.48,0.496895328805,0.020147140350745052
,0.545,3.04094869318,0.2784428145760266
,0.5325,1.68278019179,0.35268978371927834
,0.8291358024691351,3.37884687045,0.5324222966783227
,0.75,3.59278941341,0.40390210697114026
,1.0,nan,nan
11,70659,0.90497407336278,5.45162826358,0.8089189276511122
,0.6950000000000001,5.35660983956,0.5577317894429048
,0.6025,4.0486634358,0.3100873099285276
,0.685,4.11280968531,0.5245077856205692
,0.55,3.12052446616,0.29384830052066213
,0.5275000000000001,1.66757568732,0.3443135842145035
,0.7832098765432091,3.23028658823,0.3787418463707462
,0.5650000000000001,0.539619156176,0.025052920885470502
,1.0,nan,nan
11,70707,0.853082389091607,7.96576701157,0.4287777820324039
,0.67,5.30827323031,0.423135287382518
,0.6675,4.40291755868,0.5977857260020545
,0.7525000000000001,3.07562033926,0.7754263547260443
,0.6425000000000001,3.45862629682,0.6165654142972166
,0.7225,1.60518279589,0.6856661426250594
,0.8493827160493821,3.28364463589,0.6000319755135448
,0.8825000000000001,2.25631224801,0.8356822523336261
,1.0,nan,nan
11,70749,0.8905703860188201,6.81967756479,0.720261264691499
,0.39,0.00208210999541,3.7306152500200996e-05
,0.36,0.0221420929992,0.0005655264462113219
,0.39,0.0499013098564,0.0015346493287678345
,0.365,0.312205961183,0.013860192140547858
,0.65,1.78864287808,0.5616186104599803
,0.8661728395061721,3.13542975365,0.654002579195891
,0.6575000000000001,2.01790247125,0.13511147708654406
,0.0,nan,nan
11,70793,0.8893028615325521,6.92579967562,0.7115495649006405
,0.66,5.12140885606,0.37091249152825445
,0.545,2.34928236203,0.12381855038817252
,0.59,2.69715642425,0.1786420174084827
,0.5275000000000001,2.73318824258,0.22786040923974005
,0.392499999999999,1.07255193977,0.1565147461999939
,0.808395061728395,3.37397040138,0.4622114293702226
,0.6125,1.16404864952,0.06424777882442609
,0.0,nan,nan
11,70852,0.90013443441521,5.93549100478,0.7813583240678588
,0.6975,5.32760965892,0.5710883140312601
,0.6900000000000001,3.9822201836,0.6925566959123146
,0.705,3.97024521679,0.6056203653113856
,0.595,3.58593380883,0.44663297194595675
,0.5925,1.80070027404,0.45781982460389775
,0.799012345679012,3.33752277233,0.4307090367515682
,0.6975,2.83869959204,0.23243718206574637
,0.0,nan,nan
11,72086,0.8713654695602071,7.98637736281,0.5764322150258432
,0.585,2.18292527777,0.08942990522794625
,0.5650000000000001,2.98507029014,0.17714541717290555
,0.545,1.57431703986,0.08309311955638729
,0.41750000000000004,0.789715091807,0.041344203227479136
,0.40750000000000003,1.14738028063,0.17316418821006346
,0.515061728395061,0.120759746139,0.004940020709183773
,0.847499999999999,2.94915162476,0.7443552736062347
,0.0,nan,nan
11,74604,0.8229690800845011,5.77688253044,0.2169681212848547
,0.9125000000000001,0.0442784144798,0.9990346135677926
,0.8300000000000001,0.520935967185,0.9802390682157718
,0.827499999999999,1.26959746761,0.9360459524138822
,0.9075000000000001,0.102066518326,0.9960123583553404
,0.794999999999999,1.29067875838,0.79117854211495
,0.789629629629629,3.28055208689,0.3996455992507416
,0.804999999999999,3.55392842803,0.6047870967579612
,0.0,nan,nan
11,74635,0.8252736700595351,5.99972859847,0.2305389999918835
,0.5375,0.749305644106,0.023576395854031755
,0.5575,2.74579570752,0.15565369045624533
,0.675,4.11891695414,0.48331214658184074
,0.655,3.32076330289,0.6589765060476951
,0.382499999999999,1.02283917342,0.14603801854383824
,0.769382716049382,3.09323009058,0.33498029136351737
,0.605,1.04420697084,0.05597163808325134
,0.0,nan,nan
11,74688,0.8560015363933161,8.04909818157,0.452159795673554
,0.774999999999999,2.53920668421,0.8909857770436521
,0.7000000000000001,3.72935232221,0.7311419244409783
,0.75,3.13590927093,0.7676617597607349
,0.625,3.58239476893,0.5548320209213335
,0.75,1.49679909147,0.7283570604387402
,0.580246913580246,0.430514095849,0.02121835326236334
,0.5,0.139046472088,0.0053067806697571765
,1.0,nan,nan
11,74696,0.8636450931438441,8.1243112294,0.5141048926464604
,0.6975,5.32760965892,0.5710883140312601
,0.7125,3.37465318205,0.7755784364952107
,0.7175,3.79987321774,0.654243612562201
,0.6950000000000001,2.67338383823,0.7797099599852944
,0.6675,1.76031694518,0.5926881369068111
,0.892839506172839,2.79401756578,0.7333139521680769
,0.7825000000000001,3.68469765435,0.5230644118414718
,1.0,nan,nan
11,76409,0.9366621855194931,2.49114875889,0.9324945500804935
,0.5775,1.89454385481,0.07415193543230436
,0.51,1.35914667911,0.05963388064943573
,0.5325,1.30497749481,0.06512556125084791
,0.52,2.59089308549,0.20789215127988014
,0.25,0.454494773223,0.050606283291950896
,0.885432098765432,2.89987457299,0.7122209114455165
,0.7175,3.19481720748,0.29287833304950694
,0.0,nan,nan
11,76496,0.660072978682542,0.00933975717811,0.0001448781146679709
,0.835,0.666818338985,0.9796921855379703
,0.9175000000000001,0.0473587839731,0.9986408420116315
,0.8975000000000001,0.333730153191,0.9870235550322715
,0.804999999999999,0.756840022238,0.9604405313220811
,0.889999999999999,0.825396249106,0.8915369373644659
,0.8044444444444441,3.36117906922,0.44890619673855303
,0.9325000000000001,1.29349517943,0.9236662966014637
,0.0,nan,nan
11,78211,0.525676973305166,1.95011609158e-07,1.8896876477557597e-09
,0.8300000000000001,0.764629636931,0.976117765163869
,0.81,0.802169578494,0.9671612874119382
,0.8600000000000001,0.724622851715,0.9679044947398636
,0.827499999999999,0.520645498907,0.9746920491481426
,0.8025,1.25412944845,0.8007218265523609
,0.8740740740740741,3.04643849922,0.6784322832889652
,0.794999999999999,3.63098806811,0.5688381129527298
,1.0,nan,nan
11,79262,0.786863837142308,2.48767489526,0.07073124209213373
,0.7575000000000001,3.30782792113,0.8398795865970599
,0.7275,2.9163881427,0.822788493524109
,0.8150000000000001,1.53153465677,0.9185670579510347
,0.827499999999999,0.520645498907,0.9746920491481426
,0.66,1.77380926442,0.5794339131456977
,0.897283950617283,2.72716222932,0.745584103210265
,0.8400000000000001,3.08198750322,0.7217332237832563
,1.0,nan,nan
11,79313,0.9217591703476091,3.77250289438,0.8861805180717228
,0.6175,3.5837359107,0.18274582991937227
,0.515,1.48432720954,0.06673992009710594
,0.56,1.92941587125,0.10933290419483824
,0.41250000000000003,0.729507509903,0.037547522653500975
,0.7000000000000001,1.67979905108,0.6486837310918763
,0.7886419753086421,3.2734018869,0.3964090610678387
,0.764999999999999,3.67665579131,0.45850969483606124
,1.0,nan,nan
11,79388,0.9097753024774341,4.96300007409,0.833921645143122
,0.77,2.75437623796,0.8777540091694562
,0.7325,2.76061972621,0.8369811197726484
,0.75,3.13590927093,0.7676617597607349
,0.715,2.28365103431,0.8293123401243019
,0.7925000000000001,1.30276545158,0.7879367259001668
,0.8069135802469131,3.36961300538,0.4572161171140843
,0.725,3.3095813151,0.317277304492935
,0.0,nan,nan
11,80513,0.8483195698098711,7.76873530286,0.39127831206766167
,0.7825000000000001,2.22813324015,0.9088533979200015
,0.7075,3.52066166593,0.7583381819144709
,0.76,2.89017466435,0.7978019179995461
,0.5975,3.59591994749,0.4556106728967232
,0.76,1.45355210372,0.7431103058044192
,0.8207407407407401,3.38953977811,0.5039997470250303
,0.8250000000000001,3.31818043097,0.6736774026270671
,1.0,nan,nan
11,80619,0.869406568081428,8.04145542415,0.560731555112213
,0.77,2.75437623796,0.8777540091694562
,0.7775000000000001,1.46845645129,0.9309848331159175
,0.8250000000000001,1.31979388993,0.9328094490739973
,0.6975,2.62591858372,0.7863341926669887
,0.7625000000000001,1.44247058689,0.7467303554594258
,0.9777777777777771,1.37304288068,0.9107308677617987
,0.8150000000000001,3.44875028104,0.6398228791586404
,1.0,nan,nan
11,80759,0.854042634914538,7.99641056808,0.43644184003361686
,0.6675,5.27000462984,0.4099112308716143
,0.6675,4.40291755868,0.5977857260020545
,0.7825000000000001,2.31492548713,0.8563775616740539
,0.845,0.379182976762,0.9825149511175093
,0.5575,1.74703893039,0.3956046624653695
,0.6167901234567901,0.76934072333,0.042714891334719694
,0.605,1.04420697084,0.05597163808325134
,0.0,nan,nan
11,80766,0.8905703860188201,6.81967756479,0.720261264691499
,0.6975,5.32760965892,0.5710883140312601
,0.645,4.55656858733,0.49644054293052786
,0.7225,3.71634844336,0.6730375765562517
,0.645,3.43416014208,0.6251817334650742
,0.6000000000000001,1.80629736861,0.4713474005516163
,0.8197530864197531,3.38966484984,0.5006519719903835
,0.6375000000000001,1.61471570468,0.09883022226591928
,1.0,nan,nan
11,80873,0.9597080852698291,1.14098159219,0.9728549216490661
,0.7775000000000001,2.43378183517,0.8972016807084643
,0.735,2.682766019,0.8437853260490524
,0.7075,3.94084640725,0.6155097369082181
,0.705,2.48091827005,0.805486999600344
,0.5,1.57155472976,0.2997297023143757
,0.8182716049382711,3.38940452264,0.49563037276505884
,0.6325000000000001,1.51894907666,0.09099708930588064
,0.0,nan,nan
11,84558,0.8444785865181481,7.55859867078,0.3618284052515853
,0.7775000000000001,2.43378183517,0.8972016807084643
,0.7925000000000001,1.12780278096,0.9503867950797875
,0.837499999999999,1.08039424681,0.94778026312919
,0.75,1.60367172487,0.8971939101794832
,0.6275000000000001,1.8084008284,0.5211160428010313
,0.8256790123456791,3.3853332694,0.5207302832732736
,0.7775000000000001,3.69239861557,0.5046183476461523
,0.0,nan,nan
11,104560,0.850240061455732,7.85700285457,0.40628472202297516
,0.485,0.14337891534,0.0035647950761788848
,0.4,0.0868710865911,0.0024884695493391264
,0.48,0.496895328805,0.020147140350745052
,0.40750000000000003,0.672587560472,0.034043647752309183
,0.515,1.62641805684,0.3237215623441401
,0.9170370370370371,2.40684370586,0.7963438507668708
,0.8500000000000001,2.90310131386,0.7516707589712747
,0.0,nan,nan
11,104598,0.8269637027078931,6.16034118942,0.24081483589513236
,0.685,5.41147664804,0.5038090402715691
,0.5825,3.522921763,0.23415500000003409
,0.645,3.87773087147,0.36242232289256393
,0.515,2.49374871574,0.1951799168888157
,0.5,1.57155472976,0.2997297023143757
,0.8543209876543211,3.24620386932,0.6161572516473376
,0.67,2.27894381668,0.1619641323062223
,0.0,nan,nan
11,104599,0.8580756673708471,8.09023400785,0.46889997081051893
,0.61,3.25141798214,0.15711228697968
,0.5725,3.22085460829,0.2004210380514271
,0.595,2.82544427951,0.1924491225829672
,0.47000000000000003,1.6127522459,0.10296333757660543
,-0.25,0.00159777729757,0.00010040393109595546
,0.8804938271604931,2.96611223486,0.6977354783073193
,0.6875,2.64091929014,0.20503101939652849
,1.0,nan,nan
11,104688,0.657384290378336,0.00793659175438,0.00012169985148826556
,0.6625,5.17641328596,0.3837858790032015
,0.7275,2.9163881427,0.822788493524109
,0.73,3.57655221595,0.700396275187672
,0.7225,2.13468393249,0.8458810929680822
,0.75,1.49679909147,0.7283570604387402
,0.743209876543209,2.74400483655,0.25836849830014075
,0.8125,3.47754209915,0.6311646776025965
,1.0,nan,nan
11,104824,0.882081812944113,7.4616720906,0.6595278536259395
,0.6175,3.5837359107,0.18274582991937227
,0.6325000000000001,4.51208174471,0.439664023995479
,0.6000000000000001,2.95189726156,0.20689340322791935
,0.5675,3.3604529072,0.35065120611695766
,0.5,1.57155472976,0.2997297023143757
,0.8222222222222221,3.38890428035,0.5090208830423721
,0.875,2.41010726918,0.8181827611582266
,0.0,nan,nan
11,107778,0.833877472632994,6.7812913265,0.28559100615798017
,0.7375,4.17497483032,0.7649270408527082
,0.68,4.1978753679,0.6516216618961777
,0.7175,3.79987321774,0.654243612562201
,0.6000000000000001,3.60405680903,0.4646110305385671
,0.78,1.36230639035,0.771278362146907
,0.589135802469135,0.500170840072,0.025348929668308415
,0.685,2.59012426107,0.19849212275094977
,1.0,nan,nan
11,107870,0.765815248703668,1.27154856379,0.032233430431705117
,0.8150000000000001,1.12131624233,0.9620949882911118
,0.8125,0.761893801947,0.9691160492214246
,0.8225,1.37111143156,0.929446048610602
,0.735,1.88856067823,0.871021274705279
,0.72,1.61415290555,0.6816419395473649
,0.90716049382716,2.5710668471,0.7717560264556756
,0.909999999999999,1.70338961816,0.8900500187503251
,0.0,nan,nan
11,107898,0.9443057422700211,1.95633496771,0.9494355194725964
,0.6975,5.32760965892,0.5710883140312601
,0.7025,3.66136076938,0.7403806687044033
,0.794999999999999,2.00037670787,0.8833366172858448
,0.6075,3.61725982664,0.491701514784194
,0.605,1.80883830063,0.4803856379192979
,0.7614814814814811,2.99891939663,0.3109054360486191
,0.6175,1.24814412759,0.07027689433407858
,1.0,nan,nan
11,108143,0.8767428461686191,7.76822463162,0.6188343995835957
,0.625,3.90964001986,0.21085233238315068
,0.485,0.832921873201,0.032584893800848835
,0.6950000000000001,4.06269090958,0.5654214758397658
,0.73,1.98639937317,0.8613343145063088
,0.5625,1.75739535072,0.4043661088099415
,0.8824691358024691,2.94006024244,0.7035688345336737
,0.7225,3.27266543258,0.30904920729205004
,0.0,nan,nan
11,108336,0.8269637027078931,6.16034118942,0.24081483589513236
,0.595,2.59526239052,0.1132975406439439
,0.535,2.04283406746,0.10186931413553135
,0.56,1.92941587125,0.10933290419483824
,0.387499999999999,0.476752000865,0.022633374010483875
,0.41750000000000004,1.19713059836,0.18488695446231046
,0.8469135802469131,3.30034301228,0.591903314459743
,0.5575,0.469705876748,0.021272536902751674
,0.0,nan,nan
11,108341,0.8097560975609751,4.47132949552,0.1492637326146643
,0.595,2.59526239052,0.1132975406439439
,0.5825,3.522921763,0.23415500000003409
,0.52,1.06414207549,0.05034963170134476
,0.52,2.59089308549,0.20789215127988014
,0.595,1.80280314185,0.4623242531447781
,0.9516049382716051,1.80698136802,0.8692040781409454
,0.8075000000000001,3.53017398321,0.6136425875984554
,1.0,nan,nan
11,108351,0.839408488573074,7.21915988854,0.3243382343448812
,0.615,3.47331223231,0.17392440065821524
,0.65,4.54807947974,0.5192084189983113
,0.685,4.11280968531,0.5245077856205692
,0.64,3.48146067372,0.6078899618602425
,0.665,1.76503638845,0.5882813993120357
,0.598518518518518,0.582395209563,0.030420501373326213
,0.6825,2.53891878512,0.1920807401141867
,1.0,nan,nan
11,108388,0.8406376032264261,7.30740235311,0.33326600845865073
,0.5875,2.28330835406,0.09501228523384306
,0.5475,2.42776446164,0.1297897364404233
,0.64,3.8027956953,0.34321729138533874
,0.6000000000000001,3.60405680903,0.4646110305385671
,0.58,1.78666576345,0.4353927081060664
,0.819259259259259,3.38963779624,0.4989780676446066
,0.6900000000000001,2.69123939568,0.2116963234443558
,1.0,nan,nan
11,108411,0.8743230266948331,7.8782439551,0.5998997691722483
,0.67,5.30827323031,0.423135287382518
,0.6175,4.33873037969,0.3731254659755848
,0.6575000000000001,4.02373761939,0.4118704372358374
,0.7075,2.43190973784,0.8116280910169835
,0.515,1.62641805684,0.3237215623441401
,0.9303703703703701,2.17711981548,0.8269107884491937
,0.875,2.41010726918,0.8181827611582266
,1.0,nan,nan
11,108416,0.8364893412713651,6.99584834404,0.3035858638132964
,0.804999999999999,1.41426763082,0.9494542110895245
,0.71,3.44824765727,0.7670495797823932
,0.8174999999999991,1.47701066655,0.9223275264539692
,0.74,1.79194826898,0.8802219665460758
,0.7125,1.64007645839,0.6694376387892412
,0.807407407407407,3.37112421718,0.4588804990900578
,0.804999999999999,3.55392842803,0.6047870967579612
,1.0,nan,nan
11,108417,0.860149798348377,8.11602697223,0.48570959573092226
,0.5325,0.653874431709,0.020072549587958493
,0.5825,3.522921763,0.23415500000003409
,0.6325000000000001,3.67443690936,0.3151662176868709
,0.605,3.61473499593,0.4826611294072255
,0.52,1.64340496604,0.3318964038478073
,0.973333333333333,1.44363286444,0.9044721526103761
,0.8,3.59611882038,0.5869089834170799
,1.0,nan,nan
11,108652,0.945265988092951,1.89540723054,0.9512847176229045
,0.5650000000000001,1.4625307835,0.053237328061889244
,0.5075000000000001,1.29896910544,0.05631157617485125
,0.6425000000000001,3.84137784279,0.3527729650965111
,0.43999999999999906,1.10145466688,0.062495462434600926
,0.5625,1.75739535072,0.4043661088099415
,0.5560493827160491,0.278181000866,0.012748511410658796
,0.525,0.243984034547,0.00999184915736792
,0.0,nan,nan
11,109008,0.8137507201843671,4.86458112855,0.16790837264848085
,0.63,4.11960488049,0.23092851889901744
,0.5275000000000001,1.82354539257,0.08737693566213799
,0.5325,1.30497749481,0.06512556125084791
,0.5,2.19643680218,0.15999671078599606
,0.595,1.80280314185,0.4623242531447781
,0.6819753086419751,1.71016146496,0.12144286032265447
,0.6950000000000001,2.7901948528,0.22540091751622313
,1.0,nan,nan
11,109067,0.7877856731323211,2.55506504173,0.07305544003232053
,0.7525000000000001,3.53048202591,0.8227832647458732
,0.7625000000000001,1.86210910809,0.9060670315881324
,0.794999999999999,2.00037670787,0.8833366172858448
,0.71,2.38265863006,0.8176463461660138
,0.75,1.49679909147,0.7283570604387402
,0.8479012345679011,3.29382776851,0.5951597131762816
,0.8,3.59611882038,0.5869089834170799
,1.0,nan,nan
11,129429,0.7937776070674091,3.02162446785,0.0897386761351405
,0.68,5.40166267766,0.47676582265906686
,0.5775,3.37415013772,0.2169101815823029
,0.5875,2.63256431113,0.1719798205973536
,0.54,2.95727230833,0.26344564868302045
,0.76,1.45355210372,0.7431103058044192
,0.8172839506172841,3.3889324141,0.4922830262292265
,0.7925000000000001,3.64560158402,0.559741979380175
,1.0,nan,nan
11,129459,0.896331860956404,6.30190261281,0.7580865854668377
,0.6875,5.40704302146,0.517333487081721
,0.6725,4.33028229818,0.6196241568913325
,0.6925,4.07927828893,0.5552434580421254
,0.6375000000000001,3.50262794731,0.5991595002483623
,0.605,1.80883830063,0.4803856379192979
,0.838024691358024,3.34891600688,0.5623375039390315
,0.705,2.97953780354,0.254260261491904
,1.0,nan,nan
11,129490,0.8252736700595351,5.99972859847,0.2305389999918835
,0.6975,5.32760965892,0.5710883140312601
,0.6575000000000001,4.50743444667,0.5531873313503864
,0.754999999999999,3.0145026646,0.7830391708489615
,0.625,3.58239476893,0.5548320209213335
,0.7000000000000001,1.67979905108,0.6486837310918763
,0.9654320987654321,1.57263892579,0.8925587973377502
,0.889999999999999,2.10259292387,0.8520276434185188
,1.0,nan,nan
11,129672,0.839408488573074,7.21915988854,0.3243382343448812
,0.405,0.00451154132837,8.458582506076293e-05
,0.485,0.832921873201,0.032584893800848835
,0.38,0.0368409985619,0.0011039002457149513
,0.43500000000000005,1.02647345062,0.057176970849905764
,-0.25,0.00159777729757,0.00010040393109595546
,0.901234567901234,2.6658766201,0.7562375641255706
,0.725,3.3095813151,0.317277304492935
,1.0,nan,nan
11,129907,0.9058959093527941,5.35813137026,0.8139013613321886
,0.65,4.85115505409,0.3209855236441823
,0.65,4.54807947974,0.5192084189983113
,0.63,3.62771780633,0.3060381352639755
,0.54,2.95727230833,0.26344564868302045
,0.6075,1.80974991721,0.48490892310722067
,0.725432098765432,2.45939166844,0.21207458877429258
,0.65,1.8636548867,0.12055737411209269
,0.0,nan,nan
11,129987,0.9306702515844051,2.97103384124,0.9161557824873325
,0.6575000000000001,5.06117285292,0.35818319480694194
,0.6575000000000001,4.50743444667,0.5531873313503864
,0.6875,4.10436416266,0.5347798257748881
,0.6575000000000001,3.28874575219,0.6672386838012859
,0.5,1.57155472976,0.2997297023143757
,0.6869135802469131,1.79445927821,0.13009583709792497
,0.5625,0.515497460127,0.02373419758680683
,0.0,nan,nan
11,130043,0.8598041098521221,8.11280266293,0.48290452345214696
,0.764999999999999,2.97398285088,0.8634346088796694
,0.8300000000000001,0.520935967185,0.9802390682157718
,0.899999999999999,0.315406537869,0.9878348002858552
,0.6950000000000001,2.67338383823,0.7797099599852944
,0.804999999999999,1.24186233215,0.8038418241315775
,0.942716049382716,1.96135916409,0.8524572854775258
,0.865,2.61263445783,0.7930653259122792
,0.0,nan,nan
11,130166,0.918225465719224,4.11391728683,0.8722496224542919
,0.9325000000000001,0.0183759048814,0.999627243501847
,0.7875000000000001,1.23510939595,0.944482154534326
,0.9325000000000001,0.14352217442,0.9949874637008888
,0.875,0.209056511663,0.9911329854415368
,0.875,0.89631634378,0.8786267115310276
,0.8681481481481481,3.11425984033,0.660175233748127
,0.8600000000000001,2.71173218617,0.7797536362645704
,0.0,nan,nan
11,130586,0.892452467831764,6.65650900324,0.7329439124824633
,0.35750000000000004,0.000341005708117,5.573618049474895e-06
,0.20750000000000002,2.40643980975e-05,4.4000856860936596e-07
,0.28500000000000003,0.00130899676762,3.161942716431953e-05
,0.25,0.0203272782221,0.0006832460885077404
,-0.25,0.00159777729757,0.00010040393109595546
,0.741728395061728,2.72144211126,0.2543199887668183
,0.42750000000000005,0.0206398582054,0.0006603040982408016
,0.0,nan,nan
11,134922,0.857922028039178,8.08771019,0.467657185465554
,0.6775,5.38745198341,0.46327814363075304
,0.6925,3.92215241086,0.7024376329553136
,0.725,3.67159923747,0.6822729115373474
,0.635,3.52209520259,0.5903782388749886
,0.4375,1.29529658191,0.2098152225923236
,0.679012345679012,1.66010130025,0.1164499837129476
,0.79,3.6582998431,0.5506117011645731
,0.0,nan,nan
11,134923,0.879969272133666,7.59299832145,0.6436238284375053
,0.7025,5.25188249734,0.5975467609499227
,0.6825,4.14791266676,0.6620544759223707
,0.725,3.67159923747,0.6822729115373474
,0.68,2.9449362498,0.7375406391369219
,0.6725,1.75022161473,0.6014648457751033
,0.77037037037037,3.1042430979,0.33804078666631077
,0.735,3.44257944371,0.3510583596491552
,0.0,nan,nan
11,135551,0.823314768580756,5.81054866831,0.21897094430123865
,0.7725000000000001,2.64613452773,0.8845043944354869
,0.7575000000000001,2.00354041293,0.8964048056677963
,0.8250000000000001,1.31979388993,0.9328094490739973
,0.6425000000000001,3.45862629682,0.6165654142972166
,0.7825000000000001,1.35052985918,0.7746694223643418
,0.7629629629629631,3.01741505222,0.31536202479208697
,0.774999999999999,3.69325175937,0.4953858675415429
,1.0,nan,nan
11,135973,0.849241405799884,7.8125539141,0.39846021217439936
,0.7825000000000001,2.22813324015,0.9088533979200015
,0.8,0.978765238894,0.9582774725006193
,0.7925000000000001,2.06232688686,0.8782583589264634
,0.745,1.69688631183,0.8889433429980338
,0.6675,1.76031694518,0.5926881369068111
,0.9017283950617281,2.65810217158,0.7575521277902331
,0.8975000000000001,1.95036412909,0.8672248833178916
,1.0,nan,nan
11,136122,0.8521605531015941,7.93342043458,0.42144934161593944
,0.745,3.85925616404,0.7950660125561052
,0.78,1.40782349693,0.9345798701221528
,0.745,3.25360494446,0.7516862629088514
,0.61,3.61790243408,0.5007458599380636
,0.5225000000000001,1.6516396528,0.33601524611595435
,0.653827160493827,1.25727530266,0.07980895318460993
,0.8325,3.20554091787,0.6981486720874486
,1.0,nan,nan
11,136139,0.7495678893796811,0.705826462807,0.016544181104694217
,0.784999999999999,2.1282226365,0.9142984129376868
,0.8025,0.932263124919,0.9606659283704984
,0.837499999999999,1.08039424681,0.94778026312919
,0.76,1.4238311713,0.9123235719519626
,0.8225,1.15519054392,0.8248176988445317
,0.9422222222222221,1.969981767,0.851486584140482
,0.845,2.99435813094,0.736925704025902
,1.0,nan,nan
11,136288,0.852506241597849,7.9458840028,0.424193999538798
,0.7925000000000001,1.84174408208,0.9291728121676082
,0.7375,2.60509701854,0.8503951039102164
,0.8125,1.58706425313,0.9146690150715497
,0.6225,3.5929582675,0.5458624474196114
,0.7425,1.52799552709,0.7170133783127544
,0.93679012345679,2.06496012374,0.8405275550739679
,0.827499999999999,3.28194380101,0.6819278406238254
,1.0,nan,nan
11,136820,0.9385442673324371,2.351266935,0.937050629237567
,0.6175,3.5837359107,0.18274582991937227
,0.6275000000000001,4.46838835473,0.4172068062493602
,0.655,3.99950334697,0.401840851932426
,0.5650000000000001,3.33026276532,0.34228750614719006
,0.6025,1.80768729381,0.47586493109866324
,0.852345679012345,3.26181901362,0.6097294358846113
,0.655,1.96618581424,0.1301314208856983
,1.0,nan,nan
11,136846,0.7226810063376221,0.235747939563,0.0048732807698950685
,0.804999999999999,1.41426763082,0.9494542110895245
,0.8075000000000001,0.84397852676,0.9651039236146877
,0.7925000000000001,2.06232688686,0.8782583589264634
,0.875,0.209056511663,0.9911329854415368
,0.7625000000000001,1.44247058689,0.7467303554594258
,0.6074074074074071,0.668845407887,0.03597531606513371
,0.6525000000000001,1.91475384153,0.12528031072903992
,0.0,nan,nan
11,137085,0.660418667178797,0.00953585239182,0.00014814054727369438
,0.8775000000000001,0.172863690854,0.9956693366164407
,0.8400000000000001,0.41288214056,0.9848914963602267
,0.875,0.540116226141,0.9773395213544176
,0.8500000000000001,0.344915881256,0.9843241210519253
,0.847499999999999,1.03071243944,0.8521403128742114
,0.8148148148148141,3.38670807636,0.48391773123576526
,0.9400000000000001,1.16962560391,0.932898606158767
,0.0,nan,nan
11,137869,0.0,2.19319456393e-48,8.504439617633964e-51
,0.8700000000000001,0.224748935305,0.9941855096519299
,0.875,0.168035477607,0.9945279976865928
,0.905,0.281224151891,0.9893250361013279
,0.8625,0.270038614681,0.9881521164493529
,0.8150000000000001,1.19247155607,0.8160138749931238
,0.9772839506172831,1.38081017541,0.9100509048461882
,0.972499999999999,0.718904840279,0.9631998113176212
,0.0,nan,nan
11,138039,0.8560015363933161,8.04909818157,0.452159795673554
,0.6375000000000001,4.4178139994,0.2629582972849763
,0.6975,3.79557732295,0.7217353792589514
,0.63,3.62771780633,0.3060381352639755
,0.6075,3.61725982664,0.491701514784194
,0.655,1.78168237933,0.5705448063482457
,0.716049382716049,2.30010243649,0.18974265973138954
,0.7325,3.41163362119,0.3424902612902895
,0.0,nan,nan
11,140859,0.9577491837910501,1.2263556895,0.9705370457798086
,0.6000000000000001,2.81054036049,0.12681002383470552
,0.5975,3.92998250356,0.2901366034721764
,0.65,3.94347140575,0.3819792720455495
,0.59,3.56047879441,0.42876391501467415
,0.4375,1.29529658191,0.2098152225923236
,0.6948148148148141,1.93102253307,0.14481268886627946
,0.59,0.828256747021,0.04196833312136528
,1.0,nan,nan
11,140984,0.8857307470712501,7.20654048007,0.686299946638033
,0.7425,3.9663323979,0.7852836948758715
,0.754999999999999,2.07589283763,0.8913057286633959
,0.7625000000000001,2.82715923908,0.80494868686356
,0.6925,2.72031727363,0.7729677166510984
,0.645,1.7946793564,0.5526599176838987
,0.9160493827160491,2.42355290296,0.793958465196019
,0.8925000000000001,2.05161807903,0.8572203672448369
,1.0,nan,nan
11,141053,1.0,0.212678174276,0.9957649176561492
,0.7025,5.25188249734,0.5975467609499227
,0.65,4.54807947974,0.5192084189983113
,0.645,3.87773087147,0.36242232289256393
,0.5,2.19643680218,0.15999671078599606
,0.625,1.80940944261,0.516593730085625
,0.611358024691358,0.709994813975,0.038698394831504696
,0.7025,2.93343620657,0.2468688567878975
,1.0,nan,nan
11,141356,0.811791818705588,4.67095746082,0.15856897841717899
,0.8400000000000001,0.578836107509,0.9828023339830612
,0.794999999999999,1.07653169298,0.9531418814976131
,0.8250000000000001,1.31979388993,0.9328094490739973
,0.8425,0.397300444029,0.9815444859823054
,0.7025,1.67221746187,0.6528737904822413
,0.8508641975308641,3.27297340226,0.6048887895748293
,0.9475,1.05297101799,0.94122872998033
,1.0,nan,nan
11,142811,0.8137507201843671,4.86458112855,0.16790837264848085
,0.675,5.36709906027,0.4498336818502304
,0.58,3.44917755057,0.22543959264938507
,0.595,2.82544427951,0.1924491225829672
,0.535,2.86995637783,0.24887615790680595
,0.635,1.80394207736,0.5346636694267388
,0.714567901234567,2.27459581546,0.18635398492332605
,0.7825000000000001,3.68469765435,0.5230644118414718
,1.0,nan,nan
11,142951,0.8876896485500281,7.0560918809,0.700270936819736
,0.7375,4.17497483032,0.7649270408527082
,0.764999999999999,1.79316762334,0.9106358700070334
,0.804999999999999,1.7592979372,0.9021252520642822
,0.68,2.9449362498,0.7375406391369219
,0.6475000000000001,1.79177727498,0.5571430370001091
,0.929382716049382,2.19432624577,0.8247520480904285
,0.784999999999999,3.67786529005,0.5322680278311767
,0.0,nan,nan
11,143324,0.8636835029767621,8.12415584815,0.5144169431164263
,0.625,3.90964001986,0.21085233238315068
,0.66,4.48658565762,0.564430605244775
,0.5725,2.24446741523,0.13540616410773756
,0.59,3.56047879441,0.42876391501467415
,0.5750000000000001,1.7794310925,0.4264770845017378
,0.6972839506172831,1.97397901525,0.1496336598042063
,0.6775,2.43553138231,0.1796441424129368
,1.0,nan,nan
11,145305,0.9097753024774341,4.96300007409,0.833921645143122
,0.6875,5.40704302146,0.517333487081721
,0.745,2.37435459221,0.8690654023963059
,0.7675000000000001,2.69990456672,0.8187669213510329
,0.6575000000000001,3.28874575219,0.6672386838012859
,0.605,1.80883830063,0.4803856379192979
,0.7970370370370371,3.32720391388,0.4241264413850837
,0.725,3.3095813151,0.317277304492935
,1.0,nan,nan
11,145335,0.693796811983867,0.0604449799129,0.001091206206154605
,0.5,0.241817760661,0.006399144204322122
,0.5425,2.27144358211,0.11804278838285703
,0.55,1.68921803333,0.0912503797214124
,0.5875,3.54504956338,0.4198816331961544
,0.5225000000000001,1.6516396528,0.33601524611595435
,0.79753086419753,3.32986856679,0.42577016530890266
,0.8,3.59611882038,0.5869089834170799
,0.0,nan,nan
11,145444,0.8017284424812751,3.71114372211,0.11645504059146267
,0.6925,5.37956366666,0.5443103040318897
,0.754999999999999,2.07589283763,0.8913057286633959
,0.8525,0.832427714837,0.9620722145209577
,0.7975000000000001,0.85008051114,0.9544191956182793
,0.725,1.5960538211,0.6896677211379882
,0.861728395061728,3.18030517818,0.6399661772174825
,0.794999999999999,3.63098806811,0.5688381129527298
,1.0,nan,nan
11,146557,0.8974841559439211,6.19255796578,0.7652853935849868
,0.6825,5.40968063154,0.49028129580961705
,0.72,3.14824378786,0.8000438968527981
,0.73,3.57655221595,0.700396275187672
,0.5700000000000001,3.389154999,0.35908853058692614
,-0.25,0.00159777729757,0.00010040393109595546
,0.9002469135802461,2.68135175104,0.7535969493518024
,0.74,3.49957402726,0.3684165143547429
,0.0,nan,nan
11,146877,0.5736892644516991,1.70702875434e-05,1.9140026574370537e-07
,0.5625,1.38404723536,0.04967967223604176
,0.715,3.30002449809,0.7839219838815157
,0.865,0.6586075185,0.9713606464453142
,0.8400000000000001,0.416092791356,0.980527886487788
,0.8075000000000001,1.22955935128,0.8069311083266995
,0.863209876543209,3.16577847386,0.6446670339175817
,0.865,2.61263445783,0.7930653259122792
,1.0,nan,nan
11,146928,0.837718455924716,7.09213056037,0.3122440586802744
,0.8174999999999991,1.05504534468,0.9648148614214617
,0.8600000000000001,0.251029202741,0.9914203494490756
,0.855,0.795307232097,0.9641066346752427
,0.8150000000000001,0.643935256946,0.9674336223072825
,0.7000000000000001,1.67979905108,0.6486837310918763
,0.803456790123456,3.3573975103,0.4455883620189273
,0.885,2.20499171699,0.8412588746737508
,1.0,nan,nan
11,146993,0.37584021509506405,1.96751672387e-15,1.3348152995364785e-17
,1.0,0.000550244577623,0.999990974404458
,1.0,0.00235707105836,0.9999453761965029
,1.0,0.0205605527292,0.9993991215952231
,0.9500000000000001,0.0358421247071,0.9987287101138693
,0.8125,1.204860358,0.8130172052628366
,0.8528395061728391,3.25799440202,0.6113392685392836
,0.8,3.59611882038,0.5869089834170799
,1.0,nan,nan
11,147026,0.8626848473209141,8.12645366678,0.50630225999313
,0.625,3.90964001986,0.21085233238315068
,0.615,4.29794395705,0.3623289528021405
,0.655,3.99950334697,0.401840851932426
,0.52,2.59089308549,0.20789215127988014
,0.5,1.57155472976,0.2997297023143757
,0.815802469135802,3.38777668699,0.4872631754284409
,0.645,1.76264012769,0.11149234339158337
,1.0,nan,nan
11,147101,0.861724601497983,8.12524630654,0.498499178526829
,0.6825,5.40968063154,0.49028129580961705
,0.7225,3.07137719867,0.8078185342125287
,0.865,0.6586075185,0.9713606464453142
,0.8600000000000001,0.283841159411,0.9874598841373685
,0.625,1.80940944261,0.516593730085625
,0.9007407407407401,2.67362659488,0.7549191672557722
,0.8525,2.85627064404,0.75887012987259
,0.0,nan,nan
11,147111,0.9010946802381411,5.84073124181,0.7870124188284788
,0.6225,3.80217994777,0.20121226335820622
,0.774999999999999,1.53057613527,0.9272363487854622
,0.735,3.47470360372,0.7180270958336346
,0.605,3.61473499593,0.4826611294072255
,0.595,1.80280314185,0.4623242531447781
,0.852345679012345,3.26181901362,0.6097294358846113
,0.837499999999999,3.12428547158,0.7139751611622831
,1.0,nan,nan
11,147193,0.752294987516804,0.7822001609,0.01857165873018776
,0.7975000000000001,1.66286840191,0.9379301068017083
,0.7825000000000001,1.34870612386,0.9380252137199455
,0.7825000000000001,2.31492548713,0.8563775616740539
,0.8500000000000001,0.344915881256,0.9843241210519253
,0.75,1.49679909147,0.7283570604387402
,0.6439506172839501,1.1135539929,0.06810870831942628
,0.75,3.59278941341,0.40390210697114026
,1.0,nan,nan
11,819,0.8252736700595351,5.99972859847,0.2305389999918835
,0.7225,4.73589854153,0.6979520843512453
,0.7075,3.52066166593,0.7583381819144709
,0.7025,3.99718131231,0.5956605632134444
,0.7775000000000001,1.13458108635,0.9346585503471849
,0.725,1.5960538211,0.6896677211379882
,0.7214814814814811,2.39286588055,0.2024895865706265
,0.8300000000000001,3.24437827029,0.6900860141743878
,0.0,nan,nan
11,1942,0.8467447666602651,7.68784423609,0.37910679137663084
,0.6075,3.14046792319,0.14912247308938625
,0.5925,3.80203279384,0.27080293624921203
,0.6725,4.11350470729,0.4730210424268041
,0.585,3.52785024017,0.411040142349372
,0.715,1.63160304831,0.6735272736930105
,0.755061728395061,2.9147406111,0.2919199016380243
,0.784999999999999,3.67786529005,0.5322680278311767
,0.0,nan,nan
11,1993,0.8857307470712501,7.20654048007,0.686299946638033
,0.835,0.666818338985,0.9796921855379703
,0.7525000000000001,2.14923564537,0.8860245160078983
,0.7375,3.42146033266,0.7266476063939347
,0.63,3.55581056254,0.572680544073122
,0.6625,1.76953443741,0.5838631394622074
,0.905679012345679,2.5950669978,0.7679292374895665
,0.905,1.80091160094,0.8812900579529108
,0.0,nan,nan
