user,id,roomScore,roomScore_pdf,roomScore_cdf,equipmentScore,equipmentScore_pdf,equipmentScore_cdf,serviceScore,serviceScore_pdf,serviceScore_cdf,mealScore,mealScore_pdf,mealScore_cdf,locationScore,locationScore_pdf,locationScore_cdf,bathScore,bathScore_pdf,bathScore_cdf
15,101,0.6000000000000001,3.34735663224,0.17335094695028266
,0.655,4.31540792796,0.44560529822761796
,0.73,4.82326157073,0.675369659251778
,0.6975,0.923346361774,0.6387988332663803
,0.9400000000000001,0.783569438046,0.9650621764209197
,0.625,3.32388488025,0.578083141269126
15,192,0.6775,4.89734065445,0.518691659555228
,0.63,4.10963763579,0.3395183651222609
,0.66,5.2494618491,0.28326344265716785
,0.6675,0.961514709963,0.6105311091273189
,0.745,3.75188026454,0.4610924767891603
,0.5325,3.04299586881,0.263061281032153
15,223,0.605,3.54404915207,0.19058130314363747
,0.6375000000000001,4.21000576152,0.3707366463167893
,0.6775,5.79483884351,0.3804807961691544
,0.5825,1.04627026876,0.5248156151615448
,0.605,1.38369019781,0.0783134704000047
,0.5575,3.37779356657,0.34365276578867093
15,388,0.7675000000000001,2.228594809,0.8539872390533406
,0.7575000000000001,3.76511731328,0.852711830919429
,0.7675000000000001,2.84734114556,0.8192471891249943
,0.7825000000000001,1.01325670247,0.7171658739491781
,0.915,1.19299908068,0.94057141305852
,0.675,2.54451723674,0.7262038853947641
15,398,0.6325000000000001,4.47445204591,0.30159628130142346
,0.635,4.18005229534,0.3602483293194191
,0.66,5.2494618491,0.28326344265716785
,0.847499999999999,1.38980939222,0.7963044824304718
,0.61,1.47709004788,0.08546422997474401
,0.545,3.23030421285,0.30230710867436156
15,462,0.68,4.87130808206,0.5309035243832245
,0.7975000000000001,1.35967795713,0.9563034958340091
,0.8300000000000001,0.971424109916,0.9258498554563619
,0.7075,0.912116505645,0.6479747847045031
,0.79,3.61677339361,0.6293183771388938
,0.64,3.13015433167,0.6265510626494014
15,509,0.6950000000000001,4.61498218796,0.6022563192929905
,0.6375000000000001,4.21000576152,0.3707366463167893
,0.6950000000000001,5.89861939107,0.4834859065136094
,0.8225,1.27561536221,0.7627491719457326
,0.919999999999999,1.10291379029,0.9463095729216877
,0.5125000000000001,2.68005891898,0.20572290242033656
15,568,0.6625,4.94366223406,0.44464495728773296
,0.685,4.07788904369,0.5727021482038924
,0.7975000000000001,1.63695070561,0.8850401888507833
,0.5675,1.05507553795,0.5090529919397593
,0.9450000000000001,0.71439228416,0.9688052861307976
,0.865,0.472096115286,0.9798629510840025
15,570,0.8625,0.554738449581,0.9674331996764358
,0.754999999999999,3.84404227711,0.8431964119597499
,0.7825000000000001,2.16824992575,0.8566957990075229
,0.857499999999999,1.39613341306,0.810256811050612
,0.8775000000000001,1.96991381946,0.8817366236136834
,0.735,1.60030607339,0.8487134430309482
15,610,0.7825000000000001,1.79003702361,0.8840381226453876
,0.6875,4.04001068328,0.5828498108962903
,0.725,5.05747559658,0.6506601272507264
,0.8225,1.27561536221,0.7627491719457326
,0.9175000000000001,1.147469719,0.9434967986966617
,0.615,3.422170451,0.5443301152940627
15,630,0.74,3.17802030794,0.7799540065622
,0.6375000000000001,4.21000576152,0.3707366463167893
,0.68,5.83834381087,0.39502421196339027
,0.7725000000000001,0.967234429673,0.7072735773838383
,0.6875,3.05760509049,0.2613824200688672
,0.5575,3.37779356657,0.34365276578867093
15,658,0.59,2.94565583876,0.14188097162755045
,0.54,1.63220882101,0.07342640254537725
,0.5775,1.09122262549,0.029842471256464033
,0.63,1.00557079862,0.5736213417328831
,0.665,2.61368629659,0.19747842238947072
,0.47750000000000004,1.95505006404,0.12447584236067809
15,659,0.645,4.75580264489,0.3594019368141198
,0.5925,3.22456025166,0.20033412667300682
,0.6125,2.65637663516,0.09311256135311223
,0.62,1.01568010147,0.5635144390518003
,0.65,2.2972694586,0.16063680121287754
,0.47750000000000004,1.95505006404,0.12447584236067809
15,716,0.8325,0.843936552269,0.9467939568937079
,0.715,3.72249087054,0.688663475960806
,0.7225,5.16711702031,0.6378782558024336
,0.8025,1.13693652963,0.7386096680757175
,0.735,3.69428563188,0.4238360687823971
,0.645,3.0554093147,0.6420167991912701
15,767,0.7000000000000001,4.49534900824,0.6250385287659727
,0.6625,4.30304866636,0.47794607663544825
,0.6950000000000001,5.89861939107,0.4834859065136094
,0.7325,0.896806844078,0.6705341408167902
,0.8725,2.08217830087,0.871606754016097
,0.5975,3.5230772513,0.4834198768631843
15,839,0.845,0.706570072982,0.9564548789941004
,0.7875000000000001,1.91576410089,0.9400612236725497
,0.8150000000000001,1.20668851626,0.909643143111944
,0.735,0.896953925025,0.67277625694272
,0.925,1.01680643584,0.9516071832037664
,0.7275,1.6952695651,0.8363598543007977
15,858,0.65,4.83537040425,0.3833881926851233
,0.635,4.18005229534,0.3602483293194191
,0.61,2.52019790884,0.08664243059427196
,0.5675,1.05507553795,0.5090529919397593
,0.6475000000000001,2.24407319829,0.15496012170626405
,0.5525,3.32401287905,0.32689524434520706
15,864,0.71,4.21455623088,0.6686301548710488
,0.6375000000000001,4.21000576152,0.3707366463167893
,0.6900000000000001,5.91719704686,0.4539302824358451
,0.75,0.907863612367,0.6862889474666974
,0.919999999999999,1.10291379029,0.9463095729216877
,0.5625,3.42418766543,0.36066086619432774
15,922,0.5750000000000001,2.3499550582,0.10219651613390679
,0.595,3.29790140843,0.20848747359190217
,0.605,2.2570234591,0.07470478690732914
,0.4525,1.05288443865,0.3866529652409992
,0.6825,2.96401925565,0.24632687833566633
,0.454999999999999,1.49931204046,0.08568275711731176
15,930,0.7925000000000001,1.53871362772,0.9006537915608125
,0.75,3.9452352053,0.8236922692805028
,0.78,2.2717775027,0.8511466281448148
,0.7125,0.907252303478,0.6525229473802064
,0.885,1.80375289739,0.8958858026546221
,0.685,2.36618216449,0.7507558101125473
15,995,0.5325,0.990877306437,0.03345892488241287
,0.51,0.925046804034,0.03566083906135912
,0.5775,1.09122262549,0.029842471256464033
,0.7875000000000001,1.04068136971,0.722299563681753
,0.65,2.2972694586,0.16063680121287754
,0.52,2.82356614923,0.22636618093902483
15,996,0.6375000000000001,4.60033803458,0.324290273926473
,0.6000000000000001,3.44029428735,0.22533552510189794
,0.65,4.78253832984,0.23302788278315964
,0.625,1.01072268336,0.5685805280538442
,0.725,3.60690399301,0.3873061240762353
,0.5325,3.04299586881,0.263061281032153
15,1119,0.58,2.54535529288,0.11443294359862467
,0.545,1.77169016141,0.0819339449235773
,0.6000000000000001,2.00779300754,0.06404892875025554
,0.5,1.06888727004,0.4371282486738031
,0.7325,3.6751570289,0.4146238800952417
,0.5075000000000001,2.58064543519,0.1925700550752573
15,1128,0.6775,4.89734065445,0.518691659555228
,0.6925,3.9616028096,0.6028546134074866
,0.7425,4.17655081261,0.7316876139797216
,0.8700000000000001,1.36465959798,0.8275578284080516
,0.7725000000000001,3.74630703051,0.5647526165918102
,0.6025,3.50408131963,0.5009911524129061
15,1186,0.6625,4.94366223406,0.44464495728773296
,0.6175,3.87700135821,0.2895220209149042
,0.7225,5.16711702031,0.6378782558024336
,0.5750000000000001,1.0509258771,0.5169508154936509
,0.67,2.71667156215,0.21080507290542147
,0.65,2.97659598898,0.6570983740181372
15,1356,0.8125,1.13449374246,0.9271749828294312
,0.774999999999999,2.77431249034,0.9108405822240379
,0.7575000000000001,3.36339974361,0.7882254090402678
,0.79,1.05539579068,0.7249195280478249
,0.925,1.01680643584,0.9516071832037664
,0.73,1.66275675771,0.8405572072434858
15,1357,0.8075000000000001,1.22384506056,0.9212822113299878
,0.78,2.42134149699,0.9238299920914032
,0.8025,1.49418894883,0.8928610616714593
,0.76,0.927014050983,0.6954543596328208
,0.835,2.9059152469,0.7778250104200486
,0.72,1.79799184549,0.823264973130263
15,1386,0.7425,3.08733386912,0.7877856436244641
,0.7025,3.81474407745,0.6417104578898452
,0.6975,5.87495198377,0.49820484760479955
,0.5825,1.04627026876,0.5248156151615448
,0.8600000000000001,2.36434981191,0.8438156107477581
,0.6525000000000001,2.93586553201,0.6644891205394545
15,1404,0.7875000000000001,1.66016153238,0.8926601143064754
,0.6725,4.23447402753,0.5206814375654639
,0.6725,5.68049545358,0.3517775470519879
,0.75,0.907863612367,0.6862889474666974
,0.75,3.76898982134,0.4798979542410412
,0.77,1.24565318457,0.8981479978292449
15,1500,0.5825,2.64453625809,0.12092013481988288
,0.5675,2.45036690757,0.12930765467546823
,0.73,4.82326157073,0.675369659251778
,0.6875,0.935761746021,0.6295039397971165
,0.9375,0.819773571434,0.9630582219623032
,0.387499999999999,0.50390055884,0.02179044170629048
15,1501,0.6025,3.44625538652,0.181843165940867
,0.505,0.830943998253,0.031273747714331494
,0.6425000000000001,4.38217624723,0.19863892946001324
,0.55,1.06275707786,0.4905178407151197
,0.9450000000000001,0.71439228416,0.9688052861307976
,0.4,0.637523469439,0.0289005856071526
15,1511,0.54,1.18206745062,0.041593379522581145
,0.52,1.13407542479,0.04593333982668669
,0.6125,2.65637663516,0.09311256135311223
,0.6075,1.02719391165,0.5507451480614217
,0.8700000000000001,2.13857150766,0.8663308418420108
,0.5925,3.53387870376,0.4657740410783158
15,1556,0.705,4.36126841917,0.6471857227576027
,0.6625,4.30304866636,0.47794607663544825
,0.675,5.74214152386,0.3660576793071491
,0.705,0.914762664788,0.6456912122110553
,0.7825000000000001,3.68392357025,0.6019301046253173
,0.6525000000000001,2.93586553201,0.6644891205394545
15,1630,0.6825,4.84027401162,0.543044031592916
,0.6325000000000001,4.14656684845,0.3498393284102941
,0.6525000000000001,4.90751056151,0.24514146037127227
,0.8525,1.39636511723,0.8032726688632165
,0.64,2.08483793456,0.13872729278888105
,0.6075,3.47708435728,0.5184473513723685
15,1667,0.6175,4.00752286464,0.23783066177323622
,0.6625,4.30304866636,0.47794607663544825
,0.68,5.83834381087,0.39502421196339027
,0.75,0.907863612367,0.6862889474666974
,0.8,3.50152936167,0.6649336111492324
,0.49,2.21817020806,0.15055672894062827
15,1680,0.7275,3.62962523031,0.7373964019612501
,0.6950000000000001,3.92242255746,0.6127095116678948
,0.7925000000000001,1.79673177214,0.8764631700324356
,0.784999999999999,1.02662233997,0.7197155748294167
,0.8700000000000001,2.13857150766,0.8663308418420108
,0.6975,2.14953246965,0.778968082943873
15,1725,0.6475000000000001,4.79808363795,0.3713453225805904
,0.6000000000000001,3.44029428735,0.22533552510189794
,0.685,5.89703195987,0.424378551814219
,0.615,1.02043843312,0.5584240588813347
,0.7425,3.74037146131,0.45172675516371874
,0.625,3.32388488025,0.578083141269126
15,1764,0.7425,3.08733386912,0.7877856436244641
,0.67,4.25693035485,0.5100664774879197
,0.7075,5.68838356157,0.5561409709320193
,0.7725000000000001,0.967234429673,0.7072735773838383
,0.857499999999999,2.42050538715,0.8378344959919718
,0.645,3.0554093147,0.6420167991912701
15,1770,0.64,4.65677983492,0.33586260549948865
,0.5775,2.76460150825,0.15538227729313456
,0.6025,2.13055307709,0.06922106781931056
,0.635,1.00022982097,0.5786359208301253
,0.835,2.9059152469,0.7778250104200486
,0.5525,3.32401287905,0.32689524434520706
15,1799,0.885,0.405817414121,0.9781625354242302
,0.8400000000000001,0.376644736622,0.9878310978817505
,0.81,1.31041963609,0.9033563079009607
,0.8250000000000001,1.29152435015,0.7659582303659569
,0.8,3.50152936167,0.6649336111492324
,0.8500000000000001,0.593378222424,0.9718806684901571
15,1872,0.6475000000000001,4.79808363795,0.3713453225805904
,0.6075,3.64075487198,0.25190034814770745
,0.66,5.2494618491,0.28326344265716785
,0.6075,1.02719391165,0.5507451480614217
,0.9475,0.681416415291,0.9705498235838972
,0.52,2.82356614923,0.22636618093902483
15,1927,0.5775,2.44710056237,0.10819258620783914
,0.5775,2.76460150825,0.15538227729313456
,0.66,5.2494618491,0.28326344265716785
,0.5,1.06888727004,0.4371282486738031
,0.8400000000000001,2.80248192213,0.7920973728770383
,0.52,2.82356614923,0.22636618093902483
15,1996,0.495,0.351319385893,0.009833984490897434
,0.525,1.24890159488,0.05188796038733022
,0.67,5.61018775085,0.33766242120885576
,0.62,1.01568010147,0.5635144390518003
,0.7325,3.6751570289,0.4146238800952417
,0.6000000000000001,3.5145930567,0.49221738961616046
15,1997,0.685,4.80436325772,0.5551008301013843
,0.6625,4.30304866636,0.47794607663544825
,0.6900000000000001,5.91719704686,0.4539302824358451
,0.7775000000000001,0.988720833957,0.7121621756248351
,0.67,2.71667156215,0.21080507290542147
,0.59,3.53616427521,0.4569360525863334
15,2335,0.64,4.65677983492,0.33586260549948865
,0.5825,2.92065605459,0.16959612819344605
,0.675,5.74214152386,0.3660576793071491
,0.75,0.907863612367,0.6862889474666974
,0.6900000000000001,3.10300415512,0.269083385777688
,0.485,2.11275227075,0.13972937745336797
15,2465,0.6675,4.94954870123,0.46938696005379227
,0.7775000000000001,2.59790759038,0.9175561860178921
,0.7225,5.16711702031,0.6378782558024336
,-0.25,0.0813257356017,0.01044216384805219
,0.7225,3.5806493645,0.378321326699753
,0.555,3.35180484702,0.3352403873720039
15,2605,0.339999999999999,0.000312358189468,5.006711349019382e-06
,0.3025,0.000518109604246,9.657047146268317e-06
,0.339999999999999,4.31627490138e-07,4.46181598981707e-09
,-0.25,0.0813257356017,0.01044216384805219
,0.59,1.12204095203,0.059556978111031375
,0.355,0.254680938229,0.009819616978164093
15,2876,0.8174999999999991,1.05230461351,0.9326390882937927
,0.794999999999999,1.4832696763,0.9527520235820196
,0.8400000000000001,0.863446243294,0.9349980964082962
,0.6075,1.02719391165,0.5507451480614217
,0.9550000000000001,0.588880058127,0.9753074773506146
,0.889999999999999,0.294269920568,0.9893616318461261
15,2877,0.6725,4.93398499979,0.4941046774152463
,0.75,3.9452352053,0.8236922692805028
,0.635,3.95525411286,0.16736162460664508
,0.6875,0.935761746021,0.6295039397971165
,0.8075000000000001,3.39713288671,0.6908127710377405
,0.635,3.20020575661,0.6107230802116813
15,2958,0.5325,0.990877306437,0.03345892488241287
,0.59,3.15000457885,0.19236568441881557
,0.65,4.78253832984,0.23302788278315964
,0.6825,0.942179510716,0.6248091190388323
,0.8775000000000001,1.96991381946,0.8817366236136834
,0.7475,1.45854041897,0.8678106292441234
15,4771,0.705,4.36126841917,0.6471857227576027
,0.635,4.18005229534,0.3602483293194191
,0.705,5.74833094689,0.5418433002955091
,0.6025,1.03143775282,0.5455984813913343
,0.8975000000000001,1.53657664959,0.9167476270541308
,0.5175000000000001,2.77657524895,0.2193658156657658
15,4778,0.774999999999999,2.00042313435,0.8698354038331492
,0.7125,3.72833147713,0.6793514515702895
,0.6875,5.91196235217,0.4391418110723085
,0.7875000000000001,1.04068136971,0.722299563681753
,0.9400000000000001,0.783569438046,0.9650621764209197
,0.6575000000000001,2.85216959178,0.6789603575506654
15,4801,0.64,4.65677983492,0.33586260549948865
,0.625,4.02584354989,0.31917425927727466
,0.735,4.57282017025,0.6988656919523768
,0.7075,0.912116505645,0.6479747847045031
,0.764999999999999,3.77210333734,0.536547211999809
,0.6725,2.58920823867,0.7197867135868006
15,4805,0.8400000000000001,0.758120746793,0.952794905709169
,0.74,3.95477638504,0.7840118871589976
,0.7725000000000001,2.60626095832,0.8328756616621547
,0.7675000000000001,0.948854367567,0.7024846490508648
,0.9125000000000001,1.23947750003,0.9375310123375158
,0.6975,2.14953246965,0.778968082943873
15,4819,0.715,4.0571257388,0.6893134180318797
,0.6725,4.23447402753,0.5206814375654639
,0.6725,5.68049545358,0.3517775470519879
,0.6025,1.03143775282,0.5455984813913343
,0.7225,3.5806493645,0.378321326699753
,0.56,3.40193484143,0.352127815578988
15,4977,0.685,4.80436325772,0.5551008301013843
,0.725,3.77162682154,0.7260403150214889
,0.71,5.62007489798,0.5702782492796411
,0.64,0.994706124881,0.5836233353386167
,0.8500000000000001,2.58715982185,0.8190537202134984
,0.705,2.02580919842,0.794622048260618
15,5024,0.7625000000000001,2.38973141216,0.8424442436192677
,0.6525000000000001,4.31182189435,0.4348204549313853
,0.7000000000000001,5.84187764416,0.512852825993026
,0.67,0.958317629557,0.6129309034613752
,0.7425,3.74037146131,0.45172675516371874
,0.495,2.32321747768,0.1619104629897315
15,5041,0.47750000000000004,0.198242532635,0.00513048614872665
,0.454999999999999,0.233013779823,0.007058501382739956
,0.41000000000000003,0.000161188119294,2.0535596223169982e-06
,0.75,0.907863612367,0.6862889474666974
,0.6375000000000001,2.03205715081,0.13358121767704698
,0.36250000000000004,0.300834383729,0.011898940714217938
15,5303,0.5,0.409467236847,0.011732967423750578
,0.47250000000000003,0.378870240033,0.012328822395993798
,0.75,3.76877725103,0.761485279306365
,0.25,0.788678251727,0.19577049933136934
,0.8600000000000001,2.36434981191,0.8438156107477581
,0.6950000000000001,2.19196209794,0.7735413264333567
15,5309,0.6950000000000001,4.61498218796,0.6022563192929905
,0.6900000000000001,4.00103810386,0.5929012873785257
,0.6975,5.87495198377,0.49820484760479955
,0.6950000000000001,0.92637183553,0.6364866992691565
,0.7675000000000001,3.76552646912,0.545969671626755
,0.585,3.53445746724,0.4392560046914714
15,5385,0.6000000000000001,3.34735663224,0.17335094695028266
,0.5875,3.07439549219,0.18458498159643907
,0.6075,2.3869875079,0.08050909735653823
,0.7625000000000001,0.933547018653,0.6977799083253764
,0.8425,2.74960251647,0.7990376277460683
,0.5075000000000001,2.58064543519,0.1925700550752573
15,5562,0.8200000000000001,1.0137521728,0.9352213166327679
,0.774999999999999,2.77431249034,0.9108405822240379
,0.8025,1.49418894883,0.8928610616714593
,0.6875,0.935761746021,0.6295039397971165
,0.9575,0.560137540943,0.976743532776599
,0.7575000000000001,1.35826874053,0.8818859245955855
15,5627,0.66,4.93264109486,0.43229845751613455
,0.5225000000000001,1.1906418662,0.04883888145682627
,0.59,1.55713805463,0.04627989174696046
,0.6675,0.961514709963,0.6105311091273189
,0.59,1.12204095203,0.059556978111031375
,0.5675,3.46288070092,0.3778818042654992
15,5729,0.545,1.32201567333,0.04784945131084966
,0.5225000000000001,1.1906418662,0.04883888145682627
,0.5,0.0471072106699,0.0008488053718564723
,0.5,1.06888727004,0.4371282486738031
,0.6375000000000001,2.03205715081,0.13358121767704698
,0.41000000000000003,0.761177114221,0.03588145976198348
15,7055,0.5675,2.06684116626,0.0856420661210329
,0.47250000000000003,0.378870240033,0.012328822395993798
,0.54,0.291842562516,0.006403003042068183
,0.8075000000000001,1.17196300686,0.7443816189344871
,0.6375000000000001,2.03205715081,0.13358121767704698
,0.464999999999999,1.69726566652,0.10165807826605289
15,7341,0.754999999999999,2.64305408913,0.8235792557354717
,0.6125,3.76381244377,0.27041563396879714
,0.7000000000000001,5.84187764416,0.512852825993026
,0.5,1.06888727004,0.4371282486738031
,0.7675000000000001,3.76552646912,0.545969671626755
,0.6025,3.50408131963,0.5009911524129061
15,7342,0.56,1.79923548504,0.07115504931371897
,0.545,1.77169016141,0.0819339449235773
,0.5875,1.45513872718,0.04251545809682109
,0.59,1.04111571746,0.5326436220982966
,0.847499999999999,2.64187040178,0.8125173275132223
,0.52,2.82356614923,0.22636618093902483
15,7343,0.715,4.0571257388,0.6893134180318797
,0.6875,4.04001068328,0.5828498108962903
,0.7075,5.68838356157,0.5561409709320193
,0.6325000000000001,1.00292357487,0.5761319694750746
,0.9125000000000001,1.23947750003,0.9375310123375158
,0.665,2.72229066461,0.6998672857739515
15,7588,0.6175,4.00752286464,0.23783066177323622
,0.6725,4.23447402753,0.5206814375654639
,0.6950000000000001,5.89861939107,0.4834859065136094
,0.6025,1.03143775282,0.5455984813913343
,0.8150000000000001,3.27871991598,0.7158555476968169
,0.845,0.635001901587,0.9688098621761387
15,7599,0.5675,2.06684116626,0.0856420661210329
,0.5625,2.29444457996,0.11744632776269544
,0.6000000000000001,2.00779300754,0.06404892875025554
,0.75,0.907863612367,0.6862889474666974
,0.9500000000000001,0.64951035258,0.9722132597660685
,0.5325,3.04299586881,0.263061281032153
15,7903,0.645,4.75580264489,0.3594019368141198
,0.6425000000000001,4.25900987896,0.3919153195325794
,0.68,5.83834381087,0.39502421196339027
,0.75,0.907863612367,0.6862889474666974
,0.64,2.08483793456,0.13872729278888105
,0.5375,3.1222319385,0.2784766063790345
15,8207,0.6575000000000001,4.91625410871,0.4199862238731573
,0.7375,3.92965492628,0.7741548904416976
,0.6975,5.87495198377,0.49820484760479955
,0.6625,0.967843340319,0.6057076736837832
,0.7775000000000001,3.71906594522,0.583419369901771
,0.54,3.15975569395,0.28632939278159497
15,8290,0.8325,0.843936552269,0.9467939568937079
,0.7825000000000001,2.24728701973,0.9296649953490697
,0.77,2.72514096042,0.8262121272312569
,0.8925000000000001,1.20706787655,0.8567025863810125
,0.8300000000000001,3.00578621222,0.7630441584951937
,0.75,1.43247012616,0.8714242447971673
15,8961,0.6025,3.44625538652,0.181843165940867
,0.6325000000000001,4.14656684845,0.3498393284102941
,0.6625,5.35076574133,0.2965151656063196
,0.535,1.067075194,0.4745414625050033
,0.9075000000000001,1.33517063244,0.9310958790643226
,0.5325,3.04299586881,0.263061281032153
15,9191,0.63,4.40539058564,0.2904956632803853
,0.605,3.57589669217,0.24287909779734254
,0.685,5.89703195987,0.424378551814219
,0.5825,1.04627026876,0.5248156151615448
,0.6825,2.96401925565,0.24632687833566633
,0.5925,3.53387870376,0.4657740410783158
15,9518,0.725,3.71801113151,0.7282116325222753
,0.625,4.02584354989,0.31917425927727466
,0.7000000000000001,5.84187764416,0.512852825993026
,0.75,0.907863612367,0.6862889474666974
,0.8500000000000001,2.58715982185,0.8190537202134984
,0.675,2.54451723674,0.7262038853947641
15,10630,0.7225,3.80520035674,0.7188073434353145
,0.6675,4.27592761328,0.4993996693672256
,0.7275,4.94267539264,0.663161334408611
,0.58,1.04787793888,0.5221979183225183
,0.867499999999999,2.19505229696,0.8609138234559668
,0.7075,1.98590735128,0.7996365446041892
15,10672,0.6425000000000001,4.70865390084,0.34757036625873594
,0.535,1.49828734305,0.06560258450112538
,0.6075,2.3869875079,0.08050909735653823
,-0.25,0.0813257356017,0.01044216384805219
,0.9275,0.975290534078,0.9540970881501954
,0.5,2.42735683016,0.17378739151837233
15,11039,0.8425,0.731819295218,0.9546571054576941
,0.7625000000000001,3.55170577041,0.8710337472689663
,0.735,4.57282017025,0.6988656919523768
,0.715,0.905074327464,0.6547883166764584
,0.8125,3.31966265292,0.7076072723229042
,0.72,1.79799184549,0.823264973130263
15,11140,0.6325000000000001,4.47445204591,0.30159628130142346
,0.5775,2.76460150825,0.15538227729313456
,0.6975,5.87495198377,0.49820484760479955
,0.5275000000000001,1.06844054722,0.4665329464453815
,0.7825000000000001,3.68392357025,0.6019301046253173
,0.55,3.29446490441,0.3186217863960698
15,11230,0.6950000000000001,4.61498218796,0.6022563192929905
,0.6725,4.23447402753,0.5206814375654639
,0.74,4.31064220387,0.7210783016637636
,0.6825,0.942179510716,0.6248091190388323
,0.8975000000000001,1.53657664959,0.9167476270541308
,0.6125,3.4423451638,0.5357490887531597
15,11275,0.8775000000000001,0.45103209381,0.974951749296397
,0.7875000000000001,1.91576410089,0.9400612236725497
,0.8225,1.07614121293,0.9181860885185559
,0.8250000000000001,1.29152435015,0.7659582303659569
,0.8775000000000001,1.96991381946,0.8817366236136834
,0.8200000000000001,0.843274200291,0.9503221429755568
15,12534,0.6525000000000001,4.86755312972,0.39551792075423975
,0.6475000000000001,4.29306394074,0.41330181897609347
,0.665,5.44493865713,0.3100113280890588
,0.6900000000000001,0.932590628196,0.6318393734597907
,0.735,3.69428563188,0.4238360687823971
,0.5625,3.42418766543,0.36066086619432774
15,14112,0.77,2.15065478205,0.8594609211654348
,0.75,3.9452352053,0.8236922692805028
,0.754999999999999,3.49746584985,0.7796496247560852
,0.715,0.905074327464,0.6547883166764584
,0.8174999999999991,3.23637903903,0.723999706730701
,0.705,2.02580919842,0.794622048260618
15,15812,0.5675,2.06684116626,0.0856420661210329
,0.5750000000000001,2.68608897309,0.14856887277965866
,0.62,3.07948839741,0.11461003485577426
,0.5475,1.06362301415,0.48785985346241106
,0.7125,3.45919412383,0.3431007774047228
,0.5,2.42735683016,0.17378739151837233
15,15877,0.43999999999999906,0.048133378825,0.0010698562102607531
,0.47000000000000003,0.354412065316,0.01141249058480098
,0.545,0.355639906113,0.008017361305899322
,0.375,0.984066715365,0.3073997891617106
,0.764999999999999,3.77210333734,0.536547211999809
,0.4325,1.09479991937,0.056618739223754
15,15878,0.7025,4.4300039018,0.6361959498287406
,0.6975,3.8842969157,0.6224676030397259
,0.75,3.76877725103,0.761485279306365
,0.6925,0.929457135776,0.634166924264877
,0.8,3.50152936167,0.6649336111492324
,0.65,2.97659598898,0.6570983740181372
15,16373,0.65,4.83537040425,0.3833881926851233
,0.6925,3.9616028096,0.6028546134074866
,0.6925,5.91273352892,0.46871971306944915
,0.6675,0.961514709963,0.6105311091273189
,0.7000000000000001,3.27390790993,0.3009829887272724
,0.5975,3.5230772513,0.4834198768631843
15,17703,0.76,2.47273656073,0.8363664786993921
,0.635,4.18005229534,0.3602483293194191
,0.605,2.2570234591,0.07470478690732914
,0.0,0.33419393464,0.057231104393189416
,0.595,1.20598585988,0.06537562930272314
,0.42750000000000005,1.01413839965,0.051347902122954606
15,17743,0.6825,4.84027401162,0.543044031592916
,0.6725,4.23447402753,0.5206814375654639
,0.665,5.44493865713,0.3100113280890588
,0.5,1.06888727004,0.4371282486738031
,0.784999999999999,3.66343982392,0.6111147093180085
,0.6625,2.7660501084,0.6930067771130534
15,17938,0.262499999999999,1.77954436352e-06,2.3370361904797795e-08
,0.3125,0.000857215675977,1.6400067142592273e-05
,0.4375,0.00115128817361,1.6125607456211847e-05
,0.5,1.06888727004,0.4371282486738031
,0.7125,3.45919412383,0.3431007774047228
,0.4575,1.54792802282,0.08949167610335379
15,17979,0.6825,4.84027401162,0.543044031592916
,0.6525000000000001,4.31182189435,0.4348204549313853
,0.7325,4.69978939196,0.6872742601302347
,0.7125,0.907252303478,0.6525229473802064
,0.6775,2.86712597808,0.23174774026510728
,0.49,2.21817020806,0.15055672894062827
15,18166,0.6625,4.94366223406,0.44464495728773296
,0.5875,3.07439549219,0.18458498159643907
,0.64,4.24208282445,0.18785804888982424
,0.6125,1.0227416581,0.5558700731368393
,0.8825000000000001,1.85876187735,0.891307747972597
,0.5625,3.42418766543,0.36066086619432774
15,18246,0.78,1.85811412379,0.8794783664841617
,0.784999999999999,2.07810219631,0.9350704959107864
,0.7525000000000001,3.63274265785,0.7707370701397845
,0.774999999999999,0.977590605449,0.7097044467800258
,0.8725,2.08217830087,0.871606754016097
,0.77,1.24565318457,0.8981479978292449
15,18248,0.7725000000000001,2.07457522874,0.8647420636736786
,0.7475,3.96906562541,0.8137959072205204
,0.8625,0.700415029995,0.9524482427291159
,0.9175000000000001,0.946677035623,0.8837025279878408
,0.9075000000000001,1.33517063244,0.9310958790643226
,0.8174999999999991,0.863699660617,0.9481884028903409
15,18270,0.764999999999999,2.30831697756,0.8483164616815628
,0.6775,4.17990207293,0.5417225070701027
,0.7425,4.17655081261,0.7316876139797216
,0.645,0.989007415226,0.5885826902925115
,0.7925000000000001,3.59064972861,0.6383280380518679
,0.6275000000000001,3.29519075141,0.5863573108214148
15,18297,0.7525000000000001,2.73010475496,0.8168630454520688
,0.745,3.97710150327,0.8038601165981267
,0.745,4.04118965177,0.7419599979403412
,0.75,0.907863612367,0.6862889474666974
,0.8525,2.5319812973,0.8254527366697363
,0.7275,1.6952695651,0.8363598543007977
15,18311,0.42000000000000004,0.0203570036649,0.00042038849332646085
,0.382499999999999,0.0194129239657,0.00045475575109082456
,0.58,1.17559087462,0.03267507603982778
,0.75,0.907863612367,0.6862889474666974
,0.8300000000000001,3.00578621222,0.7630441584951937
,0.41750000000000004,0.863908656889,0.04197016759021159
15,18312,0.5275000000000001,0.875891440278,0.028796130841967787
,0.48250000000000004,0.490339726182,0.01665614310314876
,0.6525000000000001,4.90751056151,0.24514146037127227
,1.0,0.393886545842,0.9338902497601596
,0.9025000000000001,1.4343006356,0.9241735755367042
,0.48250000000000004,2.06006623588,0.13451336845155595
15,18319,0.53,0.932145965605,0.031055663895712897
,0.485,0.521817186494,0.017921026417854386
,0.48250000000000004,0.0185253988256,0.0003092248682386866
,0.47750000000000004,1.06392892826,0.4131251249731576
,0.7525000000000001,3.77455719427,0.4893278054059781
,0.615,3.422170451,0.5443301152940627
15,18392,0.595,3.14724237424,0.15711343607414283
,0.5775,2.76460150825,0.15538227729313456
,0.5975,1.88892951912,0.05917885480072081
,0.5775,1.04942989475,0.5195762718959563
,0.725,3.60690399301,0.3873061240762353
,0.52,2.82356614923,0.22636618093902483
15,18476,0.73,3.54028424033,0.7463589628940316
,0.7075,3.76036545672,0.6606403443297513
,0.784999999999999,2.06891630015,0.8619913735836099
,0.75,0.907863612367,0.6862889474666974
,0.8925000000000001,1.64166643865,0.908803117203218
,0.6875,2.32207273506,0.756616067332946
15,18739,0.754999999999999,2.64305408913,0.8235792557354717
,0.6925,3.9616028096,0.6028546134074866
,0.745,4.04118965177,0.7419599979403412
,0.6875,0.935761746021,0.6295039397971165
,0.847499999999999,2.64187040178,0.8125173275132223
,0.5875,3.53635896787,0.44809496221835643
15,18763,0.29250000000000004,1.4994775944e-05,2.11790242999753e-07
,0.29250000000000004,0.000308659006177,5.608356208784174e-06
,0.5825,1.26435483859,0.03572408927344391
,-0.25,0.0813257356017,0.01044216384805219
,0.9575,0.560137540943,0.976743532776599
,0.5,2.42735683016,0.17378739151837233
15,19718,0.77,2.15065478205,0.8594609211654348
,0.6925,3.9616028096,0.6028546134074866
,0.9225000000000001,0.362351585349,0.9844173659497059
,0.875,1.33993670647,0.8343220914584613
,0.905,1.38432321937,0.9276966873411462
,0.635,3.20020575661,0.6107230802116813
15,19745,0.857499999999999,0.59417322236,0.9645620819905882
,0.857499999999999,0.230015874975,0.9930480582205091
,0.8925000000000001,0.534410241492,0.970954627351587
,-0.25,0.0813257356017,0.01044216384805219
,0.857499999999999,2.42050538715,0.8378344959919718
,0.625,3.32388488025,0.578083141269126
15,20639,0.41500000000000004,0.0162291098871,0.00032927781663954255
,0.4425,0.160260083404,0.004624275078089633
,0.5275000000000001,0.172867611742,0.0035532470340926344
,0.5825,1.04627026876,0.5248156151615448
,0.81,3.35915151902,0.6992584460496832
,0.3375,0.169053374243,0.006153946351273395
15,25302,0.5625,1.88650325891,0.07576180063608097
,0.48750000000000004,0.554814162099,0.019266495351533654
,0.5125000000000001,0.0872350166265,0.0016656897242614257
,0.5,1.06888727004,0.4371282486738031
,0.725,3.60690399301,0.3873061240762353
,0.39,0.528811428666,0.02308114637643036
15,27972,0.7775000000000001,1.92825439392,0.874745832439977
,0.7025,3.81474407745,0.6417104578898452
,0.7525000000000001,3.63274265785,0.7707370701397845
,0.6675,0.961514709963,0.6105311091273189
,0.827499999999999,3.05421613047,0.7554689348912728
,0.6675,2.67817575193,0.7066179342318366
15,28024,0.8500000000000001,0.659001039426,0.9598672407715563
,0.899999999999999,0.058561466849,0.9984871226247174
,1.0,0.0558559741212,0.9985323225575623
,0.9175000000000001,0.946677035623,0.8837025279878408
,1.0,0.215389638837,0.9923244851916017
,1.0,0.00796920814401,0.9998353094387159
15,28466,0.68,4.87130808206,0.5309035243832245
,0.68,4.1482614645,0.5521332669138923
,0.665,5.44493865713,0.3100113280890588
,0.61,1.02499363037,0.5533103933020923
,0.9575,0.560137540943,0.976743532776599
,0.5875,3.53635896787,0.44809496221835643
15,28484,0.5675,2.06684116626,0.0856420661210329
,0.625,4.02584354989,0.31917425927727466
,0.6375000000000001,4.09959297317,0.17743051219931844
,0.605,1.02934208505,0.5481744671676118
,0.8600000000000001,2.36434981191,0.8438156107477581
,0.61,3.4606638662,0.5271199362550486
15,28512,0.725,3.71801113151,0.7282116325222753
,0.6775,4.17990207293,0.5417225070701027
,0.764999999999999,2.97258856153,0.8119728812378156
,0.827499999999999,1.30673230254,0.7692062094774844
,0.7525000000000001,3.77455719427,0.4893278054059781
,0.635,3.20020575661,0.6107230802116813
15,28570,0.47500000000000003,0.181845559276,0.004655625510534968
,0.5,0.743723058612,0.027339925741804025
,0.4625,0.00576398751304,8.868857099954893e-05
,0.7225,0.899827488808,0.6615553782778913
,0.6375000000000001,2.03205715081,0.13358121767704698
,0.4325,1.09479991937,0.056618739223754
15,28894,0.67,4.94443193701,0.48175555087249117
,0.62,3.92954019824,0.29928078479468095
,0.6475000000000001,4.65295865705,0.22123260851576568
,0.5,1.06888727004,0.4371282486738031
,0.705,3.35213217102,0.31755025323267067
,0.459999999999999,1.59715343336,0.09342290515401981
15,29183,0.6475000000000001,4.79808363795,0.3713453225805904
,0.635,4.18005229534,0.3602483293194191
,0.6900000000000001,5.91719704686,0.4539302824358451
,0.5825,1.04627026876,0.5248156151615448
,0.8225,3.14773564951,0.7399621280822903
,0.5825,3.53045865995,0.43042442275374243
15,29184,0.5725,2.2540910678,0.0964417426810516
,0.5700000000000001,2.52883027966,0.13553160423631255
,0.62,3.07948839741,0.11461003485577426
,0.5375,1.06650215673,0.4772084464556187
,0.774999999999999,3.73368277356,0.5741030204926566
,0.449999999999999,1.40406103412,0.07842546531790517
15,29229,0.34750000000000003,0.000485750861519,7.954454172837946e-06
,0.34750000000000003,0.00445676951601,9.391275283005045e-05
,0.36750000000000005,5.17506482576e-06,5.779332133371518e-08
,0.4375,1.04353107949,0.37092733682673656
,0.7725000000000001,3.74630703051,0.5647526165918102
,0.3075,0.0781558738824,0.0025938818948514986
15,29338,0.6900000000000001,4.71848875333,0.5789155942506793
,0.6525000000000001,4.31182189435,0.4348204549313853
,0.7000000000000001,5.84187764416,0.512852825993026
,-0.25,0.0813257356017,0.01044216384805219
,0.615,1.57322859694,0.09308893715083476
,0.62,3.37644051571,0.5613295766507673
15,29381,0.67,4.94443193701,0.48175555087249117
,0.595,3.29790140843,0.20848747359190217
,0.625,3.36996571705,0.13073177901800884
,0.5325,1.06758932686,0.4718731195729017
,0.66,2.50913370436,0.1846708217590327
,0.55,3.29446490441,0.3186217863960698
15,29764,0.7225,3.80520035674,0.7188073434353145
,0.68,4.1482614645,0.5521332669138923
,0.7425,4.17655081261,0.7316876139797216
,0.6000000000000001,1.03348053451,0.5430173224756651
,0.774999999999999,3.73368277356,0.5741030204926566
,0.5875,3.53635896787,0.44809496221835643
15,30094,0.5625,1.88650325891,0.07576180063608097
,0.62,3.92954019824,0.29928078479468095
,0.675,5.74214152386,0.3660576793071491
,0.625,1.01072268336,0.5685805280538442
,0.63,1.87532359665,0.11893027777205557
,0.5825,3.53045865995,0.43042442275374243
15,31557,0.7925000000000001,1.53871362772,0.9006537915608125
,0.5575,2.1406983227,0.1063595771349878
,0.725,5.05747559658,0.6506601272507264
,1.0,0.393886545842,0.9338902497601596
,0.9275,0.975290534078,0.9540970881501954
,0.5825,3.53045865995,0.43042442275374243
15,32060,0.55,1.47177650853,0.05482989956716465
,0.65,4.30436943305,0.4240494111597861
,0.65,4.78253832984,0.23302788278315964
,0.75,0.907863612367,0.6862889474666974
,1.0,0.215389638837,0.9923244851916017
,0.5625,3.42418766543,0.36066086619432774
15,38608,0.67,4.94443193701,0.48175555087249117
,0.74,3.95477638504,0.7840118871589976
,0.7275,4.94267539264,0.663161334408611
,0.75,0.907863612367,0.6862889474666974
,0.7875000000000001,3.6410470654,0.6202457128220461
,0.764999999999999,1.28928743559,0.8918113361468847
15,38649,0.78,1.85811412379,0.8794783664841617
,0.7525000000000001,3.90392885438,0.8335075038369045
,0.7925000000000001,1.79673177214,0.8764631700324356
,0.8225,1.27561536221,0.7627491719457326
,0.7575000000000001,3.77965442637,0.508216699369214
,0.867499999999999,0.452690987455,0.9810188748467051
15,39144,0.63,4.40539058564,0.2904956632803853
,0.5575,2.1406983227,0.1063595771349878
,0.6425000000000001,4.38217624723,0.19863892946001324
,0.6675,0.961514709963,0.6105311091273189
,0.655,2.40350217375,0.17238888298456473
,0.5,2.42735683016,0.17378739151837233
15,39247,0.5525,1.55023952567,0.05860693083071473
,0.65,4.30436943305,0.4240494111597861
,0.5750000000000001,1.0112078145,0.027215334545956444
,0.5175000000000001,1.06943303117,0.45584278881243845
,0.847499999999999,2.64187040178,0.8125173275132223
,0.595,3.52951178172,0.4746037115292225
15,39495,0.6900000000000001,4.71848875333,0.5789155942506793
,0.7225,3.74904047119,0.7166407363061426
,0.764999999999999,2.97258856153,0.8119728812378156
,0.66,0.970968222715,0.6032841532325475
,0.75,3.76898982134,0.4798979542410412
,0.5525,3.32401287905,0.32689524434520706
15,39581,0.6675,4.94954870123,0.46938696005379227
,0.6175,3.87700135821,0.2895220209149042
,0.735,4.57282017025,0.6988656919523768
,-0.25,0.0813257356017,0.01044216384805219
,0.9575,0.560137540943,0.976743532776599
,0.47000000000000003,1.79929178966,0.11039875364952301
15,40799,0.6225,4.17626454425,0.2582949298852089
,0.68,4.1482614645,0.5521332669138923
,0.735,4.57282017025,0.6988656919523768
,0.75,0.907863612367,0.6862889474666974
,0.9550000000000001,0.588880058127,0.9753074773506146
,0.5725,3.49361342624,0.3952764027423803
15,40956,0.72,3.89094778439,0.7091868321688055
,0.625,4.02584354989,0.31917425927727466
,0.7825000000000001,2.16824992575,0.8566957990075229
,-0.25,0.0813257356017,0.01044216384805219
,0.595,1.20598585988,0.06537562930272314
,0.6575000000000001,2.85216959178,0.6789603575506654
15,41042,0.444999999999999,0.0590056633022,0.0013368839533610985
,0.34750000000000003,0.00445676951601,9.391275283005045e-05
,0.5425,0.322436876428,0.00717032452350709
,-0.25,0.0813257356017,0.01044216384805219
,0.8325,2.95633022164,0.7704970108581356
,0.515,2.72871543323,0.21248402880083903
15,41069,0.845,0.706570072982,0.9564548789941004
,0.8525,0.26573021496,0.9918105119228638
,0.827499999999999,1.00376448094,0.9233813721020516
,0.7725000000000001,0.967234429673,0.7072735773838383
,0.81,3.35915151902,0.6992584460496832
,0.8025,0.984042170086,0.9343259013315315
15,41615,0.847499999999999,0.6823157728,0.9581907848699946
,0.7425,3.97150116343,0.7939217730836963
,0.919999999999999,0.37667386257,0.9834936033027912
,0.9675,0.522144134089,0.9192473925451081
,0.8775000000000001,1.96991381946,0.8817366236136834
,0.81,0.924316867128,0.9414827284562328
15,41703,0.7875000000000001,1.66016153238,0.8926601143064754
,0.735,3.89893902526,0.764368272810589
,0.6925,5.91273352892,0.46871971306944915
,0.6975,0.923346361774,0.6387988332663803
,0.77,3.75692513918,0.5553731572122029
,0.685,2.36618216449,0.7507558101125473
15,41708,0.735,3.35967943106,0.7636096833505837
,0.645,4.27793147066,0.4025872809315384
,0.6725,5.68049545358,0.3517775470519879
,0.6775,0.948644600751,0.6200820665172169
,0.665,2.61368629659,0.19747842238947072
,0.51,2.6306781136,0.19908433778216994
15,41851,0.635,4.53950037011,0.3128645789173114
,0.6000000000000001,3.44029428735,0.22533552510189794
,0.6425000000000001,4.38217624723,0.19863892946001324
,-0.25,0.0813257356017,0.01044216384805219
,0.65,2.2972694586,0.16063680121287754
,0.3275,0.131990367709,0.004655155719555503
15,43759,0.75,2.8182229442,0.809927842044738
,0.8174999999999991,0.706587594413,0.9760853130641871
,0.8625,0.700415029995,0.9524482427291159
,0.75,0.907863612367,0.6862889474666974
,0.6975,3.23290340286,0.2928492214784021
,0.7675000000000001,1.26726334854,0.8950069339208003
15,44059,0.605,3.54404915207,0.19058130314363747
,0.5125000000000001,0.974701139985,0.03803516177083453
,0.6575000000000001,5.14148952573,0.2702734140793895
,-0.25,0.0813257356017,0.01044216384805219
,0.8225,3.14773564951,0.7399621280822903
,0.5325,3.04299586881,0.263061281032153
15,44938,0.6425000000000001,4.70865390084,0.34757036625873594
,0.6075,3.64075487198,0.25190034814770745
,0.75,3.76877725103,0.761485279306365
,0.8125,1.20731604106,0.7503298474077572
,0.9275,0.975290534078,0.9540970881501954
,0.464999999999999,1.69726566652,0.10165807826605289
15,50703,0.7000000000000001,4.49534900824,0.6250385287659727
,0.7125,3.72833147713,0.6793514515702895
,0.7325,4.69978939196,0.6872742601302347
,0.675,0.951877842159,0.617706412517111
,0.74,3.7269200711,0.4423922383783444
,0.645,3.0554093147,0.6420167991912701
15,50830,0.66,4.93264109486,0.43229845751613455
,0.5650000000000001,2.37219515766,0.12327952654069022
,0.655,5.02733623431,0.2575611464223048
,0.6375000000000001,0.997490366874,0.5811330804941441
,0.81,3.35915151902,0.6992584460496832
,0.5725,3.49361342624,0.3952764027423803
15,50921,0.68,4.87130808206,0.5309035243832245
,0.5925,3.22456025166,0.20033412667300682
,0.64,4.24208282445,0.18785804888982424
,0.8325,1.33457881728,0.7758110425227513
,0.7025,3.31366934235,0.3092177250989951
,0.5975,3.5230772513,0.4834198768631843
15,51734,0.7225,3.80520035674,0.7188073434353145
,0.6000000000000001,3.44029428735,0.22533552510189794
,0.6825,5.87245841815,0.4096646886081927
,0.56,1.05871304117,0.5011259628831772
,0.7275,3.63143171073,0.39635440751217943
,0.56,3.40193484143,0.352127815578988
15,52992,0.705,4.36126841917,0.6471857227576027
,0.75,3.9452352053,0.8236922692805028
,0.71,5.62007489798,0.5702782492796411
,0.6725,0.95510385332,0.6153226833483073
,0.8225,3.14773564951,0.7399621280822903
,0.6725,2.58920823867,0.7197867135868006
15,54491,0.7975000000000001,1.42564215359,0.9080612179427204
,0.77,3.11495304597,0.8961073236794233
,0.7775000000000001,2.37938857849,0.8453335077013112
,0.705,0.914762664788,0.6456912122110553
,0.9025000000000001,1.4343006356,0.9241735755367042
,0.9450000000000001,0.066727713978,0.9982358687345851
15,54885,0.55,1.47177650853,0.05482989956716465
,0.585,2.99789311708,0.17699445132248895
,0.68,5.83834381087,0.39502421196339027
,0.625,1.01072268336,0.5685805280538442
,0.8500000000000001,2.58715982185,0.8190537202134984
,0.5625,3.42418766543,0.36066086619432774
15,56634,0.845,0.706570072982,0.9564548789941004
,0.8525,0.26573021496,0.9918105119228638
,0.8300000000000001,0.971424109916,0.9258498554563619
,0.764999999999999,0.940821835953,0.7001227130374142
,0.9400000000000001,0.783569438046,0.9650621764209197
,0.7575000000000001,1.35826874053,0.8818859245955855
15,56758,0.8225,0.976813555187,0.9377091940477662
,0.7725000000000001,2.94766138619,0.9036871672238049
,0.77,2.72514096042,0.8262121272312569
,0.8125,1.20731604106,0.7503298474077572
,0.68,2.915955115,0.238976744531056
,0.745,1.48533509864,0.8641309389705645
15,56917,0.77,2.15065478205,0.8594609211654348
,0.72,3.73294417644,0.7072896925585002
,0.73,4.82326157073,0.675369659251778
,0.7325,0.896806844078,0.6705341408167902
,0.8300000000000001,3.00578621222,0.7630441584951937
,0.6575000000000001,2.85216959178,0.6789603575506654
15,56975,0.7325,3.45022516484,0.7550972249133979
,0.68,4.1482614645,0.5521332669138923
,0.6975,5.87495198377,0.49820484760479955
,0.6000000000000001,1.03348053451,0.5430173224756651
,0.8,3.50152936167,0.6649336111492324
,0.7175,1.83394421019,0.8187252289186092
15,67160,0.8500000000000001,0.659001039426,0.9598672407715563
,0.8150000000000001,0.761998902625,0.9742507352548578
,0.774999999999999,2.4909411543,0.8392463997717323
,0.68,0.945409734654,0.6224496341485997
,0.8625,2.30800958479,0.8496560911942618
,0.76,1.33474819223,0.8852520788750885
15,67299,0.6825,4.84027401162,0.543044031592916
,0.6775,4.17990207293,0.5417225070701027
,0.6775,5.79483884351,0.3804807961691544
,0.5,1.06888727004,0.4371282486738031
,0.545,0.528555970636,0.023526236107804938
,0.6625,2.7660501084,0.6930067771130534
15,67423,0.6875,4.76371635874,0.5670619006797815
,0.6375000000000001,4.21000576152,0.3707366463167893
,0.705,5.74833094689,0.5418433002955091
,0.59,1.04111571746,0.5326436220982966
,0.6825,2.96401925565,0.24632687833566633
,0.6775,2.49979340742,0.7325092724649831
15,67905,0.8,1.372198435,0.9115580939856067
,0.764999999999999,3.4196301411,0.8797511391833911
,0.7975000000000001,1.63695070561,0.8850401888507833
,0.6675,0.961514709963,0.6105311091273189
,0.845,2.69604170299,0.8058448176070072
,0.75,1.43247012616,0.8714242447971673
15,68565,0.7575000000000001,2.55721912951,0.8300793293058828
,0.6950000000000001,3.92242255746,0.6127095116678948
,0.7175,5.36881765251,0.6115280820134645
,0.5775,1.04942989475,0.5195762718959563
,0.857499999999999,2.42050538715,0.8378344959919718
,0.665,2.72229066461,0.6998672857739515
15,68688,0.8025,1.32077651832,0.9149238951118959
,0.685,4.07788904369,0.5727021482038924
,0.78,2.2717775027,0.8511466281448148
,0.79,1.05539579068,0.7249195280478249
,0.8075000000000001,3.39713288671,0.6908127710377405
,0.62,3.37644051571,0.5613295766507673
15,69217,0.74,3.17802030794,0.7799540065622
,0.7000000000000001,3.84809642621,0.6321325990541208
,0.7675000000000001,2.84734114556,0.8192471891249943
,0.7675000000000001,0.948854367567,0.7024846490508648
,0.72,3.55270790366,0.3694042830053773
,0.6425000000000001,3.09333006483,0.6343306547083214
15,69292,0.8150000000000001,1.09253203079,0.9299583977004914
,0.74,3.95477638504,0.7840118871589976
,0.76,3.2309708994,0.7964679886441518
,0.75,0.907863612367,0.6862889474666974
,0.74,3.7269200711,0.4423922383783444
,0.7875000000000001,1.10242924821,0.9186775830131152
15,70225,0.64,4.65677983492,0.33586260549948865
,0.58,2.84284085405,0.16239165276016085
,0.5925,1.66348883386,0.05030477529757846
,-0.25,0.0813257356017,0.01044216384805219
,0.804999999999999,3.43355533334,0.6822740807809271
,0.5375,3.1222319385,0.2784766063790345
15,70358,0.48,0.215870148555,0.005647863668357654
,0.47500000000000003,0.404650749143,0.01330794375192567
,0.5425,0.322436876428,0.00717032452350709
,0.5325,1.06758932686,0.4718731195729017
,0.75,3.76898982134,0.4798979542410412
,0.545,3.23030421285,0.30230710867436156
15,70659,0.685,4.80436325772,0.5551008301013843
,0.6025,3.50902408016,0.2340225434519868
,0.6950000000000001,5.89861939107,0.4834859065136094
,0.5275000000000001,1.06844054722,0.4665329464453815
,0.5650000000000001,0.755794142838,0.03627378128127235
,0.55,3.29446490441,0.3186217863960698
15,70707,0.7525000000000001,2.73010475496,0.8168630454520688
,0.6675,4.27592761328,0.4993996693672256
,0.67,5.61018775085,0.33766242120885576
,0.7225,0.899827488808,0.6615553782778913
,0.8825000000000001,1.85876187735,0.891307747972597
,0.6425000000000001,3.09333006483,0.6343306547083214
15,70749,0.39,0.00487843830888,9.097644223488724e-05
,0.36,0.00769277219118,0.00016815533336523908
,0.39,3.39501715516e-05,4.05704770631583e-07
,0.65,0.983143160562,0.5935131334544211
,0.6575000000000001,2.45642265635,0.1784638264395641
,0.365,0.317623107743,0.012671861628265252
15,70793,0.59,2.94565583876,0.14188097162755045
,0.545,1.77169016141,0.0819339449235773
,0.66,5.2494618491,0.28326344265716785
,0.392499999999999,1.00386810445,0.32479758325081387
,0.6125,1.52483247511,0.08921649358705457
,0.5275000000000001,2.95860990004,0.24805523218773626
15,70852,0.705,4.36126841917,0.6471857227576027
,0.6900000000000001,4.00103810386,0.5929012873785257
,0.6975,5.87495198377,0.49820484760479955
,0.5925,1.03928798738,0.5352441380668964
,0.6975,3.23290340286,0.2928492214784021
,0.595,3.52951178172,0.4746037115292225
15,72086,0.545,1.32201567333,0.04784945131084966
,0.5650000000000001,2.37219515766,0.12327952654069022
,0.585,1.35753706425,0.0390005327113661
,0.40750000000000003,1.01895114715,0.3399709709398016
,0.847499999999999,2.64187040178,0.8125173275132223
,0.41750000000000004,0.863908656889,0.04197016759021159
15,74604,0.827499999999999,0.907526893897,0.942417565296218
,0.8300000000000001,0.495112863722,0.9834996163554139
,0.9125000000000001,0.420013338962,0.9805062568419918
,0.794999999999999,1.08660087433,0.7302735922605341
,0.804999999999999,3.43355533334,0.6822740807809271
,0.9075000000000001,0.196459312244,0.9936199480910949
15,74635,0.675,4.91826337567,0.506421079795797
,0.5575,2.1406983227,0.1063595771349878
,0.5375,0.263707361952,0.005709062519944541
,0.382499999999999,0.992835077576,0.3148134306480222
,0.605,1.38369019781,0.0783134704000047
,0.655,2.89436232567,0.6717770577021105
15,74688,0.75,2.8182229442,0.809927842044738
,0.7000000000000001,3.84809642621,0.6321325990541208
,0.774999999999999,2.4909411543,0.8392463997717323
,0.75,0.907863612367,0.6862889474666974
,0.5,0.206366229692,0.007869468603501255
,0.625,3.32388488025,0.578083141269126
15,74696,0.7175,3.97500585938,0.6993540122713354
,0.7125,3.72833147713,0.6793514515702895
,0.6975,5.87495198377,0.49820484760479955
,0.6675,0.961514709963,0.6105311091273189
,0.7825000000000001,3.68392357025,0.6019301046253173
,0.6950000000000001,2.19196209794,0.7735413264333567
15,76409,0.5325,0.990877306437,0.03345892488241287
,0.51,0.925046804034,0.03566083906135912
,0.5775,1.09122262549,0.029842471256464033
,0.25,0.788678251727,0.19577049933136934
,0.7175,3.52312177743,0.3605591577916104
,0.52,2.82356614923,0.22636618093902483
15,76496,0.8975000000000001,0.33818176303,0.9828032706501245
,0.9175000000000001,0.0309111585982,0.9992471961359579
,0.835,0.913519092975,0.930558652056829
,0.889999999999999,1.22976288625,0.8536563364793092
,0.9325000000000001,0.895403723253,0.9587720640342131
,0.804999999999999,0.964217148063,0.9367612404523497
15,78211,0.8600000000000001,0.574107408925,0.9660222831481171
,0.81,0.891382769498,0.9701284684894382
,0.8300000000000001,0.971424109916,0.9258498554563619
,0.8025,1.13693652963,0.7386096680757175
,0.794999999999999,3.56270976942,0.6472701121275701
,0.827499999999999,0.781382720182,0.956415148669166
15,79262,0.8150000000000001,1.09253203079,0.9299583977004914
,0.7275,3.79961826024,0.7355033865532665
,0.7575000000000001,3.36339974361,0.7882254090402678
,0.66,0.970968222715,0.6032841532325475
,0.8400000000000001,2.80248192213,0.7920973728770383
,0.827499999999999,0.781382720182,0.956415148669166
15,79313,0.56,1.79923548504,0.07115504931371897
,0.515,1.02609389041,0.0405357935724338
,0.6175,2.93637499735,0.10709057242186773
,0.7000000000000001,0.92039348446,0.6411034915416886
,0.764999999999999,3.77210333734,0.536547211999809
,0.41250000000000003,0.794467164442,0.03782581630995181
15,79388,0.75,2.8182229442,0.809927842044738
,0.7325,3.86536956833,0.7546625681262529
,0.77,2.72514096042,0.8262121272312569
,0.7925000000000001,1.07072003367,0.7275770510330978
,0.725,3.60690399301,0.3873061240762353
,0.715,1.87073284723,0.8140945550577592
15,80513,0.76,2.47273656073,0.8363664786993921
,0.7075,3.76036545672,0.6606403443297513
,0.7825000000000001,2.16824992575,0.8566957990075229
,0.76,0.927014050983,0.6954543596328208
,0.8250000000000001,3.10155411022,0.7477739878294996
,0.5975,3.5230772513,0.4834198768631843
15,80619,0.8250000000000001,0.941426258527,0.94010667720071
,0.7775000000000001,2.59790759038,0.9175561860178921
,0.77,2.72514096042,0.8262121272312569
,0.7625000000000001,0.933547018653,0.6977799083253764
,0.8150000000000001,3.27871991598,0.7158555476968169
,0.6975,2.14953246965,0.778968082943873
15,80759,0.7825000000000001,1.79003702361,0.8840381226453876
,0.6675,4.27592761328,0.4993996693672256
,0.6675,5.53154662865,0.3237335538803899
,0.5575,1.05981076819,0.49847779611957294
,0.605,1.38369019781,0.0783134704000047
,0.845,0.635001901587,0.9688098621761387
15,80766,0.7225,3.80520035674,0.7188073434353145
,0.645,4.27793147066,0.4025872809315384
,0.6975,5.87495198377,0.49820484760479955
,0.6000000000000001,1.03348053451,0.5430173224756651
,0.6375000000000001,2.03205715081,0.13358121767704698
,0.645,3.0554093147,0.6420167991912701
15,80873,0.7075,4.28937351193,0.6579996589012831
,0.735,3.89893902526,0.764368272810589
,0.7775000000000001,2.37938857849,0.8453335077013112
,0.5,1.06888727004,0.4371282486738031
,0.6325000000000001,1.9272511159,0.12368342188314053
,0.705,2.02580919842,0.794622048260618
15,84558,0.837499999999999,0.785533493324,0.9508655756873274
,0.7925000000000001,1.61742910683,0.9488783316493277
,0.7775000000000001,2.37938857849,0.8453335077013112
,0.6275000000000001,1.00817073366,0.5711041548909521
,0.7775000000000001,3.71906594522,0.583419369901771
,0.75,1.43247012616,0.8714242447971673
15,104560,0.48,0.215870148555,0.005647863668357654
,0.4,0.0379143930862,0.0009402162417442479
,0.485,0.0212746039472,0.00035890260405725227
,0.515,1.06953298935,0.453169068931221
,0.8500000000000001,2.58715982185,0.8190537202134984
,0.40750000000000003,0.728840721884,0.03401913597751034
15,104598,0.645,4.75580264489,0.3594019368141198
,0.5825,2.92065605459,0.16959612819344605
,0.685,5.89703195987,0.424378551814219
,0.5,1.06888727004,0.4371282486738031
,0.67,2.71667156215,0.21080507290542147
,0.515,2.72871543323,0.21248402880083903
15,104599,0.595,3.14724237424,0.15711343607414283
,0.5725,2.60745071385,0.1419519370888763
,0.61,2.52019790884,0.08664243059427196
,-0.25,0.0813257356017,0.01044216384805219
,0.6875,3.05760509049,0.2613824200688672
,0.47000000000000003,1.79929178966,0.11039875364952301
15,104688,0.73,3.54028424033,0.7463589628940316
,0.7275,3.79961826024,0.7355033865532665
,0.6625,5.35076574133,0.2965151656063196
,0.75,0.907863612367,0.6862889474666974
,0.8125,3.31966265292,0.7076072723229042
,0.7225,1.76288975846,0.827715896838197
15,104824,0.6000000000000001,3.34735663224,0.17335094695028266
,0.6325000000000001,4.14656684845,0.3498393284102941
,0.6175,2.93637499735,0.10709057242186773
,0.5,1.06888727004,0.4371282486738031
,0.875,2.02593783594,0.8767418606716277
,0.5675,3.46288070092,0.3778818042654992
15,107778,0.7175,3.97500585938,0.6993540122713354
,0.68,4.1482614645,0.5521332669138923
,0.7375,4.4429172726,0.7101359163036572
,0.78,1.00061505594,0.714648687792013
,0.685,3.01125643769,0.2537961516662544
,0.6000000000000001,3.5145930567,0.49221738961616046
15,107870,0.8225,0.976813555187,0.9377091940477662
,0.8125,0.823334849034,0.9722703828059356
,0.8150000000000001,1.20668851626,0.909643143111944
,0.72,0.901337579444,0.6593039761450131
,0.909999999999999,1.28687792658,0.9343732571446389
,0.735,1.60030607339,0.8487134430309482
15,107898,0.794999999999999,1.48113891173,0.9044281721758208
,0.7025,3.81474407745,0.6417104578898452
,0.6975,5.87495198377,0.49820484760479955
,0.605,1.02934208505,0.5481744671676118
,0.6175,1.62224495353,0.0970831534885222
,0.6075,3.47708435728,0.5184473513723685
15,108143,0.6950000000000001,4.61498218796,0.6022563192929905
,0.485,0.521817186494,0.017921026417854386
,0.625,3.36996571705,0.13073177901800884
,0.5625,1.05755779777,0.5037713133948278
,0.7225,3.5806493645,0.378321326699753
,0.73,1.66275675771,0.8405572072434858
15,108336,0.56,1.79923548504,0.07115504931371897
,0.535,1.49828734305,0.06560258450112538
,0.595,1.77411902766,0.054600902847803424
,0.41750000000000004,1.02799127493,0.3502063733888798
,0.5575,0.66381223973,0.03095541274919291
,0.387499999999999,0.50390055884,0.02179044170629048
15,108341,0.52,0.721709976972,0.022818637774441177
,0.5825,2.92065605459,0.16959612819344605
,0.595,1.77411902766,0.054600902847803424
,0.595,1.03740599529,0.5378400168165096
,0.8075000000000001,3.39713288671,0.6908127710377405
,0.52,2.82356614923,0.22636618093902483
15,108351,0.685,4.80436325772,0.5551008301013843
,0.65,4.30436943305,0.4240494111597861
,0.615,2.79521516878,0.09992653111026908
,0.665,0.964691123768,0.6081233471459414
,0.6825,2.96401925565,0.24632687833566633
,0.64,3.13015433167,0.6265510626494014
15,108388,0.64,4.65677983492,0.33586260549948865
,0.5475,1.84334061007,0.0864524815840711
,0.5875,1.45513872718,0.04251545809682109
,0.58,1.04787793888,0.5221979183225183
,0.6900000000000001,3.10300415512,0.269083385777688
,0.6000000000000001,3.5145930567,0.49221738961616046
15,108411,0.6575000000000001,4.91625410871,0.4199862238731573
,0.6175,3.87700135821,0.2895220209149042
,0.67,5.61018775085,0.33766242120885576
,0.515,1.06953298935,0.453169068931221
,0.875,2.02593783594,0.8767418606716277
,0.7075,1.98590735128,0.7996365446041892
15,108416,0.8174999999999991,1.05230461351,0.9326390882937927
,0.71,3.74115652831,0.6700159917576114
,0.804999999999999,1.42899360666,0.8965141982201491
,0.7125,0.907252303478,0.6525229473802064
,0.804999999999999,3.43355533334,0.6822740807809271
,0.74,1.54121362971,0.85656586853509
15,108417,0.6325000000000001,4.47445204591,0.30159628130142346
,0.5825,2.92065605459,0.16959612819344605
,0.5325,0.214229156337,0.004517834907929605
,0.52,1.06927377644,0.4585161846730232
,0.8,3.50152936167,0.6649336111492324
,0.605,3.4915683022,0.5097361283669863
15,108652,0.6425000000000001,4.70865390084,0.34757036625873594
,0.5075000000000001,0.877129667991,0.03340847995852371
,0.5650000000000001,0.733241767628,0.01854803452462405
,0.5625,1.05755779777,0.5037713133948278
,0.525,0.356175600187,0.014764992993146972
,0.43999999999999906,1.22241758968,0.06530345316838927
15,109008,0.5325,0.990877306437,0.03345892488241287
,0.5275000000000001,1.30882973092,0.055084779932717265
,0.63,3.66316943516,0.1483142565753529
,0.595,1.03740599529,0.5378400168165096
,0.6950000000000001,3.19071255705,0.2848194603590043
,0.5,2.42735683016,0.17378739151837233
15,109067,0.794999999999999,1.48113891173,0.9044281721758208
,0.7625000000000001,3.55170577041,0.8710337472689663
,0.7525000000000001,3.63274265785,0.7707370701397845
,0.75,0.907863612367,0.6862889474666974
,0.8,3.50152936167,0.6649336111492324
,0.71,1.94673990677,0.8045521971423943
15,129429,0.5875,2.84489411512,0.13464282772178138
,0.5775,2.76460150825,0.15538227729313456
,0.68,5.83834381087,0.39502421196339027
,0.76,0.927014050983,0.6954543596328208
,0.7925000000000001,3.59064972861,0.6383280380518679
,0.54,3.15975569395,0.28632939278159497
15,129459,0.6925,4.66884987727,0.5906506680256397
,0.6725,4.23447402753,0.5206814375654639
,0.6875,5.91196235217,0.4391418110723085
,0.605,1.02934208505,0.5481744671676118
,0.705,3.35213217102,0.31755025323267067
,0.6375000000000001,3.1658047269,0.618680861328956
15,129490,0.754999999999999,2.64305408913,0.8235792557354717
,0.6575000000000001,4.31512788588,0.45639427242153313
,0.6975,5.87495198377,0.49820484760479955
,0.7000000000000001,0.92039348446,0.6411034915416886
,0.889999999999999,1.69515174869,0.9046322166397072
,0.625,3.32388488025,0.578083141269126
15,129672,0.38,0.00292087483195,5.275476824895751e-05
,0.485,0.521817186494,0.017921026417854386
,0.405,0.000110304318773,1.3824764670126491e-06
,-0.25,0.0813257356017,0.01044216384805219
,0.725,3.60690399301,0.3873061240762353
,0.43500000000000005,1.13647327958,0.05940764704962529
15,129907,0.63,4.40539058564,0.2904956632803853
,0.65,4.30436943305,0.4240494111597861
,0.65,4.78253832984,0.23302788278315964
,0.6075,1.02719391165,0.5507451480614217
,0.65,2.2972694586,0.16063680121287754
,0.54,3.15975569395,0.28632939278159497
15,129987,0.6875,4.76371635874,0.5670619006797815
,0.6575000000000001,4.31512788588,0.45639427242153313
,0.6575000000000001,5.14148952573,0.2702734140793895
,0.5,1.06888727004,0.4371282486738031
,0.5625,0.724216217241,0.03442396012818112
,0.6575000000000001,2.85216959178,0.6789603575506654
15,130043,0.899999999999999,0.325675711765,0.9836330260732429
,0.8300000000000001,0.495112863722,0.9834996163554139
,0.764999999999999,2.97258856153,0.8119728812378156
,0.804999999999999,1.15436032159,0.7414737422863698
,0.865,2.25155419966,0.8553555627304306
,0.6950000000000001,2.19196209794,0.7735413264333567
15,130166,0.9325000000000001,0.189480704642,0.9918771069424864
,0.7875000000000001,1.91576410089,0.9400612236725497
,0.9325000000000001,0.306367520406,0.9877588822179411
,0.875,1.33993670647,0.8343220914584613
,0.8600000000000001,2.36434981191,0.8438156107477581
,0.875,0.39637949849,0.9842009914850324
15,130586,0.28500000000000003,8.938503378e-06,1.2391464124851643e-07
,0.20750000000000002,2.10932811698e-06,3.153210234321247e-08
,0.35750000000000004,2.14707747815e-06,2.329806820414381e-08
,-0.25,0.0813257356017,0.01044216384805219
,0.42750000000000005,0.0304728325394,0.0009387953180976685
,0.25,0.0139622956589,0.00039539145469385156
15,134922,0.725,3.71801113151,0.7282116325222753
,0.6925,3.9616028096,0.6028546134074866
,0.6775,5.79483884351,0.3804807961691544
,0.4375,1.04353107949,0.37092733682673656
,0.79,3.61677339361,0.6293183771388938
,0.635,3.20020575661,0.6107230802116813
15,134923,0.725,3.71801113151,0.7282116325222753
,0.6825,4.11412738656,0.5624617346321268
,0.7025,5.79959051212,0.5274065572134331
,0.6725,0.95510385332,0.6153226833483073
,0.735,3.69428563188,0.4238360687823971
,0.68,2.45511354351,0.7387028891278131
15,135551,0.8250000000000001,0.941426258527,0.94010667720071
,0.7575000000000001,3.76511731328,0.852711830919429
,0.7725000000000001,2.60626095832,0.8328756616621547
,0.7825000000000001,1.01325670247,0.7171658739491781
,0.774999999999999,3.73368277356,0.5741030204926566
,0.6425000000000001,3.09333006483,0.6343306547083214
15,135973,0.7925000000000001,1.53871362772,0.9006537915608125
,0.8,1.24664315874,0.9595592185657998
,0.7825000000000001,2.16824992575,0.8566957990075229
,0.6675,0.961514709963,0.6105311091273189
,0.8975000000000001,1.53657664959,0.9167476270541308
,0.745,1.48533509864,0.8641309389705645
15,136122,0.745,2.99701316684,0.7953909809527463
,0.78,2.42134149699,0.9238299920914032
,0.745,4.04118965177,0.7419599979403412
,0.5225000000000001,1.06905525166,0.4611891083026626
,0.8325,2.95633022164,0.7704970108581356
,0.61,3.4606638662,0.5271199362550486
15,136139,0.837499999999999,0.785533493324,0.9508655756873274
,0.8025,1.14387548195,0.9625452735961219
,0.784999999999999,2.06891630015,0.8619913735836099
,0.8225,1.27561536221,0.7627491719457326
,0.845,2.69604170299,0.8058448176070072
,0.76,1.33474819223,0.8852520788750885
15,136288,0.8125,1.13449374246,0.9271749828294312
,0.7375,3.92965492628,0.7741548904416976
,0.7925000000000001,1.79673177214,0.8764631700324356
,0.7425,0.90006449245,0.6795124210655701
,0.827499999999999,3.05421613047,0.7554689348912728
,0.6225,3.35098806356,0.5697392122937899
15,136820,0.655,4.89453927795,0.40772162735801487
,0.6275000000000001,4.06936152124,0.32929392954358
,0.6175,2.93637499735,0.10709057242186773
,0.6025,1.03143775282,0.5455984813913343
,0.655,2.40350217375,0.17238888298456473
,0.5650000000000001,3.44451435957,0.36924714870189645
15,136846,0.7925000000000001,1.53871362772,0.9006537915608125
,0.8075000000000001,0.966957398675,0.9678071965760873
,0.804999999999999,1.42899360666,0.8965141982201491
,0.7625000000000001,0.933547018653,0.6977799083253764
,0.6525000000000001,2.35043161522,0.16644644060960231
,0.875,0.39637949849,0.9842009914850324
15,137085,0.875,0.466995361743,0.973804313777718
,0.8400000000000001,0.376644736622,0.9878310978817505
,0.8775000000000001,0.616696872304,0.9623183219128332
,0.847499999999999,1.38980939222,0.7963044824304718
,0.9400000000000001,0.783569438046,0.9650621764209197
,0.8500000000000001,0.593378222424,0.9718806684901571
15,137869,0.905,0.301597560252,0.9852006998502983
,0.875,0.135118326311,0.9961808587969856
,0.8700000000000001,0.657735869785,0.9575396968994692
,0.8150000000000001,1.22485849464,0.7533701029634899
,0.972499999999999,0.408875438274,0.9839666379449138
,0.8625,0.491776883855,0.9786581645476167
15,138039,0.63,4.40539058564,0.2904956632803853
,0.6975,3.8842969157,0.6224676030397259
,0.6375000000000001,4.09959297317,0.17743051219931844
,0.655,0.977125153419,0.5984138654764873
,0.7325,3.6751570289,0.4146238800952417
,0.6075,3.47708435728,0.5184473513723685
15,140859,0.65,4.83537040425,0.3833881926851233
,0.5975,3.36986653538,0.21682248701900783
,0.6000000000000001,2.00779300754,0.06404892875025554
,0.4375,1.04353107949,0.37092733682673656
,0.59,1.12204095203,0.059556978111031375
,0.59,3.53616427521,0.4569360525863334
15,140984,0.7625000000000001,2.38973141216,0.8424442436192677
,0.754999999999999,3.84404227711,0.8431964119597499
,0.7425,4.17655081261,0.7316876139797216
,0.645,0.989007415226,0.5885826902925115
,0.8925000000000001,1.64166643865,0.908803117203218
,0.6925,2.2349005702,0.7680078483140413
15,141053,0.645,4.75580264489,0.3594019368141198
,0.65,4.30436943305,0.4240494111597861
,0.7025,5.79959051212,0.5274065572134331
,0.625,1.01072268336,0.5685805280538442
,0.7025,3.31366934235,0.3092177250989951
,0.5,2.42735683016,0.17378739151837233
15,141356,0.8250000000000001,0.941426258527,0.94010667720071
,0.794999999999999,1.4832696763,0.9527520235820196
,0.8400000000000001,0.863446243294,0.9349980964082962
,0.7025,0.917527174483,0.6434008727930524
,0.9475,0.681416415291,0.9705498235838972
,0.8425,0.655917397911,0.9671962230088447
15,142811,0.595,3.14724237424,0.15711343607414283
,0.58,2.84284085405,0.16239165276016085
,0.675,5.74214152386,0.3660576793071491
,0.635,1.00022982097,0.5786359208301253
,0.7825000000000001,3.68392357025,0.6019301046253173
,0.535,3.08329066628,0.27071941440495806
15,142951,0.804999999999999,1.27133943268,0.9181636307460308
,0.764999999999999,3.4196301411,0.8797511391833911
,0.7375,4.4429172726,0.7101359163036572
,0.6475000000000001,0.986095305998,0.59105157718518
,0.784999999999999,3.66343982392,0.6111147093180085
,0.68,2.45511354351,0.7387028891278131
15,143324,0.5725,2.2540910678,0.0964417426810516
,0.66,4.3109972872,0.46717772838900135
,0.625,3.36996571705,0.13073177901800884
,0.5750000000000001,1.0509258771,0.5169508154936509
,0.6775,2.86712597808,0.23174774026510728
,0.59,3.53616427521,0.4569360525863334
15,145305,0.7675000000000001,2.228594809,0.8539872390533406
,0.745,3.97710150327,0.8038601165981267
,0.6875,5.91196235217,0.4391418110723085
,0.605,1.02934208505,0.5481744671676118
,0.725,3.60690399301,0.3873061240762353
,0.6575000000000001,2.85216959178,0.6789603575506654
15,145335,0.55,1.47177650853,0.05482989956716465
,0.5425,1.70128791349,0.07759299042870159
,0.5,0.0471072106699,0.0008488053718564723
,0.5225000000000001,1.06905525166,0.4611891083026626
,0.8,3.50152936167,0.6649336111492324
,0.5875,3.53635896787,0.44809496221835643
15,145444,0.8525,0.636572634022,0.961486528611109
,0.754999999999999,3.84404227711,0.8431964119597499
,0.6925,5.91273352892,0.46871971306944915
,0.725,0.898591030833,0.6638033415797314
,0.794999999999999,3.56270976942,0.6472701121275701
,0.7975000000000001,1.023521041,0.9293069193595389
15,146557,0.73,3.54028424033,0.7463589628940316
,0.72,3.73294417644,0.7072896925585002
,0.6825,5.87245841815,0.4096646886081927
,-0.25,0.0813257356017,0.01044216384805219
,0.74,3.7269200711,0.4423922383783444
,0.5700000000000001,3.47925604286,0.38655989293787235
15,146877,0.865,0.536025200233,0.9687965217501434
,0.715,3.72249087054,0.688663475960806
,0.5625,0.673788256366,0.016790047962980573
,0.8075000000000001,1.17196300686,0.7443816189344871
,0.865,2.25155419966,0.8553555627304306
,0.8400000000000001,0.676868423927,0.9655302456125878
15,146928,0.855,0.614979570136,0.9630507999939283
,0.8600000000000001,0.213739320069,0.993602542130209
,0.8174999999999991,1.16000263954,0.912600816378669
,0.7000000000000001,0.92039348446,0.6411034915416886
,0.885,1.80375289739,0.8958858026546221
,0.8150000000000001,0.884014829467,0.9460037366670888
15,146993,1.0,0.0404714332786,0.9987297827916857
,1.0,0.00083773194651,0.9999839922655744
,1.0,0.0558559741212,0.9985323225575623
,0.8125,1.20731604106,0.7503298474077572
,0.8,3.50152936167,0.6649336111492324
,0.9500000000000001,0.056493550139,0.9985433489654185
15,147026,0.655,4.89453927795,0.40772162735801487
,0.615,3.82171267475,0.27989806969348746
,0.625,3.36996571705,0.13073177901800884
,0.5,1.06888727004,0.4371282486738031
,0.645,2.19089924617,0.1494164165985491
,0.52,2.82356614923,0.22636618093902483
15,147101,0.865,0.536025200233,0.9687965217501434
,0.7225,3.74904047119,0.7166407363061426
,0.6825,5.87245841815,0.4096646886081927
,0.625,1.01072268336,0.5685805280538442
,0.8525,2.5319812973,0.8254527366697363
,0.8600000000000001,0.51170699572,0.9774038588619041
15,147111,0.735,3.35967943106,0.7636096833505837
,0.774999999999999,2.77431249034,0.9108405822240379
,0.6225,3.22415951067,0.12248931324761726
,0.595,1.03740599529,0.5378400168165096
,0.837499999999999,2.85460945126,0.7850258447161909
,0.605,3.4915683022,0.5097361283669863
15,147193,0.7825000000000001,1.79003702361,0.8840381226453876
,0.7825000000000001,2.24728701973,0.9296649953490697
,0.7975000000000001,1.63695070561,0.8850401888507833
,0.75,0.907863612367,0.6862889474666974
,0.75,3.76898982134,0.4798979542410412
,0.8500000000000001,0.593378222424,0.9718806684901571
15,819,0.7025,4.4300039018,0.6361959498287406
,0.7075,3.76036545672,0.6606403443297513
,0.7225,5.16711702031,0.6378782558024336
,0.725,0.898591030833,0.6638033415797314
,0.8300000000000001,3.00578621222,0.7630441584951937
,0.7775000000000001,1.18287798374,0.9072532622446954
15,1942,0.6725,4.93398499979,0.4941046774152463
,0.5925,3.22456025166,0.20033412667300682
,0.6075,2.3869875079,0.08050909735653823
,0.715,0.905074327464,0.6547883166764584
,0.784999999999999,3.66343982392,0.6111147093180085
,0.585,3.53445746724,0.4392560046914714
15,1993,0.7375,3.26887196068,0.7718954041597351
,0.7525000000000001,3.90392885438,0.8335075038369045
,0.835,0.913519092975,0.930558652056829
,0.6625,0.967843340319,0.6057076736837832
,0.905,1.38432321937,0.9276966873411462
,0.63,3.26496854598,0.5945578215480981
