user,id,chargeScore,chargeScore_pdf,chargeScore_cdf,mealScore,mealScore_pdf,mealScore_cdf,equipmentScore,equipmentScore_pdf,equipmentScore_cdf,roomScore,roomScore_pdf,roomScore_cdf,serviceScore,serviceScore_pdf,serviceScore_cdf,bathScore,bathScore_pdf,bathScore_cdf,locationScore,locationScore_pdf,locationScore_cdf,distanceScore,distanceScore_pdf,distanceScore_cdf,kinnennScore,kinnennScore_pdf,kinnennScore_cdf
8,101,0.9297100057614741,2.36526110693,0.904319646396786
,0.6975,2.2012985993,0.6183428814924293
,0.655,4.24412004153,0.44135957443467033
,0.6000000000000001,2.53514504152,0.1636099032852152
,0.73,4.36268169839,0.6304858857286701
,0.625,3.54619323224,0.46619186239926447
,0.9400000000000001,1.12463260307,0.9454221348116998
,0.9797530864197531,1.28643295971,0.9138892447805005
,1.0,nan,nan
8,192,0.8213942769348951,5.54030648925,0.4069879487033513
,0.6675,2.28547401948,0.5508797452425649
,0.63,3.92228260783,0.3387123123498049
,0.6775,4.03487719284,0.42731447186879157
,0.66,4.08998064737,0.3179439639749886
,0.5325,2.32432949628,0.18233505694173827
,0.745,3.78017936696,0.3494978376167158
,0.755061728395061,2.90971225878,0.3184700552161073
,1.0,nan,nan
8,223,0.8713654695602071,5.08839978907,0.6845967703892646
,0.5825,2.157433388,0.35824765986229323
,0.6375000000000001,4.04692587977,0.3686106375568471
,0.605,2.66275418361,0.1766048915964335
,0.6775,4.42104808541,0.3926312698053344
,0.5575,2.79282092563,0.24638734724140698
,0.605,0.782683737629,0.03475847776915668
,0.8103703703703701,3.25787100611,0.4917754078367624
,0.0,nan,nan
8,388,0.713885154599577,1.19510265364,0.042831127742402775
,0.7825000000000001,1.68071278299,0.7856679692906224
,0.7575000000000001,2.72188815695,0.8311055318914741
,0.7675000000000001,3.11661824839,0.771251665284896
,0.7675000000000001,3.43825553989,0.7784016126598773
,0.675,3.30888488337,0.6405103454025165
,0.915,1.63823736936,0.9111041822670266
,0.851358024691358,3.10466333821,0.6233724470813957
,1.0,nan,nan
8,398,0.8828884194353751,4.62438856603,0.7406456877149898
,0.847499999999999,1.162650809,0.8781157856142936
,0.635,4.00784521111,0.35854164453202886
,0.6325000000000001,3.32795335763,0.2591844529510062
,0.66,4.08998064737,0.3179439639749886
,0.545,2.563847002,0.21289332030776487
,0.61,0.857520762058,0.038857024911238505
,0.720493827160493,2.44500737645,0.2255401775403445
,0.0,nan,nan
8,462,0.965469560207413,1.07026998912,0.9638163169713116
,0.7075,2.15941387542,0.6401518590764599
,0.7975000000000001,1.63592122554,0.9177659584730946
,0.68,4.05275177514,0.43742454908635453
,0.8300000000000001,1.51649542461,0.931633563302998
,0.64,3.55034298033,0.5194998713493906
,0.79,4.06220468067,0.5290180255651881
,0.810864197530864,3.25816144915,0.4933843069251943
,1.0,nan,nan
8,509,0.6792778951411561,0.484629712138,0.015223874847434878
,0.8225,1.36204515964,0.8465686328241075
,0.6375000000000001,4.04692587977,0.3686106375568471
,0.6950000000000001,4.10423091398,0.49872274213595497
,0.6950000000000001,4.58717053711,0.471714845997255
,0.5125000000000001,1.93677126588,0.1397320291765397
,0.919999999999999,1.52737375892,0.9190166768676293
,0.9125925925925921,2.34184594185,0.792550453448087
,0.0,nan,nan
8,568,0.786863837142308,4.30930975885,0.23429160593595078
,0.5675,2.08252099074,0.32643131207587317
,0.685,4.23651354009,0.5696949046679376
,0.6625,3.87506628611,0.36788013693898064
,0.7975000000000001,2.47783362218,0.8672514202089865
,0.865,0.460387942712,0.974898084063577
,0.9450000000000001,1.03509220851,0.9508195093755127
,0.9432098765432091,1.85048702236,0.8567707362331328
,1.0,nan,nan
8,570,0.765700019204916,3.27955015766,0.15390060319892632
,0.857499999999999,1.08504241921,0.8893528657850351
,0.754999999999999,2.79242547612,0.8242125930259528
,0.8625,0.933931476873,0.9573885685692618
,0.7825000000000001,2.96343288012,0.8264477152873164
,0.735,2.32786703763,0.8119008022032745
,0.8775000000000001,2.5514362463,0.8328654880598929
,0.946172839506172,1.80275182269,0.8621829001272994
,1.0,nan,nan
8,610,0.880929517956596,4.70951760731,0.7315032226291678
,0.8225,1.36204515964,0.8465686328241075
,0.6875,4.21569958044,0.5802607981005758
,0.7825000000000001,2.74603805686,0.8152504486351937
,0.725,4.43893457879,0.6084761742325362
,0.615,3.50634858963,0.4309047729271158
,0.9175000000000001,1.58234557139,0.9151297234625876
,0.899753086419753,2.53688293913,0.7612179883541197
,0.0,nan,nan
8,630,0.9405031688112151,1.9069567517,0.9273276348428952
,0.7725000000000001,1.75676329188,0.7684786281446658
,0.6375000000000001,4.04692587977,0.3686106375568471
,0.74,3.69433562109,0.6771989933050322
,0.68,4.45559885316,0.4037277958306982
,0.5575,2.79282092563,0.24638734724140698
,0.6875,2.53456033117,0.16509912907637825
,0.7629629629629631,2.99422029176,0.3418007137030742
,0.0,nan,nan
8,658,0.656270405223737,0.244364392557,0.007107880417144124
,0.63,2.29567839278,0.46464469383125634
,0.54,1.63647647491,0.08490692417468632
,0.59,2.27990380469,0.13953611927631987
,0.5775,1.65639584673,0.0791859461809681
,0.47750000000000004,1.30939337717,0.08321981743545033
,0.665,1.97332157807,0.11442651497830433
,0.65679012345679,1.4427824562,0.10178157947924742
,0.0,nan,nan
8,659,0.531745726906087,0.00191711580476,3.808785435017167e-05
,0.62,2.28015983352,0.4417591898359007
,0.5925,3.04417223403,0.20703146166045633
,0.645,3.58706690041,0.3024425491410282
,0.6125,2.70287652809,0.15494227115834133
,0.47750000000000004,1.30939337717,0.08321981743545033
,0.65,1.62185893893,0.08749633349647593
,0.622222222222222,0.969450714941,0.06036169227413965
,0.0,nan,nan
8,716,0.7945073938928361,4.65344386961,0.2685621566333187
,0.8025,1.52308236292,0.8177155089102994
,0.715,3.80368473275,0.6912534620983345
,0.8325,1.51541008973,0.9210623550788626
,0.7225,4.47186796126,0.5973369348733608
,0.645,3.53684260718,0.5372209089139883
,0.735,3.61484494152,0.31249667693893346
,0.819259259259259,3.25496751305,0.5207341108990614
,0.0,nan,nan
8,767,0.7599385442673321,2.99975778221,0.13581423335792298
,0.7325,2.02823901169,0.6925716540573028
,0.6625,4.28441314017,0.47335888200285275
,0.7000000000000001,4.09976265796,0.5192372522533022
,0.6950000000000001,4.58717053711,0.471714845997255
,0.5975,3.36878184891,0.3706261833096467
,0.8725,2.67702768286,0.8197940141517601
,0.9007407407407401,2.52231211546,0.7637163630254125
,0.0,nan,nan
8,839,0.782024198194737,4.07986625877,0.2139884849735228
,0.735,2.01325252409,0.6976235832464877
,0.7875000000000001,1.89086746054,0.9001456760720138
,0.845,1.25308315805,0.9383373689625559
,0.8150000000000001,1.93569575302,0.9058059185628351
,0.7275,2.47005129743,0.7939075354880589
,0.925,1.42033942385,0.9263843048175177
,1.0,1.01186829333,0.9370980423619373
,1.0,nan,nan
8,858,0.7714614941425001,3.56312583971,0.17361162089328702
,0.5675,2.08252099074,0.32643131207587317
,0.635,4.00784521111,0.35854164453202886
,0.65,3.67923045961,0.32061131826822103
,0.61,2.62332872943,0.14828456860344952
,0.5525,2.70297239683,0.23264676270629647
,0.6475000000000001,1.56612998218,0.08351153761374353
,0.631604938271604,1.08827913556,0.07000910271956795
,0.0,nan,nan
8,864,0.8713654695602071,5.08839978907,0.6845967703892646
,0.75,1.91720735896,0.7271146225524205
,0.6375000000000001,4.04692587977,0.3686106375568471
,0.71,4.05845404609,0.560064035360146
,0.6900000000000001,4.55817439779,0.4488451481196468
,0.5625,2.87978502515,0.2605701644719887
,0.919999999999999,1.52737375892,0.9190166768676293
,0.899753086419753,2.53688293913,0.7612179883541197
,0.0,nan,nan
8,922,0.9174188592279621,2.94268088461,0.8717494588786916
,0.4525,1.23688720209,0.132776700423916
,0.595,3.11152998593,0.21472623574928107
,0.5750000000000001,1.90642723259,0.10816033422891404
,0.605,2.46531394213,0.1355636948068216
,0.454999999999999,0.972750160631,0.057660606862159736
,0.6825,2.40838308353,0.15274177199540223
,0.5837037037037031,0.5680579867,0.03120428956038037
,1.0,nan,nan
8,930,0.56024582293067,0.00698950178095,0.0001509197483015956
,0.7125,2.1360875518,0.6508912560067738
,0.75,2.9325460018,0.8098995089457699
,0.7925000000000001,2.49053148706,0.8414356591210265
,0.78,3.04417210296,0.8189381333990625
,0.685,3.18327322779,0.6729891648374209
,0.885,2.36248221053,0.8512925605590473
,0.750123456790123,2.85209092584,0.30424193305986647
,1.0,nan,nan
8,995,0.8674860764355671,5.22153765836,0.6645943675464323
,0.7875000000000001,1.64188211375,0.7939746536071652
,0.51,1.00324292321,0.04577250677038103
,0.5325,1.01012157135,0.047237313765419134
,0.5775,1.65639584673,0.0791859461809681
,0.52,2.08141777762,0.15479913020152036
,0.65,1.62185893893,0.08749633349647593
,0.7664197530864191,3.02800188122,0.3522100736233408
,1.0,nan,nan
8,996,0.8703668139043591,5.12392054831,0.6794974046900825
,0.625,2.28886608185,0.4531825395841978
,0.6000000000000001,3.24385078475,0.23061614639120434
,0.6375000000000001,3.43607154806,0.2760967951568305
,0.65,3.84135457141,0.2782566415113253
,0.5325,2.32432949628,0.18233505694173827
,0.725,3.42082035943,0.2772966439041754
,0.8390123456790121,3.18757594788,0.5845006150056632
,0.0,nan,nan
8,1119,0.8574227002112541,5.50000345144,0.6105611668733542
,0.5,1.61817672346,0.20060231471093
,0.545,1.75895785672,0.09339374191353694
,0.58,2.02889958586,0.117997627848792
,0.6000000000000001,2.30951006225,0.12362773963838844
,0.5075000000000001,1.84158591542,0.1302866483232308
,0.7325,3.56882370838,0.3035167254265703
,0.8874074074074071,2.71124080603,0.7288064305830866
,0.0,nan,nan
8,1128,0.858882273862108,5.46608497491,0.6185643540272556
,0.8700000000000001,0.990684611423,0.9023227644623222
,0.6925,4.16516263157,0.6012178467689572
,0.6775,4.03487719284,0.42731447186879157
,0.7425,4.11616311645,0.6835574807281044
,0.6025,3.41648872744,0.38759204700632194
,0.7725000000000001,4.05067834431,0.45784078455264177
,0.7935802469135801,3.21665660612,0.43733666166190716
,1.0,nan,nan
8,1186,0.7987708853466481,4.83217885101,0.2887869757114784
,0.5750000000000001,2.12164631262,0.342198962270512
,0.6175,3.66963968895,0.29120907708675625
,0.6625,3.87506628611,0.36788013693898064
,0.7225,4.47186796126,0.5973369348733608
,0.65,3.51602407063,0.5548560977992655
,0.67,2.0957208002,0.1245982576441204
,0.712592592592592,2.32369359454,0.20669844802038245
,0.0,nan,nan
8,1356,0.704513155367774,0.951224445605,0.032806312914541814
,0.79,1.62229894596,0.7980549015899039
,0.774999999999999,2.2292174618,0.8744139769808952
,0.8125,1.98440944629,0.8861514782784901
,0.7575000000000001,3.73266073513,0.742526686616128
,0.73,2.42285634529,0.8000237211817105
,0.925,1.42033942385,0.9263843048175177
,0.8316049382716041,3.22253856995,0.5607524093458947
,0.0,nan,nan
8,1357,0.283887075091223,1.30205163183e-10,1.4858719580069358e-12
,0.76,1.84801112995,0.7459438279596398
,0.78,2.09174521244,0.8852153735971723
,0.8075000000000001,2.10875141756,0.8759194620703719
,0.8025,2.31871684433,0.8792417429698643
,0.72,2.6097701251,0.7748561903653521
,0.835,3.53321018189,0.7026738304238995
,0.6083950617283951,0.809089982784,0.048086319359983386
,0.0,nan,nan
8,1386,0.694680238140964,0.738797913754,0.024532210055205922
,0.5825,2.157433388,0.35824765986229323
,0.7025,4.0300832128,0.6422306855552921
,0.7425,3.64974691571,0.6863794910153114
,0.6975,4.59593124671,0.48319452553976905
,0.6525000000000001,3.50291465484,0.5636301425790011
,0.8600000000000001,2.98460246885,0.7843957799346353
,0.866666666666666,2.96247145476,0.6698646419220317
,0.0,nan,nan
8,1404,0.41317457269060803,2.34944709346e-06,3.45747934245553e-08
,0.75,1.91720735896,0.7271146225524205
,0.6725,4.29447802472,0.5162952776262852
,0.7875000000000001,2.61863894448,0.8286625855862165
,0.6725,4.34185133617,0.37071852055132426
,0.77,1.67203919947,0.8817744534856231
,0.75,3.85054552988,0.3685782620024367
,0.575802469135802,0.503072493108,0.026976444244948612
,0.0,nan,nan
8,1500,0.9097753024774341,3.32100150515,0.847817076726413
,0.6875,2.2364911716,0.5961482010335035
,0.5675,2.35309685664,0.1395436197285071
,0.5825,2.09099372238,0.12314738650053406
,0.73,4.36268169839,0.6304858857286701
,0.387499999999999,0.330921320874,0.01660911576836588
,0.9375,1.17113556017,0.942552663173978
,0.8859259259259251,2.73107290269,0.7247750553974397
,0.0,nan,nan
8,1501,0.8521605531015941,5.60266401067,0.5813355376469486
,0.55,1.97944472113,0.29086633928550865
,0.505,0.916165537868,0.04097623632374347
,0.6025,2.59902167129,0.17002763256973963
,0.6425000000000001,3.63333202455,0.2502165646570428
,0.4,0.41186108617,0.021236156187957392
,0.9450000000000001,1.03509220851,0.9508195093755127
,0.775308641975308,3.10526093075,0.3794795371731031
,0.0,nan,nan
8,1511,0.8636450931438441,5.33980614108,0.6443068946819863
,0.6075,2.25026270151,0.4134320825832575
,0.52,1.1935860965,0.05673872259021981
,0.54,1.14558189706,0.05531451101080573
,0.6125,2.70287652809,0.15494227115834133
,0.5925,3.31478382606,0.35391471581968514
,0.8700000000000001,2.73945343496,0.8130233461028264
,0.724444444444444,2.50413722046,0.235316642140792
,1.0,nan,nan
8,1556,0.788745918955252,4.39642022654,0.24248426636911577
,0.705,2.17049106133,0.6347393953280553
,0.6625,4.28441314017,0.47335888200285275
,0.705,4.08446399404,0.5397023132561195
,0.675,4.38309998256,0.3816253867336288
,0.6525000000000001,3.50291465484,0.5636301425790011
,0.7825000000000001,4.07318625008,0.4984953859306089
,0.675555555555555,1.73271839407,0.13155063187073157
,1.0,nan,nan
8,1630,0.888611484540042,4.36414922837,0.7663742394532488
,0.8525,1.12363869498,0.8838313466654593
,0.6325000000000001,3.96626773517,0.34857349230039336
,0.6825,4.06801271134,0.4475760525655995
,0.6525000000000001,3.90688666105,0.28794237636770437
,0.6075,3.45760216349,0.40478007926373377
,0.64,1.4046882388,0.07237652481065061
,0.6335802469135801,1.11428080495,0.07218441557918845
,0.0,nan,nan
8,1667,0.660072978682542,0.274845642316,0.008094053001051288
,0.75,1.91720735896,0.7271146225524205
,0.6625,4.28441314017,0.47335888200285275
,0.6175,2.97609084225,0.21185972115132234
,0.68,4.45559885316,0.4037277958306982
,0.49,1.52133576675,0.10089506880669115
,0.8,4.01078670224,0.5694175825372952
,0.902222222222222,2.50030523863,0.7674368422562022
,0.0,nan,nan
8,1680,0.8974841559439211,3.93577337633,0.8032129088375577
,0.784999999999999,1.66135657045,0.789845581612425
,0.6950000000000001,4.13554699761,0.6115943273070359
,0.7275,3.88673243114,0.6297620038861068
,0.7925000000000001,2.63900456,0.8544599784468343
,0.6975,2.99856732171,0.711654691919751
,0.8700000000000001,2.73945343496,0.8130233461028264
,0.875061728395061,2.86805902161,0.6943459876006282
,1.0,nan,nan
8,1725,0.84251968503937,5.70668599578,0.5267299723945731
,0.615,2.26958144794,0.4303840617358491
,0.6000000000000001,3.24385078475,0.23061614639120434
,0.6475000000000001,3.63405641916,0.31146932269993055
,0.685,4.51416071461,0.42615813962120486
,0.625,3.54619323224,0.46619186239926447
,0.7425,3.7418130576,0.34009491697141553
,0.760987654320987,2.97402376712,0.3359060466157476
,1.0,nan,nan
8,1764,0.7307470712502401,1.74323259518,0.06740374082591974
,0.7725000000000001,1.75676329188,0.7684786281446658
,0.67,4.29668373417,0.5055556687922577
,0.7425,3.64974691571,0.6863794910153114
,0.7075,4.59224969204,0.5291871601134108
,0.645,3.53684260718,0.5372209089139883
,0.857499999999999,3.04429259153,0.776859499002591
,0.880987654320987,2.79525505666,0.711128551640114
,0.0,nan,nan
8,1770,0.785327443825619,4.23724889452,0.22772606537374238
,0.635,2.30057970178,0.4761361382415563
,0.5775,2.63036910159,0.1644583149845583
,0.64,3.48798570091,0.28475218067474745
,0.6025,2.3870805039,0.12949832873025813
,0.5525,2.70297239683,0.23264676270629647
,0.835,3.53321018189,0.7026738304238995
,0.722962962962963,2.48209828689,0.23162311368330635
,0.0,nan,nan
8,1799,0.434415210293835,9.16287562166e-06,1.4151723046266845e-07
,0.8250000000000001,1.34190167544,0.849948562052181
,0.8400000000000001,0.776951166946,0.9676455242953343
,0.885,0.610170957314,0.9745786045013918
,0.81,2.08587155837,0.8957538873730095
,0.8500000000000001,0.583295904531,0.9670996333849569
,0.8,4.01078670224,0.5694175825372952
,0.7614814814814811,2.97913261256,0.3373759633981821
,0.0,nan,nan
8,1872,0.683272517764547,0.542214278718,0.017272993160437636
,0.6075,2.25026270151,0.4134320825832575
,0.6075,3.4346043927,0.25566691364622474
,0.6475000000000001,3.63405641916,0.31146932269993055
,0.66,4.08998064737,0.3179439639749886
,0.52,2.08141777762,0.15479913020152036
,0.9475,0.992074146543,0.9533532226899835
,0.7866666666666661,3.18237067016,0.41521089623694674
,0.0,nan,nan
8,1927,0.814518916842711,5.37558009609,0.369434129323605
,0.5,1.61817672346,0.20060231471093
,0.5775,2.63036910159,0.1644583149845583
,0.5775,1.96735635506,0.11300242939744189
,0.66,4.08998064737,0.3179439639749886
,0.52,2.08141777762,0.15479913020152036
,0.8400000000000001,3.43379629496,0.7200939460323362
,0.8172839506172841,3.25710039084,0.5143022991533244
,0.0,nan,nan
8,1996,0.8560015363933161,5.53079353508,0.6027226183465795
,0.62,2.28015983352,0.4417591898359007
,0.525,1.29675168919,0.06296237976898243
,0.495,0.492973476443,0.01987349704753035
,0.67,4.29740634447,0.3599187938673899
,0.6000000000000001,3.39344148516,0.3790792944179646
,0.7325,3.56882370838,0.3035167254265703
,0.7866666666666661,3.18237067016,0.41521089623694674
,0.0,nan,nan
8,1997,0.8905703860188201,4.27174022494,0.7748329097905354
,0.7775000000000001,1.71903215096,0.7771683779173413
,0.6625,4.28441314017,0.47335888200285275
,0.685,4.08062960404,0.4577624091301734
,0.6900000000000001,4.55817439779,0.4488451481196468
,0.59,3.28553034025,0.34566401769155614
,0.67,2.0957208002,0.1245982576441204
,0.493827160493827,0.112692805381,0.004833803008344669
,1.0,nan,nan
8,2335,0.9059343191857111,3.51358220228,0.8346915407596196
,0.75,1.91720735896,0.7271146225524205
,0.5825,2.7694105638,0.17795792928893694
,0.64,3.48798570091,0.28475218067474745
,0.675,4.38309998256,0.3816253867336288
,0.485,1.4346335638,0.09350616298165407
,0.6900000000000001,2.59756684581,0.17151431407533219
,0.884444444444444,2.75064440842,0.7207144914111417
,0.0,nan,nan
8,2465,0.937007874015748,2.04954052225,0.9204147811600432
,-0.25,5.63084938444e-06,1.9459042451372686e-07
,0.7775000000000001,2.1601782828,0.8799006040476467
,0.6675,3.93802471631,0.3874167472321891
,0.7225,4.47186796126,0.5973369348733608
,0.555,2.74822702977,0.23946089334988718
,0.7225,3.36846230763,0.2688097472173976
,0.8153086419753081,3.25838369199,0.5078671132061101
,1.0,nan,nan
8,2605,0.8767428461686191,4.88343944289,0.711417924966844
,-0.25,5.63084938444e-06,1.9459042451372686e-07
,0.3025,0.00297181515673,7.427842616423714e-05
,0.339999999999999,0.0054206129179,0.00013728475234527462
,0.339999999999999,0.0015479940179,3.5063485844934826e-05
,0.355,0.180778318735,0.008504933174343022
,0.59,0.585974807848,0.02454487468205652
,0.803456790123456,3.24824063398,0.4692791709203362
,1.0,nan,nan
8,2876,0.602458229306702,0.0385097860666,0.0009456773590874349
,0.6075,2.25026270151,0.4134320825832575
,0.794999999999999,1.69809253182,0.9135986718532265
,0.8174999999999991,1.86245009943,0.8957675303730557
,0.8400000000000001,1.2677090536,0.9455326412445265
,0.889999999999999,0.303122163358,0.9843278071026735
,0.9550000000000001,0.870090474216,0.9603297007847786
,0.886913580246913,2.71787998533,0.727465905768657
,0.0,nan,nan
8,2877,0.748454004225081,2.4661989772,0.10446524156902917
,0.6875,2.2364911716,0.5961482010335035
,0.75,2.9325460018,0.8098995089457699
,0.6725,3.99143383908,0.40724446475174425
,0.635,3.41137705584,0.2237914959799731
,0.635,3.55642620815,0.5017298437709563
,0.8075000000000001,3.94552184318,0.5992676752750213
,0.845432098765432,3.14820192205,0.6048421014982985
,1.0,nan,nan
8,2958,0.8905703860188201,4.27174022494,0.7748329097905354
,0.6825,2.25146657561,0.5849275647560974
,0.59,2.97616917501,0.19950591229763304
,0.5325,1.01012157135,0.047237313765419134
,0.65,3.84135457141,0.2782566415113253
,0.7475,2.08935619636,0.8395080020447108
,0.8775000000000001,2.5514362463,0.8328654880598929
,0.9797530864197531,1.28643295971,0.9138892447805005
,0.0,nan,nan
8,4771,0.7637795275590551,3.18568935723,0.14769246248964255
,0.6025,2.23512954649,0.40221786046984914
,0.635,4.00784521111,0.35854164453202886
,0.705,4.08446399404,0.5397023132561195
,0.705,4.59898967861,0.5176973040373058
,0.5175000000000001,2.03301297472,0.14965612308651755
,0.8975000000000001,2.05136438271,0.8788705570300649
,0.79753086419753,3.23177967628,0.45007539685596026
,1.0,nan,nan
8,4778,0.594814672556174,0.0287763092751,0.000690168545623577
,0.7875000000000001,1.64188211375,0.7939746536071652
,0.7125,3.85361046085,0.681681389618166
,0.774999999999999,2.9342137648,0.793946700512514
,0.6875,4.53801884783,0.43747412919499296
,0.6575000000000001,3.47140948537,0.5810688612143591
,0.9400000000000001,1.12463260307,0.9454221348116998
,0.941234567901234,1.88239321914,0.8530839501113022
,1.0,nan,nan
8,4801,0.8214326867678121,5.5410846465,0.40720076589957405
,0.7075,2.15941387542,0.6401518590764599
,0.625,3.8274668259,0.31933424388013343
,0.64,3.48798570091,0.28475218067474745
,0.735,4.27321470815,0.6520809609083542
,0.6725,3.33678649036,0.6322029496849872
,0.764999999999999,4.00631538061,0.4276125613298516
,0.8103703703703701,3.25787100611,0.4917754078367624
,1.0,nan,nan
8,4805,0.7753024774342231,3.7524049114,0.18766123357875375
,0.7675000000000001,1.79382901455,0.7596018540285067
,0.74,3.20575338693,0.7791981190511141
,0.8400000000000001,1.35476526258,0.9318196127019929
,0.7725000000000001,3.28315851808,0.7952069030232569
,0.6975,2.99856732171,0.711654691919751
,0.9125000000000001,1.69500781637,0.9069378043190521
,0.940246913580246,1.89836524354,0.8512169097970413
,0.0,nan,nan
8,4819,0.8751680430190121,4.94574553173,0.7036781728422228
,0.6025,2.23512954649,0.40221786046984914
,0.6725,4.29447802472,0.5162952776262852
,0.715,4.02193628876,0.5802693361556683
,0.6725,4.34185133617,0.37071852055132426
,0.56,2.83669368368,0.2534243970264703
,0.7225,3.36846230763,0.2688097472173976
,0.884444444444444,2.75064440842,0.7207144914111417
,0.0,nan,nan
8,4977,0.7945073938928361,4.65344386961,0.2685621566333187
,0.64,2.30355775161,0.4876472851470014
,0.725,3.5837980112,0.728216351588008
,0.685,4.08062960404,0.4577624091301734
,0.71,4.58164586352,0.5406553323526269
,0.705,2.87561650015,0.7336878653013685
,0.8500000000000001,3.21803895436,0.7533703254410379
,0.7970370370370371,3.23006956512,0.4484798763958613
,1.0,nan,nan
8,5024,0.9289802189360471,2.3980754343,0.9025815491724484
,0.67,2.28096555283,0.5565878925703387
,0.6525000000000001,4.22459464598,0.43077305582566106
,0.7625000000000001,3.2337331898,0.7553740759193799
,0.7000000000000001,4.60082998227,0.49469128364400927
,0.495,1.61037334759,0.10872341461915769
,0.7425,3.7418130576,0.34009491697141553
,0.9032098765432091,2.48553703287,0.7698989928409063
,1.0,nan,nan
8,5041,0.7061647781832141,0.991169832629,0.034410189573042815
,0.75,1.91720735896,0.7271146225524205
,0.454999999999999,0.321000735725,0.012005506132327079
,0.47750000000000004,0.335467686731,0.012693843442519153
,0.41000000000000003,0.0224517890466,0.0006034185451247679
,0.36250000000000004,0.208758235293,0.00996348924868121
,0.6375000000000001,1.35290371589,0.0689297537292082
,0.8246913580246911,3.24473636697,0.5383905195837626
,0.0,nan,nan
8,5303,0.865603994622623,5.28124560262,0.6547103000684564
,0.25,0.171080049988,0.011450292433282536
,0.47250000000000003,0.476857966951,0.018914516108992953
,0.5,0.547072198238,0.022471828292666723
,0.75,3.93471703434,0.7137623861554998
,0.6950000000000001,3.03768181853,0.7041091717244431
,0.8600000000000001,2.98460246885,0.7843957799346353
,0.78716049382716,3.18514450358,0.41678312423863073
,1.0,nan,nan
8,5309,0.8444785865181481,5.69462481963,0.5378977602109469
,0.6950000000000001,2.21073881707,0.6128277469072959
,0.6900000000000001,4.19189909995,0.5907709136229229
,0.6950000000000001,4.10423091398,0.49872274213595497
,0.6975,4.59593124671,0.48319452553976905
,0.585,3.22274248631,0.32939101029538
,0.7675000000000001,4.02367553066,0.43765058059221673
,0.9041975308641971,2.47069404378,0.7723465204171505
,0.0,nan,nan
8,5385,0.9020933358939881,3.70625182511,0.8208257384886584
,0.7625000000000001,1.83015212027,0.7505415757083054
,0.5875,2.90763389952,0.1921510592534359
,0.6000000000000001,2.53514504152,0.1636099032852152
,0.6075,2.54410142872,0.1418253602948128
,0.5075000000000001,1.84158591542,0.1302866483232308
,0.8425,3.38183808359,0.7286137862536539
,0.9446913580246911,1.8265982593,0.8594944982847044
,0.0,nan,nan
8,5562,0.256769733051661,1.19755249534e-11,1.304800199918742e-13
,0.6875,2.2364911716,0.5961482010335035
,0.774999999999999,2.2292174618,0.8744139769808952
,0.8200000000000001,1.80251605773,0.9003485829083768
,0.8025,2.31871684433,0.8792417429698643
,0.7575000000000001,1.90069806389,0.8594552669577684
,0.9575,0.831789114602,0.9624568048622386
,0.9111111111111111,2.36489936716,0.7890639604500056
,0.0,nan,nan
8,5627,0.8681774534280771,5.19878315905,0.6681965775787408
,0.6675,2.28547401948,0.5508797452425649
,0.5225000000000001,1.24451267766,0.059786070994053975
,0.66,3.84015525329,0.35823564453819634
,0.59,2.00784326445,0.10205370217033213
,0.5675,2.96338380568,0.27517958826574584
,0.59,0.585974807848,0.02454487468205652
,0.7688888888888881,3.05087817833,0.3597150823135946
,1.0,nan,nan
8,5729,0.696216631457653,0.769223042022,0.025690540078833847
,0.5,1.61817672346,0.20060231471093
,0.5225000000000001,1.24451267766,0.059786070994053975
,0.545,1.24176769062,0.06128095565777205
,0.5,0.33202523196,0.0116317251695056
,0.41000000000000003,0.487768715779,0.025725613464235814
,0.6375000000000001,1.35290371589,0.0689297537292082
,0.826172839506172,3.24084016626,0.5431947086143336
,0.0,nan,nan
8,7055,0.8713654695602071,5.08839978907,0.6845967703892646
,0.8075000000000001,1.48296183252,0.8252306922558192
,0.47250000000000003,0.476857966951,0.018914516108992953
,0.5675,1.72790891806,0.09453583592654355
,0.54,0.83027050236,0.03370230875216277
,0.464999999999999,1.11478147017,0.06808786856959703
,0.6375000000000001,1.35290371589,0.0689297537292082
,0.7412345679012341,2.7400224112,0.279380554246747
,0.0,nan,nan
8,7341,0.8636835029767621,5.33869393647,0.6445119743885548
,0.5,1.61817672346,0.20060231471093
,0.6125,3.55526368061,0.27314401137515454
,0.754999999999999,3.40074612949,0.7304876559453649
,0.7000000000000001,4.60082998227,0.49469128364400927
,0.6025,3.41648872744,0.38759204700632194
,0.7675000000000001,4.02367553066,0.43765058059221673
,0.8864197530864191,2.72449077929,0.72612210934414
,0.0,nan,nan
8,7342,0.8137507201843671,5.35415472484,0.365312818826838
,0.59,2.1896888106,0.3745516325257541
,0.545,1.75895785672,0.09339374191353694
,0.56,1.55688465992,0.0822229429960309
,0.5875,1.93502643916,0.09712535706876471
,0.52,2.08141777762,0.15479913020152036
,0.847499999999999,3.27386782592,0.7452552019355776
,0.9061728395061721,2.44079325146,0.7771974181674425
,1.0,nan,nan
8,7343,0.8559631265603991,5.53159469385,0.6025101660995569
,0.6325000000000001,2.29836880197,0.47038735255861264
,0.6875,4.21569958044,0.5802607981005758
,0.715,4.02193628876,0.5802693361556683
,0.7075,4.59224969204,0.5291871601134108
,0.665,3.41136146203,0.6068886384182743
,0.9125000000000001,1.69500781637,0.9069378043190521
,0.9619753086419751,1.55264648369,0.8886825580308002
,0.0,nan,nan
8,7588,0.8559631265603991,5.53159469385,0.6025101660995569
,0.6025,2.23512954649,0.40221786046984914
,0.6725,4.29447802472,0.5162952776262852
,0.6175,2.97609084225,0.21185972115132234
,0.6950000000000001,4.58717053711,0.471714845997255
,0.845,0.629600867516,0.9640685445228319
,0.8150000000000001,3.85859634524,0.6285462288597679
,0.958024691358024,1.61425441624,0.8824271936245562
,1.0,nan,nan
8,7599,0.8646437487996921,5.3104173914,0.6496249290319838
,0.75,1.91720735896,0.7271146225524205
,0.5625,2.21637657385,0.12812071401581587
,0.5675,1.72790891806,0.09453583592654355
,0.6000000000000001,2.30951006225,0.12362773963838844
,0.5325,2.32432949628,0.18233505694173827
,0.9500000000000001,0.950232721529,0.9557808607082605
,0.9456790123456791,1.81069553211,0.861290691122051
,1.0,nan,nan
8,7903,0.8857307470712501,4.49712377843,0.7536098467454448
,0.75,1.91720735896,0.7271146225524205
,0.6425000000000001,4.11726321744,0.3890255454379672
,0.645,3.58706690041,0.3024425491410282
,0.68,4.45559885316,0.4037277958306982
,0.5375,2.42093239596,0.19419852703967405
,0.64,1.4046882388,0.07237652481065061
,0.6716049382716051,1.67039468655,0.12482861073650017
,1.0,nan,nan
8,8207,0.8859612060687531,4.48662569933,0.7546450401857606
,0.6625,2.29307504617,0.5394325831234805
,0.7375,3.27190391523,0.7711008309633831
,0.6575000000000001,3.80304399475,0.3486811942972089
,0.6975,4.59593124671,0.48319452553976905
,0.54,2.46889340495,0.200310866467919
,0.7775000000000001,4.06722474926,0.4781399321725095
,0.7046913580246911,2.19930507259,0.1888281769961518
,0.0,nan,nan
8,8290,0.783022853850585,4.12776402641,0.21808680415487436
,0.8925000000000001,0.830248221462,0.9227833712139497
,0.7825000000000001,2.02399880526,0.8903599024439395
,0.8325,1.51541008973,0.9210623550788626
,0.77,3.3612335868,0.7869012098424382
,0.75,2.04187485206,0.8446720074885097
,0.8300000000000001,3.62604157598,0.6847728168565148
,0.8898765432098761,2.67762916115,0.7354594973184125
,0.0,nan,nan
8,8961,0.73309007105819,1.83061666386,0.07158998150768135
,0.535,1.87975406884,0.2619106164671323
,0.6325000000000001,3.96626773517,0.34857349230039336
,0.6025,2.59902167129,0.17002763256973963
,0.6625,4.14603690744,0.3282395376880254
,0.5325,2.32432949628,0.18233505694173827
,0.9075000000000001,1.81100326478,0.8981740871112198
,0.835555555555555,3.20531080193,0.5734504719709408
,0.0,nan,nan
8,9191,0.8905319761859031,4.27356612349,0.7746687978942917
,0.5825,2.157433388,0.35824765986229323
,0.605,3.3722055772,0.2471581339267257
,0.63,3.27193644957,0.25093433518820085
,0.685,4.51416071461,0.42615813962120486
,0.5925,3.31478382606,0.35391471581968514
,0.6825,2.40838308353,0.15274177199540223
,0.28098765432098705,0.000326132159955,9.15546100952245e-06
,0.0,nan,nan
8,9518,0.8706740925676971,5.11308077918,0.6810702127888534
,0.75,1.91720735896,0.7271146225524205
,0.625,3.8274668259,0.31933424388013343
,0.725,3.91859601053,0.6200048585294966
,0.7000000000000001,4.60082998227,0.49469128364400927
,0.675,3.30888488337,0.6405103454025165
,0.8500000000000001,3.21803895436,0.7533703254410379
,0.919012345679012,2.24069260499,0.807260843528219
,1.0,nan,nan
8,10630,0.6800845016324181,0.495822444853,0.015619279888969781
,0.58,2.14588755498,0.35286842762041637
,0.6675,4.2957374881,0.4948144857807592
,0.7225,3.94810276651,0.6101709879706338
,0.7275,4.40250944662,0.6195286977420049
,0.7075,2.83295865408,0.7408237443277854
,0.867499999999999,2.80151455622,0.8060970507986143
,0.7698765432098761,3.05972912925,0.36273268039771583
,1.0,nan,nan
8,10672,0.8137507201843671,5.35415472484,0.365312818826838
,-0.25,5.63084938444e-06,1.9459042451372686e-07
,0.535,1.5184162467,0.07702160492090748
,0.6425000000000001,3.53834740622,0.29353542990691384
,0.6075,2.54410142872,0.1418253602948128
,0.5,1.70151396685,0.11700230902000655
,0.9275,1.36834361676,0.9298699420090715
,0.72395061728395,2.49680956528,0.2340818396874479
,0.0,nan,nan
8,11039,0.7560975609756091,2.81701479869,0.12464433671028902
,0.715,2.12385250847,0.6562162592556522
,0.7625000000000001,2.58041185139,0.8443613850569578
,0.8425,1.30336474669,0.9351420446295883
,0.735,4.27321470815,0.6520809609083542
,0.72,2.6097701251,0.7748561903653521
,0.8125,3.8898930794,0.6188601433105155
,0.0,2.10834921022e-09,4.033669892631828e-11
,1.0,nan,nan
8,11140,0.865565584789706,5.28242945051,0.6545074255670666
,0.5275000000000001,1.82664212614,0.24801040253533704
,0.5775,2.63036910159,0.1644583149845583
,0.6325000000000001,3.32795335763,0.2591844529510062
,0.6975,4.59593124671,0.48319452553976905
,0.55,2.65711740999,0.2259465316563431
,0.7825000000000001,4.07318625008,0.4984953859306089
,0.245432098765432,9.37365047207e-05,2.4867405890666175e-06
,1.0,nan,nan
8,11230,0.7756865757633951,3.77128528014,0.18910615241195047
,0.6825,2.25146657561,0.5849275647560974
,0.6725,4.29447802472,0.5162952776262852
,0.6950000000000001,4.10423091398,0.49872274213595497
,0.74,4.17140010358,0.6731974474555305
,0.6125,3.49186029918,0.4221566407275
,0.8975000000000001,2.05136438271,0.8788705570300649
,0.8301234567901231,3.22815239345,0.5559740623995059
,1.0,nan,nan
8,11275,0.45938160169003206,4.14769537819e-05,6.799838209320299e-07
,0.8250000000000001,1.34190167544,0.849948562052181
,0.7875000000000001,1.89086746054,0.9001456760720138
,0.8775000000000001,0.70739519708,0.9696442625675612
,0.8225,1.71971251294,0.919506249055877
,0.8200000000000001,0.904412492607,0.945047011774091
,0.8775000000000001,2.5514362463,0.8328654880598929
,0.8740740740740741,2.87971561438,0.691507568768246
,1.0,nan,nan
8,12534,0.8021893604762821,4.96700428656,0.30553841831348705
,0.6900000000000001,2.22834055233,0.6017293319082658
,0.6475000000000001,4.1766628818,0.409765035454946
,0.6525000000000001,3.72250603882,0.3298638928699019
,0.665,4.1993784689,0.33867188612516463
,0.5625,2.87978502515,0.2605701644719887
,0.735,3.61484494152,0.31249667693893346
,0.895308641975308,2.60138879733,0.7497989432945003
,0.0,nan,nan
8,14112,0.777222969080084,3.84665717209,0.19495826362179938
,0.715,2.12385250847,0.6562162592556522
,0.75,2.9325460018,0.8098995089457699
,0.77,3.05661774018,0.7789683939051573
,0.754999999999999,3.80205587992,0.7331078916711113
,0.705,2.87561650015,0.7336878653013685
,0.8174999999999991,3.8250559896,0.6381512552443893
,0.869135802469135,2.93582685752,0.6771466905553045
,0.0,nan,nan
8,15812,0.7657384290378331,3.28143214613,0.15402660631541437
,0.5475,1.96349678306,0.2859376033080884
,0.5750000000000001,2.56080200678,0.15796936221446334
,0.5675,1.72790891806,0.09453583592654355
,0.62,2.94217863647,0.1761112224307798
,0.5,1.70151396685,0.11700230902000655
,0.7125,3.14632193219,0.2362201111377203
,0.8222222222222221,3.2501787773,0.5303718349256944
,1.0,nan,nan
8,15877,0.9789130017284421,0.751489139476,0.9759641884955682
,0.375,0.6795562864,0.05946145279367668
,0.47000000000000003,0.451487524241,0.01775431262267388
,0.43999999999999906,0.132109279177,0.004411900877112051
,0.545,0.919166480599,0.03807319558450853
,0.4325,0.699321672855,0.03896965484297036
,0.764999999999999,4.00631538061,0.4276125613298516
,0.741728395061728,2.74650928869,0.2807352546280072
,1.0,nan,nan
8,15878,0.769541002496639,3.4684077181,0.1668596318240399
,0.6925,2.21975465945,0.607289541060047
,0.6975,4.10311510488,0.6218932347119068
,0.7025,4.09346168234,0.5294793459729412
,0.75,3.93471703434,0.7137623861554998
,0.65,3.51602407063,0.5548560977992655
,0.8,4.01078670224,0.5694175825372952
,0.8696296296296291,2.93038281544,0.6785951389487881
,0.0,nan,nan
8,16373,0.880929517956596,4.70951760731,0.7315032226291678
,0.6675,2.28547401948,0.5508797452425649
,0.6925,4.16516263157,0.6012178467689572
,0.65,3.67923045961,0.32061131826822103
,0.6925,4.57457320971,0.4602618703074514
,0.5975,3.36878184891,0.3706261833096467
,0.7000000000000001,2.84703338373,0.19874190718112822
,0.6641975308641971,1.55521698786,0.11288339790471359
,1.0,nan,nan
8,17703,0.9251008258114071,2.57592433502,0.892935305697462
,0.0,0.00248433864174,0.00011300877722826105
,0.635,4.00784521111,0.35854164453202886
,0.76,3.29065456953,0.7472183472809732
,0.605,2.46531394213,0.1355636948068216
,0.42750000000000005,0.647147155114,0.03560475336769675
,0.595,0.646997604404,0.02762544949044488
,0.9827160493827161,1.24415972208,0.917638106493597
,1.0,nan,nan
8,17743,0.8367966199347031,5.71494400308,0.4940273971901382
,0.5,1.61817672346,0.20060231471093
,0.6725,4.29447802472,0.5162952776262852
,0.6825,4.06801271134,0.4475760525655995
,0.665,4.1993784689,0.33867188612516463
,0.6625,3.43304054932,0.5983327954411093
,0.784999999999999,4.07218012674,0.5086776478295327
,0.8755555555555551,2.86217811315,0.695760862401636
,0.0,nan,nan
8,17938,0.9558671019781061,1.35349698159,0.9522176575410544
,0.5,1.61817672346,0.20060231471093
,0.3125,0.00431602171163,0.0001103283403843756
,0.262499999999999,0.000226328037202,4.8204517887965895e-06
,0.4375,0.0559314269865,0.001618578738125458
,0.4575,1.00708529434,0.06013523701292747
,0.7125,3.14632193219,0.2362201111377203
,0.908148148148148,2.41062193019,0.7819889822972905
,1.0,nan,nan
8,17979,0.87866333781448,4.80509104798,0.7207216998959736
,0.7125,2.1360875518,0.6508912560067738
,0.6525000000000001,4.22459464598,0.43077305582566106
,0.6825,4.06801271134,0.4475760525655995
,0.7325,4.31954851237,0.641339351490086
,0.49,1.52133576675,0.10089506880669115
,0.6775,2.28253261969,0.14101475158122617
,0.752592592592592,2.88134131495,0.31132042206867494
,1.0,nan,nan
8,18166,0.8275398502016511,5.64359205845,0.4413757906957851
,0.6125,2.26359828895,0.4247174912982228
,0.5875,2.90763389952,0.1921510592534359
,0.6625,3.87506628611,0.36788013693898064
,0.64,3.56068998433,0.2412237305992982
,0.5625,2.87978502515,0.2605701644719887
,0.8825000000000001,2.42543161327,0.8453076896523262
,0.997037037037037,1.04985392405,0.9340438346942668
,0.0,nan,nan
8,18246,0.9107355483003641,3.27301238191,0.8509830066850124
,0.774999999999999,1.73797607102,0.7728470859995364
,0.784999999999999,1.9570154862,0.8953360036474987
,0.78,2.8092460203,0.8083062592566466
,0.7525000000000001,3.86945845112,0.7235180677618915
,0.77,1.67203919947,0.8817744534856231
,0.8725,2.67702768286,0.8197940141517601
,0.9624691358024691,1.54499870675,0.8894474081859374
,1.0,nan,nan
8,18248,0.9520261186863831,1.4803262155,0.9467778144910383
,0.9175000000000001,0.669165067826,0.9414854004306058
,0.7475,3.0019018122,0.8024813313205459
,0.7725000000000001,2.99578410186,0.7865340597174761
,0.8625,0.807669685567,0.9686185635527986
,0.8174999999999991,0.935998649776,0.9427466554816615
,0.9075000000000001,1.81100326478,0.8981740871112198
,0.8562962962962961,3.06332407284,0.6386038942425925
,0.0,nan,nan
8,18270,0.779181870558863,3.9423080355,0.20258726549490874
,0.645,2.30460514385,0.4991684977232005
,0.6775,4.28062895811,0.5377382770990339
,0.764999999999999,3.17568895237,0.763386077500382
,0.7425,4.11616311645,0.6835574807281044
,0.6275000000000001,3.55154925965,0.47506442783455205
,0.7925000000000001,4.05325519587,0.5391628981425172
,0.9501234567901231,1.73941691365,0.8691796427698553
,1.0,nan,nan
8,18297,0.7647397733819851,3.23255841922,0.1507739998293198
,0.75,1.91720735896,0.7271146225524205
,0.745,3.07063350869,0.7948905199437744
,0.7525000000000001,3.45372726589,0.7219192612108909
,0.745,4.05821214558,0.6937760012393452
,0.7275,2.47005129743,0.7939075354880589
,0.8525,3.16110449086,0.7613444753664668
,0.853333333333333,3.0886674726,0.6294894368506508
,0.0,nan,nan
8,18311,0.814518916842711,5.37558009609,0.369434129323605
,0.75,1.91720735896,0.7271146225524205
,0.382499999999999,0.045423276779,0.0013761021881451157
,0.42000000000000004,0.0757273397473,0.002378610292068317
,0.58,1.72403240208,0.08341118712708526
,0.41750000000000004,0.551770466118,0.029619967644799326
,0.8300000000000001,3.62604157598,0.6847728168565148
,0.838024691358024,3.19289394598,0.5813497492365802
,1.0,nan,nan
8,18312,0.9389667754945261,1.96890774391,0.9243503556557066
,1.0,0.28451875259,0.9792669624529533
,0.48250000000000004,0.589698065686,0.02423180790486557
,0.5275000000000001,0.925803443221,0.042399509330714805
,0.6525000000000001,3.90688666105,0.28794237636770437
,0.48250000000000004,1.39222260234,0.08997272745187225
,0.9025000000000001,1.9299371908,0.8888228713989351
,0.7891358024691351,3.19574385152,0.4230853671713499
,1.0,nan,nan
8,18319,0.9348185135394661,2.14178281054,0.915827024642599
,0.47750000000000004,1.43818480085,0.16620971197529816
,0.485,0.62087316314,0.025744767475837607
,0.53,0.967360055887,0.04476571242847628
,0.48250000000000004,0.210272412642,0.006954550541331243
,0.615,3.50634858963,0.4309047729271158
,0.7525000000000001,3.88241344616,0.37824493204809806
,0.8538271604938271,3.08455523265,0.631013691223266
,0.0,nan,nan
8,18392,0.812944113693105,5.33103600698,0.36100340420862503
,0.5775,2.13395613972,0.3475185434116163
,0.5775,2.63036910159,0.1644583149845583
,0.595,2.40730506983,0.1512538240535517
,0.5975,2.23270610492,0.11795013952625545
,0.52,2.08141777762,0.15479913020152036
,0.725,3.42082035943,0.2772966439041754
,0.655308641975308,1.42067773261,0.09966051460168916
,1.0,nan,nan
8,18476,0.8598041098521221,5.44348467322,0.6235928404143639
,0.75,1.91720735896,0.7271146225524205
,0.7075,3.94668278322,0.6621767814472114
,0.73,3.85257306987,0.6394366074213766
,0.784999999999999,2.88240385174,0.8337550563868166
,0.6875,3.14861642347,0.6809042819152229
,0.8925000000000001,2.17479057936,0.86830589328897
,0.8730864197530861,2.89123016741,0.6886577072233901
,1.0,nan,nan
8,18739,0.869829076243518,5.14269575321,0.676737020432011
,0.6875,2.2364911716,0.5961482010335035
,0.6925,4.16516263157,0.6012178467689572
,0.754999999999999,3.40074612949,0.7304876559453649
,0.745,4.05821214558,0.6937760012393452
,0.5875,3.25483402747,0.3374882665286976
,0.847499999999999,3.27386782592,0.7452552019355776
,0.7308641975308641,2.59755599507,0.2516943429168233
,0.0,nan,nan
8,18763,0.928596120606875,2.41543075131,0.9016571211824248
,-0.25,5.63084938444e-06,1.9459042451372686e-07
,0.29250000000000004,0.00202734703555,4.956378740126997e-05
,0.29250000000000004,0.000831714379968,1.887795555080239e-05
,0.5825,1.79305528191,0.08780726362251763
,0.5,1.70151396685,0.11700230902000655
,0.9575,0.831789114602,0.9624568048622386
,0.955555555555555,1.65311362534,0.8783934583397663
,1.0,nan,nan
8,19718,0.640868062223929,0.149172785164,0.0041303554515656
,0.875,0.953909549232,0.907184002371051
,0.6925,4.16516263157,0.6012178467689572
,0.77,3.05661774018,0.7789683939051573
,0.9225000000000001,0.177511842442,0.9944897396141346
,0.635,3.55642620815,0.5017298437709563
,0.905,1.87012957376,0.8935728187578884
,0.8444444444444441,3.15479503428,0.6017294945770386
,0.0,nan,nan
8,19745,0.6714038793931241,0.386162949596,0.011808046881498826
,-0.25,5.63084938444e-06,1.9459042451372686e-07
,0.857499999999999,0.538523939759,0.9790615620300962
,0.857499999999999,1.01913144645,0.9525079320205136
,0.8925000000000001,0.400376495228,0.9861949814924931
,0.625,3.54619323224,0.46619186239926447
,0.857499999999999,3.04429259153,0.776859499002591
,0.6167901234567901,0.904311185361,0.05527370057775228
,1.0,nan,nan
8,20639,0.864298060303437,5.32070095574,0.6477873980207692
,0.5825,2.157433388,0.35824765986229323
,0.4425,0.237519024666,0.008536499763304492
,0.41500000000000004,0.0654686291066,0.0020261667692481043
,0.5275000000000001,0.635748457992,0.024580066839908238
,0.3375,0.127965611196,0.005826987907801141
,0.81,3.91888671538,0.6090986828242447
,0.972345679012345,1.39490246659,0.9039607424208322
,1.0,nan,nan
8,25302,0.7191088918763201,1.34966269853,0.04947180153591327
,0.5,1.61817672346,0.20060231471093
,0.48750000000000004,0.653280546339,0.027337200664958795
,0.5625,1.61298177077,0.08618507888600835
,0.5125000000000001,0.450772197682,0.0164934417900345
,0.39,0.345944706066,0.017455081478097267
,0.725,3.42082035943,0.2772966439041754
,0.925925925925925,2.13002780164,0.822370323573331
,0.0,nan,nan
8,27972,0.850240061455732,5.63222849216,0.5705465890570083
,0.6675,2.28547401948,0.5508797452425649
,0.7025,4.0300832128,0.6422306855552921
,0.7775000000000001,2.87200266888,0.8012045945961765
,0.7525000000000001,3.86945845112,0.7235180677618915
,0.6675,3.38806667995,0.6153882562726453
,0.827499999999999,3.66977935374,0.6756526546698844
,0.779753086419753,3.13842332476,0.39335578338351573
,0.0,nan,nan
8,28024,0.658382946034184,0.260910344316,0.007641419795503737
,0.9175000000000001,0.669165067826,0.9414854004306058
,0.899999999999999,0.191823880634,0.9935711070745371
,0.8500000000000001,1.15596270462,0.9443580497844299
,1.0,0.0133515395422,0.9996676117708426
,1.0,0.0349304454873,0.9985446493747172
,1.0,0.350827595274,0.9864983796620694
,0.8562962962962961,3.06332407284,0.6386038942425925
,1.0,nan,nan
8,28466,0.7730362972921061,3.6408001843,0.17928400916347942
,0.61,2.25715736917,0.4190664517661525
,0.68,4.26901227967,0.5484259769485941
,0.68,4.05275177514,0.43742454908635453
,0.665,4.1993784689,0.33867188612516463
,0.5875,3.25483402747,0.3374882665286976
,0.9575,0.831789114602,0.9624568048622386
,0.9456790123456791,1.81069553211,0.861290691122051
,1.0,nan,nan
8,28484,0.8394468984059921,5.71612766361,0.5091770669885685
,0.605,2.24291857424,0.4078155128158045
,0.625,3.8274668259,0.31933424388013343
,0.5675,1.72790891806,0.09453583592654355
,0.6375000000000001,3.48665362157,0.23241427667142123
,0.61,3.47560284677,0.41344694581255853
,0.8600000000000001,2.98460246885,0.7843957799346353
,0.9358024691358021,1.97033315923,0.8426198425070126
,1.0,nan,nan
8,28512,0.814518916842711,5.37558009609,0.369434129323605
,0.827499999999999,1.3217829431,0.85327816183173
,0.6775,4.28062895811,0.5377382770990339
,0.725,3.91859601053,0.6200048585294966
,0.764999999999999,3.51406693375,0.7697109409314062
,0.635,3.55642620815,0.5017298437709563
,0.7525000000000001,3.88241344616,0.37824493204809806
,0.9906172839506171,1.13482216654,0.9270332147646776
,0.0,nan,nan
8,28570,0.957787593623967,1.29299916545,0.9547586336220323
,0.7225,2.0849485696,0.6720012889893088
,0.5,0.834471021581,0.03660187762835962
,0.47500000000000003,0.316694156035,0.011878822272171501
,0.4625,0.119832902589,0.003726458370745616
,0.4325,0.699321672855,0.03896965484297036
,0.6375000000000001,1.35290371589,0.0689297537292082
,0.7214814814814811,2.45989587414,0.22796235757675
,0.0,nan,nan
8,28894,0.9097753024774341,3.32100150515,0.847817076726413
,0.5,1.61817672346,0.20060231471093
,0.62,3.7241896081,0.3004517493304969
,0.67,3.96595065449,0.3972972198599041
,0.6475000000000001,3.77381730606,0.268737274551902
,0.459999999999999,1.04220614711,0.06269668814026358
,0.705,2.9689752207,0.21328295833120586
,0.7851851851851851,3.17375374463,0.4105026013502252
,1.0,nan,nan
8,29183,0.8598041098521221,5.44348467322,0.6235928404143639
,0.5825,2.157433388,0.35824765986229323
,0.635,4.00784521111,0.35854164453202886
,0.6475000000000001,3.63405641916,0.31146932269993055
,0.6900000000000001,4.55817439779,0.4488451481196468
,0.5825,3.18930514619,0.3213756756434556
,0.8225,3.75150151121,0.6570961709561058
,0.84,3.18205873281,0.5876461299671336
,1.0,nan,nan
8,29184,0.8626848473209141,5.36713405146,0.6391661737165565
,0.5375,1.8970054735,0.2666316153476264
,0.5700000000000001,2.42207134576,0.14551250979609548
,0.5725,1.84617226835,0.10346973134674328
,0.62,2.94217863647,0.1761112224307798
,0.449999999999999,0.906451841804,0.05296392250567114
,0.774999999999999,4.06026855542,0.4679800151840037
,0.8222222222222221,3.2501787773,0.5303718349256944
,1.0,nan,nan
8,29229,0.846360668331092,5.67863440398,0.5486011364618362
,0.4375,1.11869936355,0.11511365977201661
,0.34750000000000003,0.0148152133151,0.0004110325912052817
,0.34750000000000003,0.00713650589525,0.00018410170651835667
,0.36750000000000005,0.00470237885394,0.00011363973321891656
,0.3075,0.0686372075105,0.002960699989506864
,0.7725000000000001,4.05067834431,0.45784078455264177
,0.8493827160493821,3.11992529348,0.6172245834504464
,0.0,nan,nan
8,29338,0.9519877088534661,1.48163379144,0.9467209302990387
,-0.25,5.63084938444e-06,1.9459042451372686e-07
,0.6525000000000001,4.22459464598,0.43077305582566106
,0.6900000000000001,4.09783553561,0.47821305397327507
,0.7000000000000001,4.60082998227,0.49469128364400927
,0.62,3.52992837047,0.4484984858309835
,0.615,0.937086415979,0.04334156837186951
,0.602962962962962,0.751057117236,0.04385016325494718
,1.0,nan,nan
8,29381,0.7350105627040521,1.90422645258,0.07517606557634876
,0.5325,1.86227002857,0.2572330388680469
,0.595,3.11152998593,0.21472623574928107
,0.67,3.96595065449,0.3972972198599041
,0.625,3.10092310847,0.19121954872662109
,0.55,2.65711740999,0.2259465316563431
,0.66,1.85324268371,0.1048611719532351
,0.5051851851851851,0.142229455674,0.0062759861497005956
,1.0,nan,nan
8,29764,0.8482811599769541,5.65790791029,0.5594877131931909
,0.6000000000000001,2.22690044353,0.3966402318199387
,0.68,4.26901227967,0.5484259769485941
,0.7225,3.94810276651,0.6101709879706338
,0.7425,4.11616311645,0.6835574807281044
,0.5875,3.25483402747,0.3374882665286976
,0.774999999999999,4.06026855542,0.4679800151840037
,0.829629629629629,3.22992030271,0.5543794744175959
,1.0,nan,nan
8,30094,0.91937776070674,2.84757556658,0.8774205749837002
,0.625,2.28886608185,0.4531825395841978
,0.62,3.7241896081,0.3004517493304969
,0.5625,1.61298177077,0.08618507888600835
,0.675,4.38309998256,0.3816253867336288
,0.5825,3.18930514619,0.3213756756434556
,0.63,1.20403042141,0.059347436667796814
,0.8212345679012341,3.25198659238,0.5271608716723301
,0.0,nan,nan
8,31557,0.7937776070674091,4.62179669651,0.26517766496375894
,1.0,0.28451875259,0.9792669624529533
,0.5575,2.08184788716,0.1173761979041601
,0.7925000000000001,2.49053148706,0.8414356591210265
,0.725,4.43893457879,0.6084761742325362
,0.5825,3.18930514619,0.3213756756434556
,0.9275,1.36834361676,0.9298699420090715
,0.8627160493827161,3.00304896308,0.6580800507259328
,1.0,nan,nan
8,32060,0.8214326867678121,5.5410846465,0.40720076589957405
,0.75,1.91720735896,0.7271146225524205
,0.65,4.20209178046,0.4202390826058693
,0.55,1.34250902844,0.06773978318849133
,0.65,3.84135457141,0.2782566415113253
,0.5625,2.87978502515,0.2605701644719887
,1.0,0.350827595274,0.9864983796620694
,0.9476543209876541,1.7789541551,0.8648360092519536
,1.0,nan,nan
8,38608,0.9289802189360471,2.3980754343,0.9025815491724484
,0.75,1.91720735896,0.7271146225524205
,0.74,3.20575338693,0.7791981190511141
,0.67,3.96595065449,0.3972972198599041
,0.7275,4.40250944662,0.6195286977420049
,0.764999999999999,1.76228426235,0.8731893974948128
,0.7875000000000001,4.0685171621,0.5188540723850084
,0.802469135802469,3.24602031124,0.46607211117782876
,0.0,nan,nan
8,38649,0.8565776838870751,5.51857963654,0.6059056703441202
,0.8225,1.36204515964,0.8465686328241075
,0.7525000000000001,2.86268233864,0.8171436381636062
,0.78,2.8092460203,0.8083062592566466
,0.7925000000000001,2.63900456,0.8544599784468343
,0.867499999999999,0.442117312581,0.9760260893333585
,0.7575000000000001,3.93921766254,0.39780292310643295
,0.811851851851851,3.25858294617,0.49660246979988276
,0.0,nan,nan
8,39144,0.9097753024774341,3.32100150515,0.847817076726413
,0.6675,2.28547401948,0.5508797452425649
,0.5575,2.08184788716,0.1173761979041601
,0.63,3.27193644957,0.25093433518820085
,0.6425000000000001,3.63333202455,0.2502165646570428
,0.5,1.70151396685,0.11700230902000655
,0.655,1.73594993532,0.09588944177006309
,0.6666666666666661,1.59333596799,0.11677043987111484
,0.0,nan,nan
8,39247,0.8508162089494911,5.62381233486,0.5737891776479145
,0.5175000000000001,1.75301593895,0.2301096498893651
,0.65,4.20209178046,0.4202390826058693
,0.5525,1.39453348064,0.07116086103018943
,0.5750000000000001,1.59019676292,0.07512800984211528
,0.595,3.34254884663,0.36223669637622646
,0.847499999999999,3.27386782592,0.7452552019355776
,0.9037037037037031,2.47812473726,0.7711245891029495
,0.0,nan,nan
8,39495,0.8521605531015941,5.60266401067,0.5813355376469486
,0.66,2.29616277509,0.5336959364750324
,0.7225,3.64158080625,0.7191842646868576
,0.6900000000000001,4.09783553561,0.47821305397327507
,0.764999999999999,3.51406693375,0.7697109409314062
,0.5525,2.70297239683,0.23264676270629647
,0.75,3.85054552988,0.3685782620024367
,0.87358024691358,2.88549077581,0.6900840595509035
,1.0,nan,nan
8,39581,0.8943729594776261,4.08856698252,0.7907296880259762
,-0.25,5.63084938444e-06,1.9459042451372686e-07
,0.6175,3.66963968895,0.29120907708675625
,0.6675,3.93802471631,0.3874167472321891
,0.735,4.27321470815,0.6520809609083542
,0.47000000000000003,1.19041365836,0.0738495990448111
,0.9575,0.831789114602,0.9624568048622386
,0.8029629629629621,3.24715674765,0.46767536693399836
,1.0,nan,nan
8,40799,0.8536969464182831,5.57593130572,0.5899232449458987
,0.75,1.91720735896,0.7271146225524205
,0.68,4.26901227967,0.5484259769485941
,0.6225,3.09719684597,0.22704426418180165
,0.735,4.27321470815,0.6520809609083542
,0.5725,3.04314290619,0.2901976024415347
,0.9550000000000001,0.870090474216,0.9603297007847786
,0.96395061728395,1.52213093249,0.8917193419010964
,1.0,nan,nan
8,40956,0.988937968119838,0.567081508218,0.9825382586465099
,-0.25,5.63084938444e-06,1.9459042451372686e-07
,0.625,3.8274668259,0.31933424388013343
,0.72,3.97519589278,0.6002663561777775
,0.7825000000000001,2.96343288012,0.8264477152873164
,0.6575000000000001,3.47140948537,0.5810688612143591
,0.595,0.646997604404,0.02762544949044488
,0.6474074074074071,1.30521200995,0.0888943498188682
,1.0,nan,nan
8,41042,0.9097753024774341,3.32100150515,0.847817076726413
,-0.25,5.63084938444e-06,1.9459042451372686e-07
,0.34750000000000003,0.0148152133151,0.0004110325912052817
,0.444999999999999,0.150851652118,0.00511841959554318
,0.5425,0.873906778062,0.03583219379797962
,0.515,1.98478209914,0.14463392034442335
,0.8325,3.58049114992,0.6937813519387988
,0.8207407407407401,3.25281121764,0.5255547465798119
,1.0,nan,nan
8,41069,0.6005377376608411,0.0358166792104,0.0008743341217857813
,0.7725000000000001,1.75676329188,0.7684786281446658
,0.8525,0.600093500286,0.976217128986664
,0.845,1.25308315805,0.9383373689625559
,0.827499999999999,1.58272088402,0.9277598666860943
,0.8025,1.14132496729,0.9272004243818806
,0.81,3.91888671538,0.6090986828242447
,0.810864197530864,3.25816144915,0.4933843069251943
,0.0,nan,nan
8,41615,0.820741309775302,5.52682917229,0.40337468511801944
,0.9675,0.409048638103,0.9680873030701598
,0.7425,3.13862353869,0.7871287818057144
,0.847499999999999,1.2039427557,0.9414084114943727
,0.919999999999999,0.190753179285,0.9940295781362973
,0.81,1.03529130204,0.9353585619977915
,0.8775000000000001,2.5514362463,0.8328654880598929
,0.544691358024691,0.299884892714,0.014694216067021204
,1.0,nan,nan
8,41703,0.7849433454964471,4.21911175486,0.2261020268814969
,0.6975,2.2012985993,0.6183428814924293
,0.735,3.33695571209,0.7628395150868096
,0.7875000000000001,2.61863894448,0.8286625855862165
,0.6925,4.57457320971,0.4602618703074514
,0.685,3.18327322779,0.6729891648374209
,0.77,4.03847276109,0.44772880308036445
,0.7925925925925921,3.21236365669,0.4341618200785632
,1.0,nan,nan
8,41708,0.784904935663529,4.21729548887,0.22594000638369727
,0.6775,2.26464348201,0.573636533013928
,0.645,4.14836552765,0.3993581587409931
,0.735,3.7776311615,0.6585157208749799
,0.6725,4.34185133617,0.37071852055132426
,0.51,1.88902494615,0.1349498435399438
,0.665,1.97332157807,0.11442651497830433
,0.6498765432098761,1.34083712108,0.09216098821058802
,1.0,nan,nan
8,41851,0.9193393508738231,2.84943106866,0.8773111644484486
,-0.25,5.63084938444e-06,1.9459042451372686e-07
,0.6000000000000001,3.24385078475,0.23061614639120434
,0.635,3.38269644532,0.2675730404334611
,0.6425000000000001,3.63333202455,0.2502165646570428
,0.3275,0.104414032545,0.004668666016345397
,0.65,1.62185893893,0.08749633349647593
,0.8898765432098761,2.67762916115,0.7354594973184125
,1.0,nan,nan
8,43759,0.934741693873631,2.14505915637,0.9156623677759427
,0.75,1.91720735896,0.7271146225524205
,0.8174999999999991,1.18259712217,0.9458142860419112
,0.75,3.5052079938,0.7132202700009432
,0.8625,0.807669685567,0.9686185635527986
,0.7675000000000001,1.71693591678,0.8775383320200988
,0.6975,2.78522811474,0.19170148039203516
,0.7056790123456791,2.21498136671,0.19100807406885245
,1.0,nan,nan
8,44059,0.9020933358939881,3.70625182511,0.8208257384886584
,-0.25,5.63084938444e-06,1.9459042451372686e-07
,0.5125000000000001,1.04880867082,0.04833728968122178
,0.605,2.66275418361,0.1766048915964335
,0.6575000000000001,4.03134382426,0.3077917850436287
,0.5325,2.32432949628,0.18233505694173827
,0.8225,3.75150151121,0.6570961709561058
,0.9565432098765431,1.63753947277,0.8800184689627446
,0.0,nan,nan
8,44938,0.7176877280583821,1.30626502474,0.04758466723908626
,0.8125,1.44270217046,0.8325448954400088
,0.6075,3.4346043927,0.25566691364622474
,0.6425000000000001,3.53834740622,0.29353542990691384
,0.75,3.93471703434,0.7137623861554998
,0.464999999999999,1.11478147017,0.06808786856959703
,0.9275,1.36834361676,0.9298699420090715
,0.834567901234567,3.20992379984,0.5702824381717733
,1.0,nan,nan
8,50703,0.735394661033224,1.91916006165,0.07591034151912648
,0.675,2.2705469937,0.5679674491130671
,0.7125,3.85361046085,0.681681389618166
,0.7000000000000001,4.09976265796,0.5192372522533022
,0.7325,4.31954851237,0.641339351490086
,0.645,3.53684260718,0.5372209089139883
,0.74,3.70141842275,0.3307904626892886
,0.8562962962962961,3.06332407284,0.6386038942425925
,0.0,nan,nan
8,50830,0.8275398502016511,5.64359205845,0.4413757906957851
,0.6375000000000001,2.30230971083,0.4818898503167562
,0.5650000000000001,2.28450332499,0.13374670794802002
,0.66,3.84015525329,0.35823564453819634
,0.655,3.97026500923,0.29778927995496846
,0.5725,3.04314290619,0.2901976024415347
,0.81,3.91888671538,0.6090986828242447
,0.8967901234567901,2.58008720451,0.753637099223733
,0.0,nan,nan
8,50921,0.8290762435183401,5.66256959358,0.4500615038177363
,0.8325,1.28165152183,0.8597866803753307
,0.5925,3.04417223403,0.20703146166045633
,0.68,4.05275177514,0.43742454908635453
,0.64,3.56068998433,0.2412237305992982
,0.5975,3.36878184891,0.3706261833096467
,0.7025,2.90831318775,0.20593620944998514
,0.9397530864197531,1.90635511396,0.8502774727689598
,0.0,nan,nan
8,51734,0.9270213174572691,2.48718187445,0.8977969201990103
,0.56,2.04026625479,0.3109689720755431
,0.6000000000000001,3.24385078475,0.23061614639120434
,0.7225,3.94810276651,0.6101709879706338
,0.6825,4.48666331659,0.4149063585894222
,0.56,2.83669368368,0.2534243970264703
,0.7275,3.47172546133,0.2859126381813475
,0.8503703703703701,3.1123867871,0.6203022837092135
,0.0,nan,nan
8,52992,0.748454004225081,2.4661989772,0.10446524156902917
,0.6725,2.27598882858,0.5622841827839712
,0.75,2.9325460018,0.8098995089457699
,0.705,4.08446399404,0.5397023132561195
,0.71,4.58164586352,0.5406553323526269
,0.6725,3.33678649036,0.6322029496849872
,0.8225,3.75150151121,0.6570961709561058
,0.928395061728395,2.09021485615,0.827580523116765
,0.0,nan,nan
8,54491,0.8689456500864221,5.17299582104,0.672180394273282
,0.705,2.17049106133,0.6347393953280553
,0.77,2.36877195313,0.8629197251163896
,0.7975000000000001,2.36241283233,0.8535678837333869
,0.7775000000000001,3.12447366799,0.811227219407491
,0.9450000000000001,0.109804347254,0.9949097650502885
,0.9025000000000001,1.9299371908,0.8888228713989351
,0.952098765432098,1.707916592,0.8725843962724344
,0.0,nan,nan
8,54885,0.945265988092951,1.72235085539,0.9359659781713645
,0.625,2.28886608185,0.4531825395841978
,0.585,2.83867785522,0.18496809338716258
,0.55,1.34250902844,0.06773978318849133
,0.68,4.45559885316,0.4037277958306982
,0.5625,2.87978502515,0.2605701644719887
,0.8500000000000001,3.21803895436,0.7533703254410379
,0.9525925925925921,1.70006136483,0.8734258719706989
,1.0,nan,nan
8,56634,0.429652391012099,6.79437133655e-06,1.0378612905378813e-07
,0.764999999999999,1.81208821256,0.7550944178117123
,0.8525,0.600093500286,0.976217128986664
,0.845,1.25308315805,0.9383373689625559
,0.8300000000000001,1.51649542461,0.931633563302998
,0.7575000000000001,1.90069806389,0.8594552669577684
,0.9400000000000001,1.12463260307,0.9454221348116998
,0.8646913580246911,2.98308186871,0.6639923858285437
,0.0,nan,nan
8,56758,0.73808334933743,2.02563758119,0.08121275048622045
,0.8125,1.44270217046,0.8325448954400088
,0.7725000000000001,2.29877817439,0.8687540820191394
,0.8225,1.74335378355,0.9047807538931258
,0.77,3.3612335868,0.7869012098424382
,0.745,2.13697484151,0.8342251120466032
,0.68,2.34537717829,0.14679959713391783
,0.7827160493827161,3.15841601872,0.40268485812162824
,0.0,nan,nan
8,56917,0.869444977914346,5.15595356975,0.6747591693262072
,0.7325,2.02823901169,0.6925716540573028
,0.72,3.69756309636,0.710009948042017
,0.77,3.05661774018,0.7789683939051573
,0.73,4.36268169839,0.6304858857286701
,0.6575000000000001,3.47140948537,0.5810688612143591
,0.8300000000000001,3.62604157598,0.6847728168565148
,0.829629629629629,3.22992030271,0.5543794744175959
,1.0,nan,nan
8,56975,0.9289802189360471,2.3980754343,0.9025815491724484
,0.6000000000000001,2.22690044353,0.3966402318199387
,0.68,4.26901227967,0.5484259769485941
,0.7325,3.81618300838,0.6490230102121048
,0.6975,4.59593124671,0.48319452553976905
,0.7175,2.65553094626,0.7682744653828997
,0.8,4.01078670224,0.5694175825372952
,0.776296296296296,3.11295418658,0.3825502757597605
,1.0,nan,nan
8,67160,0.830036489341271,5.67300669003,0.45550406175683045
,0.68,2.25828201054,0.5792902848822059
,0.8150000000000001,1.23467016958,0.9427929880235479
,0.8500000000000001,1.15596270462,0.9443580497844299
,0.774999999999999,3.20418685258,0.8033162553089433
,0.76,1.85420121764,0.8641488227851972
,0.8625,2.92418088969,0.791781901812721
,0.88,2.80771931946,0.708361640168695
,0.0,nan,nan
8,67299,0.9328212022277701,2.22782197268,0.9114635880477808
,0.5,1.61817672346,0.20060231471093
,0.6775,4.28062895811,0.5377382770990339
,0.6825,4.06801271134,0.4475760525655995
,0.6775,4.42104808541,0.3926312698053344
,0.6625,3.43304054932,0.5983327954411093
,0.545,0.213975282305,0.007641642019148714
,0.7091358024691351,2.26958202618,0.19875929801612816
,1.0,nan,nan
8,67423,0.9385442673324371,1.98614450508,0.9235148377458711
,0.59,2.1896888106,0.3745516325257541
,0.6375000000000001,4.04692587977,0.3686106375568471
,0.6875,4.09057721227,0.4679769760364477
,0.705,4.59898967861,0.5176973040373058
,0.6775,3.27953494574,0.6487461671065219
,0.6825,2.40838308353,0.15274177199540223
,0.652839506172839,1.38414473044,0.09619785155799734
,0.0,nan,nan
8,67905,0.786863837142308,4.30930975885,0.23429160593595078
,0.6675,2.28547401948,0.5508797452425649
,0.764999999999999,2.50968627991,0.8507239878763642
,0.8,2.29855779029,0.8593940546237833
,0.7975000000000001,2.47783362218,0.8672514202089865
,0.75,2.04187485206,0.8446720074885097
,0.845,3.32849823575,0.7370019850509149
,0.8,3.23955199153,0.45806496257813356
,1.0,nan,nan
8,68565,0.8021893604762821,4.96700428656,0.30553841831348705
,0.5775,2.13395613972,0.3475185434116163
,0.6950000000000001,4.13554699761,0.6115943273070359
,0.7575000000000001,3.34635723483,0.7389218186893061
,0.7175,4.52694535755,0.5748338277723861
,0.665,3.41136146203,0.6068886384182743
,0.857499999999999,3.04429259153,0.776859499002591
,0.8958024691358021,2.59431131735,0.751081833170427
,1.0,nan,nan
8,68688,0.8899942385250621,4.29907189176,0.7723638779517474
,0.79,1.62229894596,0.7980549015899039
,0.685,4.23651354009,0.5696949046679376
,0.8025,2.23494531936,0.8650608749007398
,0.78,3.04417210296,0.8189381333990625
,0.62,3.52992837047,0.4484984858309835
,0.8075000000000001,3.94552184318,0.5992676752750213
,0.883456790123456,2.7635435309,0.717991425734018
,0.0,nan,nan
8,69217,0.777222969080084,3.84665717209,0.19495826362179938
,0.7675000000000001,1.79382901455,0.7596018540285067
,0.7000000000000001,4.06793571815,0.6321076130971948
,0.74,3.69433562109,0.6771989933050322
,0.7675000000000001,3.43825553989,0.7784016126598773
,0.6425000000000001,3.54451489802,0.528368829155475
,0.72,3.31474151946,0.26045546801411473
,0.9125925925925921,2.34184594185,0.792550453448087
,0.0,nan,nan
8,69292,0.751603610524294,2.60841970633,0.1124558425995073
,0.75,1.91720735896,0.7271146225524205
,0.74,3.20575338693,0.7791981190511141
,0.8150000000000001,1.92310071515,0.891035735175465
,0.76,3.66142685613,0.7517696630168582
,0.7875000000000001,1.37281861549,0.908375749547401
,0.74,3.70141842275,0.3307904626892886
,0.75358024691358,2.89279704272,0.31417186008554004
,0.0,nan,nan
8,70225,0.9116573842903781,3.22703545002,0.8539789881120766
,-0.25,5.63084938444e-06,1.9459042451372686e-07
,0.58,2.69993935258,0.17112121043329598
,0.64,3.48798570091,0.28475218067474745
,0.5925,2.08178345015,0.10716550968872765
,0.5375,2.42093239596,0.19419852703967405
,0.804999999999999,3.96974729638,0.5893730817929775
,0.795555555555555,3.22462945364,0.44369856057966417
,1.0,nan,nan
8,70358,0.9552525446514301,1.37326671176,0.9513797914379477
,0.5325,1.86227002857,0.2572330388680469
,0.47500000000000003,0.503338150892,0.020139527263053632
,0.48,0.355123427212,0.013556895888167147
,0.5425,0.873906778062,0.03583219379797962
,0.545,2.563847002,0.21289332030776487
,0.75,3.85054552988,0.3685782620024367
,0.8291358024691351,3.2316363869,0.5527840261869759
,1.0,nan,nan
8,70659,0.90497407336278,3.56178982938,0.8312944922391254
,0.5275000000000001,1.82664212614,0.24801040253533704
,0.6025,3.30858216981,0.2388069062619761
,0.685,4.08062960404,0.4577624091301734
,0.6950000000000001,4.58717053711,0.471714845997255
,0.55,2.65711740999,0.2259465316563431
,0.5650000000000001,0.343538060793,0.013133606830969105
,0.7832098765432091,3.16158049487,0.40424535307305665
,1.0,nan,nan
8,70707,0.853082389091607,5.58695014088,0.5864931075025689
,0.7225,2.0849485696,0.6720012889893088
,0.6675,4.2957374881,0.4948144857807592
,0.7525000000000001,3.45372726589,0.7219192612108909
,0.67,4.29740634447,0.3599187938673899
,0.6425000000000001,3.54451489802,0.528368829155475
,0.8825000000000001,2.42543161327,0.8453076896523262
,0.8493827160493821,3.11992529348,0.6172245834504464
,1.0,nan,nan
8,70749,0.8905703860188201,4.27174022494,0.7748329097905354
,0.65,2.30371936972,0.5106901143692082
,0.36,0.0223934734711,0.0006406095380875864
,0.39,0.0304215915211,0.0008768779452817572
,0.39,0.011010202052,0.0002811822197964736
,0.365,0.218891327906,0.010497963946610754
,0.6575000000000001,1.79422087367,0.1003019934809514
,0.8661728395061721,2.96768354878,0.6684004044979743
,0.0,nan,nan
8,70793,0.8893028615325521,4.33170464941,0.7693803071873451
,0.392499999999999,0.79154192741,0.07231942567489269
,0.545,1.75895785672,0.09339374191353694
,0.59,2.27990380469,0.13953611927631987
,0.66,4.08998064737,0.3179439639749886
,0.5275000000000001,2.22719121268,0.17095612340293836
,0.6125,0.896711224674,0.04104956820229227
,0.808395061728395,3.25617835205,0.48534163907615785
,0.0,nan,nan
8,70852,0.90013443441521,3.8041396553,0.8134696155930077
,0.5925,2.1996248205,0.38003836106933386
,0.6900000000000001,4.19189909995,0.5907709136229229
,0.705,4.08446399404,0.5397023132561195
,0.6975,4.59593124671,0.48319452553976905
,0.595,3.34254884663,0.36223669637622646
,0.6975,2.78522811474,0.19170148039203516
,0.799012345679012,3.23659903345,0.45486684615698425
,0.0,nan,nan
8,72086,0.8713654695602071,5.08839978907,0.6845967703892646
,0.40750000000000003,0.894906870183,0.08495973728144635
,0.5650000000000001,2.28450332499,0.13374670794802002
,0.545,1.24176769062,0.06128095565777205
,0.585,1.86340755449,0.09237757152647488
,0.41750000000000004,0.551770466118,0.029619967644799326
,0.847499999999999,3.27386782592,0.7452552019355776
,0.515061728395061,0.172988202966,0.007828461898510526
,0.0,nan,nan
8,74604,0.8229690800845011,5.57086603305,0.41573726635349684
,0.794999999999999,1.58284436446,0.8060679095258076
,0.8300000000000001,0.943159382395,0.9590636603937092
,0.827499999999999,1.62754876277,0.9132065566615675
,0.9125000000000001,0.235640839549,0.9924356265142511
,0.9075000000000001,0.222520788066,0.9888959530146649
,0.804999999999999,3.96974729638,0.5893730817929775
,0.789629629629629,3.19826904112,0.4246641378464642
,0.0,nan,nan
8,74635,0.8252736700595351,5.61054389534,0.42862271126361307
,0.382499999999999,0.726360645972,0.06473250336655119
,0.5575,2.08184788716,0.1173761979041601
,0.675,4.01442441719,0.4172523117538335
,0.5375,0.788240626972,0.03167950253921089
,0.655,3.48803457858,0.5723691954441872
,0.605,0.782683737629,0.03475847776915668
,0.769382716049382,3.05532526338,0.3612227886413595
,0.0,nan,nan
8,74688,0.8560015363933161,5.53079353508,0.6027226183465795
,0.75,1.91720735896,0.7271146225524205
,0.7000000000000001,4.06793571815,0.6321076130971948
,0.75,3.5052079938,0.7132202700009432
,0.774999999999999,3.20418685258,0.8033162553089433
,0.625,3.54619323224,0.46619186239926447
,0.5,0.0635049161061,0.001972890820192457
,0.580246913580246,0.538919736055,0.02929131397918645
,1.0,nan,nan
8,74696,0.8636450931438441,5.33980614108,0.6443068946819863
,0.6675,2.28547401948,0.5508797452425649
,0.7125,3.85361046085,0.681681389618166
,0.7175,3.99982300078,0.5902970636494147
,0.6975,4.59593124671,0.48319452553976905
,0.6950000000000001,3.03768181853,0.7041091717244431
,0.7825000000000001,4.07318625008,0.4984953859306089
,0.892839506172839,2.63641864795,0.7433323899685718
,1.0,nan,nan
8,76409,0.9366621855194931,2.06395788234,0.9197037882289506
,0.25,0.171080049988,0.011450292433282536
,0.51,1.00324292321,0.04577250677038103
,0.5325,1.01012157135,0.047237313765419134
,0.5775,1.65639584673,0.0791859461809681
,0.52,2.08141777762,0.15479913020152036
,0.7175,3.2597494488,0.2522370990494519
,0.885432098765432,2.73762607105,0.7234247581571334
,0.0,nan,nan
8,76496,0.660072978682542,0.274845642316,0.008094053001051288
,0.889999999999999,0.847400071128,0.920686348227599
,0.9175000000000001,0.118433655065,0.996241713464344
,0.8975000000000001,0.470632939853,0.9813051912087185
,0.835,1.38880981991,0.9388941358658711
,0.804999999999999,1.10523948786,0.9300084767647085
,0.9325000000000001,1.26753798337,0.9364578477103369
,0.8044444444444441,3.25025053783,0.4724883196991877
,0.0,nan,nan
8,78211,0.525676973305166,0.00143322630767,2.798812033916011e-05
,0.8025,1.52308236292,0.8177155089102994
,0.81,1.34288754187,0.9363513322448318
,0.8600000000000001,0.975925212355,0.9550015006501316
,0.8300000000000001,1.51649542461,0.931633563302998
,0.827499999999999,0.814185590578,0.9514875146189089
,0.794999999999999,4.04168636864,0.549282118617771
,0.8740740740740741,2.87971561438,0.691507568768246
,1.0,nan,nan
8,79262,0.786863837142308,4.30930975885,0.23429160593595078
,0.66,2.29616277509,0.5336959364750324
,0.7275,3.52432806159,0.7371018487266885
,0.8150000000000001,1.92310071515,0.891035735175465
,0.7575000000000001,3.73266073513,0.742526686616128
,0.827499999999999,0.814185590578,0.9514875146189089
,0.8400000000000001,3.43379629496,0.7200939460323362
,0.897283950617283,2.57294116247,0.7549094528291835
,1.0,nan,nan
8,79313,0.9217591703476091,2.73332825922,0.8840654668189141
,0.7000000000000001,2.19143982444,0.623833891099594
,0.515,1.0957246954,0.05101767543957206
,0.56,1.55688465992,0.0822229429960309
,0.6175,2.86243237708,0.16885543089993726
,0.41250000000000003,0.508408138497,0.026970691962336743
,0.764999999999999,4.00631538061,0.4276125613298516
,0.7886419753086421,3.19316867511,0.42150785585103634
,1.0,nan,nan
8,79388,0.9097753024774341,3.32100150515,0.847817076726413
,0.7925000000000001,1.60261655265,0.8020860656505535
,0.7325,3.40078945057,0.7544170674640405
,0.75,3.5052079938,0.7132202700009432
,0.77,3.3612335868,0.7869012098424382
,0.715,2.70078905113,0.7615789545524678
,0.725,3.42082035943,0.2772966439041754
,0.8069135802469131,3.2543521156,0.48051896505821473
,0.0,nan,nan
8,80513,0.8483195698098711,5.65744826078,0.5597050236687959
,0.76,1.84801112995,0.7459438279596398
,0.7075,3.94668278322,0.6621767814472114
,0.76,3.29065456953,0.7472183472809732
,0.7825000000000001,2.96343288012,0.8264477152873164
,0.5975,3.36878184891,0.3706261833096467
,0.8250000000000001,3.71162492309,0.6664254970056107
,0.8207407407407401,3.25281121764,0.5255547465798119
,1.0,nan,nan
8,80619,0.869406568081428,5.157272281,0.6745611046811921
,0.7625000000000001,1.83015212027,0.7505415757083054
,0.7775000000000001,2.1601782828,0.8799006040476467
,0.8250000000000001,1.68501516605,0.9090660382992697
,0.77,3.3612335868,0.7869012098424382
,0.6975,2.99856732171,0.711654691919751
,0.8150000000000001,3.85859634524,0.6285462288597679
,0.9777777777777771,1.31497909342,0.9113199959216729
,1.0,nan,nan
8,80759,0.854042634914538,5.56954353964,0.5918496800888997
,0.5575,2.02552400223,0.30588666782643803
,0.6675,4.2957374881,0.4948144857807592
,0.7825000000000001,2.74603805686,0.8152504486351937
,0.6675,4.2498761694,0.3492340599956297
,0.845,0.629600867516,0.9640685445228319
,0.605,0.782683737629,0.03475847776915668
,0.6167901234567901,0.904311185361,0.05527370057775228
,0.0,nan,nan
8,80766,0.8905703860188201,4.27174022494,0.7748329097905354
,0.6000000000000001,2.22690044353,0.3966402318199387
,0.645,4.14836552765,0.3993581587409931
,0.7225,3.94810276651,0.6101709879706338
,0.6975,4.59593124671,0.48319452553976905
,0.645,3.53684260718,0.5372209089139883
,0.6375000000000001,1.35290371589,0.0689297537292082
,0.8197530864197531,3.25430171235,0.5223413400490042
,1.0,nan,nan
8,80873,0.9597080852698291,1.23443956411,0.9571852865966173
,0.5,1.61817672346,0.20060231471093
,0.735,3.33695571209,0.7628395150868096
,0.7075,4.07278716458,0.5498994331787688
,0.7775000000000001,3.12447366799,0.811227219407491
,0.705,2.87561650015,0.7336878653013685
,0.6325000000000001,1.25255143578,0.06241793051488886
,0.8182716049382711,3.25614006879,0.5175187316705737
,0.0,nan,nan
8,84558,0.8444785865181481,5.69462481963,0.5378977602109469
,0.6275000000000001,2.29251015795,0.4589093587910966
,0.7925000000000001,1.76134460252,0.9092745950547861
,0.837499999999999,1.4072592888,0.9283673069687822
,0.7775000000000001,3.12447366799,0.811227219407491
,0.75,2.04187485206,0.8446720074885097
,0.7775000000000001,4.06722474926,0.4781399321725095
,0.8256790123456791,3.24219132833,0.541593957941743
,0.0,nan,nan
8,104560,0.850240061455732,5.63222849216,0.5705465890570083
,0.515,1.73417188777,0.22575063167149073
,0.4,0.0762190742023,0.0024198028511121634
,0.48,0.355123427212,0.013556895888167147
,0.485,0.224908077083,0.007498351455083763
,0.40750000000000003,0.46780732115,0.02453128334911092
,0.8500000000000001,3.21803895436,0.7533703254410379
,0.9170370370370371,2.27201281672,0.802803824644425
,0.0,nan,nan
8,104598,0.8269637027078931,5.63575801905,0.4381264873568399
,0.5,1.61817672346,0.20060231471093
,0.5825,2.7694105638,0.17795792928893694
,0.645,3.58706690041,0.3024425491410282
,0.685,4.51416071461,0.42615813962120486
,0.515,1.98478209914,0.14463392034442335
,0.67,2.0957208002,0.1245982576441204
,0.8543209876543211,3.08039806662,0.6325359037592568
,0.0,nan,nan
8,104599,0.8580756673708471,5.4851143644,0.6141476526985208
,-0.25,5.63084938444e-06,1.9459042451372686e-07
,0.5725,2.49133735992,0.15165421949100977
,0.595,2.40730506983,0.1512538240535517
,0.61,2.62332872943,0.14828456860344952
,0.47000000000000003,1.19041365836,0.0738495990448111
,0.6875,2.53456033117,0.16509912907637825
,0.8804938271604931,2.8015032032,0.7097466347079302
,1.0,nan,nan
8,104688,0.657384290378336,0.252970083257,0.00738484289769527
,0.75,1.91720735896,0.7271146225524205
,0.7275,3.52432806159,0.7371018487266885
,0.73,3.85257306987,0.6394366074213766
,0.6625,4.14603690744,0.3282395376880254
,0.7225,2.5635648663,0.7813229456589199
,0.8125,3.8898930794,0.6188601433105155
,0.743209876543209,2.76579356198,0.28481847484375955
,1.0,nan,nan
8,104824,0.882081812944113,4.65971091833,0.7369013554935101
,0.5,1.61817672346,0.20060231471093
,0.6325000000000001,3.96626773517,0.34857349230039336
,0.6000000000000001,2.53514504152,0.1636099032852152
,0.6175,2.86243237708,0.16885543089993726
,0.5675,2.96338380568,0.27517958826574584
,0.875,2.6143261757,0.8264082547641523
,0.8222222222222221,3.2501787773,0.5303718349256944
,0.0,nan,nan
8,107778,0.833877472632994,5.70365953831,0.4773585655599192
,0.78,1.69994117829,0.781442124210956
,0.68,4.26901227967,0.5484259769485941
,0.7175,3.99982300078,0.5902970636494147
,0.7375,4.22379231343,0.6627028510178876
,0.6000000000000001,3.39344148516,0.3790792944179646
,0.685,2.47147125296,0.15884158116825284
,0.589135802469135,0.616102717236,0.03441927268972432
,1.0,nan,nan
8,107870,0.765815248703668,3.28519662837,0.15427882942517926
,0.72,2.09827538828,0.6667721856358813
,0.8125,1.28810727254,0.939639798373366
,0.8225,1.74335378355,0.9047807538931258
,0.8150000000000001,1.93569575302,0.9058059185628351
,0.735,2.32786703763,0.8119008022032745
,0.909999999999999,1.75261236548,0.9026284480110441
,0.90716049382716,2.42574021567,0.7796006500393236
,0.0,nan,nan
8,107898,0.9443057422700211,1.75864840229,0.9342947083486381
,0.605,2.24291857424,0.4078155128158045
,0.7025,4.0300832128,0.6422306855552921
,0.794999999999999,2.4264312843,0.8475818542177688
,0.6975,4.59593124671,0.48319452553976905
,0.6075,3.45760216349,0.40478007926373377
,0.6175,0.978646083262,0.04573598741171483
,0.7614814814814811,2.97913261256,0.3373759633981821
,1.0,nan,nan
8,108143,0.8767428461686191,4.88343944289,0.711417924966844
,0.5625,2.05468540938,0.31608772984808226
,0.485,0.62087316314,0.025744767475837607
,0.6950000000000001,4.10423091398,0.49872274213595497
,0.625,3.10092310847,0.19121954872662109
,0.73,2.42285634529,0.8000237211817105
,0.7225,3.36846230763,0.2688097472173976
,0.8824691358024691,2.77632119101,0.7152556799798386
,0.0,nan,nan
8,108336,0.8269637027078931,5.63575801905,0.4381264873568399
,0.41750000000000004,0.967218386056,0.09426824053632993
,0.535,1.5184162467,0.07702160492090748
,0.56,1.55688465992,0.0822229429960309
,0.595,2.15676651405,0.11246348864936657
,0.387499999999999,0.330921320874,0.01660911576836588
,0.5575,0.289040882852,0.010766177307149207
,0.8469135802469131,3.1379531746,0.6094985656702709
,0.0,nan,nan
8,108341,0.8097560975609751,5.23361849602,0.3441607391924794
,0.595,2.2091426132,0.38554940810727967
,0.5825,2.7694105638,0.17795792928893694
,0.52,0.808366581346,0.035903144136180856
,0.595,2.15676651405,0.11246348864936657
,0.52,2.08141777762,0.15479913020152036
,0.8075000000000001,3.94552184318,0.5992676752750213
,0.9516049382716051,1.71577998221,0.87173903942501
,1.0,nan,nan
8,108351,0.839408488573074,5.71617222289,0.5089575106185033
,0.665,2.28951137178,0.5451609150763748
,0.65,4.20209178046,0.4202390826058693
,0.685,4.08062960404,0.4577624091301734
,0.615,2.78262066039,0.1617991149827121
,0.64,3.55034298033,0.5194998713493906
,0.6825,2.40838308353,0.15274177199540223
,0.598518518518518,0.705682109469,0.0406136675159581
,1.0,nan,nan
8,108388,0.8406376032264261,5.71384607515,0.5159821024528211
,0.58,2.14588755498,0.35286842762041637
,0.5475,1.82174039445,0.0978694094569961
,0.64,3.48798570091,0.28475218067474745
,0.5875,1.93502643916,0.09712535706876471
,0.6000000000000001,3.39344148516,0.3790792944179646
,0.6900000000000001,2.59756684581,0.17151431407533219
,0.819259259259259,3.25496751305,0.5207341108990614
,1.0,nan,nan
8,108411,0.8743230266948331,4.97842230559,0.6994850929719816
,0.515,1.73417188777,0.22575063167149073
,0.6175,3.66963968895,0.29120907708675625
,0.6575000000000001,3.80304399475,0.3486811942972089
,0.67,4.29740634447,0.3599187938673899
,0.7075,2.83295865408,0.7408237443277854
,0.875,2.6143261757,0.8264082547641523
,0.9303703703703701,2.05829333913,0.8316778238781126
,1.0,nan,nan
8,108416,0.8364893412713651,5.71424807702,0.49227142078790564
,0.7125,2.1360875518,0.6508912560067738
,0.71,3.90130917455,0.6719872657441949
,0.8174999999999991,1.86245009943,0.8957675303730557
,0.804999999999999,2.24021841585,0.884940245799304
,0.74,2.23243582842,0.823301656098239
,0.804999999999999,3.96974729638,0.5893730817929775
,0.807407407407407,3.25501382683,0.482126218086722
,1.0,nan,nan
8,108417,0.860149798348377,5.43477752453,0.6254730890907234
,0.52,1.77169466403,0.23451557359452177
,0.5825,2.7694105638,0.17795792928893694
,0.6325000000000001,3.32795335763,0.2591844529510062
,0.5325,0.708917788507,0.027939212979420806
,0.605,3.43788697638,0.39616036382373343
,0.8,4.01078670224,0.5694175825372952
,0.973333333333333,1.38022156732,0.9053311687448697
,1.0,nan,nan
8,108652,0.945265988092951,1.72235085539,0.9359659781713645
,0.5625,2.05468540938,0.31608772984808226
,0.5075000000000001,0.959028995799,0.04331994846794174
,0.6425000000000001,3.53834740622,0.29353542990691384
,0.5650000000000001,1.34060094829,0.0604947608697549
,0.43999999999999906,0.783370969322,0.0445253697443075
,0.525,0.127927737714,0.004284688163647356
,0.5560493827160491,0.36483878949,0.018459730826627864
,0.0,nan,nan
8,109008,0.8137507201843671,5.35415472484,0.365312818826838
,0.595,2.2091426132,0.38554940810727967
,0.5275000000000001,1.35028511285,0.06627090821833645
,0.5325,1.01012157135,0.047237313765419134
,0.63,3.25771678449,0.20711720471685646
,0.5,1.70151396685,0.11700230902000655
,0.6950000000000001,2.72298872371,0.18481612834302236
,0.6819753086419751,1.8349750847,0.1430019353948932
,1.0,nan,nan
8,109067,0.7877856731323211,4.35214524678,0.23828385059087537
,0.75,1.91720735896,0.7271146225524205
,0.7625000000000001,2.58041185139,0.8443613850569578
,0.794999999999999,2.4264312843,0.8475818542177688
,0.7525000000000001,3.86945845112,0.7235180677618915
,0.71,2.78956199478,0.7478520428913602
,0.8,4.01078670224,0.5694175825372952
,0.8479012345679011,3.13088318038,0.6125943028920833
,1.0,nan,nan
8,129429,0.7937776070674091,4.62179669651,0.26517766496375894
,0.76,1.84801112995,0.7459438279596398
,0.5775,2.63036910159,0.1644583149845583
,0.5875,2.21656657032,0.13391559508903483
,0.68,4.45559885316,0.4037277958306982
,0.54,2.46889340495,0.200310866467919
,0.7925000000000001,4.05325519587,0.5391628981425172
,0.8172839506172841,3.25710039084,0.5143022991533244
,1.0,nan,nan
8,129459,0.896331860956404,3.99261670923,0.798644960811734
,0.605,2.24291857424,0.4078155128158045
,0.6725,4.29447802472,0.5162952776262852
,0.6925,4.10238988133,0.4884639002509331
,0.6875,4.53801884783,0.43747412919499296
,0.6375000000000001,3.55431600243,0.5106186602233587
,0.705,2.9689752207,0.21328295833120586
,0.838024691358024,3.19289394598,0.5813497492365802
,1.0,nan,nan
8,129490,0.8252736700595351,5.61054389534,0.42862271126361307
,0.7000000000000001,2.19143982444,0.623833891099594
,0.6575000000000001,4.26062286856,0.4519911370452065
,0.754999999999999,3.40074612949,0.7304876559453649
,0.6975,4.59593124671,0.48319452553976905
,0.625,3.54619323224,0.46619186239926447
,0.889999999999999,2.23708595952,0.8627911163101464
,0.9654320987654321,1.49938039954,0.8939574836627108
,1.0,nan,nan
8,129672,0.839408488573074,5.71617222289,0.5089575106185033
,-0.25,5.63084938444e-06,1.9459042451372686e-07
,0.485,0.62087316314,0.025744767475837607
,0.38,0.0219906783926,0.0006168710539413345
,0.405,0.018860646679,0.0005003761335955867
,0.43500000000000005,0.726559909174,0.04075184573120423
,0.725,3.42082035943,0.2772966439041754
,0.901234567901234,2.51499627778,0.7649601437001217
,1.0,nan,nan
8,129907,0.9058959093527941,3.51551052222,0.8345565476210951
,0.6075,2.25026270151,0.4134320825832575
,0.65,4.20209178046,0.4202390826058693
,0.63,3.27193644957,0.25093433518820085
,0.65,3.84135457141,0.2782566415113253
,0.54,2.46889340495,0.200310866467919
,0.65,1.62185893893,0.08749633349647593
,0.725432098765432,2.51873508796,0.2377970792788598
,0.0,nan,nan
8,129987,0.9306702515844051,2.32241148174,0.9065702753417753
,0.5,1.61817672346,0.20060231471093
,0.6575000000000001,4.26062286856,0.4519911370452065
,0.6875,4.09057721227,0.4679769760364477
,0.6575000000000001,4.03134382426,0.3077917850436287
,0.6575000000000001,3.47140948537,0.5810688612143591
,0.5625,0.324525207068,0.012298708580597617
,0.6869135802469131,1.91418898956,0.15225899054590872
,0.0,nan,nan
8,130043,0.8598041098521221,5.44348467322,0.6235928404143639
,0.804999999999999,1.503043954,0.8214981768524967
,0.8300000000000001,0.943159382395,0.9590636603937092
,0.899999999999999,0.445929315353,0.9824506797182723
,0.764999999999999,3.51406693375,0.7697109409314062
,0.6950000000000001,3.03768181853,0.7041091717244431
,0.865,2.86312082662,0.7990161523325179
,0.942716049382716,1.85845822079,0.8558549474428174
,0.0,nan,nan
8,130166,0.918225465719224,2.90340542358,0.8741071940676793
,0.875,0.953909549232,0.907184002371051
,0.7875000000000001,1.89086746054,0.9001456760720138
,0.9325000000000001,0.208311750126,0.9926910498104475
,0.9325000000000001,0.132136151814,0.9960283499184907
,0.875,0.390853689951,0.9791464642173667
,0.8600000000000001,2.98460246885,0.7843957799346353
,0.8681481481481481,2.94660055323,0.6742417755233052
,0.0,nan,nan
8,130586,0.892452467831764,4.18164582966,0.7827880795292117
,-0.25,5.63084938444e-06,1.9459042451372686e-07
,0.20750000000000002,5.36692642803e-05,1.101162996599699e-06
,0.28500000000000003,0.000605847490192,1.352922546339814e-05
,0.35750000000000004,0.00316816996757,7.475703512440309e-05
,0.25,0.0186829901977,0.0007274776279656081
,0.42750000000000005,0.00582860637144,0.00014949221345827716
,0.741728395061728,2.74650928869,0.2807352546280072
,0.0,nan,nan
8,134922,0.857922028039178,5.48865937067,0.6133046507396228
,0.4375,1.11869936355,0.11511365977201661
,0.6925,4.16516263157,0.6012178467689572
,0.725,3.91859601053,0.6200048585294966
,0.6775,4.42104808541,0.3926312698053344
,0.635,3.55642620815,0.5017298437709563
,0.79,4.06220468067,0.5290180255651881
,0.679012345679012,1.78765223318,0.13763512727002547
,0.0,nan,nan
8,134923,0.879969272133666,4.7504109809,0.7269612486402459
,0.6725,2.27598882858,0.5622841827839712
,0.6825,4.25429691725,0.5590807560697628
,0.725,3.91859601053,0.6200048585294966
,0.7025,4.60185128625,0.506195443980852
,0.68,3.24878360735,0.6569068522477206
,0.735,3.61484494152,0.31249667693893346
,0.77037037037037,3.06408956764,0.3642447361883506
,0.0,nan,nan
8,135551,0.823314768580756,5.57720243815,0.41766414974811983
,0.7825000000000001,1.68071278299,0.7856679692906224
,0.7575000000000001,2.72188815695,0.8311055318914741
,0.8250000000000001,1.68501516605,0.9090660382992697
,0.7725000000000001,3.28315851808,0.7952069030232569
,0.6425000000000001,3.54451489802,0.528368829155475
,0.774999999999999,4.06026855542,0.4679800151840037
,0.7629629629629631,2.99422029176,0.3418007137030742
,1.0,nan,nan
8,135973,0.849241405799884,5.64588903372,0.5649150129681011
,0.6675,2.28547401948,0.5508797452425649
,0.8,1.57488108204,0.9217792207383256
,0.7925000000000001,2.49053148706,0.8414356591210265
,0.7825000000000001,2.96343288012,0.8264477152873164
,0.745,2.13697484151,0.8342251120466032
,0.8975000000000001,2.05136438271,0.8788705570300649
,0.9017283950617281,2.50766055294,0.7662003066928262
,1.0,nan,nan
8,136122,0.8521605531015941,5.60266401067,0.5813355376469486
,0.5225000000000001,1.79019838274,0.23896797737066133
,0.78,2.09174521244,0.8852153735971723
,0.745,3.60330592058,0.6954461842349918
,0.745,4.05821214558,0.6937760012393452
,0.61,3.47560284677,0.41344694581255853
,0.8325,3.58049114992,0.6937813519387988
,0.653827160493827,1.39871076784,0.0975720959440658
,1.0,nan,nan
8,136139,0.7495678893796811,2.51609196461,0.107240049293893
,0.8225,1.36204515964,0.8465686328241075
,0.8025,1.51501811889,0.9256413449877918
,0.837499999999999,1.4072592888,0.9283673069687822
,0.784999999999999,2.88240385174,0.8337550563868166
,0.76,1.85420121764,0.8641488227851972
,0.845,3.32849823575,0.7370019850509149
,0.9422222222222221,1.86643315073,0.8549352213267476
,1.0,nan,nan
8,136288,0.852506241597849,5.59688627613,0.5832713194793346
,0.7425,1.96648902809,0.7125492639700998
,0.7375,3.27190391523,0.7711008309633831
,0.8125,1.98440944629,0.8861514782784901
,0.7925000000000001,2.63900456,0.8544599784468343
,0.6225,3.53898259546,0.4573350072675286
,0.827499999999999,3.66977935374,0.6756526546698844
,0.93679012345679,1.95433239152,0.8445579488072807
,1.0,nan,nan
8,136820,0.9385442673324371,1.98614450508,0.9235148377458711
,0.6025,2.23512954649,0.40221786046984914
,0.6275000000000001,3.87598321208,0.3289640079264784
,0.655,3.76380294698,0.33922219948584575
,0.6175,2.86243237708,0.16885543089993726
,0.5650000000000001,2.92203493502,0.2678226209478963
,0.655,1.73594993532,0.09588944177006309
,0.852345679012345,3.09675640359,0.6264348916244231
,1.0,nan,nan
8,136846,0.7226810063376221,1.46322505666,0.05449386840145665
,0.7625000000000001,1.83015212027,0.7505415757083054
,0.8075000000000001,1.39898610425,0.9329242619730354
,0.7925000000000001,2.49053148706,0.8414356591210265
,0.804999999999999,2.24021841585,0.884940245799304
,0.875,0.390853689951,0.9791464642173667
,0.6525000000000001,1.67848023666,0.09162157601549978
,0.6074074074074071,0.798328265228,0.047292540249682435
,0.0,nan,nan
8,137085,0.660418667178797,0.277774877528,0.008189569497611009
,0.847499999999999,1.162650809,0.8781157856142936
,0.8400000000000001,0.776951166946,0.9676455242953343
,0.875,0.742147613867,0.9678325812590425
,0.8775000000000001,0.576789972269,0.9789295598910341
,0.8500000000000001,0.583295904531,0.9670996333849569
,0.9400000000000001,1.12463260307,0.9454221348116998
,0.8148148148148141,3.25857165472,0.5062579862414935
,0.0,nan,nan
8,137869,0.0,6.27284929271e-24,4.7767899288694033e-26
,0.8150000000000001,1.42254222826,0.8361264536096539
,0.875,0.360656516555,0.9868477378193168
,0.905,0.399550102305,0.9845627221381071
,0.8700000000000001,0.684983037151,0.9742067266895105
,0.8625,0.479271058524,0.9737236392087536
,0.972499999999999,0.626406422147,0.9733414548980545
,0.9772839506172831,1.32215989289,0.9106688512130612
,0.0,nan,nan
8,138039,0.8560015363933161,5.53079353508,0.6027226183465795
,0.655,2.30090282017,0.5222024731896392
,0.6975,4.10311510488,0.6218932347119068
,0.63,3.27193644957,0.25093433518820085
,0.6375000000000001,3.48665362157,0.23241427667142123
,0.6075,3.45760216349,0.40478007926373377
,0.7325,3.56882370838,0.3035167254265703
,0.716049382716049,2.37721697887,0.2148236624455374
,0.0,nan,nan
8,140859,0.9577491837910501,1.29419010064,0.9547089468707968
,0.4375,1.11869936355,0.11511365977201661
,0.5975,3.17812799394,0.22258847849901767
,0.65,3.67923045961,0.32061131826822103
,0.6000000000000001,2.30951006225,0.12362773963838844
,0.59,3.28553034025,0.34566401769155614
,0.59,0.585974807848,0.02454487468205652
,0.6948148148148141,2.04127756357,0.1678854997235521
,1.0,nan,nan
8,140984,0.8857307470712501,4.49712377843,0.7536098467454448
,0.645,2.30460514385,0.4991684977232005
,0.754999999999999,2.79242547612,0.8242125930259528
,0.7625000000000001,3.2337331898,0.7553740759193799
,0.7425,4.11616311645,0.6835574807281044
,0.6925,3.07576569076,0.6964671417032564
,0.8925000000000001,2.17479057936,0.86830589328897
,0.9160493827160491,2.28761164757,0.8005521547201955
,1.0,nan,nan
8,141053,1.0,0.408777172442,0.9878956382951953
,0.625,2.28886608185,0.4531825395841978
,0.65,4.20209178046,0.4202390826058693
,0.645,3.58706690041,0.3024425491410282
,0.7025,4.60185128625,0.506195443980852
,0.5,1.70151396685,0.11700230902000655
,0.7025,2.90831318775,0.20593620944998514
,0.611358024691358,0.841933945825,0.05053207404774593
,1.0,nan,nan
8,141356,0.811791818705588,5.29692316469,0.3548800105953992
,0.7025,2.18116854898,0.6292997368576849
,0.794999999999999,1.69809253182,0.9135986718532265
,0.8250000000000001,1.68501516605,0.9090660382992697
,0.8400000000000001,1.2677090536,0.9455326412445265
,0.8425,0.653800697287,0.9624644396563893
,0.9475,0.992074146543,0.9533532226899835
,0.8508641975308641,3.10854809019,0.6218383189112608
,1.0,nan,nan
8,142811,0.8137507201843671,5.35415472484,0.365312818826838
,0.635,2.30057970178,0.4761361382415563
,0.58,2.69993935258,0.17112121043329598
,0.595,2.40730506983,0.1512538240535517
,0.675,4.38309998256,0.3816253867336288
,0.535,2.37272554797,0.1882064093290835
,0.7825000000000001,4.07318625008,0.4984953859306089
,0.714567901234567,2.35435680732,0.21131877785686315
,1.0,nan,nan
8,142951,0.8876896485500281,4.40710144567,0.7623313845699323
,0.6475000000000001,2.30440386796,0.5049298596861813
,0.764999999999999,2.50968627991,0.8507239878763642
,0.804999999999999,2.17165194264,0.8705690472092789
,0.7375,4.22379231343,0.6627028510178876
,0.68,3.24878360735,0.6569068522477206
,0.784999999999999,4.07218012674,0.5086776478295327
,0.929382716049382,2.07426071671,0.8296370554438335
,0.0,nan,nan
8,143324,0.8636835029767621,5.33869393647,0.6445119743885548
,0.5750000000000001,2.12164631262,0.342198962270512
,0.66,4.27406454173,0.4626601376307119
,0.5725,1.84617226835,0.10346973134674328
,0.625,3.10092310847,0.19121954872662109
,0.59,3.28553034025,0.34566401769155614
,0.6775,2.28253261969,0.14101475158122617
,0.6972839506172831,2.08094141022,0.17297467233158514
,1.0,nan,nan
8,145305,0.9097753024774341,3.32100150515,0.847817076726413
,0.605,2.24291857424,0.4078155128158045
,0.745,3.07063350869,0.7948905199437744
,0.7675000000000001,3.11661824839,0.771251665284896
,0.6875,4.53801884783,0.43747412919499296
,0.6575000000000001,3.47140948537,0.5810688612143591
,0.725,3.42082035943,0.2772966439041754
,0.7970370370370371,3.23006956512,0.4484798763958613
,1.0,nan,nan
8,145335,0.693796811983867,0.721748261001,0.02388709141847387
,0.5225000000000001,1.79019838274,0.23896797737066133
,0.5425,1.69718670419,0.08907377723666457
,0.55,1.34250902844,0.06773978318849133
,0.5,0.33202523196,0.0116317251695056
,0.5875,3.25483402747,0.3374882665286976
,0.8,4.01078670224,0.5694175825372952
,0.79753086419753,3.23177967628,0.45007539685596026
,0.0,nan,nan
8,145444,0.8017284424812751,4.9493054012,0.3032531095748248
,0.725,2.0712733809,0.6771966381708754
,0.754999999999999,2.79242547612,0.8242125930259528
,0.8525,1.10915914716,0.9471892055106345
,0.6925,4.57457320971,0.4602618703074514
,0.7975000000000001,1.21568037909,0.9213091144020815
,0.794999999999999,4.04168636864,0.549282118617771
,0.861728395061728,3.01278664796,0.655109254093091
,1.0,nan,nan
8,146557,0.8974841559439211,3.93577337633,0.8032129088375577
,-0.25,5.63084938444e-06,1.9459042451372686e-07
,0.72,3.69756309636,0.710009948042017
,0.73,3.85257306987,0.6394366074213766
,0.6825,4.48666331659,0.4149063585894222
,0.5700000000000001,3.0037725818,0.28263873987811916
,0.74,3.70141842275,0.3307904626892886
,0.9002469135802461,2.52960776838,0.7624689745630038
,0.0,nan,nan
8,146877,0.5736892644516991,0.0123565400537,0.0002778168393685054
,0.8075000000000001,1.48296183252,0.8252306922558192
,0.715,3.80368473275,0.6912534620983345
,0.865,0.893152565703,0.9596721704566369
,0.5625,1.28216101211,0.05721664600812466
,0.8400000000000001,0.678710940082,0.9607989490078884
,0.865,2.86312082662,0.7990161523325179
,0.863209876543209,2.99811831302,0.6595618221116437
,1.0,nan,nan
8,146928,0.837718455924716,5.71633561717,0.49929635991887233
,0.7000000000000001,2.19143982444,0.623833891099594
,0.8600000000000001,0.509613470399,0.9803714779399786
,0.855,1.06354528148,0.9499048370095018
,0.8174999999999991,1.86238827496,0.9105532625093182
,0.8150000000000001,0.968341353272,0.9403663880371569
,0.885,2.36248221053,0.8512925605590473
,0.803456790123456,3.24824063398,0.4692791709203362
,1.0,nan,nan
8,146993,0.37584021509506405,1.81166146366e-07,2.461178955607612e-09
,0.8125,1.44270217046,0.8325448954400088
,1.0,0.00795217970747,0.999796966278623
,1.0,0.0300189892858,0.9991435218017187
,1.0,0.0133515395422,0.9996676117708426
,0.9500000000000001,0.0994875488622,0.995432617036912
,0.8,4.01078670224,0.5694175825372952
,0.8528395061728391,3.0927345933,0.6279631628749067
,1.0,nan,nan
8,147026,0.8626848473209141,5.36713405146,0.6391661737165565
,0.5,1.61817672346,0.20060231471093
,0.615,3.6132938857,0.28210504751471094
,0.655,3.76380294698,0.33922219948584575
,0.625,3.10092310847,0.19121954872662109
,0.52,2.08141777762,0.15479913020152036
,0.645,1.51133408171,0.07966490594924708
,0.815802469135802,3.25814257331,0.5094761342243588
,1.0,nan,nan
8,147101,0.861724601497983,5.39353340819,0.6339996557925356
,0.625,2.28886608185,0.4531825395841978
,0.7225,3.64158080625,0.7191842646868576
,0.865,0.893152565703,0.9596721704566369
,0.6825,4.48666331659,0.4149063585894222
,0.8600000000000001,0.498779007181,0.9725012080695206
,0.8525,3.16110449086,0.7613444753664668
,0.9007407407407401,2.52231211546,0.7637163630254125
,0.0,nan,nan
8,147111,0.9010946802381411,3.75620479431,0.8170995186318207
,0.595,2.2091426132,0.38554940810727967
,0.774999999999999,2.2292174618,0.8744139769808952
,0.735,3.7776311615,0.6585157208749799
,0.6225,3.02172242544,0.1835661554576496
,0.605,3.43788697638,0.39616036382373343
,0.837499999999999,3.48428307828,0.7114460310116693
,0.852345679012345,3.09675640359,0.6264348916244231
,1.0,nan,nan
8,147193,0.752294987516804,2.64009846264,0.11427018580878107
,0.75,1.91720735896,0.7271146225524205
,0.7825000000000001,2.02399880526,0.8903599024439395
,0.7825000000000001,2.74603805686,0.8152504486351937
,0.7975000000000001,2.47783362218,0.8672514202089865
,0.8500000000000001,0.583295904531,0.9670996333849569
,0.75,3.85054552988,0.3685782620024367
,0.6439506172839501,1.25608055428,0.08446767952980824
,1.0,nan,nan
8,819,0.8252736700595351,5.61054389534,0.42862271126361307
,0.725,2.0712733809,0.6771966381708754
,0.7075,3.94668278322,0.6621767814472114
,0.7025,4.09346168234,0.5294793459729412
,0.7225,4.47186796126,0.5973369348733608
,0.7775000000000001,1.5403638578,0.8938180033722043
,0.8300000000000001,3.62604157598,0.6847728168565148
,0.7214814814814811,2.45989587414,0.22796235757675
,0.0,nan,nan
8,1942,0.8467447666602651,5.67484406607,0.5507815682160059
,0.715,2.12385250847,0.6562162592556522
,0.5925,3.04417223403,0.20703146166045633
,0.6725,3.99143383908,0.40724446475174425
,0.6075,2.54410142872,0.1418253602948128
,0.585,3.22274248631,0.32939101029538
,0.784999999999999,4.07218012674,0.5086776478295327
,0.755061728395061,2.90971225878,0.3184700552161073
,0.0,nan,nan
8,1993,0.8857307470712501,4.49712377843,0.7536098467454448
,0.6625,2.29307504617,0.5394325831234805
,0.7525000000000001,2.86268233864,0.8171436381636062
,0.7375,3.73699005964,0.6679094248796571
,0.835,1.38880981991,0.9388941358658711
,0.63,3.55504276437,0.48394805650833544
,0.905,1.87012957376,0.8935728187578884
,0.905679012345679,2.44829455632,0.7759902352907463
,0.0,nan,nan
