user,id,mealScore,mealScore_pdf,mealScore_cdf,serviceScore,serviceScore_pdf,serviceScore_cdf,equipmentScore,equipmentScore_pdf,equipmentScore_cdf,locationScore,locationScore_pdf,locationScore_cdf,roomScore,roomScore_pdf,roomScore_cdf,bathScore,bathScore_pdf,bathScore_cdf
16,101,0.6975,2.75421944101,0.5288393427233207
,0.73,4.29825259746,0.6025256422298874
,0.655,3.95281136149,0.41688379362014066
,0.9400000000000001,1.88974970255,0.9196237609651394
,0.6000000000000001,2.34464854433,0.16794577154591644
,0.625,3.40315619561,0.523405058661837
16,192,0.6675,2.59028346845,0.44836221065350546
,0.66,4.16991859681,0.2906125009609105
,0.63,3.52790683866,0.32306795086378587
,0.745,3.03257720239,0.26342438673165397
,0.6775,3.61536509945,0.4045091580509596
,0.5325,3.21709194954,0.1784775425717967
16,223,0.5825,1.76532404145,0.26181166453647187
,0.6775,4.46021439228,0.3663873812811109
,0.6375000000000001,3.67017241522,0.3500671801010521
,0.605,0.506928950384,0.01766958348048596
,0.605,2.44627076773,0.17992335553949182
,0.5575,3.79056700036,0.2668237844560614
16,388,0.7825000000000001,2.40322562507,0.7568924243397166
,0.7675000000000001,3.50725367006,0.7500567970093828
,0.7575000000000001,3.07779755101,0.8178087794679938
,0.915,2.66800003822,0.8626284719484514
,0.7675000000000001,3.23450634556,0.7312865768968467
,0.675,2.48779322758,0.6694911410111078
16,398,0.847499999999999,1.52737304986,0.8857974878677345
,0.66,4.16991859681,0.2906125009609105
,0.635,3.62390897406,0.34094932127767674
,0.61,0.568883944616,0.02035708714705084
,0.6325000000000001,2.97854884801,0.2546532042920863
,0.545,3.54894094473,0.22084730238144912
16,462,0.7075,2.77872781074,0.5565180107887129
,0.8300000000000001,1.77712855738,0.9155227974808112
,0.7975000000000001,1.85604461488,0.916527180852942
,0.79,3.5645574532,0.4124145375122574
,0.68,3.6376147152,0.4135757265068349
,0.64,3.1039021698,0.5722149949552982
16,509,0.8225,1.88663889729,0.8431169106906085
,0.6950000000000001,4.56894108065,0.44565569347895684
,0.6375000000000001,3.67017241522,0.3500671801010521
,0.919999999999999,2.51469149259,0.875586605747044
,0.6950000000000001,3.73484835147,0.4689489456182878
,0.5125000000000001,2.56468417977,0.1204889882986565
16,568,0.5675,1.62020625336,0.23643069562116434
,0.7975000000000001,2.68576113931,0.8431761352912046
,0.685,4.19656725898,0.5400289606810182
,0.9450000000000001,1.73758018341,0.9286906014589389
,0.6625,3.44905972199,0.3514581653356131
,0.865,0.640985566212,0.9620763806964506
16,570,0.857499999999999,1.38570470765,0.9003602293033892
,0.7825000000000001,3.10771969453,0.7997076017050588
,0.754999999999999,3.14995832736,0.810023808127762
,0.8775000000000001,3.59554832547,0.7436198458176335
,0.8625,1.19643287222,0.942793046190397
,0.735,1.86636331051,0.7982727906496052
16,610,0.8225,1.88663889729,0.8431169106906085
,0.725,4.37067880529,0.5808492920055967
,0.6875,4.19934490538,0.5505244742812359
,0.9175000000000001,2.59176726394,0.8692033760324183
,0.7825000000000001,2.95119731462,0.7777354364702794
,0.615,3.59047007915,0.48842151718319304
16,630,0.7725000000000001,2.5067162503,0.7323314897952987
,0.68,4.4868700231,0.3775720181270693
,0.6375000000000001,3.67017241522,0.3500671801010521
,0.6875,2.01605341035,0.11617248275811137
,0.74,3.61240692187,0.6366676410247005
,0.5575,3.79056700036,0.2668237844560614
16,658,0.63,2.25355511521,0.35722496628785994
,0.5775,1.46532912976,0.05306254579167306
,0.54,1.59521918098,0.09295594691395659
,0.665,1.53850604937,0.07618062703400752
,0.59,2.14031624149,0.14552059180399968
,0.47750000000000004,1.39850304283,0.05167517333808002
16,659,0.62,2.15126976985,0.3351987454990456
,0.6125,2.68138959971,0.1249896760883033
,0.5925,2.72094646511,0.20558136317957085
,0.65,1.23132711153,0.0554315354069563
,0.645,3.19330865543,0.29325102961241356
,0.47750000000000004,1.39850304283,0.05167517333808002
16,716,0.8025,2.16096308794,0.8026032030471638
,0.7225,4.40317898867,0.5698814378263102
,0.715,4.02427433737,0.6644741311390079
,0.735,2.88841942174,0.23380850041733553
,0.8325,1.82810739175,0.897696055582708
,0.645,3.00513998013,0.5874867902422873
16,767,0.7325,2.76314878836,0.6260265757911742
,0.6950000000000001,4.56894108065,0.44565569347895684
,0.6625,4.04650637778,0.44689308763010327
,0.8725,3.67514037656,0.7254380282666337
,0.7000000000000001,3.75267972781,0.48767091229617376
,0.5975,3.84808904577,0.4231640720196084
16,839,0.735,2.75533391244,0.6329249174979433
,0.8150000000000001,2.18816154984,0.8858128198529909
,0.7875000000000001,2.15804396027,0.8964670749545731
,0.925,2.35875445384,0.8877710062419365
,0.845,1.55197975428,0.9188065093728999
,0.7275,1.92939402392,0.7840389947848083
16,858,0.5675,1.62020625336,0.23643069562116434
,0.61,2.58944695604,0.11840112037744142
,0.635,3.62390897406,0.34094932127767674
,0.6475000000000001,1.18236391156,0.05241458378136615
,0.65,3.27230599222,0.3094168783688156
,0.5525,3.70603205377,0.24807528450002134
16,864,0.75,2.68467751835,0.6737754902005358
,0.6900000000000001,4.55621110332,0.4228368410408113
,0.6375000000000001,3.67017241522,0.3500671801010521
,0.919999999999999,2.51469149259,0.875586605747044
,0.71,3.76525735814,0.5252865960131271
,0.5625,3.85794121001,0.28595233532589764
16,922,0.4525,0.824430840639,0.10090553177847883
,0.605,2.4059226671,0.10591311944165284
,0.595,2.776992403,0.21245379699991893
,0.6825,1.91052532622,0.10635555529383348
,0.5750000000000001,1.83668625704,0.11570207519671888
,0.454999999999999,0.824481634756,0.02701789846845325
16,930,0.7125,2.78458146866,0.5704281041498748
,0.78,3.17632027459,0.7918524134880296
,0.75,3.28992503675,0.793921515683466
,0.885,3.45372970796,0.7700710736262807
,0.7925000000000001,2.74061785516,0.8062064511684973
,0.685,2.35247431604,0.6936769210238599
16,995,0.7875000000000001,2.34667447495,0.768768422048101
,0.5775,1.46532912976,0.05306254579167306
,0.51,1.05952238111,0.05340328358482581
,0.65,1.23132711153,0.0554315354069563
,0.5325,1.06437327038,0.054680570132275196
,0.52,2.82070998309,0.14068962161792178
16,996,0.625,2.20272680725,0.3460839522731845
,0.65,3.92727116515,0.25008342343140166
,0.6000000000000001,2.88881559128,0.22661852122412718
,0.725,2.73037673717,0.20570240209152243
,0.6375000000000001,3.06715942375,0.26976886512111603
,0.5325,3.21709194954,0.1784775425717967
16,1119,0.5,1.09037293701,0.14611471303409718
,0.6000000000000001,2.22418983288,0.09433890265130732
,0.545,1.69423650458,0.10117857447364638
,0.7325,2.85026495754,0.22663496068397443
,0.58,1.93703810404,0.12513591039269595
,0.5075000000000001,2.39067553367,0.10810003885099205
16,1128,0.8700000000000001,1.21450958784,0.9166032927953938
,0.7425,4.07815953549,0.6549327683124607
,0.6925,4.19579970753,0.5715174434375749
,0.7725000000000001,3.37446739465,0.3516719386155089
,0.6775,3.61536509945,0.4045091580509596
,0.6025,3.78693389826,0.4422564994574325
16,1186,0.5750000000000001,1.69171369486,0.24884899852237544
,0.7225,4.40317898867,0.5698814378263102
,0.6175,3.27165332554,0.28054974534273236
,0.67,1.64431494826,0.0841372582785024
,0.6625,3.44905972199,0.3514581653356131
,0.65,2.9088257174,0.6022704857672249
16,1356,0.79,2.3173092731,0.7745985472678909
,0.7575000000000001,3.75294358833,0.7137393271210564
,0.774999999999999,2.5462443322,0.8670700819812238
,0.925,2.35875445384,0.8877710062419365
,0.8125,2.28864899887,0.8565457236738663
,0.73,1.90832430895,0.788836122557016
16,1357,0.76,2.61568581444,0.7002913982784942
,0.8025,2.5430854046,0.8562483571737756
,0.78,2.39047993012,0.8794119420382378
,0.835,3.89248339948,0.5815500979644016
,0.8075000000000001,2.40395325032,0.8448138757356183
,0.72,1.99352787687,0.7693291427579472
16,1386,0.5825,1.76532404145,0.26181166453647187
,0.6975,4.56998897437,0.45708008402768485
,0.7025,4.15125831174,0.6132948337446196
,0.8600000000000001,3.8200425905,0.6785125256437728
,0.7425,3.58690176886,0.645667171551065
,0.6525000000000001,2.86186940418,0.6094836707326381
16,1404,0.75,2.68467751835,0.6737754902005358
,0.6725,4.39566172189,0.3442414551853473
,0.6725,4.13950208129,0.4878556015620239
,0.75,3.10001712221,0.2787570625988245
,0.7875000000000001,2.84769856943,0.7922342917238033
,0.77,1.55968136437,0.8583319407699589
16,1500,0.6875,2.71362470579,0.5014872799368782
,0.73,4.29825259746,0.6025256422298874
,0.5675,2.16584794652,0.14453299859008328
,0.9375,1.96702020987,0.9148029366888644
,0.5825,1.98760039008,0.1300416621736987
,0.387499999999999,0.0978178353539,0.0026808590933808853
16,1501,0.55,1.46273804949,0.20947499159684416
,0.6425000000000001,3.71353288262,0.22141480951205805
,0.505,0.981273481009,0.04830270881716814
,0.9450000000000001,1.73758018341,0.9286906014589389
,0.6025,2.39554536581,0.17387104453182117
,0.4,0.152308442696,0.0042209842346498175
16,1511,0.6075,2.02128809217,0.309119265656657
,0.6125,2.68138959971,0.1249896760883033
,0.52,1.22596599433,0.0648199043098859
,0.8700000000000001,3.71032003998,0.7162055573129241
,0.54,1.1867529657,0.06311786973131837
,0.5925,3.89675140016,0.40379643852831676
16,1556,0.705,2.77417690059,0.5495766568818363
,0.675,4.42980889714,0.35527407136376216
,0.6625,4.04650637778,0.44689308763010327
,0.7825000000000001,3.48528255656,0.3859754664314683
,0.705,3.7628686232,0.5064630033592123
,0.6525000000000001,2.86186940418,0.6094836707326381
16,1630,0.8525,1.45614164642,0.8932559921026383
,0.6525000000000001,3.99272853387,0.25998405997845636
,0.6325000000000001,3.57645715166,0.33194862548959014
,0.64,1.04053958536,0.04408369950935911
,0.6825,3.65819581012,0.42269584115111436
,0.6075,3.7149400333,0.46101534110072506
16,1667,0.75,2.68467751835,0.6737754902005358
,0.68,4.4868700231,0.3775720181270693
,0.6625,4.04650637778,0.44689308763010327
,0.8,3.66400482797,0.44856421421953174
,0.6175,2.69558237738,0.2120689584615455
,0.49,1.7906870869,0.07156251120203057
16,1680,0.784999999999999,2.37532429484,0.7628657710670863
,0.7925000000000001,2.82785664061,0.8293917132001146
,0.6950000000000001,4.18939051371,0.5819995815562025
,0.8700000000000001,3.71032003998,0.7162055573129241
,0.7275,3.71089852603,0.5908459769215691
,0.6975,2.20749039232,0.7221513330422302
16,1725,0.615,2.09940367213,0.32457193567010745
,0.685,4.52895442506,0.40011780088326476
,0.6000000000000001,2.88881559128,0.22661852122412718
,0.7425,2.99774891946,0.2558863188091959
,0.6475000000000001,3.23335096888,0.30128457547513127
,0.625,3.40315619561,0.523405058661837
16,1764,0.7725000000000001,2.5067162503,0.7323314897952987
,0.7075,4.54030372099,0.5026757201873157
,0.67,4.11995103537,0.4775307502219346
,0.857499999999999,3.83980961206,0.6689370825852239
,0.7425,3.58690176886,0.645667171551065
,0.645,3.00513998013,0.5874867902422873
16,1770,0.635,2.30352427168,0.3686180720205919
,0.6025,2.31473685519,0.10001240863170084
,0.5775,2.38562776401,0.16728661219581084
,0.835,3.89248339948,0.5815500979644016
,0.64,3.11016235793,0.27749070710794704
,0.5525,3.70603205377,0.24807528450002134
16,1799,0.8250000000000001,1.85103885837,0.8477890465360209
,0.81,2.32941838443,0.8745194471943264
,0.8400000000000001,0.810549649611,0.9715375784727145
,0.8,3.66400482797,0.44856421421953174
,0.885,0.811052198154,0.9652117474982782
,0.8500000000000001,0.77194851616,0.9514943444077494
16,1872,0.6075,2.02128809217,0.309119265656657
,0.66,4.16991859681,0.2906125009609105
,0.6075,3.05510049713,0.24890965357696462
,0.9475,1.66297385046,0.9329410644773324
,0.6475000000000001,3.23335096888,0.30128457547513127
,0.52,2.82070998309,0.14068962161792178
16,1927,0.5,1.09037293701,0.14611471303409718
,0.66,4.16991859681,0.2906125009609105
,0.5775,2.38562776401,0.16728661219581084
,0.8400000000000001,3.89858322603,0.6010315307549768
,0.5775,1.88671945963,0.12035626859068059
,0.52,2.82070998309,0.14068962161792178
16,1996,0.62,2.15126976985,0.3351987454990456
,0.67,4.35779267656,0.333298864645834
,0.525,1.31393870159,0.07116838967321322
,0.7325,2.85026495754,0.22663496068397443
,0.495,0.566991176825,0.024706763910879594
,0.6000000000000001,3.81897255912,0.4327485293152053
16,1997,0.7775000000000001,2.45665485938,0.7447413698392311
,0.6900000000000001,4.55621110332,0.4228368410408113
,0.6625,4.04650637778,0.44689308763010327
,0.67,1.64431494826,0.0841372582785024
,0.685,3.67707171491,0.4318652845211011
,0.59,3.91591984497,0.3940298513798281
16,2335,0.75,2.68467751835,0.6737754902005358
,0.675,4.42980889714,0.35527407136376216
,0.5825,2.4969418208,0.17949273740206814
,0.6900000000000001,2.06831256466,0.12127802273084036
,0.64,3.11016235793,0.27749070710794704
,0.485,1.62868110192,0.06301663027370989
16,2465,-0.25,1.17713911715e-05,4.1878728421681227e-07
,0.7225,4.40317898867,0.5698814378263102
,0.7775000000000001,2.46837692578,0.8733383800487757
,0.7225,2.68856847831,0.1989285270665608
,0.6675,3.51046550952,0.3688593453498554
,0.555,3.75040038665,0.2573966893620796
16,2605,-0.25,1.17713911715e-05,4.1878728421681227e-07
,0.339999999999999,1.72813234259e-05,2.2120580957924398e-07
,0.3025,0.00366317474671,8.498900867977528e-05
,0.59,0.349664994037,0.011297703643324752
,0.339999999999999,0.00803704782195,0.00020457088172609608
,0.355,0.0296614794422,0.0008194655327192081
16,2876,0.6075,2.02128809217,0.309119265656657
,0.8400000000000001,1.51966866944,0.9319932955068468
,0.794999999999999,1.9303220061,0.9117944204696355
,0.9550000000000001,1.44665010492,0.9445945581252307
,0.8174999999999991,2.17282651905,0.8676995028001131
,0.889999999999999,0.452195405862,0.9756592944990168
16,2877,0.6875,2.71362470579,0.5014872799368782
,0.635,3.47702632256,0.19443741267325826
,0.75,3.28992503675,0.793921515683466
,0.8075000000000001,3.73210912365,0.4763038267628824
,0.6725,3.56601441602,0.3865530580305789
,0.635,3.20403303449,0.5564454768618414
16,2958,0.6825,2.68774044148,0.48798238425273077
,0.65,3.92727116515,0.25008342343140166
,0.59,2.66487453753,0.19884908627173123
,0.8775000000000001,3.59554832547,0.7436198458176335
,0.5325,1.06437327038,0.054680570132275196
,0.7475,1.76070781454,0.8209444169346038
16,4771,0.6025,1.96927854093,0.2991429216570428
,0.705,4.55265528973,0.4913088563110255
,0.635,3.62390897406,0.34094932127767674
,0.8975000000000001,3.16285814085,0.8114907666877289
,0.705,3.7628686232,0.5064630033592123
,0.5175000000000001,2.73637166266,0.1337430158558322
16,4778,0.7875000000000001,2.34667447495,0.768768422048101
,0.6875,4.5444207391,0.41146028948807467
,0.7125,4.05596433231,0.6543731859062447
,0.9400000000000001,1.88974970255,0.9196237609651394
,0.774999999999999,3.098461454,0.7550427666671765
,0.6575000000000001,2.77081318699,0.6235637036672842
16,4801,0.7075,2.77872781074,0.5565180107887129
,0.735,4.21654364734,0.6238163476768424
,0.625,3.42785855464,0.3056769942635699
,0.764999999999999,3.28738291518,0.3266876915498353
,0.64,3.11016235793,0.27749070710794704
,0.6725,2.52460124478,0.6632259020899993
16,4805,0.7675000000000001,2.55318143858,0.7196802021599678
,0.7725000000000001,3.37760027641,0.7672706120431241
,0.74,3.54841296505,0.7597035338653251
,0.9125000000000001,2.74320473809,0.8558642326235502
,0.8400000000000001,1.6606633587,0.9107760065434036
,0.6975,2.20749039232,0.7221513330422302
16,4819,0.6025,1.96927854093,0.2991429216570428
,0.6725,4.39566172189,0.3442414551853473
,0.6725,4.13950208129,0.4878556015620239
,0.7225,2.68856847831,0.1989285270665608
,0.715,3.75972868895,0.5441023788507644
,0.56,3.82643838059,0.2763459444410895
16,4977,0.64,2.35239461648,0.38025837807151347
,0.71,4.52480234497,0.5140077499896856
,0.725,3.86718618926,0.7039711448755575
,0.8500000000000001,3.88143729308,0.6399661387999891
,0.685,3.67707171491,0.4318652845211011
,0.705,2.13093108498,0.7384162525875662
16,5024,0.67,2.60842118355,0.45486073789255427
,0.7000000000000001,4.56757603298,0.4685027541550584
,0.6525000000000001,3.917528291,0.4070454708914166
,0.7425,2.99774891946,0.2558863188091959
,0.7625000000000001,3.31812926693,0.7149024991326958
,0.495,1.95813434489,0.08093258149394775
16,5041,0.75,2.68467751835,0.6737754902005358
,0.41000000000000003,0.0018959025055,3.033102605440767e-05
,0.454999999999999,0.392377400416,0.015431787859868552
,0.6375000000000001,0.995127235104,0.04153932160233899
,0.47750000000000004,0.401708934457,0.01629042778185596
,0.36250000000000004,0.0391436611531,0.0010758377419088042
16,5303,0.25,0.15838850273,0.012030718424598118
,0.75,3.92287923909,0.6849465104179069
,0.47250000000000003,0.558419467493,0.023690475404216815
,0.8600000000000001,3.8200425905,0.6785125256437728
,0.5,0.621896290675,0.027677525337712852
,0.6950000000000001,2.23459290415,0.7165989086486191
16,5309,0.6950000000000001,2.74552693125,0.5219644521161861
,0.6975,4.56998897437,0.45708008402768485
,0.6900000000000001,4.19910465409,0.5610231701031619
,0.7675000000000001,3.31682549828,0.33494304299098243
,0.6950000000000001,3.73484835147,0.4689489456182878
,0.585,3.94307735946,0.3743759731409988
16,5385,0.7625000000000001,2.59584178193,0.706806018023512
,0.6075,2.4975578329,0.11204239659453362
,0.5875,2.6088215376,0.19225697466168
,0.8425,3.89812798587,0.6107779263326071
,0.6000000000000001,2.34464854433,0.16794577154591644
,0.5075000000000001,2.39067553367,0.10810003885099205
16,5562,0.6875,2.71362470579,0.5014872799368782
,0.8025,2.5430854046,0.8562483571737756
,0.774999999999999,2.5462443322,0.8670700819812238
,0.9575,1.3774275362,0.9481243289849653
,0.8200000000000001,2.11490807774,0.8730591592674908
,0.7575000000000001,1.67354160728,0.8381182629844043
16,5627,0.6675,2.59028346845,0.44836221065350546
,0.59,1.87192332363,0.07387380613244589
,0.5225000000000001,1.2695694277,0.06793916230634577
,0.59,0.349664994037,0.011297703643324752
,0.66,3.41627183234,0.3428762192292357
,0.5675,3.90765147379,0.3053737380414969
16,5729,0.5,1.09037293701,0.14611471303409718
,0.5,0.149602163848,0.00347639191002173
,0.5225000000000001,1.2695694277,0.06793916230634577
,0.6375000000000001,0.995127235104,0.04153932160233899
,0.545,1.2721593773,0.06926392247108817
,0.41000000000000003,0.214424195917,0.006038838083505697
16,7055,0.8075000000000001,2.09465186704,0.8132430164262783
,0.54,0.574144825408,0.016479455868433326
,0.47250000000000003,0.558419467493,0.023690475404216815
,0.6375000000000001,0.995127235104,0.04153932160233899
,0.5675,1.6887009814,0.10248403861598503
,0.464999999999999,1.05636619921,0.0363902160127497
16,7341,0.5,1.09037293701,0.14611471303409718
,0.7000000000000001,4.56757603298,0.4685027541550584
,0.6125,3.1643249245,0.26445889709175635
,0.7675000000000001,3.31682549828,0.33494304299098243
,0.754999999999999,3.43182823802,0.6895810175207502
,0.6025,3.78693389826,0.4422564994574325
16,7342,0.59,1.84072506238,0.27533334230765344
,0.5875,1.78714661428,0.06930028947507971
,0.545,1.69423650458,0.10117857447364638
,0.847499999999999,3.88965590515,0.6302517027809308
,0.56,1.54468111256,0.09036163838121705
,0.52,2.82070998309,0.14068962161792178
16,7343,0.6325000000000001,2.2786618687,0.36289028530844736
,0.7075,4.54030372099,0.5026757201873157
,0.6875,4.19934490538,0.5505244742812359
,0.9125000000000001,2.74320473809,0.8558642326235502
,0.715,3.75972868895,0.5441023788507644
,0.665,2.64235885955,0.6438566613659508
16,7588,0.6025,1.96927854093,0.2991429216570428
,0.6950000000000001,4.56894108065,0.44565569347895684
,0.6725,4.13950208129,0.4878556015620239
,0.8150000000000001,3.79232612119,0.5045261804591479
,0.6175,2.69558237738,0.2120689584615455
,0.845,0.818108757009,0.9475196747418284
16,7599,0.75,2.68467751835,0.6737754902005358
,0.6000000000000001,2.22418983288,0.09433890265130732
,0.5625,2.05790378409,0.13397424462957738
,0.9500000000000001,1.58953470827,0.9370064436144022
,0.5675,1.6887009814,0.10248403861598503
,0.5325,3.21709194954,0.1784775425717967
16,7903,0.75,2.68467751835,0.6737754902005358
,0.68,4.4868700231,0.3775720181270693
,0.6425000000000001,3.75876424393,0.3686418122582755
,0.64,1.04053958536,0.04408369950935911
,0.645,3.19330865543,0.29325102961241356
,0.5375,3.35918248762,0.19492294446770123
16,8207,0.6625,2.55197726699,0.43550546534013446
,0.6975,4.56998897437,0.45708008402768485
,0.7375,3.60777891404,0.7507578164431739
,0.7775000000000001,3.43059078357,0.3686851910848752
,0.6575000000000001,3.3821551909,0.3343779134895039
,0.54,3.42576185116,0.20340478286379315
16,8290,0.8925000000000001,0.931433307044,0.9406756792486294
,0.77,3.44293102423,0.7587447458013576
,0.7825000000000001,2.31269846346,0.8852908760743406
,0.8300000000000001,3.87782453415,0.5621209643066329
,0.8325,1.82810739175,0.897696055582708
,0.75,1.73920106187,0.8253193384511709
16,8961,0.535,1.33907109455,0.18847472373623292
,0.6625,4.22223373781,0.30110341678871144
,0.6325000000000001,3.57645715166,0.33194862548959014
,0.9075000000000001,2.88980033487,0.841779401126104
,0.6025,2.39554536581,0.17387104453182117
,0.5325,3.21709194954,0.1784775425717967
16,9191,0.5825,1.76532404145,0.26181166453647187
,0.685,4.52895442506,0.40011780088326476
,0.605,2.9999388986,0.24134078869563236
,0.6825,1.91052532622,0.10635555529383348
,0.63,2.93304381167,0.2472635557668
,0.5925,3.89675140016,0.40379643852831676
16,9518,0.75,2.68467751835,0.6737754902005358
,0.7000000000000001,4.56757603298,0.4685027541550584
,0.625,3.42785855464,0.3056769942635699
,0.8500000000000001,3.88143729308,0.6399661387999891
,0.725,3.72467023156,0.5815510999059905
,0.675,2.48779322758,0.6694911410111078
16,10630,0.58,1.74057130266,0.2574293382792737
,0.7275,4.33567220988,0.5917327431899285
,0.6675,4.09787536782,0.4672579503324823
,0.867499999999999,3.74239605314,0.7068890148187071
,0.7225,3.7364417246,0.5722242926954673
,0.7075,2.10678553521,0.7437132706336314
16,10672,-0.25,1.17713911715e-05,4.1878728421681227e-07
,0.6075,2.4975578329,0.11204239659453362
,0.535,1.49871855485,0.08522218757991168
,0.9275,2.28026336041,0.8935698191953623
,0.6425000000000001,3.15222900087,0.28531889666011584
,0.5,2.12958688776,0.091150540675785
16,11039,0.715,2.78585756288,0.5773913842821984
,0.735,4.21654364734,0.6238163476768424
,0.7625000000000001,2.92987485463,0.8328297913062024
,0.8125,3.77328772506,0.49506892976574995
,0.8425,1.60599004812,0.914859190708608
,0.72,1.99352787687,0.7693291427579472
16,11140,0.5275000000000001,1.28120956539,0.1786503077693403
,0.6975,4.56998897437,0.45708008402768485
,0.5775,2.38562776401,0.16728661219581084
,0.7825000000000001,3.48528255656,0.3859754664314683
,0.6325000000000001,2.97854884801,0.2546532042920863
,0.55,3.65757510216,0.23886993679880691
16,11230,0.6825,2.68774044148,0.48798238425273077
,0.74,4.12627896767,0.6446768203877491
,0.6725,4.13950208129,0.4878556015620239
,0.8975000000000001,3.16285814085,0.8114907666877289
,0.6950000000000001,3.73484835147,0.4689489456182878
,0.6125,3.63385816034,0.4793907506049683
16,11275,0.8250000000000001,1.85103885837,0.8477890465360209
,0.8225,1.97967401148,0.901439134490932
,0.7875000000000001,2.15804396027,0.8964670749545731
,0.8775000000000001,3.59554832547,0.7436198458176335
,0.8775000000000001,0.929628463041,0.9586905529527313
,0.8200000000000001,1.06250789845,0.9240510375513251
16,12534,0.6900000000000001,2.72520661896,0.5082860124003591
,0.665,4.27102840731,0.3117207355746626
,0.6475000000000001,3.84147557363,0.3876450228906332
,0.735,2.88841942174,0.23380850041733553
,0.6525000000000001,3.31012424148,0.31764515810981725
,0.5625,3.85794121001,0.28595233532589764
16,14112,0.715,2.78585756288,0.5773913842821984
,0.754999999999999,3.81108335611,0.7042839957391538
,0.75,3.28992503675,0.793921515683466
,0.8174999999999991,3.81018969217,0.514029581493194
,0.77,3.19051261339,0.7393181435089449
,0.705,2.13093108498,0.7384162525875662
16,15812,0.5475,1.44138841554,0.2058448947526395
,0.62,2.9554793993,0.14613054114162816
,0.5750000000000001,2.33027554518,0.1613917815280506
,0.7125,2.51213827853,0.17291286524027627
,0.5675,1.6887009814,0.10248403861598503
,0.5,2.12958688776,0.091150540675785
16,15877,0.375,0.495446125266,0.050400338388676205
,0.545,0.662276408548,0.019566698169507356
,0.47000000000000003,0.532123036249,0.02232748007335536
,0.764999999999999,3.28738291518,0.3266876915498353
,0.43999999999999906,0.171371219028,0.006019243415158116
,0.4325,0.439397696643,0.01314084001707038
16,15878,0.6925,2.73584853693,0.5151125296717667
,0.75,3.92287923909,0.6849465104179069
,0.6975,4.17984514437,0.5924617823050574
,0.8,3.66400482797,0.44856421421953174
,0.7025,3.7587402514,0.4970605877104187
,0.65,2.9088257174,0.6022704857672249
16,16373,0.6675,2.59028346845,0.44836221065350546
,0.6925,4.56436774766,0.4342383166775123
,0.6925,4.19579970753,0.5715174434375749
,0.7000000000000001,2.27239914671,0.14298902852137407
,0.65,3.27230599222,0.3094168783688156
,0.5975,3.84808904577,0.4231640720196084
16,17703,0.0,0.00370949146733,0.0001811181153357294
,0.605,2.4059226671,0.10591311944165284
,0.635,3.62390897406,0.34094932127767674
,0.595,0.397435253778,0.013163569207781101
,0.76,3.35764581784,0.706557452175467
,0.42750000000000005,0.37728141371,0.011102356824254672
16,17743,0.5,1.09037293701,0.14611471303409718
,0.665,4.27102840731,0.3117207355746626
,0.6725,4.13950208129,0.4878556015620239
,0.784999999999999,3.51208972246,0.39472225816062084
,0.6825,3.65819581012,0.42269584115111436
,0.6625,2.68402537696,0.6371989274687757
16,17938,0.5,1.09037293701,0.14611471303409718
,0.4375,0.00878823850121,0.0001556699470363641
,0.3125,0.00544657520932,0.00012999751030136374
,0.7125,2.51213827853,0.17291286524027627
,0.262499999999999,0.00033379123102,6.949611356046696e-06
,0.4575,0.878856874368,0.029146571391914806
16,17979,0.7125,2.78458146866,0.5704281041498748
,0.7325,4.25851256243,0.6132220725211122
,0.6525000000000001,3.917528291,0.4070454708914166
,0.6775,1.80414320501,0.09706865442751607
,0.6825,3.65819581012,0.42269584115111436
,0.49,1.7906870869,0.07156251120203057
16,18166,0.6125,2.07338260446,0.31935594498372144
,0.64,3.63700286526,0.212226128959194
,0.5875,2.6088215376,0.19225697466168
,0.8825000000000001,3.50391288349,0.7613734271555934
,0.6625,3.44905972199,0.3514581653356131
,0.5625,3.85794121001,0.28595233532589764
16,18246,0.774999999999999,2.48212124549,0.7385677211630517
,0.7525000000000001,3.86775493801,0.6946851338012603
,0.784999999999999,2.23517401971,0.8909756486562075
,0.8725,3.67514037656,0.7254380282666337
,0.78,3.00142047662,0.7702944398247418
,0.77,1.55968136437,0.8583319407699589
16,18248,0.9175000000000001,0.665904918653,0.9605259521091516
,0.8625,1.01112483143,0.9602607192034311
,0.7475,3.35743761556,0.7856119442624531
,0.9075000000000001,2.88980033487,0.841779401126104
,0.7725000000000001,3.14514344941,0.7472379937038592
,0.8174999999999991,1.08777732286,0.9213631985267579
16,18270,0.645,2.39991895666,0.39213977515937737
,0.7425,4.07815953549,0.6549327683124607
,0.6775,4.17069482893,0.50863557767756
,0.7925000000000001,3.59016622765,0.42135803469884225
,0.764999999999999,3.2770644484,0.72314680820956
,0.6275000000000001,3.35397359796,0.5318516014511893
16,18297,0.75,2.68467751835,0.6737754902005358
,0.745,4.02816375651,0.6650660544851632
,0.745,3.42311344676,0.7771358583528831
,0.8525,3.8704419081,0.6496565750185469
,0.7525000000000001,3.46639850319,0.680957876125023
,0.7275,1.92939402392,0.7840389947848083
16,18311,0.75,2.68467751835,0.6737754902005358
,0.58,1.54295670916,0.056822485132952
,0.382499999999999,0.06125492324,0.0018231734355387615
,0.8300000000000001,3.87782453415,0.5621209643066329
,0.42000000000000004,0.101966828873,0.0033354969552209764
,0.41750000000000004,0.274731947995,0.007865060924230423
16,18312,1.0,0.169310491471,0.9913376501976663
,0.6525000000000001,3.99272853387,0.25998405997845636
,0.48250000000000004,0.672463002126,0.029833014105241477
,0.9025000000000001,3.0301315092,0.8269766745679845
,0.5275000000000001,0.986815326907,0.04955397571780985
,0.48250000000000004,1.55011101344,0.05904350265216034
16,18319,0.47750000000000004,0.955945675595,0.12312608481051363
,0.48250000000000004,0.0740722602036,0.0015850858033528421
,0.485,0.703207924815,0.031552415894249
,0.7525000000000001,3.132704707,0.2865481014841456
,0.53,1.02518116141,0.052068797773661704
,0.615,3.59047007915,0.48842151718319304
16,18392,0.5775,1.71603066986,0.253108631241762
,0.5975,2.13446421313,0.0888907747532714
,0.5775,2.38562776401,0.16728661219581084
,0.725,2.73037673717,0.20570240209152243
,0.595,2.24253567466,0.15647768733797238
,0.52,2.82070998309,0.14068962161792178
16,18476,0.75,2.68467751835,0.6737754902005358
,0.784999999999999,3.0384944197,0.8073904913637316
,0.7075,4.10994837223,0.6339531524558322
,0.8925000000000001,3.28675526638,0.7953628170923995
,0.73,3.69513394498,0.6001039317172054
,0.6875,2.32147659122,0.6995191356448296
16,18739,0.6875,2.71362470579,0.5014872799368782
,0.745,4.02816375651,0.6650660544851632
,0.6925,4.19579970753,0.5715174434375749
,0.847499999999999,3.88965590515,0.6302517027809308
,0.754999999999999,3.43182823802,0.6895810175207502
,0.5875,3.93141429562,0.3842199013453233
16,18763,-0.25,1.17713911715e-05,4.1878728421681227e-07
,0.5825,1.62254114638,0.06077896036323084
,0.29250000000000004,0.00243248144218,5.489754573173049e-05
,0.9575,1.3774275362,0.9481243289849653
,0.29250000000000004,0.00124468345928,2.7893873317822144e-05
,0.5,2.12958688776,0.091150540675785
16,19718,0.875,1.14849737835,0.9225101500900527
,0.9225000000000001,0.228013293598,0.9933819993341823
,0.6925,4.19579970753,0.5715174434375749
,0.905,2.96083505818,0.8344657623269152
,0.77,3.19051261339,0.7393181435089449
,0.635,3.20403303449,0.5564454768618414
16,19745,-0.25,1.17713911715e-05,4.1878728421681227e-07
,0.8925000000000001,0.51779204098,0.9826474415753206
,0.857499999999999,0.526525079372,0.9831099806956076
,0.857499999999999,3.83980961206,0.6689370825852239
,0.857499999999999,1.29357434843,0.9365696322291203
,0.625,3.40315619561,0.523405058661837
16,20639,0.5825,1.76532404145,0.26181166453647187
,0.5275000000000001,0.392063808643,0.010495418600078753
,0.4425,0.298275054909,0.011135371608315039
,0.81,3.75318163434,0.485660631416409
,0.41500000000000004,0.0889158735936,0.002858920488520909
,0.3375,0.015594201899,0.0004368659189515456
16,25302,0.5,1.09037293701,0.14611471303409718
,0.5125000000000001,0.236796518121,0.0058568510854765665
,0.48750000000000004,0.734850017246,0.03334980140560288
,0.725,2.73037673717,0.20570240209152243
,0.5625,1.59218725404,0.09428261364950673
,0.39,0.106997184577,0.002936717078574737
16,27972,0.6675,2.59028346845,0.44836221065350546
,0.7525000000000001,3.86775493801,0.6946851338012603
,0.7025,4.15125831174,0.6132948337446196
,0.827499999999999,3.86759144564,0.5524388126046779
,0.7775000000000001,3.05053148067,0.7627292609340733
,0.6675,2.60188815339,0.6504117185800391
16,28024,0.9175000000000001,0.665904918653,0.9605259521091516
,1.0,0.0133086068123,0.9997165984048636
,0.899999999999999,0.147672750216,0.9961075154210164
,1.0,0.489574614263,0.9857638091551586
,0.8500000000000001,1.44615109206,0.9263005647931191
,1.0,0.0544867891903,0.9979264113328028
16,28466,0.61,2.04733611662,0.3142050438075417
,0.665,4.27102840731,0.3117207355746626
,0.68,4.18217921279,0.5190772542883861
,0.9575,1.3774275362,0.9481243289849653
,0.68,3.6376147152,0.4135757265068349
,0.5875,3.93141429562,0.3842199013453233
16,28484,0.605,1.99526153391,0.304098585433085
,0.6375000000000001,3.55810765126,0.20323176641546958
,0.625,3.42785855464,0.3056769942635699
,0.8600000000000001,3.8200425905,0.6785125256437728
,0.5675,1.6887009814,0.10248403861598503
,0.61,3.67542331308,0.47025374547942533
16,28512,0.827499999999999,1.81527161766,0.8523719656579976
,0.764999999999999,3.57049234797,0.7412093807553688
,0.6775,4.17069482893,0.50863557767756
,0.7525000000000001,3.132704707,0.2865481014841456
,0.725,3.72467023156,0.5815510999059905
,0.635,3.20403303449,0.5564454768618414
16,28570,0.7225,2.78295646867,0.5982807861014623
,0.4625,0.0304303019339,0.0005964519073189948
,0.5,0.906459894663,0.043584822230475
,0.6375000000000001,0.995127235104,0.04153932160233899
,0.47500000000000003,0.38137557022,0.015311736428868463
,0.4325,0.439397696643,0.01314084001707038
16,28894,0.5,1.09037293701,0.14611471303409718
,0.6475000000000001,3.85882362399,0.24035019627257043
,0.62,3.32443409007,0.28879498985491175
,0.705,2.37063529691,0.1545978204944694
,0.67,3.53899383228,0.37767147917514904
,0.459999999999999,0.935634211558,0.03141418487486893
16,29183,0.5825,1.76532404145,0.26181166453647187
,0.6900000000000001,4.55621110332,0.4228368410408113
,0.635,3.62390897406,0.34094932127767674
,0.8225,3.84193905071,0.5331622428342552
,0.6475000000000001,3.23335096888,0.30128457547513127
,0.5825,3.95076664113,0.3645078264841499
16,29184,0.5375,1.35894341017,0.1918471805010004
,0.62,2.9554793993,0.14613054114162816
,0.5700000000000001,2.2203531131,0.15001568110920488
,0.774999999999999,3.40271114441,0.3601434888892893
,0.5725,1.78697922966,0.11117256546167181
,0.449999999999999,0.722904581831,0.023153400762506673
16,29229,0.4375,0.752621756701,0.08908350740212835
,0.36750000000000005,0.000125357952653,1.7419426935282637e-06
,0.34750000000000003,0.0197447265018,0.000523521866725421
,0.7725000000000001,3.37446739465,0.3516719386155089
,0.34750000000000003,0.0105290673802,0.00027381195230985754
,0.3075,0.00533131430447,0.0001509290734665998
16,29338,-0.25,1.17713911715e-05,4.1878728421681227e-07
,0.7000000000000001,4.56757603298,0.4685027541550584
,0.6525000000000001,3.917528291,0.4070454708914166
,0.615,0.63571996711,0.02336656106000111
,0.6900000000000001,3.7095694029,0.45033484328668283
,0.62,3.49912403634,0.5061477932092999
16,29381,0.5325,1.31949260458,0.18515158015988975
,0.625,3.13466340659,0.16135754625860232
,0.595,2.776992403,0.21245379699991893
,0.66,1.43401408769,0.06875000162425628
,0.67,3.53899383228,0.37767147917514904
,0.55,3.65757510216,0.23886993679880691
16,29764,0.6000000000000001,1.94336028899,0.29425213875144257
,0.7425,4.07815953549,0.6549327683124607
,0.68,4.18217921279,0.5190772542883861
,0.774999999999999,3.40271114441,0.3601434888892893
,0.7225,3.7364417246,0.5722242926954673
,0.5875,3.93141429562,0.3842199013453233
16,30094,0.625,2.20272680725,0.3460839522731845
,0.675,4.42980889714,0.35527407136376216
,0.62,3.32443409007,0.28879498985491175
,0.63,0.865096586689,0.03456948057005458
,0.5625,1.59218725404,0.09428261364950673
,0.5825,3.95076664113,0.3645078264841499
16,31557,1.0,0.169310491471,0.9913376501976663
,0.725,4.37067880529,0.5808492920055967
,0.5575,1.95157496657,0.12395126772835145
,0.9275,2.28026336041,0.8935698191953623
,0.7925000000000001,2.74061785516,0.8062064511684973
,0.5825,3.95076664113,0.3645078264841499
16,32060,0.75,2.68467751835,0.6737754902005358
,0.65,3.92727116515,0.25008342343140166
,0.65,3.88038343172,0.3972977036591464
,1.0,0.489574614263,0.9857638091551586
,0.55,1.36042084726,0.07584422334631769
,0.5625,3.85794121001,0.28595233532589764
16,38608,0.75,2.68467751835,0.6737754902005358
,0.7275,4.33567220988,0.5917327431899285
,0.74,3.54841296505,0.7597035338653251
,0.7875000000000001,3.53852194265,0.40353560281151346
,0.67,3.53899383228,0.37767147917514904
,0.764999999999999,1.60592225425,0.8504175430433132
16,38649,0.8225,1.88663889729,0.8431169106906085
,0.7925000000000001,2.82785664061,0.8293917132001146
,0.7525000000000001,3.22071691915,0.8020601563900396
,0.7575000000000001,3.19621195457,0.302371386895988
,0.78,3.00142047662,0.7702944398247418
,0.867499999999999,0.620369659079,0.9636529984335707
16,39144,0.6675,2.59028346845,0.44836221065350546
,0.6425000000000001,3.71353288262,0.22141480951205805
,0.5575,1.95157496657,0.12395126772835145
,0.655,1.3314342559,0.06183729733873377
,0.63,2.93304381167,0.2472635557668
,0.5,2.12958688776,0.091150540675785
16,39247,0.5175000000000001,1.20806255357,0.1662076884957725
,0.5750000000000001,1.38975296346,0.04949412966031817
,0.65,3.88038343172,0.3972977036591464
,0.847499999999999,3.88965590515,0.6302517027809308
,0.5525,1.405560449,0.07930156444319994
,0.595,3.87408002575,0.4135106889318537
16,39495,0.66,2.53187163402,0.4291505274243044
,0.764999999999999,3.57049234797,0.7412093807553688
,0.7225,3.91089517732,0.6942479430238964
,0.75,3.10001712221,0.2787570625988245
,0.6900000000000001,3.7095694029,0.45033484328668283
,0.5525,3.70603205377,0.24807528450002134
16,39581,-0.25,1.17713911715e-05,4.1878728421681227e-07
,0.735,4.21654364734,0.6238163476768424
,0.6175,3.27165332554,0.28054974534273236
,0.9575,1.3774275362,0.9481243289849653
,0.6675,3.51046550952,0.3688593453498554
,0.47000000000000003,1.18650642767,0.04199353804181493
16,40799,0.75,2.68467751835,0.6737754902005358
,0.735,4.21654364734,0.6238163476768424
,0.68,4.18217921279,0.5190772542883861
,0.9550000000000001,1.44665010492,0.9445945581252307
,0.6225,2.79234791238,0.2257896591330696
,0.5725,3.9395281956,0.324999108827608
16,40956,-0.25,1.17713911715e-05,4.1878728421681227e-07
,0.7825000000000001,3.10771969453,0.7997076017050588
,0.625,3.42785855464,0.3056769942635699
,0.595,0.397435253778,0.013163569207781101
,0.72,3.74620883379,0.5628705616892064
,0.6575000000000001,2.77081318699,0.6235637036672842
16,41042,-0.25,1.17713911715e-05,4.1878728421681227e-07
,0.5425,0.617067331632,0.01796799920851902
,0.34750000000000003,0.0197447265018,0.000523521866725421
,0.8325,3.88616312802,0.571826356513179
,0.444999999999999,0.193739801963,0.006931092699562769
,0.515,2.65094428289,0.12700867081764453
16,41069,0.7725000000000001,2.5067162503,0.7323314897952987
,0.827499999999999,1.8438587964,0.9109967393066992
,0.8525,0.598844298274,0.9802994124884197
,0.81,3.75318163434,0.485660631416409
,0.845,1.55197975428,0.9188065093728999
,0.8025,1.24023285103,0.9039036953373105
16,41615,0.9675,0.302879096411,0.9838449317574121
,0.919999999999999,0.245583045461,0.992790222477937
,0.7425,3.48681579021,0.7684980217423927
,0.8775000000000001,3.59554832547,0.7436198458176335
,0.847499999999999,1.49868389072,0.9226196849158237
,0.81,1.163947802,0.9129194734668737
16,41703,0.6975,2.75421944101,0.5288393427233207
,0.6925,4.56436774766,0.4342383166775123
,0.735,3.66479373736,0.7416665987515632
,0.77,3.34584542262,0.34327146694506055
,0.7875000000000001,2.84769856943,0.7922342917238033
,0.685,2.35247431604,0.6936769210238599
16,41708,0.6775,2.65840472713,0.4746156287279659
,0.6725,4.39566172189,0.3442414551853473
,0.645,3.80090322688,0.37809171284652354
,0.665,1.53850604937,0.07618062703400752
,0.735,3.65767162049,0.6184892263987625
,0.51,2.47784485857,0.11418573248109379
16,41851,-0.25,1.17713911715e-05,4.1878728421681227e-07
,0.6425000000000001,3.71353288262,0.22141480951205805
,0.6000000000000001,2.88881559128,0.22661852122412718
,0.65,1.23132711153,0.0554315354069563
,0.635,3.02327118223,0.2621556477517075
,0.3275,0.0108557846403,0.00030609185119042384
16,43759,0.75,2.68467751835,0.6737754902005358
,0.8625,1.01112483143,0.9602607192034311
,0.8174999999999991,1.30583931564,0.9480000614669261
,0.6975,2.22224572121,0.13737058764171067
,0.75,3.49922947026,0.672250474507297
,0.7675000000000001,1.58291843303,0.8544036426444432
16,44059,-0.25,1.17713911715e-05,4.1878728421681227e-07
,0.6575000000000001,4.11416459007,0.2802566898726373
,0.5125000000000001,1.09990897697,0.05610239951492667
,0.8225,3.84193905071,0.5331622428342552
,0.605,2.44627076773,0.17992335553949182
,0.5325,3.21709194954,0.1784775425717967
16,44938,0.8125,2.02662757886,0.8235468664638135
,0.75,3.92287923909,0.6849465104179069
,0.6075,3.05510049713,0.24890965357696462
,0.9275,2.28026336041,0.8935698191953623
,0.6425000000000001,3.15222900087,0.28531889666011584
,0.464999999999999,1.05636619921,0.0363902160127497
16,50703,0.675,2.64251182947,0.46798931785501674
,0.7325,4.25851256243,0.6132220725211122
,0.7125,4.05596433231,0.6543731859062447
,0.74,2.96213423079,0.24843629754855412
,0.7000000000000001,3.75267972781,0.48767091229617376
,0.645,3.00513998013,0.5874867902422873
16,50830,0.6375000000000001,2.32811208978,0.3744076778592331
,0.655,4.05506578728,0.27004446568191326
,0.5650000000000001,2.11168824761,0.13918615345832389
,0.81,3.75318163434,0.485660631416409
,0.66,3.41627183234,0.3428762192292357
,0.5725,3.9395281956,0.324999108827608
16,50921,0.8325,1.74338067143,0.8612687544819281
,0.64,3.63700286526,0.212226128959194
,0.5925,2.72094646511,0.20558136317957085
,0.7025,2.32187902256,0.14873202195409882
,0.68,3.6376147152,0.4135757265068349
,0.5975,3.84808904577,0.4231640720196084
16,51734,0.56,1.55103937804,0.22454004745542439
,0.6825,4.50977879933,0.3888186087205161
,0.6000000000000001,2.88881559128,0.22661852122412718
,0.7275,2.77125739374,0.21257963759597978
,0.7225,3.7364417246,0.5722242926954673
,0.56,3.82643838059,0.2763459444410895
16,52992,0.6725,2.62584074037,0.46140371809188924
,0.71,4.52480234497,0.5140077499896856
,0.75,3.28992503675,0.793921515683466
,0.8225,3.84193905071,0.5331622428342552
,0.705,3.7628686232,0.5064630033592123
,0.6725,2.52460124478,0.6632259020899993
16,54491,0.705,2.77417690059,0.5495766568818363
,0.7775000000000001,3.24421852184,0.7838265856256451
,0.77,2.70129504593,0.8539506859591712
,0.9025000000000001,3.0301315092,0.8269766745679845
,0.7975000000000001,2.63055660261,0.8196355020246835
,0.9450000000000001,0.176695492754,0.9921016256825852
16,54885,0.625,2.20272680725,0.3460839522731845
,0.68,4.4868700231,0.3775720181270693
,0.585,2.55283032326,0.18580492704209614
,0.8500000000000001,3.88143729308,0.6399661387999891
,0.55,1.36042084726,0.07584422334631769
,0.5625,3.85794121001,0.28595233532589764
16,56634,0.764999999999999,2.57499943078,0.7132697752152046
,0.8300000000000001,1.77712855738,0.9155227974808112
,0.8525,0.598844298274,0.9802994124884197
,0.9400000000000001,1.88974970255,0.9196237609651394
,0.845,1.55197975428,0.9188065093728999
,0.7575000000000001,1.67354160728,0.8381182629844043
16,56758,0.8125,2.02662757886,0.8235468664638135
,0.77,3.44293102423,0.7587447458013576
,0.7725000000000001,2.62393394601,0.8606073064782446
,0.68,1.85740313756,0.10164560802320188
,0.8225,2.05708232087,0.8782741204663906
,0.745,1.78205506861,0.8165159323864657
16,56917,0.7325,2.76314878836,0.6260265757911742
,0.73,4.29825259746,0.6025256422298874
,0.72,3.9516881214,0.6844190992692258
,0.8300000000000001,3.87782453415,0.5621209643066329
,0.77,3.19051261339,0.7393181435089449
,0.6575000000000001,2.77081318699,0.6235637036672842
16,56975,0.6000000000000001,1.94336028899,0.29425213875144257
,0.6975,4.56998897437,0.45708008402768485
,0.68,4.18217921279,0.5190772542883861
,0.8,3.66400482797,0.44856421421953174
,0.7325,3.6773870405,0.6093199946198105
,0.7175,2.01538869992,0.7643180607895869
16,67160,0.68,2.67349037206,0.48128066875954933
,0.774999999999999,3.31133737835,0.7756319703848127
,0.8150000000000001,1.36955813343,0.9446561512367988
,0.8625,3.79724009327,0.6880347656403196
,0.8500000000000001,1.44615109206,0.9263005647931191
,0.76,1.65123053114,0.8422742748171115
16,67299,0.5,1.09037293701,0.14611471303409718
,0.6775,4.46021439228,0.3663873812811109
,0.6775,4.17069482893,0.50863557767756
,0.545,0.0910606304073,0.002400584303611678
,0.6825,3.65819581012,0.42269584115111436
,0.6625,2.68402537696,0.6371989274687757
16,67423,0.59,1.84072506238,0.27533334230765344
,0.705,4.55265528973,0.4913088563110255
,0.6375000000000001,3.67017241522,0.3500671801010521
,0.6825,1.91052532622,0.10635555529383348
,0.6875,3.69420736529,0.4410797494662868
,0.6775,2.45219865613,0.6756658796669903
16,67905,0.6675,2.59028346845,0.44836221065350546
,0.7975000000000001,2.68576113931,0.8431761352912046
,0.764999999999999,2.8544198019,0.8400603402847779
,0.845,3.89518702078,0.620520099078925
,0.8,2.57459977791,0.8261420627337039
,0.75,1.73920106187,0.8253193384511709
16,68565,0.5775,1.71603066986,0.253108631241762
,0.7175,4.46028443953,0.547718288736731
,0.6950000000000001,4.18939051371,0.5819995815562025
,0.857499999999999,3.83980961206,0.6689370825852239
,0.7575000000000001,3.39556190738,0.6981156038417988
,0.665,2.64235885955,0.6438566613659508
16,68688,0.79,2.3173092731,0.7745985472678909
,0.78,3.17632027459,0.7918524134880296
,0.685,4.19656725898,0.5400289606810182
,0.8075000000000001,3.73210912365,0.4763038267628824
,0.8025,2.51812858459,0.8325080722696876
,0.62,3.49912403634,0.5061477932092999
16,69217,0.7675000000000001,2.55318143858,0.7196802021599678
,0.7675000000000001,3.50725367006,0.7500567970093828
,0.7000000000000001,4.16713963905,0.6028961736014236
,0.72,2.64583224005,0.19226033317530056
,0.74,3.61240692187,0.6366676410247005
,0.6425000000000001,3.05427794631,0.5799126330346835
16,69292,0.75,2.68467751835,0.6737754902005358
,0.76,3.69341374197,0.7230475553046685
,0.74,3.54841296505,0.7597035338653251
,0.74,2.96213423079,0.24843629754855412
,0.8150000000000001,2.23076484935,0.862195010062643
,0.7875000000000001,1.39099238824,0.8841647696099435
16,70225,-0.25,1.17713911715e-05,4.1878728421681227e-07
,0.5925,1.95816880926,0.07866113035318696
,0.58,2.44119515273,0.17332009969620496
,0.804999999999999,3.71016495645,0.4670008119816279
,0.64,3.11016235793,0.27749070710794704
,0.5375,3.35918248762,0.19492294446770123
16,70358,0.5325,1.31949260458,0.18515158015988975
,0.5425,0.617067331632,0.01796799920851902
,0.47500000000000003,0.585596559227,0.02512031132665323
,0.75,3.10001712221,0.2787570625988245
,0.48,0.422837685414,0.017320943944838435
,0.545,3.54894094473,0.22084730238144912
16,70659,0.5275000000000001,1.28120956539,0.1786503077693403
,0.6950000000000001,4.56894108065,0.44565569347895684
,0.6025,2.94449159704,0.23391019709427863
,0.5650000000000001,0.172860773497,0.004967615507546211
,0.685,3.67707171491,0.4318652845211011
,0.55,3.65757510216,0.23886993679880691
16,70707,0.7225,2.78295646867,0.5982807861014623
,0.67,4.35779267656,0.333298864645834
,0.6675,4.09787536782,0.4672579503324823
,0.8825000000000001,3.50391288349,0.7613734271555934
,0.7525000000000001,3.46639850319,0.680957876125023
,0.6425000000000001,3.05427794631,0.5799126330346835
16,70749,0.65,2.44584444819,0.40425490309188816
,0.39,0.000556443831975,8.311925792778396e-06
,0.36,0.0301162313964,0.0008311123503702332
,0.6575000000000001,1.38244917876,0.0652295297730316
,0.39,0.0429285194167,0.0012705315744378687
,0.365,0.0429351792527,0.001178363721845623
16,70793,0.392499999999999,0.561410026708,0.0596413207202573
,0.66,4.16991859681,0.2906125009609105
,0.545,1.69423650458,0.10117857447364638
,0.6125,0.60169116566,0.021820051450591387
,0.59,2.14031624149,0.14552059180399968
,0.5275000000000001,3.06461716188,0.1627693395697339
16,70852,0.5925,1.86619156533,0.279966957196794
,0.6975,4.56998897437,0.45708008402768485
,0.6900000000000001,4.19910465409,0.5610231701031619
,0.6975,2.22224572121,0.13737058764171067
,0.705,3.7628686232,0.5064630033592123
,0.595,3.87408002575,0.4135106889318537
16,72086,0.40750000000000003,0.621545883912,0.06850926539452162
,0.585,1.70397670339,0.06493673377128982
,0.5650000000000001,2.11168824761,0.13918615345832389
,0.847499999999999,3.88965590515,0.6302517027809308
,0.545,1.2721593773,0.06926392247108817
,0.41750000000000004,0.274731947995,0.007865060924230423
16,74604,0.794999999999999,2.25656909028,0.7860343212189299
,0.9125000000000001,0.304867431434,0.9907323838615101
,0.8300000000000001,1.0127231867,0.9624456482640974
,0.804999999999999,3.71016495645,0.4670008119816279
,0.827499999999999,1.94199257796,0.8882714182195557
,0.9075000000000001,0.344055881748,0.982597271660069
16,74635,0.382499999999999,0.523170072716,0.054219638066876664
,0.5375,0.533463469101,0.015095407305872584
,0.5575,1.95157496657,0.12395126772835145
,0.605,0.506928950384,0.01766958348048596
,0.675,3.5914851382,0.3955002596699746
,0.655,2.81583912855,0.616580604837675
16,74688,0.75,2.68467751835,0.6737754902005358
,0.774999999999999,3.31133737835,0.7756319703848127
,0.7000000000000001,4.16713963905,0.6028961736014236
,0.5,0.0167261374263,0.00037066758893106844
,0.75,3.49922947026,0.672250474507297
,0.625,3.40315619561,0.523405058661837
16,74696,0.6675,2.59028346845,0.44836221065350546
,0.6975,4.56998897437,0.45708008402768485
,0.7125,4.05596433231,0.6543731859062447
,0.7825000000000001,3.48528255656,0.3859754664314683
,0.7175,3.7539704956,0.5534949198171838
,0.6950000000000001,2.23459290415,0.7165989086486191
16,76409,0.25,0.15838850273,0.012030718424598118
,0.5775,1.46532912976,0.05306254579167306
,0.51,1.05952238111,0.05340328358482581
,0.7175,2.6021733674,0.18570013489035808
,0.5325,1.06437327038,0.054680570132275196
,0.52,2.82070998309,0.14068962161792178
16,76496,0.889999999999999,0.960984437752,0.9383102643549506
,0.835,1.64637498587,0.9240799771582895
,0.9175000000000001,0.079732131514,0.9980453347685037
,0.9325000000000001,2.12314606402,0.9045782190710042
,0.8975000000000001,0.636182692999,0.9742272944338836
,0.804999999999999,1.214825789,0.9069725265855542
16,78211,0.8025,2.16096308794,0.8026032030471638
,0.8300000000000001,1.77712855738,0.9155227974808112
,0.81,1.5016941456,0.9374805615696655
,0.794999999999999,3.6153097994,0.4303649812188075
,0.8600000000000001,1.24452235803,0.9397420560086451
,0.827499999999999,0.987342495503,0.9317372817343121
16,79262,0.66,2.53187163402,0.4291505274243044
,0.7575000000000001,3.75294358833,0.7137393271210564
,0.7275,3.82063504287,0.7135815052677577
,0.8400000000000001,3.89858322603,0.6010315307549768
,0.8150000000000001,2.23076484935,0.862195010062643
,0.827499999999999,0.987342495503,0.9317372817343121
16,79313,0.7000000000000001,2.76190493722,0.5357347101073333
,0.6175,2.86461437796,0.13885528365594313
,0.515,1.14112088122,0.05890351625565316
,0.764999999999999,3.28738291518,0.3266876915498353
,0.56,1.54468111256,0.09036163838121705
,0.41250000000000003,0.233097110911,0.006597954913411291
16,79388,0.7925000000000001,2.28726259985,0.7803544005006195
,0.77,3.44293102423,0.7587447458013576
,0.7325,3.71934419231,0.732435901594571
,0.725,2.73037673717,0.20570240209152243
,0.75,3.49922947026,0.672250474507297
,0.715,2.03758464065,0.7592519200501902
16,80513,0.76,2.61568581444,0.7002913982784942
,0.7825000000000001,3.10771969453,0.7997076017050588
,0.7075,4.10994837223,0.6339531524558322
,0.8250000000000001,3.85558829453,0.542784482117648
,0.76,3.35764581784,0.706557452175467
,0.5975,3.84808904577,0.4231640720196084
16,80619,0.7625000000000001,2.59584178193,0.706806018023512
,0.77,3.44293102423,0.7587447458013576
,0.7775000000000001,2.46837692578,0.8733383800487757
,0.8150000000000001,3.79232612119,0.5045261804591479
,0.8250000000000001,1.99942058622,0.8833447076024493
,0.6975,2.20749039232,0.7221513330422302
16,80759,0.5575,1.52853475951,0.22069063845891873
,0.6675,4.31623355422,0.32245556720753593
,0.6675,4.09787536782,0.4672579503324823
,0.605,0.506928950384,0.01766958348048596
,0.7825000000000001,2.95119731462,0.7777354364702794
,0.845,0.818108757009,0.9475196747418284
16,80766,0.6000000000000001,1.94336028899,0.29425213875144257
,0.6975,4.56998897437,0.45708008402768485
,0.645,3.80090322688,0.37809171284652354
,0.6375000000000001,0.995127235104,0.04153932160233899
,0.7225,3.7364417246,0.5722242926954673
,0.645,3.00513998013,0.5874867902422873
16,80873,0.5,1.09037293701,0.14611471303409718
,0.7775000000000001,3.24421852184,0.7838265856256451
,0.735,3.66479373736,0.7416665987515632
,0.6325000000000001,0.907367715349,0.03678483157089635
,0.7075,3.76504632272,0.5158733051959328
,0.705,2.13093108498,0.7384162525875662
16,84558,0.6275000000000001,2.22823371855,0.35162268858562357
,0.7775000000000001,3.24421852184,0.7838265856256451
,0.7925000000000001,2.00549296698,0.9068748260107771
,0.7775000000000001,3.43059078357,0.3686851910848752
,0.837499999999999,1.71594557625,0.9065553664203383
,0.75,1.73920106187,0.8253193384511709
16,104560,0.515,1.1904678063,0.16320958196102733
,0.485,0.0822500005118,0.001780333617991898
,0.4,0.101805571816,0.003224512187135152
,0.8500000000000001,3.88143729308,0.6399661387999891
,0.48,0.422837685414,0.017320943944838435
,0.40750000000000003,0.197081289315,0.005524725629166123
16,104598,0.5,1.09037293701,0.14611471303409718
,0.685,4.52895442506,0.40011780088326476
,0.5825,2.4969418208,0.17949273740206814
,0.67,1.64431494826,0.0841372582785024
,0.645,3.19330865543,0.29325102961241356
,0.515,2.65094428289,0.12700867081764453
16,104599,-0.25,1.17713911715e-05,4.1878728421681227e-07
,0.61,2.58944695604,0.11840112037744142
,0.5725,2.27517295095,0.1556350264126845
,0.6875,2.01605341035,0.11617248275811137
,0.595,2.24253567466,0.15647768733797238
,0.47000000000000003,1.18650642767,0.04199353804181493
16,104688,0.75,2.68467751835,0.6737754902005358
,0.6625,4.22223373781,0.30110341678871144
,0.7275,3.82063504287,0.7135815052677577
,0.8125,3.77328772506,0.49506892976574995
,0.73,3.69513394498,0.6001039317172054
,0.7225,1.9719447658,0.7742859315354285
16,104824,0.5,1.09037293701,0.14611471303409718
,0.6175,2.86461437796,0.13885528365594313
,0.6325000000000001,3.57645715166,0.33194862548959014
,0.875,3.63687320377,0.7345786858913683
,0.6000000000000001,2.34464854433,0.16794577154591644
,0.5675,3.90765147379,0.3053737380414969
16,107778,0.78,2.4303462376,0.7508502935663606
,0.7375,4.17243614715,0.6343030086423102
,0.68,4.18217921279,0.5190772542883861
,0.685,1.96343357346,0.11119805632173753
,0.7175,3.7539704956,0.5534949198171838
,0.6000000000000001,3.81897255912,0.4327485293152053
16,107870,0.72,2.78505355075,0.5913205369322558
,0.8150000000000001,2.18816154984,0.8858128198529909
,0.8125,1.43486377057,0.9411509482513567
,0.909999999999999,2.81719821513,0.8489134576940842
,0.8225,2.05708232087,0.8782741204663906
,0.735,1.86636331051,0.7982727906496052
16,107898,0.605,1.99526153391,0.304098585433085
,0.6975,4.56998897437,0.45708008402768485
,0.7025,4.15125831174,0.6132948337446196
,0.6175,0.670967170686,0.024999666726310273
,0.794999999999999,2.68592164713,0.8129897728806944
,0.6075,3.7149400333,0.46101534110072506
16,108143,0.5625,1.57382321167,0.22844606805045906
,0.625,3.13466340659,0.16135754625860232
,0.485,0.703207924815,0.031552415894249
,0.7225,2.68856847831,0.1989285270665608
,0.6950000000000001,3.73484835147,0.4689489456182878
,0.73,1.90832430895,0.788836122557016
16,108336,0.41750000000000004,0.663558687502,0.074933466813517
,0.595,2.04573498937,0.08366575102356852
,0.535,1.49871855485,0.08522218757991168
,0.5575,0.137030222752,0.0038097882895864205
,0.56,1.54468111256,0.09036163838121705
,0.387499999999999,0.0978178353539,0.0026808590933808853
16,108341,0.595,1.89179799944,0.28466441677064935
,0.595,2.04573498937,0.08366575102356852
,0.5825,2.4969418208,0.17949273740206814
,0.8075000000000001,3.73210912365,0.4763038267628824
,0.52,0.876797122193,0.04257024090798568
,0.52,2.82070998309,0.14068962161792178
16,108351,0.665,2.5714584131,0.4419098933458269
,0.615,2.77318125918,0.13180794264069823
,0.65,3.88038343172,0.3972977036591464
,0.6825,1.91052532622,0.10635555529383348
,0.685,3.67707171491,0.4318652845211011
,0.64,3.1039021698,0.5722149949552982
16,108388,0.58,1.74057130266,0.2574293382792737
,0.5875,1.78714661428,0.06930028947507971
,0.5475,1.74463268397,0.10547704172659661
,0.6900000000000001,2.06831256466,0.12127802273084036
,0.64,3.11016235793,0.27749070710794704
,0.6000000000000001,3.81897255912,0.4327485293152053
16,108411,0.515,1.1904678063,0.16320958196102733
,0.67,4.35779267656,0.333298864645834
,0.6175,3.27165332554,0.28054974534273236
,0.875,3.63687320377,0.7345786858913683
,0.6575000000000001,3.3821551909,0.3343779134895039
,0.7075,2.10678553521,0.7437132706336314
16,108416,0.7125,2.78458146866,0.5704281041498748
,0.804999999999999,2.47173467284,0.862516869791204
,0.71,4.08453193527,0.6441969117258096
,0.804999999999999,3.71016495645,0.4670008119816279
,0.8174999999999991,2.17282651905,0.8676995028001131
,0.74,1.82436712236,0.8074996940265609
16,108417,0.52,1.2259302071,0.169250122158296
,0.5325,0.458615999969,0.012618766239080035
,0.5825,2.4969418208,0.17949273740206814
,0.8,3.66400482797,0.44856421421953174
,0.6325000000000001,2.97854884801,0.2546532042920863
,0.605,3.75218404699,0.451680939313246
16,108652,0.5625,1.57382321167,0.22844606805045906
,0.5650000000000001,1.10946024957,0.037028252391035486
,0.5075000000000001,1.01997345546,0.050804089520825546
,0.525,0.0447716202537,0.0010891118115454058
,0.6425000000000001,3.15222900087,0.28531889666011584
,0.43999999999999906,0.547715214486,0.016830726342758378
16,109008,0.595,1.89179799944,0.28466441677064935
,0.63,3.30905813321,0.17746919096259733
,0.5275000000000001,1.35905665015,0.07450947973310203
,0.6950000000000001,2.17147346596,0.13187831572687758
,0.5325,1.06437327038,0.054680570132275196
,0.5,2.12958688776,0.091150540675785
16,109067,0.75,2.68467751835,0.6737754902005358
,0.7525000000000001,3.86775493801,0.6946851338012603
,0.7625000000000001,2.92987485463,0.8328297913062024
,0.8,3.66400482797,0.44856421421953174
,0.794999999999999,2.68592164713,0.8129897728806944
,0.71,2.08322130065,0.7489506646826687
16,129429,0.76,2.61568581444,0.7002913982784942
,0.68,4.4868700231,0.3775720181270693
,0.5775,2.38562776401,0.16728661219581084
,0.7925000000000001,3.59016622765,0.42135803469884225
,0.5875,2.08928367935,0.14023361060701106
,0.54,3.42576185116,0.20340478286379315
16,129459,0.605,1.99526153391,0.304098585433085
,0.6875,4.5444207391,0.41146028948807467
,0.6725,4.13950208129,0.4878556015620239
,0.705,2.37063529691,0.1545978204944694
,0.6925,3.72312627769,0.4596260921253237
,0.6375000000000001,3.15387153203,0.5643928342396636
16,129490,0.7000000000000001,2.76190493722,0.5357347101073333
,0.6975,4.56998897437,0.45708008402768485
,0.6575000000000001,3.98613397683,0.42680789397101565
,0.889999999999999,3.34504890561,0.7870725323384403
,0.754999999999999,3.43182823802,0.6895810175207502
,0.625,3.40315619561,0.523405058661837
16,129672,-0.25,1.17713911715e-05,4.1878728421681227e-07
,0.405,0.00140768870032,2.2128558479417587e-05
,0.485,0.703207924815,0.031552415894249
,0.725,2.73037673717,0.20570240209152243
,0.38,0.0314346986094,0.0009013367690056655
,0.43500000000000005,0.473418382171,0.01428143680515998
16,129907,0.6075,2.02128809217,0.309119265656657
,0.65,3.92727116515,0.25008342343140166
,0.65,3.88038343172,0.3972977036591464
,0.65,1.23132711153,0.0554315354069563
,0.63,2.93304381167,0.2472635557668
,0.54,3.42576185116,0.20340478286379315
16,129987,0.5,1.09037293701,0.14611471303409718
,0.6575000000000001,4.11416459007,0.2802566898726373
,0.6575000000000001,3.98613397683,0.42680789397101565
,0.5625,0.160153699585,0.004551512238940695
,0.6875,3.69420736529,0.4410797494662868
,0.6575000000000001,2.77081318699,0.6235637036672842
16,130043,0.804999999999999,2.12804027699,0.8079645581234554
,0.764999999999999,3.57049234797,0.7412093807553688
,0.8300000000000001,1.0127231867,0.9624456482640974
,0.865,3.77136582533,0.6974961659519481
,0.899999999999999,0.604612341662,0.9757780541668093
,0.6950000000000001,2.23459290415,0.7165989086486191
16,130166,0.875,1.14849737835,0.9225101500900527
,0.9325000000000001,0.16761721691,0.9953475156491838
,0.7875000000000001,2.15804396027,0.8964670749545731
,0.8600000000000001,3.8200425905,0.6785125256437728
,0.9325000000000001,0.290450463156,0.9898588452701649
,0.875,0.560770785828,0.9680801342417598
16,130586,-0.25,1.17713911715e-05,4.1878728421681227e-07
,0.35750000000000004,6.22376585959e-05,8.387628794926562e-07
,0.20750000000000002,4.47462233002e-05,8.182306878859968e-07
,0.42750000000000005,0.000522326019068,9.166520260770706e-06
,0.28500000000000003,0.000904739217895,1.9896748295011113e-05
,0.25,0.000708392028735,1.88910720842877e-05
16,134922,0.4375,0.752621756701,0.08908350740212835
,0.6775,4.46021439228,0.3663873812811109
,0.6925,4.19579970753,0.5715174434375749
,0.79,3.5645574532,0.4124145375122574
,0.725,3.72467023156,0.5815510999059905
,0.635,3.20403303449,0.5564454768618414
16,134923,0.6725,2.62584074037,0.46140371809188924
,0.7025,4.56177285382,0.4799151388484754
,0.6825,4.1908253494,0.5295441083835661
,0.735,2.88841942174,0.23380850041733553
,0.725,3.72467023156,0.5815510999059905
,0.68,2.41779918503,0.6817531304231019
16,135551,0.7825000000000001,2.40322562507,0.7568924243397166
,0.7725000000000001,3.37760027641,0.7672706120431241
,0.7575000000000001,3.07779755101,0.8178087794679938
,0.774999999999999,3.40271114441,0.3601434888892893
,0.8250000000000001,1.99942058622,0.8833447076024493
,0.6425000000000001,3.05427794631,0.5799126330346835
16,135973,0.6675,2.59028346845,0.44836221065350546
,0.7825000000000001,3.10771969453,0.7997076017050588
,0.8,1.78277112615,0.9210754803074401
,0.8975000000000001,3.16285814085,0.8114907666877289
,0.7925000000000001,2.74061785516,0.8062064511684973
,0.745,1.78205506861,0.8165159323864657
16,136122,0.5225000000000001,1.24407481694,0.1723375703365738
,0.745,4.02816375651,0.6650660544851632
,0.78,2.39047993012,0.8794119420382378
,0.8325,3.88616312802,0.571826356513179
,0.745,3.55951636231,0.6546005828991348
,0.61,3.67542331308,0.47025374547942533
16,136139,0.8225,1.88663889729,0.8431169106906085
,0.784999999999999,3.0384944197,0.8073904913637316
,0.8025,1.71060547038,0.9254419598623266
,0.845,3.89518702078,0.620520099078925
,0.837499999999999,1.71594557625,0.9065553664203383
,0.76,1.65123053114,0.8422742748171115
16,136288,0.7425,2.7250555867,0.6534827599292414
,0.7925000000000001,2.82785664061,0.8293917132001146
,0.7375,3.60777891404,0.7507578164431739
,0.827499999999999,3.86759144564,0.5524388126046779
,0.8125,2.28864899887,0.8565457236738663
,0.6225,3.45160952845,0.5148364279964618
16,136820,0.6025,1.96927854093,0.2991429216570428
,0.6175,2.86461437796,0.13885528365594313
,0.6275000000000001,3.47834560984,0.31430993365700605
,0.655,1.3314342559,0.06183729733873377
,0.655,3.34675676133,0.32596651145188416
,0.5650000000000001,3.88502281934,0.29563196555899696
16,136846,0.7625000000000001,2.59584178193,0.706806018023512
,0.804999999999999,2.47173467284,0.862516869791204
,0.8075000000000001,1.56998000372,0.9336412644220691
,0.6525000000000001,1.28103821174,0.058571842682650116
,0.7925000000000001,2.74061785516,0.8062064511684973
,0.875,0.560770785828,0.9680801342417598
16,137085,0.847499999999999,1.52737304986,0.8857974878677345
,0.8775000000000001,0.737066404496,0.9733035460875108
,0.8400000000000001,0.810549649611,0.9715375784727145
,0.9400000000000001,1.88974970255,0.9196237609651394
,0.875,0.97139910931,0.956314499756185
,0.8500000000000001,0.77194851616,0.9514943444077494
16,137869,0.8150000000000001,1.99206668316,0.8285703039895496
,0.8700000000000001,0.867232095462,0.9672960569433195
,0.875,0.324200000162,0.9904439544865691
,0.972499999999999,0.998664652598,0.9658623648140909
,0.905,0.54481677391,0.9786497806649421
,0.8625,0.661963526917,0.9604477688696682
16,138039,0.655,2.48991463638,0.4165951275493979
,0.6375000000000001,3.55810765126,0.20323176641546958
,0.6975,4.17984514437,0.5924617823050574
,0.7325,2.85026495754,0.22663496068397443
,0.63,2.93304381167,0.2472635557668
,0.6075,3.7149400333,0.46101534110072506
16,140859,0.4375,0.752621756701,0.08908350740212835
,0.6000000000000001,2.22418983288,0.09433890265130732
,0.5975,2.83296524848,0.2194662643483467
,0.59,0.349664994037,0.011297703643324752
,0.65,3.27230599222,0.3094168783688156
,0.59,3.91591984497,0.3940298513798281
16,140984,0.645,2.39991895666,0.39213977515937737
,0.7425,4.07815953549,0.6549327683124607
,0.754999999999999,3.14995832736,0.810023808127762
,0.8925000000000001,3.28675526638,0.7953628170923995
,0.7625000000000001,3.31812926693,0.7149024991326958
,0.6925,2.26258742277,0.7109776251099371
16,141053,0.625,2.20272680725,0.3460839522731845
,0.7025,4.56177285382,0.4799151388484754
,0.65,3.88038343172,0.3972977036591464
,0.7025,2.32187902256,0.14873202195409882
,0.645,3.19330865543,0.29325102961241356
,0.5,2.12958688776,0.091150540675785
16,141356,0.7025,2.76856358464,0.5426480116645203
,0.8400000000000001,1.51966866944,0.9319932955068468
,0.794999999999999,1.9303220061,0.9117944204696355
,0.9475,1.66297385046,0.9329410644773324
,0.8250000000000001,1.99942058622,0.8833447076024493
,0.8425,0.841600897379,0.9454450923921247
16,142811,0.635,2.30352427168,0.3686180720205919
,0.675,4.42980889714,0.35527407136376216
,0.58,2.44119515273,0.17332009969620496
,0.7825000000000001,3.48528255656,0.3859754664314683
,0.595,2.24253567466,0.15647768733797238
,0.535,3.28955204321,0.18661141331481107
16,142951,0.6475000000000001,2.42309752721,0.39816863235109645
,0.7375,4.17243614715,0.6343030086423102
,0.764999999999999,2.8544198019,0.8400603402847779
,0.784999999999999,3.51208972246,0.39472225816062084
,0.804999999999999,2.46122057875,0.8387323416480628
,0.68,2.41779918503,0.6817531304231019
16,143324,0.5750000000000001,1.69171369486,0.24884899852237544
,0.625,3.13466340659,0.16135754625860232
,0.66,4.01739802127,0.43681274800085845
,0.6775,1.80414320501,0.09706865442751607
,0.5725,1.78697922966,0.11117256546167181
,0.59,3.91591984497,0.3940298513798281
16,145305,0.605,1.99526153391,0.304098585433085
,0.6875,4.5444207391,0.41146028948807467
,0.745,3.42311344676,0.7771358583528831
,0.725,2.73037673717,0.20570240209152243
,0.7675000000000001,3.23450634556,0.7312865768968467
,0.6575000000000001,2.77081318699,0.6235637036672842
16,145335,0.5225000000000001,1.24407481694,0.1723375703365738
,0.5,0.149602163848,0.00347639191002173
,0.5425,1.6444243411,0.0970053725058016
,0.8,3.66400482797,0.44856421421953174
,0.55,1.36042084726,0.07584422334631769
,0.5875,3.93141429562,0.3842199013453233
16,145444,0.725,2.77972082352,0.6052343704252927
,0.6925,4.56436774766,0.4342383166775123
,0.754999999999999,3.14995832736,0.810023808127762
,0.794999999999999,3.6153097994,0.4303649812188075
,0.8525,1.3944271433,0.9298511144985222
,0.7975000000000001,1.2908828302,0.8975757930300652
16,146557,-0.25,1.17713911715e-05,4.1878728421681227e-07
,0.6825,4.50977879933,0.3888186087205161
,0.72,3.9516881214,0.6844190992692258
,0.74,2.96213423079,0.24843629754855412
,0.73,3.69513394498,0.6001039317172054
,0.5700000000000001,3.92581649187,0.31516650264696944
16,146877,0.8075000000000001,2.09465186704,0.8132430164262783
,0.5625,1.04516732655,0.03433546225197178
,0.715,4.02427433737,0.6644741311390079
,0.865,3.77136582533,0.6974961659519481
,0.865,1.14933679121,0.9457250482910302
,0.8400000000000001,0.865348115346,0.9433114576709536
16,146928,0.7000000000000001,2.76190493722,0.5357347101073333
,0.8174999999999991,2.11813317634,0.8911955909961773
,0.8600000000000001,0.492901545358,0.98438391780452
,0.885,3.45372970796,0.7700710736262807
,0.855,1.34355492133,0.9332734103640585
,0.8150000000000001,1.1131206694,0.9186120893293116
16,146993,0.8125,2.02662757886,0.8235468664638135
,1.0,0.0133086068123,0.9997165984048636
,1.0,0.00209460024888,0.9999615784168685
,0.8,3.66400482797,0.44856421421953174
,1.0,0.0411322429462,0.9988775800607066
,0.9500000000000001,0.160334285866,0.9929436751199554
16,147026,0.5,1.09037293701,0.14611471303409718
,0.625,3.13466340659,0.16135754625860232
,0.615,3.21825988856,0.27243723370697076
,0.645,1.13420820802,0.04951904283589449
,0.655,3.34675676133,0.32596651145188416
,0.52,2.82070998309,0.14068962161792178
16,147101,0.625,2.20272680725,0.3460839522731845
,0.6825,4.50977879933,0.3888186087205161
,0.7225,3.91089517732,0.6942479430238964
,0.8525,3.8704419081,0.6496565750185469
,0.865,1.14933679121,0.9457250482910302
,0.8600000000000001,0.683294729647,0.9587662686718954
16,147111,0.595,1.89179799944,0.28466441677064935
,0.6225,3.04556584425,0.1536320318340068
,0.774999999999999,2.5462443322,0.8670700819812238
,0.837499999999999,3.89666321326,0.5912869897182816
,0.735,3.65767162049,0.6184892263987625
,0.605,3.75218404699,0.451680939313246
16,147193,0.75,2.68467751835,0.6737754902005358
,0.7975000000000001,2.68576113931,0.8431761352912046
,0.7825000000000001,2.31269846346,0.8852908760743406
,0.75,3.10001712221,0.2787570625988245
,0.7825000000000001,2.95119731462,0.7777354364702794
,0.8500000000000001,0.77194851616,0.9514943444077494
16,819,0.725,2.77972082352,0.6052343704252927
,0.7225,4.40317898867,0.5698814378263102
,0.7075,4.10994837223,0.6339531524558322
,0.8300000000000001,3.87782453415,0.5621209643066329
,0.7025,3.7587402514,0.4970605877104187
,0.7775000000000001,1.48861051398,0.8697642820334991
16,1942,0.715,2.78585756288,0.5773913842821984
,0.6075,2.4975578329,0.11204239659453362
,0.5925,2.72094646511,0.20558136317957085
,0.784999999999999,3.51208972246,0.39472225816062084
,0.6725,3.56601441602,0.3865530580305789
,0.585,3.94307735946,0.3743759731409988
16,1993,0.6625,2.55197726699,0.43550546534013446
,0.835,1.64637498587,0.9240799771582895
,0.7525000000000001,3.22071691915,0.8020601563900396
,0.905,2.96083505818,0.8344657623269152
,0.7375,3.63600477986,0.6276067264464747
,0.63,3.30426420278,0.5401744878811511
