user,id,mealScore,mealScore_pdf,mealScore_cdf,chargeScore,chargeScore_pdf,chargeScore_cdf,serviceScore,serviceScore_pdf,serviceScore_cdf,equipmentScore,equipmentScore_pdf,equipmentScore_cdf,roomScore,roomScore_pdf,roomScore_cdf,bathScore,bathScore_pdf,bathScore_cdf,locationScore,locationScore_pdf,locationScore_cdf,distanceScore,distanceScore_pdf,distanceScore_cdf,kinnennScore,kinnennScore_pdf,kinnennScore_cdf
4,101,0.6975,3.71844928953,0.4902966747566733
,0.9297100057614741,2.43846659488,0.8823081443025218
,0.73,5.52465743539,0.5318015406455175
,0.655,4.41428470891,0.32186574024733927
,0.6000000000000001,1.43973934859,0.06602133333868826
,0.625,3.75538822726,0.36846007219716204
,0.9400000000000001,1.41993703723,0.9368687605776291
,0.9797530864197531,1.37462519449,0.9068524779760169
,1.0,nan,nan
4,192,0.6675,3.53759947814,0.3807514185562988
,0.8213942769348951,5.0689494104,0.4251207347793343
,0.66,3.71418759457,0.1863208316471107
,0.63,3.65111582552,0.22055254317294498
,0.6775,3.66276974109,0.26243855330821547
,0.5325,1.80090627882,0.10430546358631285
,0.745,3.56544674312,0.2401895753738869
,0.755061728395061,2.40263914895,0.23166327202293796
,1.0,nan,nan
4,223,0.5825,2.01001442932,0.13899091391006285
,0.8713654695602071,4.58840873006,0.6748919716960058
,0.6775,4.48156678996,0.2581750129517671
,0.6375000000000001,3.90371882947,0.2488927514226319
,0.605,1.56441484816,0.07352936843256
,0.5575,2.38983856381,0.15661341359841244
,0.605,0.316713956427,0.01041451000018202
,0.8103703703703701,3.52716418174,0.3972693396297974
,0.0,nan,nan
4,388,0.7825000000000001,2.76719925153,0.779161927406231
,0.713885154599577,1.4691490766,0.05703096430966101
,0.7675000000000001,4.62824531745,0.7260401684832007
,0.7575000000000001,3.56768574539,0.7880471576368302
,0.7675000000000001,4.18129089874,0.6466099549524051
,0.675,3.91190715497,0.5641531669131234
,0.915,2.1119562062,0.892992773013275
,0.851358024691358,3.82221945764,0.5503310715820908
,1.0,nan,nan
4,398,0.847499999999999,1.43407313834,0.9150638591675313
,0.8828884194353751,4.22642909014,0.7257416680757229
,0.66,3.71418759457,0.1863208316471107
,0.635,3.82125359983,0.2392361399759008
,0.6325000000000001,2.33526744324,0.12686439295727697
,0.545,2.09077768443,0.12861488493669454
,0.61,0.360998336208,0.012106840477872343
,0.720493827160493,1.71385998846,0.1609420455623092
,0.0,nan,nan
4,462,0.7075,3.71404888372,0.5274868483964354
,0.965469560207413,1.28874431949,0.9477391991047204
,0.8300000000000001,1.88205039575,0.9290823259469878
,0.7975000000000001,2.13115839517,0.9018385069370649
,0.68,3.72747979734,0.2716767368943511
,0.64,3.90269660587,0.42599650653251503
,0.79,4.49113443678,0.4247148704496586
,0.810864197530864,3.53467158119,0.3990130059923664
,1.0,nan,nan
4,509,0.8225,1.92826315014,0.8731535023777686
,0.6792778951411561,0.654527945165,0.021613796585215762
,0.6950000000000001,5.09804257841,0.3422935507961439
,0.6375000000000001,3.90371882947,0.2488927514226319
,0.6950000000000001,4.07236813673,0.33027615818106115
,0.5125000000000001,1.37334836982,0.07265160773610577
,0.919999999999999,1.96358831767,0.9031799156099083
,0.9125925925925921,2.93378285659,0.764074050038898
,0.0,nan,nan
4,568,0.5675,1.70915216851,0.11111640268026546
,0.786863837142308,4.22827670217,0.2622596333066468
,0.7975000000000001,3.30177675932,0.8455946788342377
,0.685,4.89142558946,0.4629262612580731
,0.6625,3.24323024443,0.21058473464723365
,0.865,0.493928591907,0.9786743485121635
,0.9450000000000001,1.29871337951,0.9436627357891387
,0.9432098765432091,2.18258003756,0.8424676343444355
,1.0,nan,nan
4,570,0.857499999999999,1.25517148893,0.9284995868975158
,0.765700019204916,3.41662154267,0.18114587834433876
,0.7825000000000001,3.99518924223,0.790834382058585
,0.754999999999999,3.65489853868,0.7790186532083019
,0.8625,1.57988966192,0.9257597519530625
,0.735,2.96085494584,0.7751717171969547
,0.8775000000000001,3.28496591879,0.7918739074182202
,0.946172839506172,2.11052106031,0.8488276087167171
,1.0,nan,nan
4,610,0.8225,1.92826315014,0.8731535023777686
,0.880929517956596,4.29243337976,0.7173975965306763
,0.725,5.54140277794,0.504125250568618
,0.6875,4.90313267714,0.4751704206330307
,0.7825000000000001,3.86887492628,0.7070994407051785
,0.615,3.61476124473,0.3315830279095693
,0.9175000000000001,2.03725660129,0.8981790830077193
,0.899753086419753,3.22088803542,0.7245278739922316
,0.0,nan,nan
4,630,0.7725000000000001,2.9627379858,0.75050216453286
,0.9405031688112151,2.04987263419,0.9065030148508411
,0.68,4.58136467496,0.2695043550626903
,0.6375000000000001,3.90371882947,0.2488927514226319
,0.74,4.47699090786,0.5266503167716372
,0.5575,2.38983856381,0.15661341359841244
,0.6875,1.80208856388,0.08613415242164393
,0.7629629629629631,2.57614045146,0.25133077550135824
,0.0,nan,nan
4,658,0.63,2.9740220636,0.2577159813152533
,0.656270405223737,0.345419950644,0.010414438135221511
,0.5775,0.698031881306,0.021138742941819857
,0.54,0.841354087177,0.030171388006948616
,0.59,1.20798095702,0.05280280495602592
,0.47750000000000004,0.777312675016,0.0356318052990605
,0.665,1.22577422059,0.0522991973772569
,0.65679012345679,0.898700412636,0.08073827130047062
,0.0,nan,nan
4,659,0.62,2.78195397093,0.22892636159801777
,0.531745726906087,0.00324680343503,6.885033367068745e-05
,0.6125,1.66052435809,0.0607560421088202
,0.5925,2.29932888058,0.10896669368256333
,0.645,2.71492271409,0.15842023354040635
,0.47750000000000004,0.777312675016,0.0356318052990605
,0.65,0.913615639218,0.03632899091939659
,0.622222222222222,0.64306259577,0.054342371877417854
,0.0,nan,nan
4,716,0.8025,2.35077373893,0.8303787571996011
,0.7945073938928361,4.48048884041,0.2955613776388216
,0.7225,5.53973206339,0.4902724357278977
,0.715,4.72844311542,0.6088632306961973
,0.8325,2.43075817768,0.865949707049785
,0.645,3.93334858711,0.4455906005036917
,0.735,3.26692785208,0.20601202929747464
,0.819259259259259,3.64964311825,0.4291866130141566
,0.0,nan,nan
4,767,0.7325,3.56082825932,0.6188349688608353
,0.7599385442673321,3.18122611505,0.16213825929429515
,0.6950000000000001,5.09804257841,0.3422935507961439
,0.6625,4.58735828795,0.35564174977979035
,0.7000000000000001,4.16785640453,0.35088122463128435
,0.5975,3.30068345399,0.27095968538917736
,0.8725,3.43600801608,0.7750697068198351
,0.9007407407407401,3.20003932958,0.7276987219010811
,0.0,nan,nan
4,839,0.735,3.53494705672,0.6277050629727696
,0.782024198194737,4.05470902931,0.2422124654812588
,0.8150000000000001,2.50203429316,0.8963040161895834
,0.7875000000000001,2.47987583373,0.8787982960014271
,0.845,2.05963713719,0.893996853410948
,0.7275,3.12567373329,0.7523423712507082
,0.925,1.81966539605,0.9126360695018005
,1.0,1.02919577883,0.931050994810878
,1.0,nan,nan
4,858,0.5675,1.70915216851,0.11111640268026546
,0.7714614941425001,3.64856104939,0.20150119029609564
,0.61,1.57284088829,0.056714928500481675
,0.635,3.82125359983,0.2392361399759008
,0.65,2.86768705552,0.17237693819792832
,0.5525,2.26963530844,0.1449648930546928
,0.6475000000000001,0.867439099128,0.03410301887200919
,0.631604938271604,0.704169246277,0.060658628310832574
,0.0,nan,nan
4,864,0.75,3.34398331003,0.6793705434698692
,0.8713654695602071,4.58840873006,0.6748919716960058
,0.6900000000000001,4.94341439562,0.3171818025807403
,0.6375000000000001,3.90371882947,0.2488927514226319
,0.71,4.32439002969,0.3933824264747385
,0.5625,2.5101377757,0.16886344035251982
,0.919999999999999,1.96358831767,0.9031799156099083
,0.899753086419753,3.22088803542,0.7245278739922316
,0.0,nan,nan
4,922,0.4525,0.282778097227,0.012790945283848
,0.9174188592279621,2.9103769738,0.8494605411878804
,0.605,1.40612846868,0.04927235895860019
,0.595,2.38709446357,0.11482450029901484
,0.5750000000000001,0.906809407637,0.0370126824202615
,0.454999999999999,0.506148435176,0.021352208563228888
,0.6825,1.66373156701,0.0774718334363455
,0.5837037037037031,0.437393805708,0.033739039295402416
,1.0,nan,nan
4,930,0.7125,3.69942298808,0.546023960628697
,0.56024582293067,0.0111251113732,0.000252537964791524
,0.78,4.10674401066,0.7807065846096533
,0.75,3.82488345258,0.760316511440277
,0.7925000000000001,3.61594498572,0.7445488174355178
,0.685,3.82781032926,0.6028822689328078
,0.885,3.0519243342,0.8156411474986263
,0.750123456790123,2.29602608022,0.2200623758984741
,1.0,nan,nan
4,995,0.7875000000000001,2.66544597173,0.792744456211715
,0.8674860764355671,4.69405993222,0.6568838478312449
,0.5775,0.698031881306,0.021138742941819857
,0.51,0.392765533437,0.012305946961320435
,0.5325,0.345373104327,0.011831381122613154
,0.52,1.52734592681,0.08352401945878657
,0.65,0.913615639218,0.03632899091939659
,0.7664197530864191,2.65261489682,0.2603680938579006
,1.0,nan,nan
4,996,0.625,2.87944894129,0.24308097436395731
,0.8703668139043591,4.61647248448,0.6702956696448956
,0.65,3.24936348869,0.15149932435250985
,0.6000000000000001,2.56550274296,0.1272045440313013
,0.6375000000000001,2.48616899759,0.13891720868774304
,0.5325,1.80090627882,0.10430546358631285
,0.725,2.95430483749,0.17489799612176368
,0.8390123456790121,3.81062170862,0.5031409654771528
,0.0,nan,nan
4,1119,0.5,0.665729000696,0.03430005184021162
,0.8574227002112541,4.92195372909,0.6084400488287243
,0.6000000000000001,1.25117019987,0.042634042944977885
,0.545,0.942694210923,0.03462811225430666
,0.58,1.0009003408,0.04177933014219608
,0.5075000000000001,1.27546745301,0.06603122310579213
,0.7325,3.18972912446,0.19794104002962393
,0.8874074074074071,3.45873877015,0.6832494502527213
,0.0,nan,nan
4,1128,0.8700000000000001,1.05025265015,0.9428859038066665
,0.858882273862108,4.89335083463,0.6156033214830392
,0.7425,5.36810695536,0.6000485624522724
,0.6925,4.91263791683,0.4997175962652613
,0.6775,3.66276974109,0.26243855330821547
,0.6025,3.3981488367,0.28770907986477856
,0.7725000000000001,4.23747594365,0.34810446972367015
,0.7935802469135801,3.23140402946,0.340429206011094
,1.0,nan,nan
4,1186,0.5750000000000001,1.85765810812,0.12448918637254061
,0.7987708853466481,4.60733980075,0.3149381455450988
,0.7225,5.53973206339,0.4902724357278977
,0.6175,3.20458603342,0.17768051127347836
,0.6625,3.24323024443,0.21058473464723365
,0.65,3.95434822841,0.4653139011665294
,0.67,1.34308173747,0.05871862978888182
,0.712592592592592,1.58016763313,0.1479351490434152
,0.0,nan,nan
4,1356,0.79,2.61381338107,0.7993436235861426
,0.704513155367774,1.20259866144,0.044538047747478965
,0.7575000000000001,4.98297330424,0.6779282932426103
,0.774999999999999,2.93389364815,0.8449750580171551
,0.8125,3.04079015913,0.8112312209990067
,0.73,3.07161284696,0.7600891772315067
,0.925,1.81966539605,0.9126360695018005
,0.8316049382716041,3.76984243283,0.47504994934626876
,0.0,nan,nan
4,1357,0.76,3.18657052031,0.7120413320547443
,0.283887075091223,1.08151678074e-09,1.3815862042012784e-11
,0.8025,3.06868905398,0.8615201429355714
,0.78,2.75088566744,0.8591865813388528
,0.8075000000000001,3.19050102219,0.7956518791486671
,0.72,3.281571254,0.7283089164620207
,0.835,4.33554108683,0.6277554917090316
,0.6083950617283951,0.561720594813,0.04602403752136823
,0.0,nan,nan
4,1386,0.5825,2.01001442932,0.13899091391006285
,0.694680238140964,0.960132045897,0.033936222412551086
,0.6975,5.16780461948,0.35512695226127033
,0.7025,4.87591264141,0.5487220357466286
,0.7425,4.46691352813,0.5378309300608886
,0.6525000000000001,3.96117870209,0.47520882201687514
,0.8600000000000001,3.78989144918,0.7298667613197469
,0.866666666666666,3.7369386345,0.6083305101397433
,0.0,nan,nan
4,1404,0.75,3.34398331003,0.6793705434698692
,0.41317457269060803,6.95876156119e-06,1.1354851223086376e-07
,0.6725,4.27300257985,0.2362839604019692
,0.6725,4.76505695597,0.4024573467752218
,0.7875000000000001,3.74620183543,0.7261405118912443
,0.77,2.13935580769,0.8645247904988831
,0.75,3.70646721003,0.258372059994814
,0.575802469135802,0.402402239107,0.030422733120393754
,0.0,nan,nan
4,1500,0.6875,3.68978152503,0.4532281912775631
,0.9097753024774341,3.21187224479,0.8260642605842018
,0.73,5.52465743539,0.5318015406455175
,0.5675,1.50070552798,0.06180416624798907
,0.5825,1.05031203155,0.04434301683372223
,0.387499999999999,0.104541593448,0.003559102297429216
,0.9375,1.48290369248,0.9332405309857785
,0.8859259259259251,3.48407732522,0.6781065304705747
,0.0,nan,nan
4,1501,0.55,1.38321515417,0.08410512473983593
,0.8521605531015941,5.01157121614,0.5822947834347274
,0.6425000000000001,2.90265895735,0.12843303231259817
,0.505,0.341386582272,0.010472990115871012
,0.6025,1.50137193734,0.06969742457734132
,0.4,0.144604419363,0.0051046130947012
,0.9450000000000001,1.29871337951,0.9436627357891387
,0.775308641975308,2.84863624568,0.2848197539726555
,0.0,nan,nan
4,1511,0.6075,2.52893668015,0.19572206495960334
,0.8636450931438441,4.78929157448,0.6386680461132936
,0.6125,1.66052435809,0.0607560421088202
,0.52,0.514023922086,0.01681841474448013
,0.54,0.416277238555,0.014680962584650155
,0.5925,3.19799435174,0.25471095262087445
,0.8700000000000001,3.50979180398,0.7663871900225434
,0.724444444444444,1.78439970757,0.16785138957654494
,1.0,nan,nan
4,1556,0.705,3.71826294186,0.5181960267990466
,0.788745918955252,4.29306037412,0.27027881554819433
,0.675,4.37867344173,0.24709910077470293
,0.6625,4.58735828795,0.35564174977979035
,0.705,4.25211950568,0.3719360086786695
,0.6525000000000001,3.96117870209,0.47520882201687514
,0.7825000000000001,4.4022554839,0.39134522004824657
,0.675555555555555,1.08200628153,0.09926221798633124
,1.0,nan,nan
4,1630,0.8525,1.34304771531,0.9220053878092552
,0.888611484540042,4.02504043158,0.7493592042288222
,0.6525000000000001,3.36584674764,0.1597683065364645
,0.6325000000000001,3.73698668498,0.22978798485035984
,0.6825,3.79033931408,0.2810744101204129
,0.6075,3.48974052055,0.3049313827568133
,0.64,0.738792209597,0.02808884581833128
,0.6335802469135801,0.717724161546,0.062062925767274346
,0.0,nan,nan
4,1667,0.75,3.34398331003,0.6793705434698692
,0.660072978682542,0.385971653935,0.011803838678683865
,0.68,4.58136467496,0.2695043550626903
,0.6625,4.58735828795,0.35564174977979035
,0.6175,1.899133087,0.09514430467874124
,0.49,0.965749726235,0.04649717461716409
,0.8,4.55971185593,0.47001781613186144
,0.902222222222222,3.16832965342,0.7324160957155944
,0.0,nan,nan
4,1680,0.784999999999999,2.7165973326,0.7860167947373523
,0.8974841559439211,3.6931912332,0.7836144512877594
,0.7925000000000001,3.53544496926,0.8285013985722427
,0.6950000000000001,4.91040909011,0.511997374990509
,0.7275,4.47428596854,0.47061250872864824
,0.6975,3.67364684885,0.6498202511766094
,0.8700000000000001,3.50979180398,0.7663871900225434
,0.875061728395061,3.64523342622,0.6393386280886366
,1.0,nan,nan
4,1725,0.615,2.68207328931,0.2152654105210125
,0.84251968503937,5.11758220854,0.5334055575836607
,0.685,4.77042353606,0.2928900219606821
,0.6000000000000001,2.56550274296,0.1272045440313013
,0.6475000000000001,2.79135892853,0.16530309526715192
,0.625,3.75538822726,0.36846007219716204
,0.7425,3.49265440394,0.2313666576728114
,0.760987654320987,2.53253662216,0.2462851854970332
,1.0,nan,nan
4,1764,0.7725000000000001,2.9627379858,0.75050216453286
,0.7307470712502401,2.03143256651,0.08640297409786832
,0.7075,5.39107361236,0.40799852152176275
,0.67,4.72671435585,0.39059175972990023
,0.7425,4.46691352813,0.5378309300608886
,0.645,3.93334858711,0.4455906005036917
,0.857499999999999,3.85542482076,0.7203096965411157
,0.880987654320987,3.56290127881,0.660702929608888
,0.0,nan,nan
4,1770,0.635,3.06513630698,0.2728154299729186
,0.785327443825619,4.17421879207,0.25580473355600414
,0.6025,1.32717004242,0.04585635085923977
,0.5775,1.80033127693,0.0782847046697048
,0.64,2.56221096169,0.14522762034292175
,0.5525,2.26963530844,0.1449648930546928
,0.835,4.33554108683,0.6277554917090316
,0.722962962962963,1.75766332565,0.1652276809647301
,0.0,nan,nan
4,1799,0.8250000000000001,1.87651393371,0.8779093939384324
,0.434415210293835,2.37677427916e-05,4.0559276123316777e-07
,0.81,2.72476282544,0.8832396874297375
,0.8400000000000001,0.945232122418,0.9652506635293701
,0.885,1.0612886154,0.9552437008486284
,0.8500000000000001,0.657956024508,0.9700794238536876
,0.8,4.55971185593,0.47001781613186144
,0.7614814814814811,2.54342756674,0.24753850968086502
,0.0,nan,nan
4,1872,0.6075,2.52893668015,0.19572206495960334
,0.683272517764547,0.725458699922,0.024368190288486448
,0.66,3.71418759457,0.1863208316471107
,0.6075,2.8381878021,0.14746556110567366
,0.6475000000000001,2.79135892853,0.16530309526715192
,0.52,1.52734592681,0.08352401945878657
,0.9475,1.24051329509,0.9468364300122667
,0.7866666666666661,3.0916859799,0.31856699906712055
,0.0,nan,nan
4,1927,0.5,0.665729000696,0.03430005184021162
,0.814518916842711,4.97028768706,0.390586686658731
,0.66,3.71418759457,0.1863208316471107
,0.5775,1.80033127693,0.0782847046697048
,0.5775,0.953066850022,0.03933719985975494
,0.52,1.52734592681,0.08352401945878657
,0.8400000000000001,4.24826323734,0.6492201348583082
,0.8172839506172841,3.62483601223,0.4220017049432653
,0.0,nan,nan
4,1996,0.62,2.78195397093,0.22892636159801777
,0.8560015363933161,4.94826653239,0.6014262674702007
,0.67,4.16487446587,0.22573613560541145
,0.525,0.584716998043,0.019562336696825708
,0.495,0.122251906447,0.003658641352073816
,0.6000000000000001,3.35011028219,0.27927345828924055
,0.7325,3.18972912446,0.19794104002962393
,0.7866666666666661,3.0916859799,0.31856699906712055
,0.0,nan,nan
4,1997,0.7775000000000001,2.86648013336,0.7650765841531268
,0.8905703860188201,3.95355783536,0.757174038728251
,0.6900000000000001,4.94341439562,0.3171818025807403
,0.6625,4.58735828795,0.35564174977979035
,0.685,3.85121658996,0.29062678152641125
,0.59,3.14489962119,0.24678210676078682
,0.67,1.34308173747,0.05871862978888182
,0.493827160493827,0.148043854455,0.009113669581896118
,1.0,nan,nan
4,2335,0.75,3.34398331003,0.6793705434698692
,0.9059343191857111,3.36359785587,0.8134359733359691
,0.675,4.37867344173,0.24709910077470293
,0.5825,1.9607117428,0.08768457644642694
,0.64,2.56221096169,0.14522762034292175
,0.485,0.887059309086,0.04186699483111958
,0.6900000000000001,1.8732123228,0.09072801968523864
,0.884444444444444,3.50865148321,0.6729266356678416
,0.0,nan,nan
4,2465,-0.25,2.86729212674e-14,4.2055604267443253e-16
,0.937007874015748,2.17239347063,0.8991249821341066
,0.7225,5.53973206339,0.4902724357278977
,0.7775000000000001,2.84226211713,0.8521952168822127
,0.6675,3.38812196711,0.22716483548609212
,0.555,2.32968767767,0.15071401868548862
,0.7225,2.87502758076,0.16761128084643842
,0.8153086419753081,3.59861071976,0.41486720703983104
,1.0,nan,nan
4,2605,-0.25,2.86729212674e-14,4.2055604267443253e-16
,0.8767428461686191,4.42771185955,0.6991405256487352
,0.339999999999999,5.52943609596e-06,7.62028690322932e-08
,0.3025,4.93422560094e-05,8.062956907800422e-07
,0.339999999999999,0.00026647498574,5.201162117106476e-06
,0.355,0.0420512774438,0.0013112470610514458
,0.59,0.20968984068,0.006511896043759237
,0.803456790123456,3.4142963038,0.37326607524562905
,1.0,nan,nan
4,2876,0.6075,2.52893668015,0.19572206495960334
,0.602458229306702,0.0580646559051,0.0014719981392354161
,0.8400000000000001,1.51965421534,0.9460534469073436
,0.794999999999999,2.21659357249,0.8964040878436055
,0.8174999999999991,2.88893923821,0.8260562157757314
,0.889999999999999,0.292883870907,0.9883359891846442
,0.9550000000000001,1.07579583497,0.9555132586156894
,0.886913580246913,3.46726856179,0.681539321572608
,0.0,nan,nan
4,2877,0.6875,3.68978152503,0.4532281912775631
,0.748454004225081,2.71294130838,0.12830032473438052
,0.635,2.5652494331,0.10793611379655615
,0.75,3.82488345258,0.760316511440277
,0.6725,3.52833484414,0.24445815637414334
,0.635,3.86261417515,0.4065793557138496
,0.8075000000000001,4.57223929306,0.5042837078843332
,0.845432098765432,3.82560960133,0.5276626187150883
,1.0,nan,nan
4,2958,0.6825,3.66328556418,0.4348422002033909
,0.8905703860188201,3.95355783536,0.757174038728251
,0.65,3.24936348869,0.15149932435250985
,0.59,2.21269334872,0.10332691396834623
,0.5325,0.345373104327,0.011831381122613154
,0.7475,2.67251245928,0.8103940345310304
,0.8775000000000001,3.28496591879,0.7918739074182202
,0.9797530864197531,1.37462519449,0.9068524779760169
,0.0,nan,nan
4,4771,0.6025,2.42538874352,0.18333590625924517
,0.7637795275590551,3.33839452723,0.1746593498958639
,0.705,5.34403743024,0.39457836794281137
,0.635,3.82125359983,0.2392361399759008
,0.705,4.25211950568,0.3719360086786695
,0.5175000000000001,1.47509559012,0.0797711531336705
,0.8975000000000001,2.65574809859,0.851317641799151
,0.79753086419753,3.30724309731,0.35334612651358804
,1.0,nan,nan
4,4778,0.7875000000000001,2.66544597173,0.792744456211715
,0.594814672556174,0.043730108902,0.0010853170198723463
,0.6875,4.85907479,0.3049277630332492
,0.7125,4.76660512419,0.5969935466120756
,0.774999999999999,4.03641015893,0.6774414486198628
,0.6575000000000001,3.96744172281,0.4950344909099523
,0.9400000000000001,1.41993703723,0.9368687605776291
,0.941234567901234,2.23098264595,0.8381086031408942
,1.0,nan,nan
4,4801,0.7075,3.71404888372,0.5274868483964354
,0.8214326867678121,5.06938992821,0.425315440743364
,0.735,5.48136560374,0.5593275593904936
,0.625,3.47535275935,0.20273435659486772
,0.64,2.56221096169,0.14522762034292175
,0.6725,3.92711691336,0.5543538915797206
,0.764999999999999,4.08258953481,0.3168886030712285
,0.8103703703703701,3.52716418174,0.3972693396297974
,1.0,nan,nan
4,4805,0.7675000000000001,3.05542360093,0.7354551583959898
,0.7753024774342231,3.79977711763,0.21580672953134777
,0.7725000000000001,4.42818435545,0.748686694994114
,0.74,4.14157177621,0.7204548873124037
,0.8400000000000001,2.20598352177,0.8833341750460784
,0.6975,3.67364684885,0.6498202511766094
,0.9125000000000001,2.18760019163,0.8876185148395435
,0.940246913580246,2.25527640432,0.8358931712569747
,0.0,nan,nan
4,4819,0.6025,2.42538874352,0.18333590625924517
,0.8751680430190121,4.47637817511,0.692129263934242
,0.6725,4.27300257985,0.2362839604019692
,0.6725,4.76505695597,0.4024573467752218
,0.715,4.38400092694,0.41515880344156647
,0.56,2.45001392632,0.16266323195567584
,0.7225,2.87502758076,0.16761128084643842
,0.884444444444444,3.50865148321,0.6729266356678416
,0.0,nan,nan
4,4977,0.64,3.15225877768,0.28836069091342537
,0.7945073938928361,4.48048884041,0.2955613776388216
,0.71,5.43195838246,0.4215286092430459
,0.725,4.53562420502,0.6552354592942371
,0.685,3.85121658996,0.29062678152641125
,0.705,3.55766601081,0.6769478982341399
,0.8500000000000001,4.03896740933,0.690692837580474
,0.7970370370370371,3.29794489824,0.351715213666522
,1.0,nan,nan
4,5024,0.67,3.56315949805,0.3896277364177137
,0.9289802189360471,2.46575360953,0.8805186334963444
,0.7000000000000001,5.23220492828,0.3681281053281626
,0.6525000000000001,4.34980167056,0.31090996447833014
,0.7625000000000001,4.26383916259,0.625492228530173
,0.495,1.04884957,0.05153184313734825
,0.7425,3.49265440394,0.2313666576728114
,0.9032098765432091,3.14690986178,0.7355347505317761
,1.0,nan,nan
4,5041,0.75,3.34398331003,0.6793705434698692
,0.7061647781832141,1.24706636289,0.046560860644982174
,0.41000000000000003,0.000495231085161,8.133238342448105e-06
,0.454999999999999,0.0682639550744,0.0017282063343635134
,0.47750000000000004,0.0709356585811,0.00200359262967001
,0.36250000000000004,0.0523308778268,0.0016639254721477897
,0.6375000000000001,0.699147839302,0.026291753102848044
,0.8246913580246911,3.71017871078,0.4491814724132457
,0.0,nan,nan
4,5303,0.25,0.00154066684613,4.547446725950914e-05
,0.865603994622623,4.74193501787,0.6480038322947312
,0.75,5.20021465175,0.6397124398856582
,0.47250000000000003,0.125170484548,0.0033770467244060316
,0.5,0.141831433153,0.004317808264084291
,0.6950000000000001,3.7085597378,0.6405920865918535
,0.8600000000000001,3.78989144918,0.7298667613197469
,0.78716049382716,3.10191935249,0.3200962857695186
,1.0,nan,nan
4,5309,0.6950000000000001,3.71436368264,0.4810052277793038
,0.8444785865181481,5.10236498863,0.5434160289802352
,0.6975,5.16780461948,0.35512695226127033
,0.6900000000000001,4.91021015134,0.4874380662679758
,0.6950000000000001,4.07236813673,0.33027615818106115
,0.585,3.03563482891,0.23132915723882955
,0.7675000000000001,4.13697564238,0.3271636129347653
,0.9041975308641971,3.12527497002,0.738632143145886
,0.0,nan,nan
4,5385,0.7625000000000001,3.14399447949,0.7199547870895573
,0.9020933358939881,3.51445449014,0.8002263252721018
,0.6075,1.488028419,0.052889444804633784
,0.5875,2.12730634888,0.09790218627310648
,0.6000000000000001,1.43973934859,0.06602133333868826
,0.5075000000000001,1.27546745301,0.06603122310579213
,0.8425,4.20011129196,0.6597812109710917
,0.9446913580246911,2.14646174652,0.8456743111401741
,0.0,nan,nan
4,5562,0.6875,3.68978152503,0.4532281912775631
,0.256769733051661,1.28958360057e-10,1.5744569792732922e-12
,0.8025,3.06868905398,0.8615201429355714
,0.774999999999999,2.93389364815,0.8449750580171551
,0.8200000000000001,2.81253907406,0.833183107307091
,0.7575000000000001,2.43548734225,0.835936256576411
,0.9575,1.02422194507,0.958137932263657
,0.9111111111111111,2.96845488964,0.7597019811152601
,0.0,nan,nan
4,5627,0.6675,3.53759947814,0.3807514185562988
,0.8681774534280771,4.67590574189,0.660122954472715
,0.59,0.976714499939,0.03153383718055562
,0.5225000000000001,0.548491338976,0.01814619738341647
,0.66,3.16937304039,0.20256880823491255
,0.5675,2.62991811779,0.18171392803663328
,0.59,0.20968984068,0.006511896043759237
,0.7688888888888881,2.70725508856,0.26698522669126135
,1.0,nan,nan
4,5729,0.5,0.665729000696,0.03430005184021162
,0.696216631457653,0.995518286126,0.03543842904482723
,0.5,0.0456304085112,0.0009941556832378717
,0.5225000000000001,0.548491338976,0.01814619738341647
,0.545,0.469628099076,0.016893620462173783
,0.41000000000000003,0.185500435795,0.006747937276923611
,0.6375000000000001,0.699147839302,0.026291753102848044
,0.826172839506172,3.72464871045,0.4546888628145407
,0.0,nan,nan
4,7055,0.8075000000000001,2.24449205373,0.8418669660455999
,0.8713654695602071,4.58840873006,0.6748919716960058
,0.54,0.214018633226,0.005455565825200793
,0.47250000000000003,0.125170484548,0.0033770467244060316
,0.5675,0.777419999781,0.030705570119869928
,0.464999999999999,0.616191952632,0.02695038494780016
,0.6375000000000001,0.699147839302,0.026291753102848044
,0.7412345679012341,2.109669209,0.20048751537979853
,0.0,nan,nan
4,7341,0.5,0.665729000696,0.03430005184021162
,0.8636835029767621,4.78838784323,0.6388519846495986
,0.7000000000000001,5.23220492828,0.3681281053281626
,0.6125,3.0215483827,0.16211474474532084
,0.754999999999999,4.36472838136,0.5931173532297657
,0.6025,3.3981488367,0.28770907986477856
,0.7675000000000001,4.13697564238,0.3271636129347653
,0.8864197530864191,3.47571501452,0.6798250011940217
,0.0,nan,nan
4,7342,0.59,2.1650042873,0.1546459994755935
,0.8137507201843671,4.95687019376,0.3867736518159731
,0.5875,0.915389334899,0.029169304832068563
,0.545,0.942694210923,0.03462811225430666
,0.56,0.661820314882,0.025316889518725225
,0.52,1.52734592681,0.08352401945878657
,0.847499999999999,4.09534272848,0.6805244173196144
,0.9061728395061721,3.08139059125,0.7447623147184596
,1.0,nan,nan
4,7343,0.6325000000000001,3.02004500814,0.2652087522959283
,0.8559631265603991,4.94895636131,0.6012361921277407
,0.7075,5.39107361236,0.40799852152176275
,0.6875,4.90313267714,0.4751704206330307
,0.715,4.38400092694,0.41515880344156647
,0.665,3.95830351199,0.5247699162033368
,0.9125000000000001,2.18760019163,0.8876185148395435
,0.9619753086419751,1.74241122997,0.879229134516564
,0.0,nan,nan
4,7588,0.6025,2.42538874352,0.18333590625924517
,0.8559631265603991,4.94895636131,0.6012361921277407
,0.6950000000000001,5.09804257841,0.3422935507961439
,0.6725,4.76505695597,0.4024573467752218
,0.6175,1.899133087,0.09514430467874124
,0.845,0.720681484399,0.9666345575918376
,0.8150000000000001,4.55104650088,0.5385170426619175
,0.958024691358024,1.83136106234,0.8721705998118519
,1.0,nan,nan
4,7599,0.75,3.34398331003,0.6793705434698692
,0.8646437487996921,4.76546988987,0.6434390604458327
,0.6000000000000001,1.25117019987,0.042634042944977885
,0.5625,1.36238637679,0.05464975192793528
,0.5675,0.777419999781,0.030705570119869928
,0.5325,1.80090627882,0.10430546358631285
,0.9500000000000001,1.18395049283,0.9498666668019404
,0.9456790123456791,2.12248046175,0.8477824240349545
,1.0,nan,nan
4,7903,0.75,3.34398331003,0.6793705434698692
,0.8857307470712501,4.12790159924,0.7376152802222611
,0.68,4.58136467496,0.2695043550626903
,0.6425000000000001,4.06245810754,0.2688118502916748
,0.645,2.71492271409,0.15842023354040635
,0.5375,1.91525847362,0.11359486471571097
,0.64,0.738792209597,0.02808884581833128
,0.6716049382716051,1.0401209421,0.09507098462457017
,1.0,nan,nan
4,8207,0.6625,3.48127707409,0.3632013884665901
,0.8859612060687531,4.11977905419,0.7385656566996917
,0.6975,5.16780461948,0.35512695226127033
,0.7375,4.21476089315,0.7100089135587733
,0.6575000000000001,3.09475651186,0.19473850217691174
,0.54,1.97328990371,0.11845544102041194
,0.7775000000000001,4.32618060528,0.3695187076089874
,0.7046913580246911,1.45645159512,0.13594519237880903
,0.0,nan,nan
4,8290,0.8925000000000001,0.737957393064,0.9628646987293991
,0.783022853850585,4.09128913167,0.2462800201960454
,0.77,4.52985057641,0.7374885026564237
,0.7825000000000001,2.65992646977,0.8659499931090968
,0.8325,2.43075817768,0.865949707049785
,0.75,2.61354501382,0.8170016655386118
,0.8300000000000001,4.41010893657,0.6058859134757413
,0.8898765432098761,3.41486832354,0.6917357988754956
,0.0,nan,nan
4,8961,0.535,1.13240635254,0.06527398153997292
,0.73309007105819,2.11709203515,0.09126265056261161
,0.6625,3.82895074182,0.19574996890755225
,0.6325000000000001,3.73698668498,0.22978798485035984
,0.6025,1.50137193734,0.06969742457734132
,0.5325,1.80090627882,0.10430546358631285
,0.9075000000000001,2.34134605273,0.8762974058325843
,0.835555555555555,3.79466243797,0.4899944616172188
,0.0,nan,nan
4,9191,0.5825,2.01001442932,0.13899091391006285
,0.8905319761859031,3.95497049267,0.7570221561010356
,0.685,4.77042353606,0.2928900219606821
,0.605,2.74681680989,0.14048437707602118
,0.63,2.26061696714,0.12111966606840188
,0.5925,3.19799435174,0.25471095262087445
,0.6825,1.66373156701,0.0774718334363455
,0.28098765432098705,0.00289826403086,0.00011705644215206617
,0.0,nan,nan
4,9518,0.75,3.34398331003,0.6793705434698692
,0.8706740925676971,4.60789991548,0.6717128974859925
,0.7000000000000001,5.23220492828,0.3681281053281626
,0.625,3.47535275935,0.20273435659486772
,0.725,4.46313738535,0.45943999871030927
,0.675,3.91190715497,0.5641531669131234
,0.8500000000000001,4.03896740933,0.690692837580474
,0.919012345679012,2.78018759801,0.7824178268674669
,1.0,nan,nan
4,10630,0.58,1.95887301157,0.13402987080992582
,0.6800845016324181,0.668399791208,0.022147322485812235
,0.7275,5.53637217243,0.5179738645058487
,0.6675,4.68423710641,0.37882722083728304
,0.7225,4.44849569033,0.44829973295652326
,0.7075,3.51548789806,0.685789689628044
,0.867499999999999,3.58221971604,0.7575218777031865
,0.7698765432098761,2.72909038827,0.26966984322358134
,1.0,nan,nan
4,10672,-0.25,2.86729212674e-14,4.2055604267443253e-16
,0.8137507201843671,4.95687019376,0.3867736518159731
,0.6075,1.488028419,0.052889444804633784
,0.535,0.748072612092,0.026201136465219467
,0.6425000000000001,2.63850050927,0.1517284699261244
,0.5,1.13630895471,0.05699293836533998
,0.9275,1.74955640627,0.9170973276951558
,0.72395061728395,1.77544999696,0.16697241588296355
,0.0,nan,nan
4,11039,0.715,3.68903371222,0.5552599562717985
,0.7560975609756091,3.02380674579,0.15022159679034902
,0.735,5.48136560374,0.5593275593904936
,0.7625000000000001,3.38980434267,0.8054425853322642
,0.8425,2.13239830329,0.8887569898496586
,0.72,3.281571254,0.7283089164620207
,0.8125,4.56184365515,0.5271251559232304
,0.0,7.89954135648e-07,2.1658650672565177e-08
,1.0,nan,nan
4,11140,0.5275000000000001,1.01815520703,0.05721417297468871
,0.865565584789706,4.74288811871,0.6478216770556657
,0.6975,5.16780461948,0.35512695226127033
,0.5775,1.80033127693,0.0782847046697048
,0.6325000000000001,2.33526744324,0.12686439295727697
,0.55,2.20975341156,0.13936570002153092
,0.7825000000000001,4.4022554839,0.39134522004824657
,0.245432098765432,0.00124006783053,4.7292774766609965e-05
,1.0,nan,nan
4,11230,0.6825,3.66328556418,0.4348422002033909
,0.7756865757633951,3.81470507245,0.21726908570508052
,0.74,5.41214546359,0.5865719622747805
,0.6725,4.76505695597,0.4024573467752218
,0.6950000000000001,4.07236813673,0.33027615818106115
,0.6125,3.57483553086,0.3225956553835412
,0.8975000000000001,2.65574809859,0.851317641799151
,0.8301234567901231,3.75876622479,0.46947308470992144
,1.0,nan,nan
4,11275,0.8250000000000001,1.87651393371,0.8779093939384324
,0.45938160169003206,9.35717492423e-05,1.6853749106007639e-06
,0.8225,2.18179963025,0.9138568378223306
,0.7875000000000001,2.47987583373,0.8787982960014271
,0.8775000000000001,1.22045133815,0.9466960096719802
,0.8200000000000001,1.09792540522,0.9441246120124065
,0.8775000000000001,3.28496591879,0.7918739074182202
,0.8740740740740741,3.65757995522,0.6357322672624937
,1.0,nan,nan
4,12534,0.6900000000000001,3.70001607303,0.4624658604617974
,0.8021893604762821,4.70092946492,0.3308503378802695
,0.665,3.94252957264,0.20546459857009491
,0.6475000000000001,4.2116528126,0.2895014220745511
,0.6525000000000001,2.94378184221,0.179641336173507
,0.5625,2.5101377757,0.16886344035251982
,0.735,3.26692785208,0.20601202929747464
,0.895308641975308,3.3116090293,0.7100092757844929
,0.0,nan,nan
4,14112,0.715,3.68903371222,0.5552599562717985
,0.777222969080084,3.87401861606,0.22317562103379604
,0.754999999999999,5.0604834247,0.6653729547354933
,0.75,3.82488345258,0.760316511440277
,0.77,4.13570246787,0.6570067786453476
,0.705,3.55766601081,0.6769478982341399
,0.8174999999999991,4.53654891683,0.5498773044854102
,0.869135802469135,3.7131334178,0.617528684924791
,0.0,nan,nan
4,15812,0.5475,1.33943944332,0.08070196425025097
,0.7657384290378331,3.41818254488,0.18127714018634183
,0.62,1.94018724483,0.07424348291813809
,0.5750000000000001,1.72268129592,0.0738813047459434
,0.5675,0.777419999781,0.030705570119869928
,0.5,1.13630895471,0.05699293836533998
,0.7125,2.55752361545,0.1404497363128377
,0.8222222222222221,3.68409373579,0.44005224063579707
,1.0,nan,nan
4,15877,0.375,0.0515528401109,0.0019512809936771392
,0.9789130017284421,0.969716680735,0.9628478607573329
,0.545,0.254348804711,0.006624031943476225
,0.47000000000000003,0.115110394859,0.0030768476163979454
,0.43999999999999906,0.0194561208958,0.0004901323835149497
,0.4325,0.313886679307,0.01226186126345671
,0.764999999999999,4.08258953481,0.3168886030712285
,0.741728395061728,2.11979982139,0.20153182754431123
,1.0,nan,nan
4,15878,0.6925,3.70821528555,0.47172657543376423
,0.769541002496639,3.57181637887,0.1945677469963189
,0.75,5.20021465175,0.6397124398856582
,0.6975,4.90353003194,0.5242657661556676
,0.7025,4.21144128609,0.36135594220796696
,0.65,3.95434822841,0.4653139011665294
,0.8,4.55971185593,0.47001781613186144
,0.8696296296296291,3.70805028783,0.619361080346837
,0.0,nan,nan
4,16373,0.6675,3.53759947814,0.3807514185562988
,0.880929517956596,4.29243337976,0.7173975965306763
,0.6925,5.02316033381,0.3296410066218605
,0.6925,4.91263791683,0.4997175962652613
,0.65,2.86768705552,0.17237693819792832
,0.5975,3.30068345399,0.27095968538917736
,0.7000000000000001,2.16900376738,0.11092509364836095
,0.6641975308641971,0.966482032059,0.08764293008111407
,1.0,nan,nan
4,17703,0.0,6.05876954267e-08,1.1943439774244458e-09
,0.9251008258114071,2.61258078689,0.8706691322954438
,0.605,1.40612846868,0.04927235895860019
,0.635,3.82125359983,0.2392361399759008
,0.76,4.30061108456,0.614786025047842
,0.42750000000000005,0.280420227873,0.010777371963768632
,0.595,0.241381153874,0.007638024347948679
,0.9827160493827161,1.31902964684,0.9108426559108094
,1.0,nan,nan
4,17743,0.5,0.665729000696,0.03430005184021162
,0.8367966199347031,5.1430179877,0.5040309117335602
,0.665,3.94252957264,0.20546459857009491
,0.6725,4.76505695597,0.4024573467752218
,0.6825,3.79033931408,0.2810744101204129
,0.6625,3.96381619755,0.514866754178147
,0.784999999999999,4.43532568123,0.4023929010218723
,0.8755555555555551,3.63890934846,0.6411371859772375
,0.0,nan,nan
4,17938,0.5,0.665729000696,0.03430005184021162
,0.9558671019781061,1.55621271868,0.9341062202382329
,0.4375,0.00229503505764,4.075324528249963e-05
,0.3125,8.82148067057e-05,1.4761936528868145e-06
,0.262499999999999,4.1723274968e-06,6.930424759228523e-08
,0.4575,0.532145842088,0.022649870317658603
,0.7125,2.55752361545,0.1404497363128377
,0.908148148148148,3.03673816258,0.750805032356592
,1.0,nan,nan
4,17979,0.7125,3.69942298808,0.546023960628697
,0.87866333781448,4.36668347095,0.7075855949087243
,0.7325,5.50630006109,0.5455916154829247
,0.6525000000000001,4.34980167056,0.31090996447833014
,0.6825,3.79033931408,0.2810744101204129
,0.49,0.965749726235,0.04649717461716409
,0.6775,1.53095406497,0.06948753256217897
,0.752592592592592,2.34910585202,0.2257970063823753
,1.0,nan,nan
4,18166,0.6125,2.63140441441,0.20862347363969874
,0.8275398502016511,5.12333857564,0.4564561346389875
,0.64,2.78884887148,0.12131888872208796
,0.5875,2.12730634888,0.09790218627310648
,0.6625,3.24323024443,0.21058473464723365
,0.5625,2.5101377757,0.16886344035251982
,0.8825000000000001,3.13027436059,0.8079132846221185
,0.997037037037037,1.07469936307,0.9279345360177302
,0.0,nan,nan
4,18246,0.774999999999999,2.91502135839,0.7578495426593793
,0.9107355483003641,3.17389672971,0.8291302145603494
,0.7525000000000001,5.13298006857,0.652630054419101
,0.784999999999999,2.56954023219,0.8724866913442906
,0.78,3.92704168067,0.6973540826132827
,0.77,2.13935580769,0.8645247904988831
,0.8725,3.43600801608,0.7750697068198351
,0.9624691358024691,1.73145972403,0.8800868788553041
,1.0,nan,nan
4,18248,0.9175000000000001,0.475737567434,0.977857064657264
,0.9520261186863831,1.67230027387,0.9279075195434419
,0.8625,0.87558150781,0.9725496577421459
,0.7475,3.90726010255,0.7506509344088572
,0.7725000000000001,4.0873728767,0.6672861828434955
,0.8174999999999991,1.14150716891,0.9413255393948032
,0.9075000000000001,2.34134605273,0.8762974058325843
,0.8562962962962961,3.80667715136,0.5691726037017264
,0.0,nan,nan
4,18270,0.645,3.23486590108,0.3043304913608129
,0.779181870558863,3.94864682231,0.2308377274165353
,0.7425,5.36810695536,0.6000485624522724
,0.6775,4.82892334381,0.4264495245883436
,0.764999999999999,4.22403546202,0.6361026942000431
,0.6275000000000001,3.78546338864,0.3778865783204558
,0.7925000000000001,4.51373796444,0.4359717076399212
,0.9501234567901231,2.01567876674,0.8569776177977024
,1.0,nan,nan
4,18297,0.75,3.34398331003,0.6793705434698692
,0.7647397733819851,3.37754902621,0.17788383428356314
,0.745,5.31798423626,0.6134074262997131
,0.745,3.98763013151,0.7407818831565389
,0.7525000000000001,4.39192532397,0.5821708490665469
,0.7275,3.12567373329,0.7523423712507082
,0.8525,3.98010049946,0.7007171779220183
,0.853333333333333,3.81738813581,0.5578766676483532
,0.0,nan,nan
4,18311,0.75,3.34398331003,0.6793705434698692
,0.814518916842711,4.97028768706,0.390586686658731
,0.58,0.748289069806,0.022946092076509963
,0.382499999999999,0.00338796467957,6.811855362664248e-05
,0.42000000000000004,0.00909369931761,0.00021653970891168068
,0.41750000000000004,0.222225927601,0.00827343930747043
,0.8300000000000001,4.41010893657,0.6058859134757413
,0.838024691358024,3.80661829939,0.49937932862374707
,1.0,nan,nan
4,18312,1.0,0.0808011904737,0.9969491542490401
,0.9389667754945261,2.103304543,0.9033126447295357
,0.6525000000000001,3.36584674764,0.1597683065364645
,0.48250000000000004,0.173362423221,0.00485851315185185
,0.5275000000000001,0.303763585083,0.010210344276294685
,0.48250000000000004,0.849373313517,0.03969668447134175
,0.9025000000000001,2.49769044065,0.864200718894374
,0.7891358024691351,3.14249038668,0.32626370190346116
,1.0,nan,nan
4,18319,0.47750000000000004,0.452141124536,0.021842940186880738
,0.9348185135394661,2.25083298272,0.8942831929890763
,0.48250000000000004,0.0211887498143,0.0004340314561328575
,0.485,0.187626358361,0.00530954965383665
,0.53,0.324026880172,0.01099486061002828
,0.615,3.61476124473,0.3315830279095693
,0.7525000000000001,3.77440110645,0.2677235285575654
,0.8538271604938271,3.8158912965,0.5597614327553868
,0.0,nan,nan
4,18392,0.5775,1.9080725347,0.1291962646806366
,0.812944113693105,4.94227818547,0.3827812586164943
,0.5975,1.17813466075,0.039598029309656266
,0.5775,1.80033127693,0.0782847046697048
,0.595,1.32084855792,0.05912232940838161
,0.52,1.52734592681,0.08352401945878657
,0.725,2.95430483749,0.17489799612176368
,0.655308641975308,0.885792792074,0.07941645008897405
,1.0,nan,nan
4,18476,0.75,3.34398331003,0.6793705434698692
,0.8598041098521221,4.87447598543,0.6201055363542423
,0.784999999999999,3.88196629567,0.8006811407542134
,0.7075,4.83009880721,0.5729945538310743
,0.73,4.48191476554,0.4818084951667993
,0.6875,3.80117149445,0.6124189498867119
,0.8925000000000001,2.81455878768,0.8376419791368654
,0.8730864197530861,3.66952041458,0.6321139124816824
,1.0,nan,nan
4,18739,0.6875,3.68978152503,0.4532281912775631
,0.869829076243518,4.63133933321,0.6678092135554204
,0.745,5.31798423626,0.6134074262997131
,0.6925,4.91263791683,0.4997175962652613
,0.754999999999999,4.36472838136,0.5931173532297657
,0.5875,3.09075124676,0.23898733256675267
,0.847499999999999,4.09534272848,0.6805244173196144
,0.7308641975308641,1.90409150851,0.17968770564023065
,0.0,nan,nan
4,18763,-0.25,2.86729212674e-14,4.2055604267443253e-16
,0.928596120606875,2.48015991234,0.8795687759107487
,0.5825,0.801228195687,0.024882423383057958
,0.29250000000000004,2.71904681787e-05,4.341083414236628e-07
,0.29250000000000004,2.27157153457e-05,4.004160235510415e-07
,0.5,1.13630895471,0.05699293836533998
,0.9575,1.02422194507,0.958137932263657
,0.955555555555555,1.88809778926,0.8675788481403064
,1.0,nan,nan
4,19718,0.875,0.974473543924,0.947946214513385
,0.640868062223929,0.215753987047,0.006159012196900094
,0.9225000000000001,0.125696372369,0.9970124697687845
,0.6925,4.91263791683,0.4997175962652613
,0.77,4.13570246787,0.6570067786453476
,0.635,3.86261417515,0.4065793557138496
,0.905,2.41924691711,0.8703467891419263
,0.8444444444444441,3.82455957309,0.5238847195659913
,0.0,nan,nan
4,19745,-0.25,2.86729212674e-14,4.2055604267443253e-16
,0.6714038793931241,0.530602981746,0.016961362186248143
,0.8925000000000001,0.361228580562,0.990225371217923
,0.857499999999999,0.62467443412,0.9788465079845536
,0.857499999999999,1.71099373695,0.9175347299447025
,0.625,3.75538822726,0.36846007219716204
,0.857499999999999,3.85542482076,0.7203096965411157
,0.6167901234567901,0.609957449661,0.05093981688126292
,1.0,nan,nan
4,20639,0.5825,2.01001442932,0.13899091391006285
,0.864298060303437,4.77379199638,0.6417902515867272
,0.5275000000000001,0.136236810299,0.003297819239360702
,0.4425,0.0430362546163,0.0010433224248250176
,0.41500000000000004,0.00746170317386,0.00017527511199874046
,0.3375,0.0247527031186,0.0007387186305551045
,0.81,4.56891375135,0.5157109305216615
,0.972345679012345,1.52096304701,0.8961344627780536
,1.0,nan,nan
4,25302,0.5,0.665729000696,0.03430005184021162
,0.7191088918763201,1.63244297231,0.06512743320861304
,0.5125000000000001,0.076306702107,0.0017416531593625552
,0.48750000000000004,0.202872360225,0.00579746330227479
,0.5625,0.698851028621,0.027017419382737384
,0.39,0.111678831434,0.003829292645310799
,0.725,2.95430483749,0.17489799612176368
,0.925925925925925,2.61048525143,0.8010541118761952
,0.0,nan,nan
4,27972,0.6675,3.53759947814,0.3807514185562988
,0.850240061455732,5.03882860392,0.5726434521554844
,0.7525000000000001,5.13298006857,0.652630054419101
,0.7025,4.87591264141,0.5487220357466286
,0.7775000000000001,3.98292727211,0.6874661333720299
,0.6675,3.95033793891,0.5346562275372793
,0.827499999999999,4.4423993168,0.5948195702638694
,0.779753086419753,2.94521622888,0.2976955218932765
,0.0,nan,nan
4,28024,0.9175000000000001,0.475737567434,0.977857064657264
,0.658382946034184,0.367486607883,0.011167259985320803
,1.0,0.00379158066231,0.9999314878794503
,0.899999999999999,0.188414729143,0.994663829169609
,0.8500000000000001,1.91692250161,0.9039366038347727
,1.0,0.0155000458552,0.9995388393162681
,1.0,0.391954025679,0.9866633009786123
,0.8562962962962961,3.80667715136,0.5691726037017264
,1.0,nan,nan
4,28466,0.61,2.58033732282,0.20210872027458776
,0.7730362972921061,3.71095986523,0.20729615628075576
,0.665,3.94252957264,0.20546459857009491
,0.68,4.85426838061,0.43855444296995894
,0.68,3.72747979734,0.2716767368943511
,0.5875,3.09075124676,0.23898733256675267
,0.9575,1.02422194507,0.958137932263657
,0.9456790123456791,2.12248046175,0.8477824240349545
,1.0,nan,nan
4,28484,0.605,2.47726624461,0.1894642616725617
,0.8394468984059921,5.13478633432,0.5176517911850083
,0.6375000000000001,2.67630778341,0.11448773007573526
,0.625,3.47535275935,0.20273435659486772
,0.5675,0.777419999781,0.030705570119869928
,0.61,3.53313779477,0.31371032701170865
,0.8600000000000001,3.78989144918,0.7298667613197469
,0.9358024691358021,2.36518141577,0.8256257921892103
,1.0,nan,nan
4,28512,0.827499999999999,1.82517114461,0.8825364107930018
,0.814518916842711,4.97028768706,0.390586686658731
,0.764999999999999,4.72305632316,0.7143502626988678
,0.6775,4.82892334381,0.4264495245883436
,0.725,4.46313738535,0.45943999871030927
,0.635,3.86261417515,0.4065793557138496
,0.7525000000000001,3.77440110645,0.2677235285575654
,0.9906172839506171,1.17920944277,0.9207041205470162
,0.0,nan,nan
4,28570,0.7225,3.64576978316,0.5827767087548466
,0.957787593623967,1.50009620449,0.9370408205421927
,0.4625,0.00824676127173,0.0001581270597045998
,0.5,0.295609700141,0.00888274420869891
,0.47500000000000003,0.0654263104226,0.001833221999079222
,0.4325,0.313886679307,0.01226186126345671
,0.6375000000000001,0.699147839302,0.026291753102848044
,0.7214814814814811,1.73126704957,0.16264333027967276
,0.0,nan,nan
4,28894,0.5,0.665729000696,0.03430005184021162
,0.9097753024774341,3.21187224479,0.8260642605842018
,0.6475000000000001,3.13316314052,0.14352125303109148
,0.62,3.29553417367,0.18580577290452654
,0.67,3.458882066,0.23572384855040202
,0.459999999999999,0.559141214842,0.024013769439605197
,0.705,2.32249592746,0.12215254602691016
,0.7851851851851851,3.06078299581,0.31400957791539774
,1.0,nan,nan
4,29183,0.5825,2.01001442932,0.13899091391006285
,0.8598041098521221,4.87447598543,0.6201055363542423
,0.6900000000000001,4.94341439562,0.3171818025807403
,0.635,3.82125359983,0.2392361399759008
,0.6475000000000001,2.79135892853,0.16530309526715192
,0.5825,2.97963629249,0.22380989352381636
,0.8225,4.49660393863,0.5724662201357051
,0.84,3.81417619679,0.5069063348210068
,1.0,nan,nan
4,29184,0.5375,1.17218180258,0.0681545427796652
,0.8626848473209141,4.81155637251,0.6340584083417828
,0.62,1.94018724483,0.07424348291813809
,0.5700000000000001,1.57281064315,0.06564565954497771
,0.5725,0.862122328654,0.03480184409252965
,0.449999999999999,0.457075430646,0.01894575132496552
,0.774999999999999,4.28335728217,0.358756137373096
,0.8222222222222221,3.68409373579,0.44005224063579707
,1.0,nan,nan
4,29229,0.4375,0.209321851194,0.009123460929299283
,0.846360668331092,5.08466565024,0.5530029119605542
,0.36750000000000005,3.57608971819e-05,5.261613601871317e-07
,0.34750000000000003,0.000599193993911,1.0946981139864493e-05
,0.34750000000000003,0.000383447574973,7.61318715960724e-06
,0.3075,0.00936815970799,0.0002606058820154598
,0.7725000000000001,4.23747594365,0.34810446972367015
,0.8493827160493821,3.82519935959,0.5427777605107158
,0.0,nan,nan
4,29338,-0.25,2.86729212674e-14,4.2055604267443253e-16
,0.9519877088534661,1.67348676787,0.927843263984425
,0.7000000000000001,5.23220492828,0.3681281053281626
,0.6525000000000001,4.34980167056,0.31090996447833014
,0.6900000000000001,3.96651083639,0.3101748292101836
,0.62,3.68901969672,0.3498456619998856
,0.615,0.410122883197,0.014032560675767742
,0.602962962962962,0.532243665758,0.04305336476795951
,1.0,nan,nan
4,29381,0.5325,1.09347098921,0.062491810895518606
,0.7350105627040521,2.18849385986,0.09539690501842515
,0.625,2.13961610771,0.08443889291298923
,0.595,2.38709446357,0.11482450029901484
,0.67,3.458882066,0.23572384855040202
,0.55,2.20975341156,0.13936570002153092
,0.66,1.11503899547,0.046449929449023236
,0.5051851851851851,0.172829747914,0.010933115852775203
,1.0,nan,nan
4,29764,0.6000000000000001,2.37336575586,0.1773374391587432
,0.8482811599769541,5.06353348787,0.5627481709654019
,0.7425,5.36810695536,0.6000485624522724
,0.68,4.85426838061,0.43855444296995894
,0.7225,4.44849569033,0.44829973295652326
,0.5875,3.09075124676,0.23898733256675267
,0.774999999999999,4.28335728217,0.358756137373096
,0.829629629629629,3.75486350893,0.46761786318138965
,1.0,nan,nan
4,30094,0.625,2.87944894129,0.24308097436395731
,0.91937776070674,2.83373528822,0.8550865530039795
,0.675,4.37867344173,0.24709910077470293
,0.62,3.29553417367,0.18580577290452654
,0.5625,0.698851028621,0.027017419382737384
,0.5825,2.97963629249,0.22380989352381636
,0.63,0.589611391,0.02146759202434252
,0.8212345679012341,3.6729856391,0.43641908374567306
,0.0,nan,nan
4,31557,1.0,0.0808011904737,0.9969491542490401
,0.7937776070674091,4.45772055309,0.29229986587801
,0.725,5.54140277794,0.504125250568618
,0.5575,1.23214246845,0.04816683742528327
,0.7925000000000001,3.61594498572,0.7445488174355178
,0.5825,2.97963629249,0.22380989352381636
,0.9275,1.74955640627,0.9170973276951558
,0.8627160493827161,3.76934246606,0.5935009603410719
,1.0,nan,nan
4,32060,0.75,3.34398331003,0.6793705434698692
,0.8214326867678121,5.06938992821,0.425315440743364
,0.65,3.24936348869,0.15149932435250985
,0.65,4.28219914611,0.3001193316399249
,0.55,0.528167117953,0.019385891448364573
,0.5625,2.5101377757,0.16886344035251982
,1.0,0.391954025679,0.9866633009786123
,0.9476543209876541,2.07477549101,0.8519278032385484
,1.0,nan,nan
4,38608,0.75,3.34398331003,0.6793705434698692
,0.9289802189360471,2.46575360953,0.8805186334963444
,0.7275,5.53637217243,0.5179738645058487
,0.74,4.14157177621,0.7204548873124037
,0.67,3.458882066,0.23572384855040202
,0.764999999999999,2.25728551774,0.853533628015146
,0.7875000000000001,4.46497586702,0.4135189982255004
,0.802469135802469,3.3970675441,0.3699024174944552
,0.0,nan,nan
4,38649,0.8225,1.92826315014,0.8731535023777686
,0.8565776838870751,4.93778390221,0.6042741912145126
,0.7925000000000001,3.53544496926,0.8285013985722427
,0.7525000000000001,3.74069703326,0.7697738435072712
,0.78,3.92704168067,0.6973540826132827
,0.867499999999999,0.469952876605,0.979879008001615
,0.7575000000000001,3.9043922664,0.28692393530396787
,0.811851851851851,3.54945022146,0.402511363843032
,0.0,nan,nan
4,39144,0.6675,3.53759947814,0.3807514185562988
,0.9097753024774341,3.21187224479,0.8260642605842018
,0.6425000000000001,2.90265895735,0.12843303231259817
,0.5575,1.23214246845,0.04816683742528327
,0.63,2.26061696714,0.12111966606840188
,0.5,1.13630895471,0.05699293836533998
,0.655,1.01097657453,0.04113768208769413
,0.6666666666666661,0.990346722235,0.09005863178945381
,0.0,nan,nan
4,39247,0.5175000000000001,0.877893116446,0.047745511303757614
,0.8508162089494911,5.03096462246,0.575544308178954
,0.5750000000000001,0.650390691799,0.019453752544830817
,0.65,4.28219914611,0.3001193316399249
,0.5525,0.559463726566,0.020745143045478615
,0.595,3.24995038743,0.26277112958552407
,0.847499999999999,4.09534272848,0.6805244173196144
,0.9037037037037031,3.13611882474,0.7370861178328507
,0.0,nan,nan
4,39495,0.66,3.45060972346,0.3545361905136694
,0.8521605531015941,5.01157121614,0.5822947834347274
,0.764999999999999,4.72305632316,0.7143502626988678
,0.7225,4.58960051496,0.6438281603341589
,0.6900000000000001,3.96651083639,0.3101748292101836
,0.5525,2.26963530844,0.1449648930546928
,0.75,3.70646721003,0.258372059994814
,0.87358024691358,3.66360123099,0.6339245640145387
,1.0,nan,nan
4,39581,-0.25,2.86729212674e-14,4.2055604267443253e-16
,0.8943729594776261,3.8117376018,0.7719392801347136
,0.735,5.48136560374,0.5593275593904936
,0.6175,3.20458603342,0.17768051127347836
,0.6675,3.38812196711,0.22716483548609212
,0.47000000000000003,0.677421313747,0.03018265448406282
,0.9575,1.02422194507,0.958137932263657
,0.8029629629629621,3.40571424765,0.3715821193442868
,1.0,nan,nan
4,40799,0.75,3.34398331003,0.6793705434698692
,0.8536969464182831,4.98763813266,0.589976382471556
,0.735,5.48136560374,0.5593275593904936
,0.68,4.85426838061,0.43855444296995894
,0.6225,2.04102539114,0.10499302110867201
,0.5725,2.74853847741,0.19516068939013798
,0.9550000000000001,1.07579583497,0.9555132586156894
,0.96395061728395,1.6988375929,0.8826277964521636
,1.0,nan,nan
4,40956,-0.25,2.86729212674e-14,4.2055604267443253e-16
,0.988937968119838,0.772708576072,0.9715535231086191
,0.7825000000000001,3.99518924223,0.790834382058585
,0.625,3.47535275935,0.20273435659486772
,0.72,4.43039576532,0.43720040234122715
,0.6575000000000001,3.96744172281,0.4950344909099523
,0.595,0.241381153874,0.007638024347948679
,0.6474074074074071,0.820302923366,0.07267993001326571
,1.0,nan,nan
4,41042,-0.25,2.86729212674e-14,4.2055604267443253e-16
,0.9097753024774341,3.21187224479,0.8260642605842018
,0.5425,0.233447990883,0.006014600898989947
,0.34750000000000003,0.000599193993911,1.0946981139864493e-05
,0.444999999999999,0.0233510210365,0.0005968815560756107
,0.515,1.42375260542,0.07614778530130728
,0.8325,4.37446102492,0.6168673167917698
,0.8207407407407401,3.66728977562,0.4346066661955138
,1.0,nan,nan
4,41069,0.7725000000000001,2.9627379858,0.75050216453286
,0.6005377376608411,0.0541085595263,0.0013643248849238288
,0.827499999999999,1.97946677121,0.9242559700540075
,0.8525,0.706482816008,0.97552176201542
,0.845,2.05963713719,0.893996853410948
,0.8025,1.4243011603,0.9221265795646243
,0.81,4.56891375135,0.5157109305216615
,0.810864197530864,3.53467158119,0.3990130059923664
,0.0,nan,nan
4,41615,0.9675,0.171903058615,0.9930043708988339
,0.820741309775302,5.06126952125,0.42181336501400185
,0.919999999999999,0.138144269446,0.9966828816845109
,0.7425,4.06579830283,0.7307146186992417
,0.847499999999999,1.98778517461,0.8990559333459742
,0.81,1.2784421493,0.9322564646373053
,0.8775000000000001,3.28496591879,0.7918739074182202
,0.544691358024691,0.283972011427,0.01982238983567921
,1.0,nan,nan
4,41703,0.6975,3.71844928953,0.4902966747566733
,0.7849433454964471,4.16054696136,0.2542040467849119
,0.6925,5.02316033381,0.3296410066218605
,0.735,4.2851799623,0.6993833913517143
,0.7875000000000001,3.74620183543,0.7261405118912443
,0.685,3.82781032926,0.6028822689328078
,0.77,4.18864418679,0.33757121650447064
,0.7925925925925921,3.21195282703,0.33724728612337596
,1.0,nan,nan
4,41708,0.6775,3.62891923386,0.41660845580676475
,0.784904935663529,4.15917640128,0.2540442671908152
,0.6725,4.27300257985,0.2362839604019692
,0.645,4.13834383765,0.2790633699092412
,0.735,4.48654794698,0.5042355652461632
,0.51,1.32391141771,0.06928023730398973
,0.665,1.22577422059,0.0522991973772569
,0.6498765432098761,0.840183965117,0.07472980830673616
,1.0,nan,nan
4,41851,-0.25,2.86729212674e-14,4.2055604267443253e-16
,0.9193393508738231,2.83523421409,0.8549776809188097
,0.6425000000000001,2.90265895735,0.12843303231259817
,0.6000000000000001,2.56550274296,0.1272045440313013
,0.635,2.41048557223,0.13279647645602352
,0.3275,0.0180628491513,0.0005262380239482808
,0.65,0.913615639218,0.03632899091939659
,0.8898765432098761,3.41486832354,0.6917357988754956
,1.0,nan,nan
4,43759,0.75,3.34398331003,0.6793705434698692
,0.934741693873631,2.25360784592,0.8941101781790716
,0.8625,0.87558150781,0.9725496577421459
,0.8174999999999991,1.50402151705,0.9380085962262471
,0.75,4.41579419696,0.5711605002116265
,0.7675000000000001,2.19818839417,0.8591029221389015
,0.6975,2.09352182909,0.10559712868281391
,0.7056790123456791,1.47137191903,0.13739101842803123
,1.0,nan,nan
4,44059,-0.25,2.86729212674e-14,4.2055604267443253e-16
,0.9020933358939881,3.51445449014,0.8002263252721018
,0.6575000000000001,3.59854895264,0.1771797603328458
,0.5125000000000001,0.420689243425,0.013322445935487884
,0.605,1.56441484816,0.07352936843256
,0.5325,1.80090627882,0.10430546358631285
,0.8225,4.49660393863,0.5724662201357051
,0.9565432098765431,1.86530253312,0.8694323683357439
,0.0,nan,nan
4,44938,0.8125,2.13834298977,0.8528239001435137
,0.7176877280583821,1.5870010817,0.06283984332724665
,0.75,5.20021465175,0.6397124398856582
,0.6075,2.8381878021,0.14746556110567366
,0.6425000000000001,2.63850050927,0.1517284699261244
,0.464999999999999,0.616191952632,0.02695038494780016
,0.9275,1.74955640627,0.9170973276951558
,0.834567901234567,3.78910852383,0.4862493534960389
,1.0,nan,nan
4,50703,0.675,3.60885890181,0.4075608393032025
,0.735394661033224,2.20289740211,0.09624026675460738
,0.7325,5.50630006109,0.5455916154829247
,0.7125,4.76660512419,0.5969935466120756
,0.7000000000000001,4.16785640453,0.35088122463128435
,0.645,3.93334858711,0.4455906005036917
,0.74,3.41853821734,0.2227274065643745
,0.8562962962962961,3.80667715136,0.5691726037017264
,0.0,nan,nan
4,50830,0.6375000000000001,3.1092295172,0.28053360207417055
,0.8275398502016511,5.12333857564,0.4564561346389875
,0.655,3.48233713976,0.16832856431130178
,0.5650000000000001,1.43055125862,0.058140505990360816
,0.66,3.16937304039,0.20256880823491255
,0.5725,2.74853847741,0.19516068939013798
,0.81,4.56891375135,0.5157109305216615
,0.8967901234567901,3.28195427869,0.7148934716006705
,0.0,nan,nan
4,50921,0.8325,1.72388481658,0.8914082251554634
,0.8290762435183401,5.13181590922,0.4643343744384517
,0.64,2.78884887148,0.12131888872208796
,0.5925,2.29932888058,0.10896669368256333
,0.68,3.72747979734,0.2716767368943511
,0.5975,3.30068345399,0.27095968538917736
,0.7025,2.24536074555,0.11644287687097489
,0.9397530864197531,2.26744390483,0.8347764507339247
,0.0,nan,nan
4,51734,0.56,1.56555020387,0.09883962983810624
,0.9270213174572691,2.53953591522,0.8756163238124011
,0.6825,4.67775307662,0.2810789949359684
,0.6000000000000001,2.56550274296,0.1272045440313013
,0.7225,4.44849569033,0.44829973295652326
,0.56,2.45001392632,0.16266323195567584
,0.7275,3.03327436115,0.1823825486713116
,0.8503703703703701,3.82394089224,0.5465551518228787
,0.0,nan,nan
4,52992,0.6725,3.58692628943,0.3985657216136023
,0.748454004225081,2.71294130838,0.12830032473438052
,0.71,5.43195838246,0.4215286092430459
,0.75,3.82488345258,0.760316511440277
,0.705,4.25211950568,0.3719360086786695
,0.6725,3.92711691336,0.5543538915797206
,0.8225,4.49660393863,0.5724662201357051
,0.928395061728395,2.54926747906,0.8074242175885568
,0.0,nan,nan
4,54491,0.705,3.71826294186,0.5181960267990466
,0.8689456500864221,4.65538506977,0.6637071110427573
,0.7775000000000001,4.21630967553,0.7703023195514904
,0.77,3.11724346019,0.8298470701613889
,0.7975000000000001,3.47917781799,0.7622891100067235
,0.9450000000000001,0.0765643395781,0.9973933417279544
,0.9025000000000001,2.49769044065,0.864200718894374
,0.952098765432098,1.96887542522,0.8609129070742585
,0.0,nan,nan
4,54885,0.625,2.87944894129,0.24308097436395731
,0.945265988092951,1.88869120885,0.9158796106893561
,0.68,4.58136467496,0.2695043550626903
,0.585,2.043278357,0.09268924949201697
,0.55,0.528167117953,0.019385891448364573
,0.5625,2.5101377757,0.16886344035251982
,0.8500000000000001,4.03896740933,0.690692837580474
,0.9525925925925921,1.95724516498,0.8618823183699935
,1.0,nan,nan
4,56634,0.764999999999999,3.10025687953,0.7277603364558412
,0.429652391012099,1.81368938216e-05,3.0638025542702414e-07
,0.8300000000000001,1.88205039575,0.9290823259469878
,0.8525,0.706482816008,0.97552176201542
,0.845,2.05963713719,0.893996853410948
,0.7575000000000001,2.43548734225,0.835936256576411
,0.9400000000000001,1.41993703723,0.9368687605776291
,0.8646913580246911,3.75402443979,0.6009317390427553
,0.0,nan,nan
4,56758,0.8125,2.13834298977,0.8528239001435137
,0.73808334933743,2.30481420841,0.10229976240752701
,0.77,4.52985057641,0.7374885026564237
,0.7725000000000001,3.02561203706,0.8375256761042065
,0.8225,2.73599223254,0.840118788999819
,0.745,2.73115583614,0.8036393732639652
,0.68,1.59661880757,0.07339669196516223
,0.7827160493827161,3.0086561974,0.30651629168888667
,0.0,nan,nan
4,56917,0.7325,3.56082825932,0.6188349688608353
,0.869444977914346,4.64185220435,0.6660283020162916
,0.73,5.52465743539,0.5318015406455175
,0.72,4.63981875284,0.6322905886984604
,0.77,4.13570246787,0.6570067786453476
,0.6575000000000001,3.96744172281,0.4950344909099523
,0.8300000000000001,4.41010893657,0.6058859134757413
,0.829629629629629,3.75486350893,0.46761786318138965
,1.0,nan,nan
4,56975,0.6000000000000001,2.37336575586,0.1773374391587432
,0.9289802189360471,2.46575360953,0.8805186334963444
,0.6975,5.16780461948,0.35512695226127033
,0.68,4.85426838061,0.43855444296995894
,0.7325,4.48600541595,0.49301913386776813
,0.7175,3.33116327295,0.7200427309033708
,0.8,4.55971185593,0.47001781613186144
,0.776296296296296,2.87021952137,0.2876438852246533
,1.0,nan,nan
4,67160,0.68,3.64707214584,0.4257038458705833
,0.830036489341271,5.13606410598,0.46926428362490336
,0.774999999999999,4.32356387365,0.7596269624573172
,0.8150000000000001,1.57620526657,0.9341587141394021
,0.8500000000000001,1.91692250161,0.9039366038347727
,0.76,2.37600487375,0.8419506172456768
,0.8625,3.72241627338,0.7392575355540842
,0.88,3.57757991846,0.6571767353793998
,0.0,nan,nan
4,67299,0.5,0.665729000696,0.03430005184021162
,0.9328212022277701,2.3234581026,0.8897152155275514
,0.6775,4.48156678996,0.2581750129517671
,0.6775,4.82892334381,0.4264495245883436
,0.6825,3.79033931408,0.2810744101204129
,0.6625,3.96381619755,0.514866754178147
,0.545,0.0509461325279,0.0013529519929828
,0.7091358024691351,1.52481479142,0.14256906406316536
,1.0,nan,nan
4,67423,0.59,2.1650042873,0.1546459994755935
,0.9385442673324371,2.1181160618,0.9024208541651073
,0.705,5.34403743024,0.39457836794281137
,0.6375000000000001,3.90371882947,0.2488927514226319
,0.6875,3.90998247736,0.3003287334962318
,0.6775,3.89433574657,0.5739114591933636
,0.6825,1.66373156701,0.0774718334363455
,0.652839506172839,0.864733471525,0.07725542153059715
,0.0,nan,nan
4,67905,0.6675,3.53759947814,0.3807514185562988
,0.786863837142308,4.22827670217,0.2622596333066468
,0.7975000000000001,3.30177675932,0.8455946788342377
,0.764999999999999,3.29952511626,0.8138043996114293
,0.8,3.40869468211,0.7708992183300674
,0.75,2.61354501382,0.8170016655386118
,0.845,4.14909844299,0.6702183070740124
,0.8,3.35289573614,0.3615688131286631
,1.0,nan,nan
4,68565,0.5775,1.9080725347,0.1291962646806366
,0.8021893604762821,4.70092946492,0.3308503378802695
,0.7175,5.51633988814,0.46262115229296186
,0.6950000000000001,4.91040909011,0.511997374990509
,0.7575000000000001,4.33426673771,0.6039917701856301
,0.665,3.95830351199,0.5247699162033368
,0.857499999999999,3.85542482076,0.7203096965411157
,0.8958024691358021,3.30179162702,0.7116422170277426
,1.0,nan,nan
4,68688,0.79,2.61381338107,0.7993436235861426
,0.8899942385250621,3.97470245008,0.7548901104059634
,0.78,4.10674401066,0.7807065846096533
,0.685,4.89142558946,0.4629262612580731
,0.8025,3.33699560571,0.7793315701330613
,0.62,3.68901969672,0.3498456619998856
,0.8075000000000001,4.57223929306,0.5042837078843332
,0.883456790123456,3.5245991527,0.6694533964908158
,0.0,nan,nan
4,69217,0.7675000000000001,3.05542360093,0.7354551583959898
,0.777222969080084,3.87401861606,0.22317562103379604
,0.7675000000000001,4.62824531745,0.7260401684832007
,0.7000000000000001,4.89202031707,0.5365111659049238
,0.74,4.47699090786,0.5266503167716372
,0.6425000000000001,3.91921693001,0.4357743931368038
,0.72,2.79557928754,0.16052300065660774
,0.9125925925925921,2.93378285659,0.764074050038898
,0.0,nan,nan
4,69292,0.75,3.34398331003,0.6793705434698692
,0.751603610524294,2.84038666344,0.13704541655993102
,0.76,4.90071278481,0.6902838622295353
,0.74,4.14157177621,0.7204548873124037
,0.8150000000000001,2.96506606378,0.8187386388222935
,0.7875000000000001,1.74001195821,0.8984313334971532
,0.74,3.41853821734,0.2227274065643745
,0.75358024691358,2.37046860682,0.22812765464045745
,0.0,nan,nan
4,70225,-0.25,2.86729212674e-14,4.2055604267443253e-16
,0.9116573842903781,3.13744575636,0.8320392250639423
,0.5925,1.04092651692,0.03405528326307035
,0.58,1.87970071,0.08288439423270424
,0.64,2.56221096169,0.14522762034292175
,0.5375,1.91525847362,0.11359486471571097
,0.804999999999999,4.57181198786,0.4928528616855227
,0.795555555555555,3.2697314732,0.3468502100157964
,1.0,nan,nan
4,70358,0.5325,1.09347098921,0.062491810895518606
,0.9552525446514301,1.574443161,0.933144243238751
,0.5425,0.233447990883,0.006014600898989947
,0.47500000000000003,0.135981466606,0.003703325742697722
,0.48,0.0768495865205,0.0021882374149667667
,0.545,2.09077768443,0.12861488493669454
,0.75,3.70646721003,0.258372059994814
,0.8291358024691351,3.75085630829,0.46576459473980275
,1.0,nan,nan
4,70659,0.5275000000000001,1.01815520703,0.05721417297468871
,0.90497407336278,3.40142458859,0.8101879262347065
,0.6950000000000001,5.09804257841,0.3422935507961439
,0.6025,2.65586996812,0.13373112341738025
,0.685,3.85121658996,0.29062678152641125
,0.55,2.20975341156,0.13936570002153092
,0.5650000000000001,0.0987426089285,0.0028038169608173855
,0.7832098765432091,3.01913952998,0.3080046374503922
,1.0,nan,nan
4,70707,0.7225,3.64576978316,0.5827767087548466
,0.853082389091607,4.99743602439,0.5869081669592078
,0.67,4.16487446587,0.22573613560541145
,0.6675,4.68423710641,0.37882722083728304
,0.7525000000000001,4.39192532397,0.5821708490665469
,0.6425000000000001,3.91921693001,0.4357743931368038
,0.8825000000000001,3.13027436059,0.8079132846221185
,0.8493827160493821,3.82519935959,0.5427777605107158
,1.0,nan,nan
4,70749,0.65,3.31244868463,0.32070097492109223
,0.8905703860188201,3.95355783536,0.757174038728251
,0.39,0.000149480231829,2.3277311759616804e-06
,0.36,0.00113612534538,2.1457652581457867e-05
,0.39,0.00265117763236,5.832576719738424e-05
,0.365,0.0562245721067,0.0017995679825630925
,0.6575000000000001,1.06217028006,0.04372876639077938
,0.8661728395061721,3.74137451422,0.6064840085738414
,0.0,nan,nan
4,70793,0.392499999999999,0.0781464492495,0.003071757628010637
,0.8893028615325521,3.99994520963,0.7521333580965628
,0.66,3.71418759457,0.1863208316471107
,0.545,0.942694210923,0.03462811225430666
,0.59,1.20798095702,0.05280280495602592
,0.5275000000000001,1.68918368863,0.09558141672723125
,0.6125,0.384935749728,0.01303900183049556
,0.808395061728395,3.49636675781,0.39033231892761544
,0.0,nan,nan
4,70852,0.5925,2.21702014989,0.16012350613013204
,0.90013443441521,3.59079674235,0.7932670014611307
,0.6975,5.16780461948,0.35512695226127033
,0.6900000000000001,4.91021015134,0.4874380662679758
,0.705,4.25211950568,0.3719360086786695
,0.595,3.24995038743,0.26277112958552407
,0.6975,2.09352182909,0.10559712868281391
,0.799012345679012,3.33480601174,0.3582662251618207
,0.0,nan,nan
4,72086,0.40750000000000003,0.110014076341,0.004470929312270582
,0.8713654695602071,4.58840873006,0.6748919716960058
,0.585,0.856909997326,0.026954518781319763
,0.5650000000000001,1.43055125862,0.058140505990360816
,0.545,0.469628099076,0.016893620462173783
,0.41750000000000004,0.222225927601,0.00827343930747043
,0.847499999999999,4.09534272848,0.6805244173196144
,0.515061728395061,0.19685717348,0.012756779817690439
,0.0,nan,nan
4,74604,0.794999999999999,2.50937452431,0.8121521709802807
,0.8229690800845011,5.08598167636,0.43311702075338415
,0.9125000000000001,0.182100379071,0.995488495665485
,0.8300000000000001,1.17299833844,0.9546871544555742
,0.827499999999999,2.58294958499,0.8534159816826739
,0.9075000000000001,0.196605268819,0.9925726088069527
,0.804999999999999,4.57181198786,0.4928528616855227
,0.789629629629629,3.1525379486,0.3278180315111939
,0.0,nan,nan
4,74635,0.382499999999999,0.0617511364167,0.0023751389435530696
,0.8252736700595351,5.1070768642,0.4448633091877982
,0.5375,0.195981294973,0.004943347772173323
,0.5575,1.23214246845,0.04816683742528327
,0.675,3.59634294379,0.25336431885200295
,0.655,3.96554560065,0.48511774156842535
,0.605,0.316713956427,0.01041451000018202
,0.769382716049382,2.7181749892,0.26832483922545436
,0.0,nan,nan
4,74688,0.75,3.34398331003,0.6793705434698692
,0.8560015363933161,4.94826653239,0.6014262674702007
,0.774999999999999,4.32356387365,0.7596269624573172
,0.7000000000000001,4.89202031707,0.5365111659049238
,0.75,4.41579419696,0.5711605002116265
,0.625,3.75538822726,0.36846007219716204
,0.5,0.00948018107752,0.00021940218460730925
,0.580246913580246,0.421821832109,0.03225409496253207
,1.0,nan,nan
4,74696,0.6675,3.53759947814,0.3807514185562988
,0.8636450931438441,4.78929157448,0.6386680461132936
,0.6975,5.16780461948,0.35512695226127033
,0.7125,4.76660512419,0.5969935466120756
,0.7175,4.40888056101,0.4261506004155142
,0.6950000000000001,3.7085597378,0.6405920865918535
,0.7825000000000001,4.4022554839,0.39134522004824657
,0.892839506172839,3.35964716402,0.7017727919459124
,1.0,nan,nan
4,76409,0.25,0.00154066684613,4.547446725950914e-05
,0.9366621855194931,2.18469450162,0.8983718854643838
,0.5775,0.698031881306,0.021138742941819857
,0.51,0.392765533437,0.012305946961320435
,0.5325,0.345373104327,0.011831381122613154
,0.52,1.52734592681,0.08352401945878657
,0.7175,2.71609335322,0.15363341567507974
,0.885432098765432,3.49235469801,0.6763839511507028
,0.0,nan,nan
4,76496,0.889999999999999,0.769007969847,0.9609811808490468
,0.660072978682542,0.385971653935,0.011803838678683865
,0.835,1.69524013688,0.938020995940579
,0.9175000000000001,0.106257798835,0.9971835912879713
,0.8975000000000001,0.827613751092,0.9670081905797905
,0.804999999999999,1.37472497153,0.9256251672375264
,0.9325000000000001,1.61336472217,0.9255023287603863
,0.8044444444444441,3.43126290967,0.37664662018327266
,0.0,nan,nan
4,78211,0.8025,2.35077373893,0.8303787571996011
,0.525676973305166,0.00246839279813,5.161005677246452e-05
,0.8300000000000001,1.88205039575,0.9290823259469878
,0.81,1.72622484003,0.9259057185251972
,0.8600000000000001,1.64478570964,0.9217291863622765
,0.827499999999999,0.97352402787,0.9518865639101859
,0.794999999999999,4.53273145849,0.44728055166990466
,0.8740740740740741,3.65757995522,0.6357322672624937
,1.0,nan,nan
4,79262,0.66,3.45060972346,0.3545361905136694
,0.786863837142308,4.22827670217,0.2622596333066468
,0.7575000000000001,4.98297330424,0.6779282932426103
,0.7275,4.47803580101,0.6665032710468497
,0.8150000000000001,2.96506606378,0.8187386388222935
,0.827499999999999,0.97352402787,0.9518865639101859
,0.8400000000000001,4.24826323734,0.6492201348583082
,0.897283950617283,3.2719361603,0.7165117188502769
,1.0,nan,nan
4,79313,0.7000000000000001,3.72046367551,0.49959574811027574
,0.9217591703476091,2.74114944602,0.8617244543100421
,0.6175,1.84427256588,0.06951345417478953
,0.515,0.450172651639,0.014410692951244065
,0.56,0.661820314882,0.025316889518725225
,0.41250000000000003,0.197128818393,0.0072260999461826745
,0.764999999999999,4.08258953481,0.3168886030712285
,0.7886419753086421,3.13240382821,0.32471434372130803
,1.0,nan,nan
4,79388,0.7925000000000001,2.56176723502,0.8058131785065874
,0.9097753024774341,3.21187224479,0.8260642605842018
,0.77,4.52985057641,0.7374885026564237
,0.7325,4.35264804009,0.6885854730600864
,0.75,4.41579419696,0.5711605002116265
,0.715,3.37943098525,0.7116542037194742
,0.725,2.95430483749,0.17489799612176368
,0.8069135802469131,3.47248607645,0.3851701246344399
,0.0,nan,nan
4,80513,0.76,3.18657052031,0.7120413320547443
,0.8483195698098711,5.06307949333,0.5629426517256289
,0.7825000000000001,3.99518924223,0.790834382058585
,0.7075,4.83009880721,0.5729945538310743
,0.76,4.30061108456,0.614786025047842
,0.5975,3.30068345399,0.27095968538917736
,0.8250000000000001,4.47125429319,0.5836767799490716
,0.8207407407407401,3.66728977562,0.4346066661955138
,1.0,nan,nan
4,80619,0.7625000000000001,3.14399447949,0.7199547870895573
,0.869406568081428,4.64289858354,0.6658499891502025
,0.77,4.52985057641,0.7374885026564237
,0.7775000000000001,2.84226211713,0.8521952168822127
,0.8250000000000001,2.65942232012,0.8468630493373941
,0.6975,3.67364684885,0.6498202511766094
,0.8150000000000001,4.55104650088,0.5385170426619175
,0.9777777777777771,1.41263268975,0.9040997541067176
,1.0,nan,nan
4,80759,0.5575,1.5189305503,0.09498416625636176
,0.854042634914538,4.98199608999,0.5916995791063391
,0.6675,4.05461008138,0.21546136827469425
,0.6675,4.68423710641,0.37882722083728304
,0.7825000000000001,3.86887492628,0.7070994407051785
,0.845,0.720681484399,0.9666345575918376
,0.605,0.316713956427,0.01041451000018202
,0.6167901234567901,0.609957449661,0.05093981688126292
,0.0,nan,nan
4,80766,0.6000000000000001,2.37336575586,0.1773374391587432
,0.8905703860188201,3.95355783536,0.757174038728251
,0.6975,5.16780461948,0.35512695226127033
,0.645,4.13834383765,0.2790633699092412
,0.7225,4.44849569033,0.44829973295652326
,0.645,3.93334858711,0.4455906005036917
,0.6375000000000001,0.699147839302,0.026291753102848044
,0.8197530864197531,3.65561782192,0.430990384929459
,1.0,nan,nan
4,80873,0.5,0.665729000696,0.03430005184021162
,0.9597080852698291,1.44528254432,0.9398688987965211
,0.7775000000000001,4.21630967553,0.7703023195514904
,0.735,4.2851799623,0.6993833913517143
,0.7075,4.28979801014,0.382614039799145
,0.705,3.55766601081,0.6769478982341399
,0.6325000000000001,0.624583931554,0.022985020374808686
,0.8182716049382711,3.63741978474,0.4255880335285908
,0.0,nan,nan
4,84558,0.6275000000000001,2.92713433498,0.25033936263845663
,0.8444785865181481,5.10236498863,0.5434160289802352
,0.7775000000000001,4.21630967553,0.7703023195514904
,0.7925000000000001,2.30327203636,0.8907545027801926
,0.837499999999999,2.28030267214,0.8777264604960849
,0.75,2.61354501382,0.8170016655386118
,0.7775000000000001,4.32618060528,0.3695187076089874
,0.8256790123456791,3.7199252243,0.4528506922815386
,0.0,nan,nan
4,104560,0.515,0.845000914832,0.04559207482600698
,0.850240061455732,5.03882860392,0.5726434521554844
,0.485,0.0237223193921,0.0004901159087493322
,0.4,0.00751953811321,0.00015915035070592564
,0.48,0.0768495865205,0.0021882374149667667
,0.40750000000000003,0.174455657669,0.006298111438387518
,0.8500000000000001,4.03896740933,0.690692837580474
,0.9170370370370371,2.8279583329,0.7768788517971856
,0.0,nan,nan
4,104598,0.5,0.665729000696,0.03430005184021162
,0.8269637027078931,5.11962785882,0.45350539101956255
,0.685,4.77042353606,0.2928900219606821
,0.5825,1.9607117428,0.08768457644642694
,0.645,2.71492271409,0.15842023354040635
,0.515,1.42375260542,0.07614778530130728
,0.67,1.34308173747,0.05871862978888182
,0.8543209876543211,3.81427899194,0.5616454301690635
,0.0,nan,nan
4,104599,-0.25,2.86729212674e-14,4.2055604267443253e-16
,0.8580756673708471,4.90935360777,0.6116498265929846
,0.61,1.57284088829,0.056714928500481675
,0.5725,1.64682050971,0.06966980697159761
,0.595,1.32084855792,0.05912232940838161
,0.47000000000000003,0.677421313747,0.03018265448406282
,0.6875,1.80208856388,0.08613415242164393
,0.8804938271604931,3.57028718679,0.6589416446863392
,1.0,nan,nan
4,104688,0.75,3.34398331003,0.6793705434698692
,0.657384290378336,0.356913287924,0.01080556831326027
,0.6625,3.82895074182,0.19574996890755225
,0.7275,4.47803580101,0.6665032710468497
,0.73,4.48191476554,0.4818084951667993
,0.7225,3.23073690076,0.7364495518677117
,0.8125,4.56184365515,0.5271251559232304
,0.743209876543209,2.1503604673,0.20469487833961894
,1.0,nan,nan
4,104824,0.5,0.665729000696,0.03430005184021162
,0.882081812944113,4.25380381248,0.7223215444818981
,0.6175,1.84427256588,0.06951345417478953
,0.6325000000000001,3.73698668498,0.22978798485035984
,0.6000000000000001,1.43973934859,0.06602133333868826
,0.5675,2.62991811779,0.18171392803663328
,0.875,3.36101668979,0.7835662238277636
,0.8222222222222221,3.68409373579,0.44005224063579707
,0.0,nan,nan
4,107778,0.78,2.81718312909,0.7721813135077329
,0.833877472632994,5.14494997483,0.4890130413397842
,0.7375,5.44994328577,0.5729930363080322
,0.68,4.85426838061,0.43855444296995894
,0.7175,4.40888056101,0.4261506004155142
,0.6000000000000001,3.35011028219,0.27927345828924055
,0.685,1.73224061534,0.08171651353159232
,0.589135802469135,0.462720067695,0.03618331138116866
,1.0,nan,nan
4,107870,0.72,3.66218534881,0.5736413536670499
,0.765815248703668,3.42130408659,0.18153984372906234
,0.8150000000000001,2.50203429316,0.8963040161895834
,0.8125,1.65029109178,0.9301259846152024
,0.8225,2.73599223254,0.840118788999819
,0.735,2.96085494584,0.7751717171969547
,0.909999999999999,2.26409609704,0.8820540619714554
,0.90716049382716,3.0591565181,0.7477946991471126
,0.0,nan,nan
4,107898,0.605,2.47726624461,0.1894642616725617
,0.9443057422700211,1.92062786932,0.9140506924534159
,0.6975,5.16780461948,0.35512695226127033
,0.7025,4.87591264141,0.5487220357466286
,0.794999999999999,3.548307078,0.7535044574827321
,0.6075,3.48974052055,0.3049313827568133
,0.6175,0.436598735572,0.015090690199586067
,0.7614814814814811,2.54342756674,0.24753850968086502
,1.0,nan,nan
4,108143,0.5625,1.61281450461,0.10281245453977508
,0.8767428461686191,4.42771185955,0.6991405256487352
,0.625,2.13961610771,0.08443889291298923
,0.485,0.187626358361,0.00530954965383665
,0.6950000000000001,4.07236813673,0.33027615818106115
,0.73,3.07161284696,0.7600891772315067
,0.7225,2.87502758076,0.16761128084643842
,0.8824691358024691,3.54019161356,0.6659645814445476
,0.0,nan,nan
4,108336,0.41750000000000004,0.137155764119,0.0057024138866909845
,0.8269637027078931,5.11962785882,0.45350539101956255
,0.595,1.10805844153,0.03674090326232536
,0.535,0.748072612092,0.026201136465219467
,0.56,0.661820314882,0.025316889518725225
,0.387499999999999,0.104541593448,0.003559102297429216
,0.5575,0.0775198754165,0.0021456334232777536
,0.8469135802469131,3.82632152075,0.5333308438758653
,0.0,nan,nan
4,108341,0.595,2.26912323464,0.16573117295566622
,0.8097560975609751,4.87964795193,0.3671229475202632
,0.595,1.10805844153,0.03674090326232536
,0.5825,1.9607117428,0.08768457644642694
,0.52,0.249100017589,0.00814267516124069
,0.52,1.52734592681,0.08352401945878657
,0.8075000000000001,4.57223929306,0.5042837078843332
,0.9516049382716051,1.98053446831,0.8599377453108342
,1.0,nan,nan
4,108351,0.665,3.51028990944,0.3719411970566485
,0.839408488573074,5.13494948341,0.5174545617624551
,0.615,1.75102427268,0.06501989770372263
,0.65,4.28219914611,0.3001193316399249
,0.685,3.85121658996,0.29062678152641125
,0.64,3.90269660587,0.42599650653251503
,0.6825,1.66373156701,0.0774718334363455
,0.598518518518518,0.509065640684,0.040739647967528804
,1.0,nan,nan
4,108388,0.58,1.95887301157,0.13402987080992582
,0.8406376032264261,5.12909153533,0.5237625380184786
,0.5875,0.915389334899,0.029169304832068563
,0.5475,0.996438815017,0.03705159878851626
,0.64,2.56221096169,0.14522762034292175
,0.6000000000000001,3.35011028219,0.27927345828924055
,0.6900000000000001,1.8732123228,0.09072801968523864
,0.819259259259259,3.64964311825,0.4291866130141566
,1.0,nan,nan
4,108411,0.515,0.845000914832,0.04559207482600698
,0.8743230266948331,4.50195838311,0.6883358167309638
,0.67,4.16487446587,0.22573613560541145
,0.6175,3.20458603342,0.17768051127347836
,0.6575000000000001,3.09475651186,0.19473850217691174
,0.7075,3.51548789806,0.685789689628044
,0.875,3.36101668979,0.7835662238277636
,0.9303703703703701,2.50018520588,0.8124113418317032
,1.0,nan,nan
4,108416,0.7125,3.69942298808,0.546023960628697
,0.8364893412713651,5.14357417973,0.5024504844647709
,0.804999999999999,2.95303723611,0.8690471323183223
,0.71,4.80052194945,0.5850337430425507
,0.8174999999999991,2.88893923821,0.8260562157757314
,0.74,2.8471456178,0.7896928079354537
,0.804999999999999,4.57181198786,0.4928528616855227
,0.807407407407407,3.48051913509,0.3868869190124187
,1.0,nan,nan
4,108417,0.52,0.911655020862,0.049982265198354935
,0.860149798348377,4.86723841629,0.6217893381479379
,0.5325,0.163775081022,0.004046022412739184
,0.5825,1.9607117428,0.08768457644642694
,0.6325000000000001,2.33526744324,0.12686439295727697
,0.605,3.44471854425,0.2962629783866708
,0.8,4.55971185593,0.47001781613186144
,0.973333333333333,1.50085790874,0.8976267053107858
,1.0,nan,nan
4,108652,0.5625,1.61281450461,0.10281245453977508
,0.945265988092951,1.88869120885,0.9158796106893561
,0.5650000000000001,0.484521654361,0.013811092858952583
,0.5075000000000001,0.366349021484,0.011357362252623706
,0.6425000000000001,2.63850050927,0.1517284699261244
,0.43999999999999906,0.370066451953,0.014822050859707885
,0.525,0.0249366501797,0.0006216554965952873
,0.5560493827160491,0.323809436263,0.023270435821129445
,0.0,nan,nan
4,109008,0.595,2.26912323464,0.16573117295566622
,0.8137507201843671,4.95687019376,0.3867736518159731
,0.63,2.34836476239,0.0956551902222286
,0.5275000000000001,0.622746259277,0.021071285439703935
,0.5325,0.345373104327,0.011831381122613154
,0.5,1.13630895471,0.05699293836533998
,0.6950000000000001,2.01900632121,0.10045667898995564
,0.6819753086419751,1.15424720431,0.10643746926030996
,1.0,nan,nan
4,109067,0.75,3.34398331003,0.6793705434698692
,0.7877856731323211,4.26021096254,0.26617215954649226
,0.7525000000000001,5.13298006857,0.652630054419101
,0.7625000000000001,3.38980434267,0.8054425853322642
,0.794999999999999,3.548307078,0.7535044574827321
,0.71,3.47167182295,0.694523972697809
,0.8,4.55971185593,0.47001781613186144
,0.8479012345679011,3.82621937528,0.5371099144349955
,1.0,nan,nan
4,129429,0.76,3.18657052031,0.7120413320547443
,0.7937776070674091,4.45772055309,0.29229986587801
,0.68,4.58136467496,0.2695043550626903
,0.5775,1.80033127693,0.0782847046697048
,0.5875,1.15385984301,0.04985082802442705
,0.54,1.97328990371,0.11845544102041194
,0.7925000000000001,4.51373796444,0.4359717076399212
,0.8172839506172841,3.62483601223,0.4220017049432653
,1.0,nan,nan
4,129459,0.605,2.47726624461,0.1894642616725617
,0.896331860956404,3.73732753323,0.7793333521571374
,0.6875,4.85907479,0.3049277630332492
,0.6725,4.76505695597,0.4024573467752218
,0.6925,4.0206789841,0.32015932072706665
,0.6375000000000001,3.8838175856,0.4162628758080045
,0.705,2.32249592746,0.12215254602691016
,0.838024691358024,3.80661829939,0.49937932862374707
,1.0,nan,nan
4,129490,0.7000000000000001,3.72046367551,0.49959574811027574
,0.8252736700595351,5.1070768642,0.4448633091877982
,0.6975,5.16780461948,0.35512695226127033
,0.6575000000000001,4.47547883301,0.33297864706678304
,0.754999999999999,4.36472838136,0.5931173532297657
,0.625,3.75538822726,0.36846007219716204
,0.889999999999999,2.89392793098,0.8305063428304686
,0.9654320987654321,1.66657166788,0.8851206476378153
,1.0,nan,nan
4,129672,-0.25,2.86729212674e-14,4.2055604267443253e-16
,0.839408488573074,5.13494948341,0.5174545617624551
,0.405,0.00036946728724,5.986046645542316e-06
,0.485,0.187626358361,0.00530954965383665
,0.38,0.0017156155892,3.680832532173394e-05
,0.43500000000000005,0.331793095194,0.01306879405279487
,0.725,2.95430483749,0.17489799612176368
,0.901234567901234,3.1895267068,0.7292763949166208
,1.0,nan,nan
4,129907,0.6075,2.52893668015,0.19572206495960334
,0.9058959093527941,3.36511204715,0.8133067490241297
,0.65,3.24936348869,0.15149932435250985
,0.65,4.28219914611,0.3001193316399249
,0.63,2.26061696714,0.12111966606840188
,0.54,1.97328990371,0.11845544102041194
,0.65,0.913615639218,0.03632899091939659
,0.725432098765432,1.80241119838,0.16962264195427842
,0.0,nan,nan
4,129987,0.5,0.665729000696,0.03430005184021162
,0.9306702515844051,2.4027370805,0.8846325009892988
,0.6575000000000001,3.59854895264,0.1771797603328458
,0.6575000000000001,4.47547883301,0.33297864706678304
,0.6875,3.90998247736,0.3003287334962318
,0.6575000000000001,3.96744172281,0.4950344909099523
,0.5625,0.0911657133854,0.0025665412981462302
,0.6869135802469131,1.21354889967,0.11228250133001025
,0.0,nan,nan
4,130043,0.804999999999999,2.29764619363,0.8361892940169946
,0.8598041098521221,4.87447598543,0.6201055363542423
,0.764999999999999,4.72305632316,0.7143502626988678
,0.8300000000000001,1.17299833844,0.9546871544555742
,0.899999999999999,0.785593416635,0.9690243760142425
,0.6950000000000001,3.7085597378,0.6405920865918535
,0.865,3.65314365772,0.7484773447715012
,0.942716049382716,2.19465582244,0.841386836082098
,0.0,nan,nan
4,130166,0.875,0.974473543924,0.947946214513385
,0.918225465719224,2.87877206053,0.8517953196607642
,0.9325000000000001,0.0851546753774,0.9980552199291113
,0.7875000000000001,2.47987583373,0.8787982960014271
,0.9325000000000001,0.37139570111,0.9871917967407342
,0.875,0.403431355976,0.9831492223677737
,0.8600000000000001,3.78989144918,0.7298667613197469
,0.8681481481481481,3.72297894455,0.613856495373249
,0.0,nan,nan
4,130586,-0.25,2.86729212674e-14,4.2055604267443253e-16
,0.892452467831764,3.8838328343,0.7645494963027643
,0.35750000000000004,1.84140921248e-05,2.6443829431502263e-07
,0.20750000000000002,9.41292604177e-08,1.2568699090645378e-09
,0.28500000000000003,1.50219277553e-05,2.608046191302591e-07
,0.25,0.00117123887053,2.8888350518455924e-05
,0.42750000000000005,0.000360161893717,6.885972166079224e-06
,0.741728395061728,2.11979982139,0.20153182754431123
,0.0,nan,nan
4,134922,0.4375,0.209321851194,0.009123460929299283
,0.857922028039178,4.91234700641,0.6108953266086357
,0.6775,4.48156678996,0.2581750129517671
,0.6925,4.91263791683,0.4997175962652613
,0.725,4.46313738535,0.45943999871030927
,0.635,3.86261417515,0.4065793557138496
,0.79,4.49113443678,0.4247148704496586
,0.679012345679012,1.12024347791,0.10306813884646264
,0.0,nan,nan
4,134923,0.6725,3.58692628943,0.3985657216136023
,0.879969272133666,4.32418067917,0.7132605297869092
,0.7025,5.29101835247,0.381283320673783
,0.6825,4.87512210015,0.450717123380603
,0.725,4.46313738535,0.45943999871030927
,0.68,3.87443647469,0.5836229056432201
,0.735,3.26692785208,0.20601202929747464
,0.77037037037037,2.74000050762,0.27102023627073846
,0.0,nan,nan
4,135551,0.7825000000000001,2.76719925153,0.779161927406231
,0.823314768580756,5.08943706649,0.4348757863042606
,0.7725000000000001,4.42818435545,0.748686694994114
,0.7575000000000001,3.56768574539,0.7880471576368302
,0.8250000000000001,2.65942232012,0.8468630493373941
,0.6425000000000001,3.91921693001,0.4357743931368038
,0.774999999999999,4.28335728217,0.358756137373096
,0.7629629629629631,2.57614045146,0.25133077550135824
,1.0,nan,nan
4,135973,0.6675,3.53759947814,0.3807514185562988
,0.849241405799884,5.05181760764,0.5676048437273402
,0.7825000000000001,3.99518924223,0.790834382058585
,0.8,2.04707729161,0.9070610084394122
,0.7925000000000001,3.61594498572,0.7445488174355178
,0.745,2.73115583614,0.8036393732639652
,0.8975000000000001,2.65574809859,0.851317641799151
,0.9017283950617281,3.17895649841,0.7308488622558311
,1.0,nan,nan
4,136122,0.5225000000000001,0.946286971665,0.05230451148626952
,0.8521605531015941,5.01157121614,0.5822947834347274
,0.745,5.31798423626,0.6134074262997131
,0.78,2.75088566744,0.8591865813388528
,0.745,4.45333232392,0.5489819643290827
,0.61,3.53313779477,0.31371032701170865
,0.8325,4.37446102492,0.6168673167917698
,0.653827160493827,0.873090231461,0.07811359880158059
,1.0,nan,nan
4,136139,0.8225,1.92826315014,0.8731535023777686
,0.7495678893796811,2.75787778221,0.13134724180905077
,0.784999999999999,3.88196629567,0.8006811407542134
,0.8025,1.96445294864,0.9120751075891083
,0.837499999999999,2.28030267214,0.8777264604960849
,0.76,2.37600487375,0.8419506172456768
,0.845,4.14909844299,0.6702183070740124
,0.9422222222222221,2.20674864837,0.8403000702331804
,1.0,nan,nan
4,136288,0.7425,3.44681705374,0.6538962931249598
,0.852506241597849,5.00634983926,0.5840263262165994
,0.7925000000000001,3.53544496926,0.8285013985722427
,0.7375,4.21476089315,0.7100089135587733
,0.8125,3.04079015913,0.8112312209990067
,0.6225,3.72322110608,0.3591113805817999
,0.827499999999999,4.4423993168,0.5948195702638694
,0.93679012345679,2.34069132972,0.8279496774967074
,1.0,nan,nan
4,136820,0.6025,2.42538874352,0.18333590625924517
,0.9385442673324371,2.1181160618,0.9024208541651073
,0.6175,1.84427256588,0.06951345417478953
,0.6275000000000001,3.56383881542,0.21153357749574764
,0.655,3.01951519454,0.1870955462833736
,0.5650000000000001,2.5701323195,0.17521381312532044
,0.655,1.01097657453,0.04113768208769413
,0.852345679012345,3.82003511618,0.5541050625494875
,1.0,nan,nan
4,136846,0.7625000000000001,3.14399447949,0.7199547870895573
,0.7226810063376221,1.74992519472,0.07116716255925684
,0.804999999999999,2.95303723611,0.8690471323183223
,0.8075000000000001,1.80394446263,0.921493371963571
,0.7925000000000001,3.61594498572,0.7445488174355178
,0.875,0.403431355976,0.9831492223677737
,0.6525000000000001,0.961459264649,0.038672486407939036
,0.6074074074074071,0.556263815256,0.045471950088852804
,0.0,nan,nan
4,137085,0.847499999999999,1.43407313834,0.9150638591675313
,0.660418667178797,0.389845868741,0.011937933354158149
,0.8775000000000001,0.574550460644,0.9833058460347037
,0.8400000000000001,0.945232122418,0.9652506635293701
,0.875,1.27662427882,0.9435749862019394
,0.8500000000000001,0.657956024508,0.9700794238536876
,0.9400000000000001,1.41993703723,0.9368687605776291
,0.8148148148148141,3.59183842556,0.4130917839898979
,0.0,nan,nan
4,137869,0.8150000000000001,2.08546361246,0.8581036215160258
,0.0,1.60179307959e-21,1.3750747640133596e-23
,0.8700000000000001,0.713082517043,0.9784916199760363
,0.875,0.394151496756,0.9876407148739548
,0.905,0.706170898494,0.9727512404585954
,0.8625,0.518836719697,0.9774085880109142
,0.972499999999999,0.749730055657,0.9713681449078644
,0.9772839506172831,1.42225136883,0.9033997846479972
,0.0,nan,nan
4,138039,0.655,3.38451798797,0.33744578768064537
,0.8560015363933161,4.94826653239,0.6014262674702007
,0.6375000000000001,2.67630778341,0.11448773007573526
,0.6975,4.90353003194,0.5242657661556676
,0.63,2.26061696714,0.12111966606840188
,0.6075,3.48974052055,0.3049313827568133
,0.7325,3.18972912446,0.19794104002962393
,0.716049382716049,1.63743409725,0.15349588524214713
,0.0,nan,nan
4,140859,0.4375,0.209321851194,0.009123460929299283
,0.9577491837910501,1.50120580459,0.9369831807895099
,0.6000000000000001,1.25117019987,0.042634042944977885
,0.5975,2.475863756,0.12090300263822629
,0.65,2.86768705552,0.17237693819792832
,0.59,3.14489962119,0.24678210676078682
,0.59,0.20968984068,0.006511896043759237
,0.6948148148148141,1.31562917388,0.12226832790459578
,1.0,nan,nan
4,140984,0.645,3.23486590108,0.3043304913608129
,0.8857307470712501,4.12790159924,0.7376152802222611
,0.7425,5.36810695536,0.6000485624522724
,0.754999999999999,3.65489853868,0.7790186532083019
,0.7625000000000001,4.26383916259,0.625492228530173
,0.6925,3.7414910469,0.6312791038905613
,0.8925000000000001,2.81455878768,0.8376419791368654
,0.9160493827160491,2.85168686276,0.7740740796096905
,1.0,nan,nan
4,141053,0.625,2.87944894129,0.24308097436395731
,1.0,0.59281962085,0.9790717213942632
,0.7025,5.29101835247,0.381283320673783
,0.65,4.28219914611,0.3001193316399249
,0.645,2.71492271409,0.15842023354040635
,0.5,1.13630895471,0.05699293836533998
,0.7025,2.24536074555,0.11644287687097489
,0.611358024691358,0.578359843267,0.04771294491361928
,1.0,nan,nan
4,141356,0.7025,3.72040198228,0.5088972629684421
,0.811791818705588,4.92054664445,0.3770987172758952
,0.8400000000000001,1.51965421534,0.9460534469073436
,0.794999999999999,2.21659357249,0.8964040878436055
,0.8250000000000001,2.65942232012,0.8468630493373941
,0.8425,0.753609119773,0.9647919133450744
,0.9475,1.24051329509,0.9468364300122667
,0.8508641975308641,3.82313804694,0.5484433242254304
,1.0,nan,nan
4,142811,0.635,3.06513630698,0.2728154299729186
,0.8137507201843671,4.95687019376,0.3867736518159731
,0.675,4.37867344173,0.24709910077470293
,0.58,1.87970071,0.08288439423270424
,0.595,1.32084855792,0.05912232940838161
,0.535,1.85777912736,0.10887868850607804
,0.7825000000000001,4.4022554839,0.39134522004824657
,0.714567901234567,1.61265723847,0.15108845347499852
,1.0,nan,nan
4,142951,0.6475000000000001,3.27431643337,0.3124672375248615
,0.8876896485500281,4.05826230589,0.7456334432144784
,0.7375,5.44994328577,0.5729930363080322
,0.764999999999999,3.29952511626,0.8138043996114293
,0.804999999999999,3.2642185407,0.7875832980463744
,0.68,3.87443647469,0.5836229056432201
,0.784999999999999,4.43532568123,0.4023929010218723
,0.929382716049382,2.52473430022,0.8099298990726351
,0.0,nan,nan
4,143324,0.5750000000000001,1.85765810812,0.12448918637254061
,0.8636835029767621,4.78838784323,0.6388519846495986
,0.625,2.13961610771,0.08443889291298923
,0.66,4.53322160366,0.3442402580703491
,0.5725,0.862122328654,0.03480184409252965
,0.59,3.14489962119,0.24678210676078682
,0.6775,1.53095406497,0.06948753256217897
,0.6972839506172831,1.3494258844,0.12555832931036462
,1.0,nan,nan
4,145305,0.605,2.47726624461,0.1894642616725617
,0.9097753024774341,3.21187224479,0.8260642605842018
,0.6875,4.85907479,0.3049277630332492
,0.745,3.98763013151,0.7407818831565389
,0.7675000000000001,4.18129089874,0.6466099549524051
,0.6575000000000001,3.96744172281,0.4950344909099523
,0.725,2.95430483749,0.17489799612176368
,0.7970370370370371,3.29794489824,0.351715213666522
,1.0,nan,nan
4,145335,0.5225000000000001,0.946286971665,0.05230451148626952
,0.693796811983867,0.940199254015,0.03309684342895963
,0.5,0.0456304085112,0.0009941556832378717
,0.5425,0.891005160866,0.03233641463338689
,0.55,0.528167117953,0.019385891448364573
,0.5875,3.09075124676,0.23898733256675267
,0.8,4.55971185593,0.47001781613186144
,0.79753086419753,3.30724309731,0.35334612651358804
,0.0,nan,nan
4,145444,0.725,3.62739460685,0.591868569482923
,0.8017284424812751,4.68875433296,0.32868639534033584
,0.6925,5.02316033381,0.3296410066218605
,0.754999999999999,3.65489853868,0.7790186532083019
,0.8525,1.84712406655,0.9086414328631537
,0.7975000000000001,1.52619134554,0.9147518369265353
,0.794999999999999,4.53273145849,0.44728055166990466
,0.861728395061728,3.77633167319,0.5897746645809716
,1.0,nan,nan
4,146557,-0.25,2.86729212674e-14,4.2055604267443253e-16
,0.8974841559439211,3.6931912332,0.7836144512877594
,0.6825,4.67775307662,0.2810789949359684
,0.72,4.63981875284,0.6322905886984604
,0.73,4.48191476554,0.4818084951667993
,0.5700000000000001,2.68941424784,0.18836316236047534
,0.74,3.41853821734,0.2227274065643745
,0.9002469135802461,3.21049342034,0.7261158718803427
,0.0,nan,nan
4,146877,0.8075000000000001,2.24449205373,0.8418669660455999
,0.5736892644516991,0.0192606961957,0.00045214854205940754
,0.5625,0.448834541285,0.012644853647234142
,0.715,4.72844311542,0.6088632306961973
,0.865,1.51635453263,0.929629768912935
,0.8400000000000001,0.787592040255,0.9628656325453582
,0.865,3.65314365772,0.7484773447715012
,0.863209876543209,3.76567992631,0.5953614642937965
,1.0,nan,nan
4,146928,0.7000000000000001,3.72046367551,0.49959574811027574
,0.837718455924716,5.14085229507,0.5087709898582142
,0.8174999999999991,2.39326224258,0.9024227440799903
,0.8600000000000001,0.586562492166,0.9803601735014513
,0.855,1.77845963005,0.9131731693112725
,0.8150000000000001,1.18612988733,0.9384162086387311
,0.885,3.0519243342,0.8156411474986263
,0.803456790123456,3.4142963038,0.37326607524562905
,1.0,nan,nan
4,146993,0.8125,2.13834298977,0.8528239001435137
,0.37584021509506405,6.96320667063e-07,1.053314018926808e-08
,1.0,0.00379158066231,0.9999314878794503
,1.0,0.0038367160807,0.9999222347893514
,1.0,0.0512393383953,0.998605272239194
,0.9500000000000001,0.0669103822435,0.9977515494245334
,0.8,4.55971185593,0.47001781613186144
,0.8528395061728391,3.81876943101,0.5559911918878441
,1.0,nan,nan
4,147026,0.5,0.665729000696,0.03430005184021162
,0.8626848473209141,4.81155637251,0.6340584083417828
,0.625,2.13961610771,0.08443889291298923
,0.615,3.11319631608,0.16978321060640122
,0.655,3.01951519454,0.1870955462833736
,0.52,1.52734592681,0.08352401945878657
,0.645,0.822919371741,0.03199041465051795
,0.815802469135802,3.60529738754,0.41664595332189924
,1.0,nan,nan
4,147101,0.625,2.87944894129,0.24308097436395731
,0.861724601497983,4.83318226778,0.6294276968001711
,0.6825,4.67775307662,0.2810789949359684
,0.7225,4.58960051496,0.6438281603341589
,0.865,1.51635453263,0.929629768912935
,0.8600000000000001,0.544695072724,0.9760793730361988
,0.8525,3.98010049946,0.7007171779220183
,0.9007407407407401,3.20003932958,0.7276987219010811
,0.0,nan,nan
4,147111,0.595,2.26912323464,0.16573117295566622
,0.9010946802381411,3.55343553121,0.7966971210551954
,0.6225,2.03867203715,0.0792165325648426
,0.774999999999999,2.93389364815,0.8449750580171551
,0.735,4.48654794698,0.5042355652461632
,0.605,3.44471854425,0.2962629783866708
,0.837499999999999,4.29344191817,0.6385423726747205
,0.852345679012345,3.82003511618,0.5541050625494875
,1.0,nan,nan
4,147193,0.75,3.34398331003,0.6793705434698692
,0.752294987516804,2.86850620152,0.1390189125760254
,0.7975000000000001,3.30177675932,0.8455946788342377
,0.7825000000000001,2.65992646977,0.8659499931090968
,0.7825000000000001,3.86887492628,0.7070994407051785
,0.8500000000000001,0.657956024508,0.9700794238536876
,0.75,3.70646721003,0.258372059994814
,0.6439506172839501,0.793309802863,0.06989124585393514
,1.0,nan,nan
4,819,0.725,3.62739460685,0.591868569482923
,0.8252736700595351,5.1070768642,0.4448633091877982
,0.7225,5.53973206339,0.4902724357278977
,0.7075,4.83009880721,0.5729945538310743
,0.7025,4.21144128609,0.36135594220796696
,0.7775000000000001,1.96507512327,0.8799140433857864
,0.8300000000000001,4.41010893657,0.6058859134757413
,0.7214814814814811,1.73126704957,0.16264333027967276
,0.0,nan,nan
4,1942,0.715,3.68903371222,0.5552599562717985
,0.8467447666602651,5.08068609813,0.5549551632394999
,0.6075,1.488028419,0.052889444804633784
,0.5925,2.29932888058,0.10896669368256333
,0.6725,3.52833484414,0.24445815637414334
,0.585,3.03563482891,0.23132915723882955
,0.784999999999999,4.43532568123,0.4023929010218723
,0.755061728395061,2.40263914895,0.23166327202293796
,0.0,nan,nan
4,1993,0.6625,3.48127707409,0.3632013884665901
,0.8857307470712501,4.12790159924,0.7376152802222611
,0.835,1.69524013688,0.938020995940579
,0.7525000000000001,3.74069703326,0.7697738435072712
,0.7375,4.48354081404,0.5154489153149233
,0.63,3.81339243866,0.38738560061184346
,0.905,2.41924691711,0.8703467891419263
,0.905679012345679,3.0924361044,0.743237911069855
,0.0,nan,nan
