left,boolean,ranking,id,score,chargeScore,distanceScore,equipmentScore,mealScore,serviceScore,roomScore,locationScore,bathScore,kinnennScore
left,0,0,68688,0.208737850639,0.889994238525,0.883456790123,0.685,0.79,0.78,0.8025,0.8075,0.62,0
left,0,1,7343,0.13492660972,0.85596312656,0.961975308642,0.6875,0.6325,0.7075,0.715,0.9125,0.665,0
left,0,2,108411,0.124265297168,0.874323026695,0.93037037037,0.6175,0.515,0.67,0.6575,0.875,0.7075,1
left,0,3,568,0.113586890628,0.786863837142,0.943209876543,0.685,0.5675,0.7975,0.6625,0.945,0.865,1
left,0,4,79388,0.109360360183,0.909775302477,0.806913580247,0.7325,0.7925,0.77,0.75,0.725,0.715,0
left,0,5,996,0.109262320242,0.870366813904,0.839012345679,0.6,0.625,0.65,0.6375,0.725,0.5325,0
left,0,6,41703,0.105912605996,0.784943345496,0.792592592593,0.735,0.6975,0.6925,0.7875,0.77,0.685,1
left,0,7,27972,0.0876018490025,0.850240061456,0.77975308642,0.7025,0.6675,0.7525,0.7775,0.8275,0.6675,0
left,0,8,70852,0.0786895289739,0.900134434415,0.799012345679,0.69,0.5925,0.6975,0.705,0.6975,0.595,0
left,0,9,28894,0.0697090150089,0.909775302477,0.785185185185,0.62,0.5,0.6475,0.67,0.705,0.46,1
left,0,10,4771,0.0328121123552,0.763779527559,0.797530864198,0.635,0.6025,0.705,0.705,0.8975,0.5175,1
left,0,11,17743,0.0300231687062,0.836796619935,0.875555555556,0.6725,0.5,0.665,0.6825,0.785,0.6625,0
left,3,12,104598,0.0300231687062,0.826963702708,0.854320987654,0.5825,0.5,0.685,0.645,0.67,0.515,0
left,3,13,108336,0.00032470406834,0.826963702708,0.846913580247,0.535,0.4175,0.595,0.56,0.5575,0.3875,0
left,2,14,141356,0.212876744664,0.811791818706,0.850864197531,0.795,0.7025,0.84,0.825,0.9475,0.8425,1
left,2,15,147111,0.196485981322,0.901094680238,0.852345679012,0.775,0.595,0.6225,0.735,0.8375,0.605,1
left,2,16,18248,0.191062629369,0.952026118686,0.856296296296,0.7475,0.9175,0.8625,0.7725,0.9075,0.8175,0
left,2,17,1993,0.173411991542,0.885730747071,0.905679012346,0.7525,0.6625,0.835,0.7375,0.905,0.63,0
left,2,18,145444,0.172504846031,0.801728442481,0.861728395062,0.755,0.725,0.6925,0.8525,0.795,0.7975,1
left,2,19,56975,0.167323924672,0.928980218936,0.776296296296,0.68,0.6,0.6975,0.7325,0.8,0.7175,1
left,2,20,5024,0.142407090031,0.928980218936,0.903209876543,0.6525,0.67,0.7,0.7625,0.7425,0.495,1
left,2,21,135551,0.137638785075,0.823314768581,0.762962962963,0.7575,0.7825,0.7725,0.825,0.775,0.6425,1
left,2,22,1725,0.133910970275,0.842519685039,0.760987654321,0.6,0.615,0.685,0.6475,0.7425,0.625,1
left,2,23,38649,0.12506686304,0.856577683887,0.811851851852,0.7525,0.8225,0.7925,0.78,0.7575,0.8675,0
left,2,24,192,0.123531278749,0.821394276935,0.755061728395,0.63,0.6675,0.66,0.6775,0.745,0.5325,1
left,2,25,109067,0.117277246125,0.787785673132,0.847901234568,0.7625,0.75,0.7525,0.795,0.8,0.71,1
left,2,26,51734,0.0695796076689,0.927021317457,0.85037037037,0.6,0.56,0.6825,0.7225,0.7275,0.56,0
left,1,27,18312,0.0624127059119,0.938966775495,0.789135802469,0.4825,1.0,0.6525,0.5275,0.9025,0.4825,1
left,2,28,107898,0.0559580461292,0.94430574227,0.761481481481,0.7025,0.605,0.6975,0.795,0.6175,0.6075,1
left,1,29,143324,0.0503118734827,0.863683502977,0.697283950617,0.66,0.575,0.625,0.5725,0.6775,0.59,1
left,1,30,70358,0.0436760718588,0.955252544651,0.829135802469,0.475,0.5325,0.5425,0.48,0.75,0.545,1
left,2,31,129907,0.0417882885433,0.905895909353,0.725432098765,0.65,0.6075,0.65,0.63,0.65,0.54,0
left,2,32,819,0.0394068854876,0.82527367006,0.721481481481,0.7075,0.725,0.7225,0.7025,0.83,0.7775,0
left,1,33,8290,0.0369030420523,0.783022853851,0.88987654321,0.7825,0.8925,0.77,0.8325,0.83,0.75,0
left,2,34,5627,0.0350383415583,0.868177453428,0.768888888889,0.5225,0.6675,0.59,0.66,0.59,0.5675,1
left,1,35,1186,0.0343056166355,0.798770885347,0.712592592593,0.6175,0.575,0.7225,0.6625,0.67,0.65,0
left,2,36,30094,0.0326267347979,0.919377760707,0.821234567901,0.62,0.625,0.675,0.5625,0.63,0.5825,0
left,2,37,14112,0.030300715712,0.77722296908,0.869135802469,0.75,0.715,0.755,0.77,0.8175,0.705,0
left,2,38,8207,0.0302722152674,0.885961206069,0.704691358025,0.7375,0.6625,0.6975,0.6575,0.7775,0.54,0
left,2,39,80873,0.0300231109482,0.95970808527,0.818271604938,0.735,0.5,0.7775,0.7075,0.6325,0.705,0
left,1,40,4805,0.028070193525,0.775302477434,0.94024691358,0.74,0.7675,0.7725,0.84,0.9125,0.6975,0
left,2,41,1501,0.0191542029057,0.852160553102,0.775308641975,0.505,0.55,0.6425,0.6025,0.945,0.4,0
left,2,42,18392,0.0189272076671,0.812944113693,0.655308641975,0.5775,0.5775,0.5975,0.595,0.725,0.52,1
left,1,43,41708,0.0166669827359,0.784904935664,0.64987654321,0.645,0.6775,0.6725,0.735,0.665,0.51,1
left,1,44,67299,0.0140018787281,0.932821202228,0.709135802469,0.6775,0.5,0.6775,0.6825,0.545,0.6625,1
left,1,45,129987,0.0122373811165,0.930670251584,0.686913580247,0.6575,0.5,0.6575,0.6875,0.5625,0.6575,0
left,1,46,767,0.0116198751472,0.759938544267,0.900740740741,0.6625,0.7325,0.695,0.7,0.8725,0.5975,0
left,1,47,15877,0.0099817641639,0.978913001728,0.741728395062,0.47,0.375,0.545,0.44,0.765,0.4325,1
left,1,48,136139,0.00839920957937,0.74956788938,0.942222222222,0.8025,0.8225,0.785,0.8375,0.845,0.76,1
left,1,49,50703,0.000743217323168,0.735394661033,0.856296296296,0.7125,0.675,0.7325,0.7,0.74,0.645,0
left,1,50,40956,5.96198839988e-05,0.98893796812,0.647407407407,0.625,-0.25,0.7825,0.72,0.595,0.6575,1
left,1,51,25302,3.9517144726e-05,0.719108891876,0.925925925926,0.4875,0.5,0.5125,0.5625,0.725,0.39,0
left,1,52,74635,8.42237451136e-06,0.82527367006,0.769382716049,0.5575,0.3825,0.5375,0.675,0.605,0.655,0
left,1,53,29338,2.43029376937e-06,0.951987708853,0.602962962963,0.6525,-0.25,0.7,0.69,0.615,0.62,1
left,1,54,509,4.80412529701e-10,0.679277895141,0.912592592593,0.6375,0.8225,0.695,0.695,0.92,0.5125,0
left,1,55,2605,1.12074262978e-10,0.876742846169,0.803456790123,0.3025,-0.25,0.34,0.34,0.59,0.355,1
left,1,56,78211,1.06934541485e-54,0.525676973305,0.874074074074,0.81,0.8025,0.83,0.86,0.795,0.8275,1
left,1,57,1799,7.31628836345e-101,0.434415210294,0.761481481481,0.84,0.825,0.81,0.885,0.8,0.85,0
left,1,58,1404,1.03852296117e-113,0.413174572691,0.575802469136,0.6725,0.75,0.6725,0.7875,0.75,0.77,0
left,1,59,10672,2.38123008529e-134,0.813750720184,0.723950617284,0.535,-0.25,0.6075,0.6425,0.9275,0.5,0
left,1,60,146993,3.22611111065e-138,0.375840215095,0.852839506173,1.0,0.8125,1.0,1.0,0.8,0.95,1
left,1,61,137869,0.0,0.0,0.977283950617,0.875,0.815,0.87,0.905,0.9725,0.8625,0
