user_id,$proposal$,$suzuki$,svm,line
1,0.917,0.4,0.95,0.883
2,0.967,0.55,0.95,0.867
3,1.0,0.8,1.0,0.883
4,0.8,0.6,0.75,0.833
5,0.983,0.533,0.967,0.917
6,0.65,0.2,0.65,0.65
7,0.983,0.733,0.983,0.967
8,0.983,0.783,0.967,0.933
9,0.7,0.383,0.733,0.767
10,0.85,0.417,0.85,0.8
11,1.0,0.883,1.0,0.967
12,0.833,0.817,0.983,0.883
13,0.7,0.4,0.833,0.783
14,0.583,0.3,0.8,0.783
15,0.583,0.433,0.533,0.583
16,0.983,0.383,0.917,0.55
17,1.0,0.517,1.0,0.95
18,0.767,0.283,0.983,0.933
20,0.967,0.367,0.917,0.117
21,0.867,0.417,0.85,0.683
22,0.917,0.65,0.983,0.283
23,0.817,0.383,0.7,0.15
24,0.7,0.3,0.65,0.55
25,0.467,0.183,0.433,0.45
26,0.55,0.267,0.633,0.467
27,0.733,0.267,0.65,0.633
28,0.417,0.133,0.4,0.417
29,0.9,0.5,0.6,0.3
30,1.0,0.733,0.933,0.9
31,0.55,0.133,0.217,0.25
32,0.7,0.467,0.75,0.617
33,0.267,0.117,0.2,0.117
35,0.383,0.167,0.383,0.267
