n_clusters,cluster,bathAverage,bathScore,chargeScore,description,distance,distanceScore,equipmentAverage,equipmentScore,hotelMiddleCharge,id,kinnennScore,locationAverage,locationScore,mealAverage,mealScore,name,nearestStation,roomAverage,roomScore,serviceAverage,serviceScore,tag,url
5,0,3.13,0.5325,0.821394276935,■2014年春、全室リニューアル済！■Wi-Fi利用可■池袋駅から徒歩6分の好立地！,0.555,0.755061728395,3.52,0.63,6301.0,192,1.0,3.98,0.745,3.67,0.6675,アークホテル東京池袋（ルートインホテルズ）旧：アークホテル東京,池袋,3.71,0.6775,3.64,0.66,true0,http://img.travel.rakuten.co.jp/image/tr/api/hs/dQ4dX/?f_no=192
5,1,3.23,0.5575,0.87136546956,ＪＲ蒲田駅西口徒歩５分！毎朝4:00発から６便！羽田空港へ送りバス有（予約定員制）全館Ｗｉ-Ｆｉ完備,0.443,0.81037037037,3.55,0.6375,5000.0,223,0.0,3.42,0.605,3.33,0.5825,アーヴェストホテル（蒲田駅西口）,蒲田,3.42,0.605,3.71,0.6775,true1,http://img.travel.rakuten.co.jp/image/tr/api/hs/dQ4dX/?f_no=223
5,1,3.18,0.545,0.882888419435,羽田空港までモノレールで20分★観光・ビジネスにアクセス抜群！！ 全室無料Wi-F完備！,0.625,0.72049382716,3.54,0.635,4700.0,398,0.0,3.44,0.61,4.39,0.8475,チサンホテル浜松町,浜松町,3.53,0.6325,3.64,0.66,true1,http://img.travel.rakuten.co.jp/image/tr/api/hs/dQ4dX/?f_no=398
5,2,3.05,0.5125,0.679277895141,快適化計画進行中！テンピュール枕、液晶テレビ、加湿空気清浄機、除菌消臭スプレー、LANケーブルを完備,0.236,0.912592592593,3.55,0.6375,10001.0,509,0.0,4.68,0.92,4.29,0.8225,渋谷東急イン,渋谷,3.78,0.695,3.78,0.695,true1,http://img.travel.rakuten.co.jp/image/tr/api/hs/dQ4dX/?f_no=509
5,1,2.91,0.4775,0.531745726906,都庁の南隣に位置する都市型ホテル。レストランやコインランドリーのご案内も有。,0.824,0.622222222222,3.37,0.5925,13842.0,659,0.0,3.6,0.65,3.48,0.62,新宿ワシントンホテル（新館）,新宿,3.58,0.645,3.45,0.6125,true3,http://img.travel.rakuten.co.jp/image/tr/api/hs/dQ4dX/?f_no=659
5,2,3.58,0.645,0.794507393893,ビジネスや観光の拠点として幅広くご利用いただけます。ご宿泊頂きましたお客様に朝食バイキングサービス,0.425,0.819259259259,3.86,0.715,7001.0,716,0.0,3.94,0.735,4.21,0.8025,アートホテルズ浜松町,浜松町,4.33,0.8325,3.89,0.7225,true3,http://img.travel.rakuten.co.jp/image/tr/api/hs/dQ4dX/?f_no=716
5,2,3.25,0.5625,0.87136546956,新橋駅から徒歩３分。銀座８丁目に有る立地条件の良いビジネスホテル。,0.262,0.89975308642,3.55,0.6375,5000.0,864,0.0,4.68,0.92,4.0,0.75,銀座国際ホテル,新橋,3.84,0.71,3.76,0.69,true0,http://img.travel.rakuten.co.jp/image/tr/api/hs/dQ4dX/?f_no=864
5,4,3.74,0.685,0.560245822931,高層階からは、新宿の夜景満喫。東京ディズニーリゾート（R）へ無料バス有。全室Wi-Fi無料！,0.565,0.75012345679,4.0,0.75,13100.0,930,1.0,4.54,0.885,3.85,0.7125,京王プラザホテル,新宿,4.17,0.7925,4.12,0.78,true0,http://img.travel.rakuten.co.jp/image/tr/api/hs/dQ4dX/?f_no=930
5,0,3.08,0.52,0.867486076436,池袋駅西口に近く、けやき並木の中に建ち、安価で清潔。シングルルームには、テンピュールの枕を使用,0.532,0.766419753086,3.04,0.51,5101.0,995,1.0,3.6,0.65,4.15,0.7875,ホテルニュースター池袋,池袋,3.13,0.5325,3.31,0.5775,true0,http://img.travel.rakuten.co.jp/image/tr/api/hs/dQ4dX/?f_no=995
5,1,3.03,0.5075,0.857422700211,全室インターネット接続  ウォッシュレット付　24H営業、蒲田駅徒歩3分。,0.287,0.887407407407,3.18,0.545,5363.0,1119,0.0,3.93,0.7325,3.0,0.5,ビジネスホテルソーシャル蒲田,蒲田,3.32,0.58,3.4,0.6,true1,http://img.travel.rakuten.co.jp/image/tr/api/hs/dQ4dX/?f_no=1119
5,4,3.41,0.6025,0.858882273862,【池袋東口5分！サンシャイン60近く】新鮮野菜と手作り料理の朝食が自慢。wifiルータ貸し出し中♪,0.477,0.793580246914,3.77,0.6925,5325.0,1128,1.0,4.09,0.7725,4.48,0.87,ホテルグランドシティ,池袋,3.71,0.6775,3.97,0.7425,true0,http://img.travel.rakuten.co.jp/image/tr/api/hs/dQ4dX/?f_no=1128
5,1,3.6,0.65,0.798770885347,都会に息づく静寂の趣きゆったりとくつろげる和風旅館,0.641,0.712592592593,3.47,0.6175,6890.0,1186,0.0,3.68,0.67,3.3,0.575,ホテル江戸屋,御茶ノ水,3.65,0.6625,3.89,0.7225,true1,http://img.travel.rakuten.co.jp/image/tr/api/hs/dQ4dX/?f_no=1186
5,2,3.61,0.6525,0.694680238141,池袋西口C６出口からすぐ！！広々とした客室には全室シーリー社製最高級ベッド導入！！,0.329,0.866666666667,3.81,0.7025,9600.0,1386,0.0,4.44,0.86,3.33,0.5825,ホテルストリックス東京,池袋,3.97,0.7425,3.79,0.6975,true1,http://img.travel.rakuten.co.jp/image/tr/api/hs/dQ4dX/?f_no=1386
5,0,3.37,0.5925,0.863645093144,浅草駅から徒歩１分！観光、ビジネスに好立地。最上階の男性展望風呂から隅田川を一望。,0.617,0.724444444444,3.08,0.52,5201.0,1511,1.0,4.48,0.87,3.43,0.6075,ホテルニュー魚眠荘,浅草,3.16,0.54,3.45,0.6125,true1,http://img.travel.rakuten.co.jp/image/tr/api/hs/dQ4dX/?f_no=1511
5,1,3.43,0.6075,0.88861148454,JR新宿駅東口から徒歩８分。広々お部屋　全室セミダブルベッド　ゆったりバスタブ。門限なし。,0.801,0.633580246914,3.53,0.6325,4551.0,1630,0.0,3.56,0.64,4.41,0.8525,政府登録ホテル白川郷,新宿,3.73,0.6825,3.61,0.6525,true3,http://img.travel.rakuten.co.jp/image/tr/api/hs/dQ4dX/?f_no=1630
5,1,3.08,0.52,0.683272517765,全客室をリニューアル。デザイン、機能を一新し、より快適で機能的な空間に生まれ変わりました。,0.491,0.786666666667,3.43,0.6075,9897.0,1872,0.0,4.79,0.9475,3.43,0.6075,新宿プリンスホテル,新宿,3.59,0.6475,3.64,0.66,true3,http://img.travel.rakuten.co.jp/image/tr/api/hs/dQ4dX/?f_no=1872
5,1,3.08,0.52,0.814518916843,羽田空港や東京駅へのアクセスに最高の立地です。全室インターネット無料（光回線）利用可能,0.429,0.817283950617,3.31,0.5775,6480.0,1927,0.0,4.36,0.84,3.0,0.5,芝大門ホテル,浜松町,3.31,0.5775,3.64,0.66,true1,http://img.travel.rakuten.co.jp/image/tr/api/hs/dQ4dX/?f_no=1927
5,0,3.36,0.59,0.890570386019,西新宿超高層ビル群に隣接。中央公園に面し閑静な環境　都内各所へアクセス至便,1.084,0.493827160494,3.65,0.6625,4500.0,1997,1.0,3.68,0.67,4.11,0.7775,新宿ニューシティホテル,新宿,3.74,0.685,3.76,0.69,true0,http://img.travel.rakuten.co.jp/image/tr/api/hs/dQ4dX/?f_no=1997
5,3,2.42,0.355,0.876742846169,全部屋新装済、設備充実リーズナブルプライス。,0.457,0.803456790123,2.21,0.3025,4860.0,2605,1.0,3.36,0.59,0.0,-0.25,華宮旅館,池袋,2.36,0.34,2.36,0.34,true3,http://img.travel.rakuten.co.jp/image/tr/api/hs/dQ4dX/?f_no=2605
5,2,4.56,0.89,0.602458229307,◆阪急阪神第一ホテルグループ◆　エレガンス＆エクセレンス。ヨーロピアンスタイル。,0.288,0.886913580247,4.18,0.795,12001.0,2876,0.0,4.82,0.955,3.43,0.6075,第一ホテル東京,新橋,4.27,0.8175,4.36,0.84,true0,http://img.travel.rakuten.co.jp/image/tr/api/hs/dQ4dX/?f_no=2876
5,1,3.99,0.7475,0.890570386019,ＪＲ神田駅（東京駅隣）から徒歩１分。男女大浴場完備。インターネット接続無料（全室有線・無線ＬＡＮ),0.1,0.97975308642,3.36,0.59,4500.0,2958,0.0,4.51,0.8775,3.73,0.6825,セントラルホテル＜東京都＞,神田（東京）,3.13,0.5325,3.6,0.65,true1,http://img.travel.rakuten.co.jp/image/tr/api/hs/dQ4dX/?f_no=2958
5,0,3.69,0.6725,0.821432686768,上野駅から徒歩５分、1Fコンビニ、和室洋室がある、利便性の優れたホテルです。,0.443,0.81037037037,3.5,0.625,6300.0,4801,1.0,4.06,0.765,3.83,0.7075,上野　ＮＥＷ伊豆ホテル,上野,3.56,0.64,3.94,0.735,true1,http://img.travel.rakuten.co.jp/image/tr/api/hs/dQ4dX/?f_no=4801
5,1,3.24,0.56,0.875168043019,楽天トラベルアワード受賞記念プラン、クオカードプランなど嬉しい特典付きプランが人気☆駅から3分♪,0.293,0.884444444444,3.69,0.6725,4901.0,4819,0.0,3.89,0.7225,3.41,0.6025,アーバイン東京・羽田　蒲田,蒲田,3.86,0.715,3.69,0.6725,true1,http://img.travel.rakuten.co.jp/image/tr/api/hs/dQ4dX/?f_no=4819
5,4,3.82,0.705,0.794507393893,ＪＲ上野駅より徒歩3分！上野公園上野動物園徒歩でいけます。,0.47,0.797037037037,3.9,0.725,7001.0,4977,1.0,4.4,0.85,3.56,0.64,ホテル　丸谷,上野,3.74,0.685,3.84,0.71,true0,http://img.travel.rakuten.co.jp/image/tr/api/hs/dQ4dX/?f_no=4977
5,0,3.78,0.695,0.865603994623,東京ドームに至近。都心に残る、閑静な和風の宿です。,0.49,0.787160493827,2.89,0.4725,5150.0,5303,1.0,4.44,0.86,2.0,0.25,朝陽館　本家,水道橋,3.0,0.5,4.0,0.75,true3,http://img.travel.rakuten.co.jp/image/tr/api/hs/dQ4dX/?f_no=5303
5,1,3.34,0.585,0.844478586518,ＪＲ神田駅（東京駅隣）北口か西口から３分・バス・トイレ・アメニティー・ドライヤー・光回線・空冷蔵庫,0.253,0.904197530864,3.76,0.69,5700.0,5309,0.0,4.07,0.7675,3.78,0.695,グランドセントラルホテル＜東京都＞,神田（東京）,3.78,0.695,3.79,0.6975,true0,http://img.travel.rakuten.co.jp/image/tr/api/hs/dQ4dX/?f_no=5309
5,0,3.27,0.5675,0.868177453428,交通の便もよく、ビジネスにご旅行に、好立地！東京スカイツリーまで15分で行けます☆,0.527,0.768888888889,3.09,0.5225,5083.0,5627,1.0,3.36,0.59,3.67,0.6675,チサンホテル上野,上野,3.64,0.66,3.36,0.59,true1,http://img.travel.rakuten.co.jp/image/tr/api/hs/dQ4dX/?f_no=5627
5,1,2.86,0.465,0.87136546956,池袋駅徒歩7分！羽根布団使用。全館WiFi接続OK高速ＬＡＮ回線完備。,0.583,0.741234567901,2.89,0.4725,5000.0,7055,0.0,3.55,0.6375,4.23,0.8075,ホテル　オーエド＜HOTEL　OHEDO＞,池袋,3.27,0.5675,3.16,0.54,true3,http://img.travel.rakuten.co.jp/image/tr/api/hs/dQ4dX/?f_no=7055
5,0,3.08,0.52,0.813750720184,皆様のご利用をお待ちしております。,0.249,0.906172839506,3.18,0.545,6500.0,7342,1.0,4.39,0.8475,3.36,0.59,神田ステーションホテル,神田（東京）,3.24,0.56,3.35,0.5875,true3,http://img.travel.rakuten.co.jp/image/tr/api/hs/dQ4dX/?f_no=7342
5,2,3.66,0.665,0.85596312656,東京ドームの前に位置し、JR水道橋駅西口から最も近いホテルです。全室無料無線LAN完備！,0.136,0.961975308642,3.75,0.6875,5401.0,7343,0.0,4.65,0.9125,3.53,0.6325,東京グリーンホテル後楽園,水道橋,3.86,0.715,3.83,0.7075,true3,http://img.travel.rakuten.co.jp/image/tr/api/hs/dQ4dX/?f_no=7343
5,4,4.38,0.845,0.85596312656,JR神田駅（東京駅隣）から徒歩２分。男女サウナ付大浴場完備。ネット接続無料（全室有線・無線ＬＡＮ),0.144,0.958024691358,3.69,0.6725,5401.0,7588,1.0,4.26,0.815,3.41,0.6025,ニューセントラルホテル＜東京都＞,神田（東京）,3.47,0.6175,3.78,0.695,true0,http://img.travel.rakuten.co.jp/image/tr/api/hs/dQ4dX/?f_no=7588
5,0,3.13,0.5325,0.8646437488,◆池袋駅北口前！３０秒！ ◆これ以上無い、ベストロケーション・ベストアクセスホテル。 （２０a出口）,0.169,0.945679012346,3.25,0.5625,5175.0,7599,1.0,4.8,0.95,4.0,0.75,ホテルサンシティ池袋,池袋,3.27,0.5675,3.4,0.6,true1,http://img.travel.rakuten.co.jp/image/tr/api/hs/dQ4dX/?f_no=7599
5,0,3.15,0.5375,0.885730747071,池袋駅東口徒歩8分≪女性用アメニティ無料配布中≫【近隣にコンビニ、２４時間スーパーあり】,0.724,0.671604938272,3.57,0.6425,4626.0,7903,1.0,3.56,0.64,4.0,0.75,ホテルウィングインターナショナル池袋,池袋,3.58,0.645,3.72,0.68,true0,http://img.travel.rakuten.co.jp/image/tr/api/hs/dQ4dX/?f_no=7903
5,1,3.16,0.54,0.885961206069,モットーは笑顔。1つ1つの接客を大切に本物のサービスを目指すホテル。,0.657,0.704691358025,3.95,0.7375,4620.0,8207,0.0,4.11,0.7775,3.65,0.6625,シティホテル　ロンスター,新宿,3.63,0.6575,3.79,0.6975,true1,http://img.travel.rakuten.co.jp/image/tr/api/hs/dQ4dX/?f_no=8207
5,4,3.7,0.675,0.870674092568,ＪＲ上野駅入谷出口より徒歩1分!朝はパンと飲み物をサービス！全室高速インターネット接続！,0.223,0.919012345679,3.5,0.625,5018.0,9518,1.0,4.4,0.85,4.0,0.75,サットンプレイスホテル上野,上野,3.9,0.725,3.8,0.7,true3,http://img.travel.rakuten.co.jp/image/tr/api/hs/dQ4dX/?f_no=9518
5,4,4.28,0.82,0.45938160169,全室19階以上の高層階から広がる、素晴らしい眺望をお楽しみください。,0.314,0.874074074074,4.15,0.7875,15726.0,11275,1.0,4.51,0.8775,4.3,0.825,セルリアンタワー東急ホテル,渋谷,4.51,0.8775,4.29,0.8225,true1,http://img.travel.rakuten.co.jp/image/tr/api/hs/dQ4dX/?f_no=11275
5,1,3.25,0.5625,0.802189360476,リーズナブルな料金で清潔感のある客室をご提供。,0.271,0.895308641975,3.59,0.6475,6801.0,12534,0.0,3.94,0.735,3.76,0.69,ビジネスホテル　オーク・イン３　蒲田東口,蒲田,3.61,0.6525,3.66,0.665,true0,http://img.travel.rakuten.co.jp/image/tr/api/hs/dQ4dX/?f_no=12534
5,0,3.39,0.5975,0.880929517957,新宿歌舞伎町のビジネスホテル★期間限定割引実施中★,0.739,0.664197530864,3.77,0.6925,4751.0,16373,1.0,3.8,0.7,3.67,0.6675,ホテル　シェーナ,新宿,3.6,0.65,3.77,0.6925,true3,http://img.travel.rakuten.co.jp/image/tr/api/hs/dQ4dX/?f_no=16373
5,1,3.65,0.6625,0.836796619935,　シングルルームもダブルベッド使用　全室大型の浴槽です。,0.311,0.875555555556,3.69,0.6725,5900.0,17743,0.0,4.14,0.785,3.0,0.5,ホテル　アーバン＜ＨＯＴＥＬ　ＵＲＢＡＮ＞,池袋,3.73,0.6825,3.66,0.665,true0,http://img.travel.rakuten.co.jp/image/tr/api/hs/dQ4dX/?f_no=17743
5,0,2.96,0.49,0.878663337814,池袋駅徒歩５分♪朝食無料♪１階にミニスーパーまいばすけっと有り♪,0.56,0.752592592593,3.61,0.6525,4810.0,17979,1.0,3.71,0.6775,3.85,0.7125,スーパーホテルＩｎｎ池袋駅北口（旧　スーパーホテルＣｉｔｙ池袋北口）,池袋,3.73,0.6825,3.93,0.7325,true0,http://img.travel.rakuten.co.jp/image/tr/api/hs/dQ4dX/?f_no=17979
5,1,3.25,0.5625,0.827539850202,最新型VOD導入。全室インターネット回線接続可能。朝食フリーサービス。,0.065,0.997037037037,3.35,0.5875,6141.0,18166,0.0,4.53,0.8825,3.45,0.6125,Ｒ＆Ｂホテル大塚駅北口,大塚（東京）,3.65,0.6625,3.56,0.64,true3,http://img.travel.rakuten.co.jp/image/tr/api/hs/dQ4dX/?f_no=18166
5,0,3.08,0.52,0.812944113693,池袋のランドマーク,0.757,0.655308641975,3.31,0.5775,6521.0,18392,1.0,3.9,0.725,3.31,0.5775,サンシャインシティプリンスホテル,池袋,3.38,0.595,3.39,0.5975,true3,http://img.travel.rakuten.co.jp/image/tr/api/hs/dQ4dX/?f_no=18392
5,4,3.75,0.6875,0.859804109852,浅草駅より徒歩３分。優雅さと気品に満ちたルーム。本館男性大浴場サウナあり。,0.316,0.873086419753,3.83,0.7075,5301.0,18476,1.0,4.57,0.8925,4.0,0.75,浅草セントラルホテル,浅草,3.92,0.73,4.14,0.785,true1,http://img.travel.rakuten.co.jp/image/tr/api/hs/dQ4dX/?f_no=18476
5,2,3.35,0.5875,0.869829076244,『渋谷駅』から徒歩7分と抜群の立地!!客室は落ち着いた内装となっております。,0.604,0.730864197531,3.77,0.6925,5040.0,18739,0.0,4.39,0.8475,3.75,0.6875,渋谷シティホテル,渋谷,4.02,0.755,3.98,0.745,true1,http://img.travel.rakuten.co.jp/image/tr/api/hs/dQ4dX/?f_no=18739
5,2,3.54,0.635,0.640868062224,　,0.374,0.844444444444,3.77,0.6925,11001.0,19718,0.0,4.62,0.905,4.5,0.875,山の上ホテル＜東京都＞,御茶ノ水,4.08,0.77,4.69,0.9225,true1,http://img.travel.rakuten.co.jp/image/tr/api/hs/dQ4dX/?f_no=19718
5,3,3.5,0.625,0.671403879393,◆高速LANインターネット無料◆渋谷であることを忘れてしまう、安らぎと静けさに包まれたホテルです。,0.835,0.616790123457,4.43,0.8575,10206.0,19745,1.0,4.43,0.8575,0.0,-0.25,渋谷クレストンホテル,渋谷,4.43,0.8575,4.57,0.8925,true0,http://img.travel.rakuten.co.jp/image/tr/api/hs/dQ4dX/?f_no=19745
5,0,2.35,0.3375,0.864298060303,交通至便。周辺は飲食店が充実し、ビジネス・観光の拠点におすすめ★有線＆無線LAN接続可,0.115,0.972345679012,2.77,0.4425,5184.0,20639,1.0,4.24,0.81,3.33,0.5825,大塚ステーションホテル,大塚（東京）,2.66,0.415,3.11,0.5275,true0,http://img.travel.rakuten.co.jp/image/tr/api/hs/dQ4dX/?f_no=20639
5,4,5.0,1.0,0.658382946034,仲見世から近い、純和風のお宿です。,0.35,0.856296296296,4.6,0.9,10545.0,28024,1.0,5.0,1.0,4.67,0.9175,旅館　加茂川,浅草,4.4,0.85,5.0,1.0,true0,http://img.travel.rakuten.co.jp/image/tr/api/hs/dQ4dX/?f_no=28024
5,0,3.44,0.61,0.839446898406,JR新橋駅徒歩２分。銀座・汐留各方面アクセス抜群！清潔さ・安らぎ・合理化による低価格をご提供します。,0.189,0.935802469136,3.5,0.625,5831.0,28484,1.0,4.44,0.86,3.42,0.605,チェックイン新橋,新橋,3.27,0.5675,3.55,0.6375,true0,http://img.travel.rakuten.co.jp/image/tr/api/hs/dQ4dX/?f_no=28484
5,2,3.54,0.635,0.814518916843,池袋エリアでビジネス・レジャーに交通至便。静かで落ち着いた雰囲気のホテルです。,0.078,0.990617283951,3.71,0.6775,6480.0,28512,0.0,4.01,0.7525,4.31,0.8275,ホテルメンテルス大塚,大塚（東京）,3.9,0.725,4.06,0.765,true0,http://img.travel.rakuten.co.jp/image/tr/api/hs/dQ4dX/?f_no=28512
5,0,3.33,0.5825,0.859804109852,上野駅より徒歩４分！無線ＬＡＮ（ＷｉＦｉ）全室対応！！ビジネスにも観光にもご利用下さい！！！,0.383,0.84,3.54,0.635,5301.0,29183,1.0,4.29,0.8225,3.33,0.5825,ホテル　ニューパーク,上野,3.59,0.6475,3.76,0.69,true3,http://img.travel.rakuten.co.jp/image/tr/api/hs/dQ4dX/?f_no=29183
5,0,2.8,0.45,0.862684847321,上野駅から徒歩５分。アメ横、上野動物園にも近い。ディスニーランドへも電車で３０分圏内です！,0.419,0.822222222222,3.28,0.57,5226.0,29184,1.0,4.1,0.775,3.15,0.5375,ホテルサンターガス　上野店,上野,3.29,0.5725,3.48,0.62,true3,http://img.travel.rakuten.co.jp/image/tr/api/hs/dQ4dX/?f_no=29184
5,1,2.23,0.3075,0.846360668331,池袋駅東口から3分　安心の低価格　チェックアウト12時　ＬＡＮ接続無料　シアターグリーンも歩いてすぐ,0.364,0.849382716049,2.39,0.3475,5651.0,29229,0.0,4.09,0.7725,2.75,0.4375,東口池袋ロイヤルホテル,池袋,2.39,0.3475,2.47,0.3675,true1,http://img.travel.rakuten.co.jp/image/tr/api/hs/dQ4dX/?f_no=29229
5,0,3.35,0.5875,0.848281159977,渋谷駅から徒歩5分。小さいけれど小粋な、パリっとしたプチホテル☆青山大学まで1本道で徒歩5分,0.404,0.82962962963,3.72,0.68,5601.0,29764,1.0,4.1,0.775,3.4,0.6,サクラ・フルール　青山,渋谷,3.89,0.7225,3.97,0.7425,true3,http://img.travel.rakuten.co.jp/image/tr/api/hs/dQ4dX/?f_no=29764
5,2,4.47,0.8675,0.856577683887,◆無料送迎実施中！東京ドームシティまで徒歩３分★朝食はうれしいバイキング！◆布団・枕　羽毛,0.44,0.811851851852,4.01,0.7525,5385.0,38649,0.0,4.03,0.7575,4.29,0.8225,炭酸泉人工温泉　楽楽の湯　ドーミーイン水道橋,水道橋,4.12,0.78,4.17,0.7925,true0,http://img.travel.rakuten.co.jp/image/tr/api/hs/dQ4dX/?f_no=38649
5,1,3.38,0.595,0.850816208949,“清潔さ”“低価格”“安らぎ、安心”を追求し、新しいホテルのカタチをご提案します。,0.254,0.903703703704,3.6,0.65,5535.0,39247,0.0,4.39,0.8475,3.07,0.5175,アネックス　チェックイン新橋,新橋,3.21,0.5525,3.3,0.575,true3,http://img.travel.rakuten.co.jp/image/tr/api/hs/dQ4dX/?f_no=39247
5,0,3.21,0.5525,0.852160553102,全室有線ＬＡＮインターネット接続無料。全室ビデオ・ＤＶＤデッキを完備。２４時間フロント対応。,0.315,0.873580246914,3.89,0.7225,5500.0,39495,1.0,4.0,0.75,3.64,0.66,ミヤビイン蒲田,蒲田,3.76,0.69,4.06,0.765,true0,http://img.travel.rakuten.co.jp/image/tr/api/hs/dQ4dX/?f_no=39495
5,4,3.29,0.5725,0.853696946418,ＪＲ上野駅の浅草口を出て左へ徒歩１分。ビジネス・観光等に最適です。全室ウォッシュレット完備。,0.132,0.963950617284,3.72,0.68,5460.0,40799,1.0,4.82,0.955,4.0,0.75,ホテル　ニューウエノ,上野,3.49,0.6225,3.94,0.735,true1,http://img.travel.rakuten.co.jp/image/tr/api/hs/dQ4dX/?f_no=40799
5,2,4.21,0.8025,0.600537737661,JR新橋駅より徒歩5分。銀座で唯一のタワー型デザインホテル。こだわり空間と眺望を堪能できます。,0.442,0.810864197531,4.41,0.8525,12051.0,41069,0.0,4.24,0.81,4.09,0.7725,三井ガーデンホテル銀座プレミア,新橋,4.38,0.845,4.31,0.8275,true3,http://img.travel.rakuten.co.jp/image/tr/api/hs/dQ4dX/?f_no=41069
5,4,4.24,0.81,0.820741309775,浅草駅から徒歩５分・東京スカイツリーまで徒歩9分！当館は家庭的なご奉仕をモットーとする和風旅館です。,0.981,0.544691358025,3.97,0.7425,6318.0,41615,1.0,4.51,0.8775,4.87,0.9675,つるや旅館＜東京都＞,浅草,4.39,0.8475,4.68,0.92,true3,http://img.travel.rakuten.co.jp/image/tr/api/hs/dQ4dX/?f_no=41615
5,1,3.39,0.5975,0.829076243518,★☆★2012年8月客室リニューアルオープン★☆★ＪＲ大塚駅北口から徒歩３分！,0.181,0.93975308642,3.37,0.5925,6101.0,50921,0.0,3.81,0.7025,4.33,0.8325,大塚タウンホテル,大塚（東京）,3.72,0.68,3.56,0.64,true0,http://img.travel.rakuten.co.jp/image/tr/api/hs/dQ4dX/?f_no=50921
5,4,3.63,0.6575,0.869444977914,JR御茶ノ水駅、秋葉原駅、東京メトロから徒歩圏内。１階にコンビニとレストランを併設。損保会館至近。,0.404,0.82962962963,3.88,0.72,5050.0,56917,1.0,4.32,0.83,3.93,0.7325,ホテルマイステイズ御茶ノ水,御茶ノ水,4.08,0.77,3.92,0.73,true0,http://img.travel.rakuten.co.jp/image/tr/api/hs/dQ4dX/?f_no=56917
5,2,4.04,0.76,0.830036489341,全室に洗濯乾燥機・電子レンジを完備！連泊に便利なホテルです。,0.302,0.88,4.26,0.815,6076.0,67160,0.0,4.45,0.8625,3.72,0.68,東急ステイ水道橋,水道橋,4.4,0.85,4.1,0.775,true1,http://img.travel.rakuten.co.jp/image/tr/api/hs/dQ4dX/?f_no=67160
5,4,3.66,0.665,0.802189360476,新橋駅烏森口から徒歩3分。ビジネス・銀座やお台場観光の拠点として最適。,0.27,0.895802469136,3.78,0.695,6801.0,68565,1.0,4.43,0.8575,3.31,0.5775,ホテルサンルート新橋,新橋,4.03,0.7575,3.87,0.7175,true3,http://img.travel.rakuten.co.jp/image/tr/api/hs/dQ4dX/?f_no=68565
5,2,3.48,0.62,0.889994238525,クチコミ件数が物語るコストパフォーマンス！蒲田駅西口徒歩約３分！羽田空港へのアクセスも便利,0.295,0.883456790123,3.74,0.685,4515.0,68688,0.0,4.23,0.8075,4.16,0.79,スーパーホテル東京・ＪＲ蒲田西口,蒲田,4.21,0.8025,4.12,0.78,true1,http://img.travel.rakuten.co.jp/image/tr/api/hs/dQ4dX/?f_no=68688
5,4,3.57,0.6425,0.853082389092,高速インターネット/ＬＡＮケーブル（無料）,0.364,0.849382716049,3.67,0.6675,5476.0,70707,1.0,4.53,0.8825,3.89,0.7225,ザ・ビー池袋,池袋,4.01,0.7525,3.68,0.67,true0,http://img.travel.rakuten.co.jp/image/tr/api/hs/dQ4dX/?f_no=70707
5,1,3.11,0.5275,0.889302861533,【蒲田駅徒歩５分】★軽朝食付き★全室高速ＬＡＮ完備★地デジ BSデジタル無料★VOD１泊/５００円,0.447,0.808395061728,3.18,0.545,4533.0,70793,0.0,3.45,0.6125,2.57,0.3925,東横イン蒲田１,蒲田,3.36,0.59,3.64,0.66,true0,http://img.travel.rakuten.co.jp/image/tr/api/hs/dQ4dX/?f_no=70793
5,2,4.63,0.9075,0.822969080085,平成２１年６月新装オープン。大浴場、サウナあり。洋室の他、和室、露天風呂付など客室１０タイプ。,0.485,0.78962962963,4.32,0.83,6260.0,74604,0.0,4.22,0.805,4.18,0.795,お茶の水ホテル昇龍館,御茶ノ水,4.31,0.8275,4.65,0.9125,true3,http://img.travel.rakuten.co.jp/image/tr/api/hs/dQ4dX/?f_no=74604
5,1,3.62,0.655,0.82527367006,ＪＲ浜松町駅、ゆりかもめ日の出駅近く！羽田空港、東京都心へのアクセスに大変便利です！,0.526,0.769382716049,3.23,0.5575,6200.0,74635,0.0,3.42,0.605,2.53,0.3825,くれたけインプレミアム浜松町,浜松町,3.7,0.675,3.15,0.5375,true3,http://img.travel.rakuten.co.jp/image/tr/api/hs/dQ4dX/?f_no=74635
5,0,3.5,0.625,0.856001536393,【全館禁煙】建築デザインにこだわった、外国人宿泊も多いエコノミーホテルです。都心へアクセス至便！,0.909,0.58024691358,3.8,0.7,5400.0,74688,1.0,3.0,0.5,4.0,0.75,カンガルーホテル,南千住,4.0,0.75,4.1,0.775,true1,http://img.travel.rakuten.co.jp/image/tr/api/hs/dQ4dX/?f_no=74688
5,4,3.78,0.695,0.863645093144,JR線蒲田駅より徒歩4分。羽田空港や横浜、品川方面へアクセス至便！,0.276,0.892839506173,3.85,0.7125,5201.0,74696,1.0,4.13,0.7825,3.67,0.6675,ホテルマイステイズ蒲田,蒲田,3.87,0.7175,3.79,0.6975,true0,http://img.travel.rakuten.co.jp/image/tr/api/hs/dQ4dX/?f_no=74696
5,2,4.22,0.805,0.660072978683,２０１２年６月で３周年を迎えたホテル龍名館東京が、新しい和のおもてなしをお届けします。,0.455,0.804444444444,4.67,0.9175,10501.0,76496,0.0,4.73,0.9325,4.56,0.89,ホテル龍名館東京,東京,4.59,0.8975,4.34,0.835,true1,http://img.travel.rakuten.co.jp/image/tr/api/hs/dQ4dX/?f_no=76496
5,4,3.39,0.5975,0.84831956981,同チェーンで女性客比率№１ホテル！池袋駅構内Ｃ１出口を出て後ろを振り返るとすぐ♪,0.422,0.820740740741,3.83,0.7075,5600.0,80513,1.0,4.3,0.825,4.04,0.76,スーパーホテル　ＪＲ池袋西口,池袋,4.04,0.76,4.13,0.7825,true0,http://img.travel.rakuten.co.jp/image/tr/api/hs/dQ4dX/?f_no=80513
5,4,3.79,0.6975,0.869406568081,東京スカイツリー（R）眺望の客室あり☆「大人のくつろぎ」と「安らかなひととき」を演出します。,0.104,0.977777777778,4.11,0.7775,5051.0,80619,1.0,4.26,0.815,4.05,0.7625,ホテル京阪浅草,浅草,4.3,0.825,4.08,0.77,true3,http://img.travel.rakuten.co.jp/image/tr/api/hs/dQ4dX/?f_no=80619
5,0,3.58,0.645,0.890570386019,羽田空港からのアクセス至便。明日の元気をくれる安らぎの時間。,0.424,0.81975308642,3.58,0.645,4500.0,80766,1.0,3.55,0.6375,3.4,0.6,ヴィラフォンテーヌ浜松町,浜松町,3.89,0.7225,3.79,0.6975,true3,http://img.travel.rakuten.co.jp/image/tr/api/hs/dQ4dX/?f_no=80766
5,2,4.0,0.75,0.844478586518,２０１０年４月開業！全室洗濯乾燥機付きのホテル。夜洗って朝着られる快適なステイをお楽しみ下さい,0.412,0.825679012346,4.17,0.7925,5700.0,84558,0.0,4.11,0.7775,3.51,0.6275,東急ステイ池袋,池袋,4.35,0.8375,4.11,0.7775,true3,http://img.travel.rakuten.co.jp/image/tr/api/hs/dQ4dX/?f_no=84558
5,1,3.06,0.515,0.826963702708,ＪＲ蒲田西口徒歩５分、東急池上線、多摩川線５分。横浜、自由ヶ丘、お台場近し！衛星放送、ネット接続無料,0.354,0.854320987654,3.33,0.5825,6156.0,104598,0.0,3.68,0.67,3.0,0.5,ビジネスホテル新力　３号館,蒲田,3.58,0.645,3.74,0.685,true0,http://img.travel.rakuten.co.jp/image/tr/api/hs/dQ4dX/?f_no=104598
5,3,2.88,0.47,0.858075667371,ＪＲ蒲田東口徒歩５分、京急蒲田西口徒歩８分。羽田空港、横浜、ＴＤＬ、お台場、どこへ行くにも便利。,0.301,0.88049382716,3.29,0.5725,5346.0,104599,1.0,3.75,0.6875,0.0,-0.25,ビジネスホテル新力　４号館,蒲田,3.38,0.595,3.44,0.61,true3,http://img.travel.rakuten.co.jp/image/tr/api/hs/dQ4dX/?f_no=104599
5,4,3.89,0.7225,0.657384290378,渋谷パルコ至近。最新のセキュリティ・機能と洗練されたデザインが融合した美しい空間。,0.579,0.743209876543,3.91,0.7275,10571.0,104688,1.0,4.25,0.8125,4.0,0.75,ホテルユニゾ渋谷,渋谷,3.92,0.73,3.65,0.6625,true3,http://img.travel.rakuten.co.jp/image/tr/api/hs/dQ4dX/?f_no=104688
5,1,3.27,0.5675,0.882081812944,アメ横に近く食事や買物に便利。スカイライナーで成田空港へ４４分、海外旅行の前泊や後泊にもご利用下さい,0.419,0.822222222222,3.53,0.6325,4721.0,104824,0.0,4.5,0.875,3.0,0.5,きぬや本館,上野,3.4,0.6,3.47,0.6175,true0,http://img.travel.rakuten.co.jp/image/tr/api/hs/dQ4dX/?f_no=104824
5,1,2.55,0.3875,0.826963702708,品川１０分、横浜２０分とアクセス抜群です。ビジネスやレジャーの拠点としてご利用ください。,0.369,0.846913580247,3.14,0.535,6156.0,108336,0.0,3.23,0.5575,2.67,0.4175,東横イン蒲田２,蒲田,3.24,0.56,3.38,0.595,true1,http://img.travel.rakuten.co.jp/image/tr/api/hs/dQ4dX/?f_no=108336
5,0,3.08,0.52,0.809756097561,便利な山手線大塚駅北口徒歩3分！都心へのアクセス抜群！アットホームな大塚駅北口Ⅰ,0.157,0.951604938272,3.33,0.5825,6604.0,108341,1.0,4.23,0.8075,3.38,0.595,東横イン大塚駅北口１,大塚（東京）,3.08,0.52,3.38,0.595,true1,http://img.travel.rakuten.co.jp/image/tr/api/hs/dQ4dX/?f_no=108341
5,0,3.4,0.6,0.840637603226,何処へ行くにも便利なホテルです。明るく元気に皆様をお迎え致します,0.425,0.819259259259,3.19,0.5475,5800.0,108388,1.0,3.76,0.69,3.32,0.58,東横イン池袋北口２,池袋,3.56,0.64,3.35,0.5875,true1,http://img.travel.rakuten.co.jp/image/tr/api/hs/dQ4dX/?f_no=108388
5,0,3.83,0.7075,0.874323026695,ＪＲ品川駅から12分！京急羽田空港から10分！都内、横浜へのアクセス良好。,0.2,0.93037037037,3.47,0.6175,4923.0,108411,1.0,4.5,0.875,3.06,0.515,東横イン蒲田東口,蒲田,3.63,0.6575,3.68,0.67,true0,http://img.travel.rakuten.co.jp/image/tr/api/hs/dQ4dX/?f_no=108411
5,4,3.96,0.74,0.836489341271,山手線池袋駅北口から徒歩4分！とても便利な立地です。繁華街近ですが、とても静かな環境です。,0.449,0.807407407407,3.84,0.71,5908.0,108416,1.0,4.22,0.805,3.85,0.7125,東横イン池袋北口１,池袋,4.27,0.8175,4.22,0.805,true3,http://img.travel.rakuten.co.jp/image/tr/api/hs/dQ4dX/?f_no=108416
5,0,3.42,0.605,0.860149798348,近隣には、池袋サンシャイン、巣鴨地蔵があり、ビジネス・レジャーどちらも便利です,0.113,0.973333333333,3.33,0.5825,5292.0,108417,1.0,4.2,0.8,3.08,0.52,東横イン山手線大塚駅北口２,大塚（東京）,3.53,0.6325,3.13,0.5325,true0,http://img.travel.rakuten.co.jp/image/tr/api/hs/dQ4dX/?f_no=108417
5,0,3.0,0.5,0.813750720184,新宿駅に近い割には閑静な立地のエコノミーで清潔なビジネスホテルです。,0.703,0.681975308642,3.11,0.5275,6500.0,109008,1.0,3.78,0.695,3.38,0.595,ビジネスホテル新宿タウンホテル,新宿,3.13,0.5325,3.52,0.63,true1,http://img.travel.rakuten.co.jp/image/tr/api/hs/dQ4dX/?f_no=109008
5,3,2.74,0.435,0.839408488573,渋谷駅から徒歩３分。リーズナブルな料金が魅力のシンプルで機能的なホテル。,0.259,0.901234567901,2.94,0.485,5832.0,129672,1.0,3.9,0.725,0.0,-0.25,渋谷グランドホテル,渋谷,2.52,0.38,2.62,0.405,true3,http://img.travel.rakuten.co.jp/image/tr/api/hs/dQ4dX/?f_no=129672
5,2,3.72,0.68,0.879969272134,２０１１年１１月開業。都内名所、羽田空港に抜群のアクセス。最新設備とＣＯＯＬなデザイナーズルーム。,0.524,0.77037037037,3.73,0.6825,4776.0,134923,0.0,3.94,0.735,3.69,0.6725,相鉄フレッサイン　浜松町大門,浜松町,3.9,0.725,3.81,0.7025,true1,http://img.travel.rakuten.co.jp/image/tr/api/hs/dQ4dX/?f_no=134923
5,4,3.57,0.6425,0.823314768581,【全室ダブルベット設置】【健康焼きたてパン朝食無料】【大好評健康イオン水客室給水】,0.539,0.762962962963,4.03,0.7575,6251.0,135551,1.0,4.1,0.775,4.13,0.7825,スーパーホテル浅草,浅草,4.3,0.825,4.09,0.7725,true0,http://img.travel.rakuten.co.jp/image/tr/api/hs/dQ4dX/?f_no=135551
5,4,3.98,0.745,0.8492414058,2011年11月オープン！新橋駅から徒歩3分とビジネス観光に大変便利。大浴場で疲れを癒して下さい。,0.258,0.901728395062,4.2,0.8,5576.0,135973,1.0,4.59,0.8975,3.67,0.6675,ホテル新橋三番館,新橋,4.17,0.7925,4.13,0.7825,true1,http://img.travel.rakuten.co.jp/image/tr/api/hs/dQ4dX/?f_no=135973
5,4,3.44,0.61,0.852160553102,◆全室シモンズ製和ベッド◆全室畳敷きのお部屋◆都営線浅草駅徒歩2分の美しい小さな和のホテルです。,0.76,0.653827160494,4.12,0.78,5500.0,136122,1.0,4.33,0.8325,3.09,0.5225,浅草ホテル旅籠,浅草,3.98,0.745,3.98,0.745,true1,http://img.travel.rakuten.co.jp/image/tr/api/hs/dQ4dX/?f_no=136122
5,4,3.49,0.6225,0.852506241598,■ＪＲ山手線大塚駅より徒歩3分！■焼き立てパン朝食無料！■全館Wi-Fi完備！■全室ワイドベッド！,0.187,0.936790123457,3.95,0.7375,5491.0,136288,1.0,4.31,0.8275,3.97,0.7425,スーパーホテル　東京・大塚,大塚（東京）,4.25,0.8125,4.17,0.7925,true3,http://img.travel.rakuten.co.jp/image/tr/api/hs/dQ4dX/?f_no=136288
5,2,4.4,0.85,0.660418667179,2012年8月10日グランドオープン！新しい魅力がつまったGATE HOTEL STORY、開門。,0.434,0.814814814815,4.36,0.84,10492.0,137085,0.0,4.76,0.94,4.39,0.8475,ＴＨＥ　ＧＡＴＥ　ＨＯＴＥＬ（ザ・ゲートホテル）　雷門　ｂｙ　ＨＵＬＩＣ,浅草,4.5,0.875,4.51,0.8775,true3,http://img.travel.rakuten.co.jp/image/tr/api/hs/dQ4dX/?f_no=137085
5,1,3.43,0.6075,0.856001536393,2012年11月新築OPEN！渋谷ヒカリエ、原宿、代々木、表参道、新宿、池袋、東京駅へ便利,0.634,0.716049382716,3.79,0.6975,5400.0,138039,0.0,3.93,0.7325,3.62,0.655,アパホテル＜渋谷道玄坂上＞,渋谷,3.52,0.63,3.55,0.6375,true3,http://img.travel.rakuten.co.jp/image/tr/api/hs/dQ4dX/?f_no=138039
5,4,3.77,0.6925,0.885730747071,駅近なのでビジネスにも観光にも便利です！銀座へは徒歩圏内。2階に大戸屋、１階にコンビニ有！,0.229,0.916049382716,4.02,0.755,4626.0,140984,1.0,4.57,0.8925,3.58,0.645,相鉄フレッサイン　新橋日比谷口,新橋,4.05,0.7625,3.97,0.7425,true3,http://img.travel.rakuten.co.jp/image/tr/api/hs/dQ4dX/?f_no=140984
5,0,3.14,0.535,0.813750720184,新宿駅西口より徒歩６分、客様のお越しをお待ちしております,0.637,0.714567901235,3.32,0.58,6500.0,142811,1.0,4.13,0.7825,3.54,0.635,ビジネスホテル新宿タウンアネクス,新宿,3.38,0.595,3.7,0.675,true0,http://img.travel.rakuten.co.jp/image/tr/api/hs/dQ4dX/?f_no=142811
5,0,3.36,0.59,0.863683502977,新宿駅近！女性専用宿泊施設。（個室型２段ベッド）滞在中は、露天風呂やシルキーバス等スパに入り放題！！,0.672,0.697283950617,3.64,0.66,5200.0,143324,1.0,3.71,0.6775,3.3,0.575,リ・ラックスパ　新宿（旧：Ｌｅ　Ｌｕｃｋ　ＳＰＡ　ＳＨＩＮＪＵＫＵ）,新宿,3.29,0.5725,3.5,0.625,true3,http://img.travel.rakuten.co.jp/image/tr/api/hs/dQ4dX/?f_no=143324
5,1,3.35,0.5875,0.693796811984,■2014年4月2日オープン■東京駅徒歩4分、銀座まで徒歩圏内という好立地です。全室Wi-Fi無料。,0.469,0.797530864198,3.17,0.5425,9623.0,145335,0.0,4.2,0.8,3.09,0.5225,コートヤード・バイ・マリオット　東京ステーション（2014年4月2日オープン）,東京,3.2,0.55,3.0,0.5,true0,http://img.travel.rakuten.co.jp/image/tr/api/hs/dQ4dX/?f_no=145335
5,4,4.36,0.84,0.573689264452,平成２６年８月８日(金)新規オープン！ＪＲ新宿駅南口から徒歩３分！観光・ビジネスに最適です！,0.336,0.863209876543,3.86,0.715,12750.0,146877,1.0,4.46,0.865,4.23,0.8075,ＪＲ九州ホテルブラッサム新宿,新宿,4.46,0.865,3.25,0.5625,true1,http://img.travel.rakuten.co.jp/image/tr/api/hs/dQ4dX/?f_no=146877
5,4,4.26,0.815,0.837718455925,２０１４年８月１５日オープン！東京ドームへ徒歩２分！全室WiFi無料！都内中心部の好立地！,0.457,0.803456790123,4.44,0.86,5876.0,146928,1.0,4.54,0.885,3.8,0.7,リッチモンドホテル東京水道橋（２０１４年８月１５日オープン）,水道橋,4.42,0.855,4.27,0.8175,true1,http://img.travel.rakuten.co.jp/image/tr/api/hs/dQ4dX/?f_no=146928
5,2,4.44,0.86,0.861724601498,２０１４年夏・ＮＥＷ　ＯＰＥＮ！羽田空港へアクセス◎全室バス・トイレ・洗面台独立の快適空間♪,0.26,0.900740740741,3.89,0.7225,5251.0,147101,0.0,4.41,0.8525,3.5,0.625,三交インＧｒａｎｄｅ東京浜松町,浜松町,4.46,0.865,3.73,0.6825,true1,http://img.travel.rakuten.co.jp/image/tr/api/hs/dQ4dX/?f_no=147101
5,2,4.11,0.7775,0.82527367006,全客室Wｉｆｉ可能！　川面を一望の展望露天風呂！　お仕事に観光に、どちらにも最適のホテルです,0.623,0.721481481481,3.83,0.7075,6200.0,819,0.0,4.32,0.83,3.9,0.725,超軟水展望大浴場　あさひ湯　ドーミーインＥＸＰＲＥＳＳ浅草（旧：ドーミーイン浅草）,浅草,3.81,0.7025,3.89,0.7225,true1,http://img.travel.rakuten.co.jp/image/tr/api/hs/dQ4dX/?f_no=819
