n_clusters,cluster,bathAverage,bathScore,chargeScore,description,distance,distanceScore,equipmentAverage,equipmentScore,hotelMiddleCharge,id,kinnennScore,locationAverage,locationScore,mealAverage,mealScore,name,nearestStation,roomAverage,roomScore,serviceAverage,serviceScore,tag,url
1,0,3.23,0.5575,0.87136546956,ＪＲ蒲田駅西口徒歩５分！毎朝4:00発から６便！羽田空港へ送りバス有（予約定員制）全館Ｗｉ-Ｆｉ完備,0.443,0.81037037037,3.55,0.6375,5000.0,223,1.0,3.42,0.605,3.33,0.5825,アーヴェストホテル（蒲田駅西口）,蒲田,3.42,0.605,3.71,0.6775,true3,http://img.travel.rakuten.co.jp/image/tr/api/hs/dQ4dX/?f_no=223
1,0,3.18,0.545,0.882888419435,羽田空港までモノレールで20分★観光・ビジネスにアクセス抜群！！ 全室無料Wi-F完備！,0.625,0.72049382716,3.54,0.635,4700.0,398,1.0,3.44,0.61,4.39,0.8475,チサンホテル浜松町,浜松町,3.53,0.6325,3.64,0.66,true1,http://img.travel.rakuten.co.jp/image/tr/api/hs/dQ4dX/?f_no=398
1,0,3.05,0.5125,0.679277895141,快適化計画進行中！テンピュール枕、液晶テレビ、加湿空気清浄機、除菌消臭スプレー、LANケーブルを完備,0.236,0.912592592593,3.55,0.6375,10001.0,509,1.0,4.68,0.92,4.29,0.8225,渋谷東急イン,渋谷,3.78,0.695,3.78,0.695,true0,http://img.travel.rakuten.co.jp/image/tr/api/hs/dQ4dX/?f_no=509
1,0,3.46,0.615,0.880929517957,池袋駅東口徒歩2分と絶好のロケーション。全室LAN接続無料。館内24時間営業のコンビニあり。,0.262,0.89975308642,3.75,0.6875,4751.0,610,1.0,4.67,0.9175,4.29,0.8225,第一イン池袋,池袋,4.13,0.7825,3.9,0.725,true0,http://img.travel.rakuten.co.jp/image/tr/api/hs/dQ4dX/?f_no=610
1,0,3.23,0.5575,0.940503168811,客室の窓からは浅草寺の境内がのぞめる部屋もあり散策が楽しめる。,0.539,0.762962962963,3.55,0.6375,3200.0,630,1.0,3.75,0.6875,4.09,0.7725,ヴィアイン浅草,浅草,3.96,0.74,3.72,0.68,true1,http://img.travel.rakuten.co.jp/image/tr/api/hs/dQ4dX/?f_no=630
1,0,2.91,0.4775,0.656270405224,ポイント10倍プラン販売中！都庁の南隣に位置する都市型ホテルです。館内にレストランやコンビニを併設。,0.754,0.656790123457,3.16,0.54,10600.0,658,1.0,3.66,0.665,3.52,0.63,新宿ワシントンホテル（本館）,新宿,3.36,0.59,3.31,0.5775,true0,http://img.travel.rakuten.co.jp/image/tr/api/hs/dQ4dX/?f_no=658
1,0,2.91,0.4775,0.531745726906,都庁の南隣に位置する都市型ホテル。レストランやコインランドリーのご案内も有。,0.824,0.622222222222,3.37,0.5925,13842.0,659,1.0,3.6,0.65,3.48,0.62,新宿ワシントンホテル（新館）,新宿,3.58,0.645,3.45,0.6125,true0,http://img.travel.rakuten.co.jp/image/tr/api/hs/dQ4dX/?f_no=659
1,0,3.58,0.645,0.794507393893,ビジネスや観光の拠点として幅広くご利用いただけます。ご宿泊頂きましたお客様に朝食バイキングサービス,0.425,0.819259259259,3.86,0.715,7001.0,716,1.0,3.94,0.735,4.21,0.8025,アートホテルズ浜松町,浜松町,4.33,0.8325,3.89,0.7225,true1,http://img.travel.rakuten.co.jp/image/tr/api/hs/dQ4dX/?f_no=716
1,0,3.39,0.5975,0.759938544267,銀座8丁目・並木通りに位置するレンガ色の建物,0.26,0.900740740741,3.65,0.6625,7901.0,767,1.0,4.49,0.8725,3.93,0.7325,銀座グランドホテル(旧：ホテルコムズ銀座）,新橋,3.8,0.7,3.78,0.695,true3,http://img.travel.rakuten.co.jp/image/tr/api/hs/dQ4dX/?f_no=767
1,0,3.21,0.5525,0.771461494143,ビジネスやレジャーの拠点として絶好のロケーション,0.805,0.631604938272,3.54,0.635,7601.0,858,1.0,3.59,0.6475,3.27,0.5675,ホテルヴィンテージ新宿,新宿,3.6,0.65,3.44,0.61,true3,http://img.travel.rakuten.co.jp/image/tr/api/hs/dQ4dX/?f_no=858
1,0,3.25,0.5625,0.87136546956,新橋駅から徒歩３分。銀座８丁目に有る立地条件の良いビジネスホテル。,0.262,0.89975308642,3.55,0.6375,5000.0,864,1.0,4.68,0.92,4.0,0.75,銀座国際ホテル,新橋,3.84,0.71,3.76,0.69,true1,http://img.travel.rakuten.co.jp/image/tr/api/hs/dQ4dX/?f_no=864
1,0,3.13,0.5325,0.870366813904,東京メトロ副都心線池袋駅から徒歩１分で交通至便。シングルルームには、テンピュールの枕を使用。,0.385,0.839012345679,3.4,0.6,5026.0,996,1.0,3.9,0.725,3.5,0.625,ホテルスタープラザ池袋,池袋,3.55,0.6375,3.6,0.65,true0,http://img.travel.rakuten.co.jp/image/tr/api/hs/dQ4dX/?f_no=996
1,0,3.6,0.65,0.798770885347,都会に息づく静寂の趣きゆったりとくつろげる和風旅館,0.641,0.712592592593,3.47,0.6175,6890.0,1186,1.0,3.68,0.67,3.3,0.575,ホテル江戸屋,御茶ノ水,3.65,0.6625,3.89,0.7225,true3,http://img.travel.rakuten.co.jp/image/tr/api/hs/dQ4dX/?f_no=1186
1,0,3.61,0.6525,0.694680238141,池袋西口C６出口からすぐ！！広々とした客室には全室シーリー社製最高級ベッド導入！！,0.329,0.866666666667,3.81,0.7025,9600.0,1386,1.0,4.44,0.86,3.33,0.5825,ホテルストリックス東京,池袋,3.97,0.7425,3.79,0.6975,true1,http://img.travel.rakuten.co.jp/image/tr/api/hs/dQ4dX/?f_no=1386
1,0,2.96,0.49,0.660072978683,東京駅となり、神田駅より徒歩3分！ビジネスにレジャーに都内へのアクセスはどこへも便利。,0.257,0.902222222222,3.65,0.6625,10501.0,1667,1.0,4.2,0.8,4.0,0.75,ホテルユニゾ神田,神田（東京）,3.47,0.6175,3.72,0.68,true1,http://img.travel.rakuten.co.jp/image/tr/api/hs/dQ4dX/?f_no=1667
1,0,3.21,0.5525,0.785327443826,渋谷駅から徒歩7分　コンビニはすぐ隣　☆ビジネスはもちろんショッピングに♪,0.62,0.722962962963,3.31,0.5775,7240.0,1770,1.0,4.34,0.835,3.54,0.635,渋谷東武ホテル,渋谷,3.56,0.64,3.41,0.6025,true3,http://img.travel.rakuten.co.jp/image/tr/api/hs/dQ4dX/?f_no=1770
1,0,3.08,0.52,0.683272517765,全客室をリニューアル。デザイン、機能を一新し、より快適で機能的な空間に生まれ変わりました。,0.491,0.786666666667,3.43,0.6075,9897.0,1872,1.0,4.79,0.9475,3.43,0.6075,新宿プリンスホテル,新宿,3.59,0.6475,3.64,0.66,true1,http://img.travel.rakuten.co.jp/image/tr/api/hs/dQ4dX/?f_no=1872
1,0,3.08,0.52,0.814518916843,羽田空港や東京駅へのアクセスに最高の立地です。全室インターネット無料（光回線）利用可能,0.429,0.817283950617,3.31,0.5775,6480.0,1927,1.0,4.36,0.84,3.0,0.5,芝大門ホテル,浜松町,3.31,0.5775,3.64,0.66,true3,http://img.travel.rakuten.co.jp/image/tr/api/hs/dQ4dX/?f_no=1927
1,0,3.4,0.6,0.856001536393,アットホームで比較的静かな落ち着いた雰囲気のホテル,0.491,0.786666666667,3.1,0.525,5400.0,1996,1.0,3.93,0.7325,3.48,0.62,ビジネスホテル　山陽会館,渋谷,2.98,0.495,3.68,0.67,true0,http://img.travel.rakuten.co.jp/image/tr/api/hs/dQ4dX/?f_no=1996
1,0,4.56,0.89,0.602458229307,◆阪急阪神第一ホテルグループ◆　エレガンス＆エクセレンス。ヨーロピアンスタイル。,0.288,0.886913580247,4.18,0.795,12001.0,2876,1.0,4.82,0.955,3.43,0.6075,第一ホテル東京,新橋,4.27,0.8175,4.36,0.84,true0,http://img.travel.rakuten.co.jp/image/tr/api/hs/dQ4dX/?f_no=2876
1,0,3.99,0.7475,0.890570386019,ＪＲ神田駅（東京駅隣）から徒歩１分。男女大浴場完備。インターネット接続無料（全室有線・無線ＬＡＮ),0.1,0.97975308642,3.36,0.59,4500.0,2958,1.0,4.51,0.8775,3.73,0.6825,セントラルホテル＜東京都＞,神田（東京）,3.13,0.5325,3.6,0.65,true3,http://img.travel.rakuten.co.jp/image/tr/api/hs/dQ4dX/?f_no=2958
1,0,3.34,0.585,0.844478586518,ＪＲ神田駅（東京駅隣）北口か西口から３分・バス・トイレ・アメニティー・ドライヤー・光回線・空冷蔵庫,0.253,0.904197530864,3.76,0.69,5700.0,5309,1.0,4.07,0.7675,3.78,0.695,グランドセントラルホテル＜東京都＞,神田（東京）,3.78,0.695,3.79,0.6975,true0,http://img.travel.rakuten.co.jp/image/tr/api/hs/dQ4dX/?f_no=5309
1,0,3.03,0.5075,0.902093335894,羽田空港、都内へのアクセス良好！ＪＲ蒲田駅東口より徒歩１分の好立地,0.171,0.944691358025,3.35,0.5875,4200.0,5385,1.0,4.37,0.8425,4.05,0.7625,グランパークホテル　パネックス東京,蒲田,3.4,0.6,3.43,0.6075,true3,http://img.travel.rakuten.co.jp/image/tr/api/hs/dQ4dX/?f_no=5385
1,0,4.03,0.7575,0.256769733052,東京駅丸の内北口正面。皇居、東京ディズニーランド、国際フォーラムに簡単アクセス　（丸ノ内ホテル）,0.239,0.911111111111,4.1,0.775,21001.0,5562,1.0,4.83,0.9575,3.75,0.6875,丸ノ内ホテル,東京,4.28,0.82,4.21,0.8025,true1,http://img.travel.rakuten.co.jp/image/tr/api/hs/dQ4dX/?f_no=5562
1,0,2.86,0.465,0.87136546956,池袋駅徒歩7分！羽根布団使用。全館WiFi接続OK高速ＬＡＮ回線完備。,0.583,0.741234567901,2.89,0.4725,5000.0,7055,1.0,3.55,0.6375,4.23,0.8075,ホテル　オーエド＜HOTEL　OHEDO＞,池袋,3.27,0.5675,3.16,0.54,true0,http://img.travel.rakuten.co.jp/image/tr/api/hs/dQ4dX/?f_no=7055
1,0,3.66,0.665,0.85596312656,東京ドームの前に位置し、JR水道橋駅西口から最も近いホテルです。全室無料無線LAN完備！,0.136,0.961975308642,3.75,0.6875,5401.0,7343,1.0,4.65,0.9125,3.53,0.6325,東京グリーンホテル後楽園,水道橋,3.86,0.715,3.83,0.7075,true1,http://img.travel.rakuten.co.jp/image/tr/api/hs/dQ4dX/?f_no=7343
1,0,3.16,0.54,0.885961206069,モットーは笑顔。1つ1つの接客を大切に本物のサービスを目指すホテル。,0.657,0.704691358025,3.95,0.7375,4620.0,8207,1.0,4.11,0.7775,3.65,0.6625,シティホテル　ロンスター,新宿,3.63,0.6575,3.79,0.6975,true0,http://img.travel.rakuten.co.jp/image/tr/api/hs/dQ4dX/?f_no=8207
1,0,3.13,0.5325,0.733090071058,東京駅徒歩３分、自然をモチーフにしたスタイリシュな癒しの空間。2004年7月リニューアル。,0.392,0.835555555556,3.53,0.6325,8600.0,8961,1.0,4.63,0.9075,3.14,0.535,八重洲ターミナルホテル,東京,3.41,0.6025,3.65,0.6625,true1,http://img.travel.rakuten.co.jp/image/tr/api/hs/dQ4dX/?f_no=8961
1,0,3.37,0.5925,0.890531976186,全館ｗｉｆｉシステム完備、２４時間見放題ＶＯＤ導入！東京スカイツリーまで至近！,1.515,0.280987654321,3.42,0.605,4501.0,9191,1.0,3.73,0.6825,3.33,0.5825,セルメスイン日本橋,東京,3.52,0.63,3.74,0.685,true0,http://img.travel.rakuten.co.jp/image/tr/api/hs/dQ4dX/?f_no=9191
1,0,4.28,0.82,0.45938160169,全室19階以上の高層階から広がる、素晴らしい眺望をお楽しみください。,0.314,0.874074074074,4.15,0.7875,15726.0,11275,0.0,4.51,0.8775,4.3,0.825,セルリアンタワー東急ホテル,渋谷,4.51,0.8775,4.29,0.8225,true1,http://img.travel.rakuten.co.jp/image/tr/api/hs/dQ4dX/?f_no=11275
1,0,3.25,0.5625,0.802189360476,リーズナブルな料金で清潔感のある客室をご提供。,0.271,0.895308641975,3.59,0.6475,6801.0,12534,1.0,3.94,0.735,3.76,0.69,ビジネスホテル　オーク・イン３　蒲田東口,蒲田,3.61,0.6525,3.66,0.665,true3,http://img.travel.rakuten.co.jp/image/tr/api/hs/dQ4dX/?f_no=12534
1,0,3.82,0.705,0.77722296908,JR渋谷駅新南口直結！！ビジネスでのご利用はもちろん、観光スポットへのアクセスも抜群です！,0.324,0.869135802469,4.0,0.75,7451.0,14112,1.0,4.27,0.8175,3.86,0.715,ホテルメッツ渋谷　東京,渋谷,4.08,0.77,4.02,0.755,true3,http://img.travel.rakuten.co.jp/image/tr/api/hs/dQ4dX/?f_no=14112
1,0,3.25,0.5625,0.827539850202,最新型VOD導入。全室インターネット回線接続可能。朝食フリーサービス。,0.065,0.997037037037,3.35,0.5875,6141.0,18166,1.0,4.53,0.8825,3.45,0.6125,Ｒ＆Ｂホテル大塚駅北口,大塚（東京）,3.65,0.6625,3.56,0.64,true1,http://img.travel.rakuten.co.jp/image/tr/api/hs/dQ4dX/?f_no=18166
1,0,4.27,0.8175,0.952026118686,女性に安心してお泊り頂けるホテルです。駅から徒歩3分、無線ＬＡＮ接続ご利用いただけます。,0.35,0.856296296296,3.99,0.7475,2900.0,18248,1.0,4.63,0.9075,4.67,0.9175,ビジネスホテル福千,南千住,4.09,0.7725,4.45,0.8625,true3,http://img.travel.rakuten.co.jp/image/tr/api/hs/dQ4dX/?f_no=18248
1,0,3.35,0.5875,0.869829076244,『渋谷駅』から徒歩7分と抜群の立地!!客室は落ち着いた内装となっております。,0.604,0.730864197531,3.77,0.6925,5040.0,18739,1.0,4.39,0.8475,3.75,0.6875,渋谷シティホテル,渋谷,4.02,0.755,3.98,0.745,true1,http://img.travel.rakuten.co.jp/image/tr/api/hs/dQ4dX/?f_no=18739
1,0,3.54,0.635,0.640868062224,　,0.374,0.844444444444,3.77,0.6925,11001.0,19718,1.0,4.62,0.905,4.5,0.875,山の上ホテル＜東京都＞,御茶ノ水,4.08,0.77,4.69,0.9225,true3,http://img.travel.rakuten.co.jp/image/tr/api/hs/dQ4dX/?f_no=19718
1,0,3.67,0.6675,0.850240061456,泊まり心地にこだわった隠れ家のようなホテルです！３種類の焼立てパンと飲み物の軽朝食が無料！,0.505,0.77975308642,3.81,0.7025,5550.0,27972,1.0,4.31,0.8275,3.67,0.6675,京王プレッソイン池袋,池袋,4.11,0.7775,4.01,0.7525,true3,http://img.travel.rakuten.co.jp/image/tr/api/hs/dQ4dX/?f_no=27972
1,0,5.0,1.0,0.658382946034,仲見世から近い、純和風のお宿です。,0.35,0.856296296296,4.6,0.9,10545.0,28024,0.0,5.0,1.0,4.67,0.9175,旅館　加茂川,浅草,4.4,0.85,5.0,1.0,true1,http://img.travel.rakuten.co.jp/image/tr/api/hs/dQ4dX/?f_no=28024
1,0,3.33,0.5825,0.919377760707,２０１２年５月１８日リニューアルオープン！浅草寺すぐ！ビジネス・観光拠点に！女性専用フロアあり,0.421,0.821234567901,3.48,0.62,3750.0,30094,1.0,3.52,0.63,3.5,0.625,浅草ホテル　和草(旧　ホテル栃木屋本店）,浅草,3.25,0.5625,3.7,0.675,true0,http://img.travel.rakuten.co.jp/image/tr/api/hs/dQ4dX/?f_no=30094
1,0,4.06,0.765,0.928980218936,ビジネス・観光に　駅チカ!!24時間OPEN!! 便利・安心・快適・**大浴場完備**,0.459,0.802469135802,3.96,0.74,3500.0,38608,1.0,4.15,0.7875,4.0,0.75,ホテル丸忠　ＣＥＮＴＲＯ（チェントロ）　（旧：ホテル丸忠）,南千住,3.68,0.67,3.91,0.7275,true3,http://img.travel.rakuten.co.jp/image/tr/api/hs/dQ4dX/?f_no=38608
1,0,4.47,0.8675,0.856577683887,◆無料送迎実施中！東京ドームシティまで徒歩３分★朝食はうれしいバイキング！◆布団・枕　羽毛,0.44,0.811851851852,4.01,0.7525,5385.0,38649,1.0,4.03,0.7575,4.29,0.8225,炭酸泉人工温泉　楽楽の湯　ドーミーイン水道橋,水道橋,4.12,0.78,4.17,0.7925,true1,http://img.travel.rakuten.co.jp/image/tr/api/hs/dQ4dX/?f_no=38649
1,0,3.0,0.5,0.909775302477,女性のビジネス出張も安心して宿泊。２人でも割安広めのベッドで低料金長期割引も有ります,0.734,0.666666666667,3.23,0.5575,4000.0,39144,1.0,3.62,0.655,3.67,0.6675,ニューホテルバンドン,浅草,3.52,0.63,3.57,0.6425,true3,http://img.travel.rakuten.co.jp/image/tr/api/hs/dQ4dX/?f_no=39144
1,0,4.24,0.81,0.820741309775,浅草駅から徒歩５分・東京スカイツリーまで徒歩9分！当館は家庭的なご奉仕をモットーとする和風旅館です。,0.981,0.544691358025,3.97,0.7425,6318.0,41615,0.0,4.51,0.8775,4.87,0.9675,つるや旅館＜東京都＞,浅草,4.39,0.8475,4.68,0.92,true3,http://img.travel.rakuten.co.jp/image/tr/api/hs/dQ4dX/?f_no=41615
1,0,3.58,0.645,0.735394661033,上野駅より徒歩３分の好立地！人気の秘密は、無料朝食と選べる枕♪,0.35,0.856296296296,3.85,0.7125,8540.0,50703,1.0,3.96,0.74,3.7,0.675,スーパーホテルＪＲ上野入谷口,上野,3.8,0.7,3.93,0.7325,true0,http://img.travel.rakuten.co.jp/image/tr/api/hs/dQ4dX/?f_no=50703
1,0,3.39,0.5975,0.829076243518,★☆★2012年8月客室リニューアルオープン★☆★ＪＲ大塚駅北口から徒歩３分！,0.181,0.93975308642,3.37,0.5925,6101.0,50921,1.0,3.81,0.7025,4.33,0.8325,大塚タウンホテル,大塚（東京）,3.72,0.68,3.56,0.64,true3,http://img.travel.rakuten.co.jp/image/tr/api/hs/dQ4dX/?f_no=50921
1,0,3.69,0.6725,0.748454004225,若きクリエーター達によるこだわりのインテリア・寛ぎの空間でお出迎えするアートでポップなデザインホテル,0.204,0.928395061728,4.0,0.75,8200.0,52992,1.0,4.29,0.8225,3.69,0.6725,渋谷グランベルホテル,渋谷,3.82,0.705,3.84,0.71,true1,http://img.travel.rakuten.co.jp/image/tr/api/hs/dQ4dX/?f_no=52992
1,0,4.04,0.76,0.830036489341,全室に洗濯乾燥機・電子レンジを完備！連泊に便利なホテルです。,0.302,0.88,4.26,0.815,6076.0,67160,1.0,4.45,0.8625,3.72,0.68,東急ステイ水道橋,水道橋,4.4,0.85,4.1,0.775,true3,http://img.travel.rakuten.co.jp/image/tr/api/hs/dQ4dX/?f_no=67160
1,0,3.71,0.6775,0.938544267332,１泊から長期滞在まで多目的で利用できるリーズナブルなホテル。全室、液晶テレビ冷蔵庫有線LAN設置。,0.762,0.652839506173,3.55,0.6375,3251.0,67423,1.0,3.73,0.6825,3.36,0.59,ホテル　アクセラ,南千住,3.75,0.6875,3.82,0.705,true1,http://img.travel.rakuten.co.jp/image/tr/api/hs/dQ4dX/?f_no=67423
1,0,4.0,0.75,0.786863837142,JR・東京モノレール浜松町駅徒歩約6分★羽田空港からアクセス軽快！★東京タワーまで徒歩圏内,0.464,0.8,4.06,0.765,7200.0,67905,0.0,4.38,0.845,3.67,0.6675,ホテルコンソレイユ　芝・東京（リッチモンドホテルズ提携ホテル）,浜松町,4.2,0.8,4.19,0.7975,true0,http://img.travel.rakuten.co.jp/image/tr/api/hs/dQ4dX/?f_no=67905
1,0,3.48,0.62,0.889994238525,クチコミ件数が物語るコストパフォーマンス！蒲田駅西口徒歩約３分！羽田空港へのアクセスも便利,0.295,0.883456790123,3.74,0.685,4515.0,68688,1.0,4.23,0.8075,4.16,0.79,スーパーホテル東京・ＪＲ蒲田西口,蒲田,4.21,0.8025,4.12,0.78,true1,http://img.travel.rakuten.co.jp/image/tr/api/hs/dQ4dX/?f_no=68688
1,0,4.15,0.7875,0.751603610524,世界８０カ国４，２００軒以上の世界最大級ホテルチェーンベストウェスタン！,0.558,0.753580246914,3.96,0.74,8118.0,69292,1.0,3.96,0.74,4.0,0.75,ベストウェスタン新宿　アスティナホテル東京,新宿,4.26,0.815,4.04,0.76,true3,http://img.travel.rakuten.co.jp/image/tr/api/hs/dQ4dX/?f_no=69292
1,0,3.38,0.595,0.900134434415,◆ビジネスやレジャーに便利な新橋駅より徒歩約５分の好立地◆,0.466,0.799012345679,3.76,0.69,4251.0,70852,1.0,3.79,0.6975,3.37,0.5925,スーパーホテル新橋・烏森口,新橋,3.82,0.705,3.79,0.6975,true1,http://img.travel.rakuten.co.jp/image/tr/api/hs/dQ4dX/?f_no=70852
1,0,4.63,0.9075,0.822969080085,平成２１年６月新装オープン。大浴場、サウナあり。洋室の他、和室、露天風呂付など客室１０タイプ。,0.485,0.78962962963,4.32,0.83,6260.0,74604,1.0,4.22,0.805,4.18,0.795,お茶の水ホテル昇龍館,御茶ノ水,4.31,0.8275,4.65,0.9125,true3,http://img.travel.rakuten.co.jp/image/tr/api/hs/dQ4dX/?f_no=74604
1,0,4.22,0.805,0.660072978683,２０１２年６月で３周年を迎えたホテル龍名館東京が、新しい和のおもてなしをお届けします。,0.455,0.804444444444,4.67,0.9175,10501.0,76496,1.0,4.73,0.9325,4.56,0.89,ホテル龍名館東京,東京,4.59,0.8975,4.34,0.835,true1,http://img.travel.rakuten.co.jp/image/tr/api/hs/dQ4dX/?f_no=76496
1,0,4.31,0.8275,0.525676973305,贅沢さより上質さにこだわった美しい和のホテルです。,0.314,0.874074074074,4.24,0.81,14000.0,78211,0.0,4.18,0.795,4.21,0.8025,庭のホテル　東京,水道橋,4.44,0.86,4.32,0.83,true0,http://img.travel.rakuten.co.jp/image/tr/api/hs/dQ4dX/?f_no=78211
1,0,3.86,0.715,0.909775302477,近所にコンビニ、銀座や汐留・お台場・丸の内どこへ行くにも絶好の立地。観光やビジネスに最適,0.45,0.806913580247,3.93,0.7325,4000.0,79388,1.0,3.9,0.725,4.17,0.7925,日比谷シティホテル,新橋,4.0,0.75,4.08,0.77,true0,http://img.travel.rakuten.co.jp/image/tr/api/hs/dQ4dX/?f_no=79388
1,0,4.38,0.845,0.854042634915,アクセス充実。新宿・渋谷・池袋といったメジャースポットへもアクセス便利な、歌舞伎町の先にたたずむ隠れ家的ホテル。,0.835,0.616790123457,3.67,0.6675,5451.0,80759,1.0,3.42,0.605,3.23,0.5575,ヴィラフォンテーヌ新宿,新宿,4.13,0.7825,3.67,0.6675,true1,http://img.travel.rakuten.co.jp/image/tr/api/hs/dQ4dX/?f_no=80759
1,0,4.0,0.75,0.844478586518,２０１０年４月開業！全室洗濯乾燥機付きのホテル。夜洗って朝着られる快適なステイをお楽しみ下さい,0.412,0.825679012346,4.17,0.7925,5700.0,84558,1.0,4.11,0.7775,3.51,0.6275,東急ステイ池袋,池袋,4.35,0.8375,4.11,0.7775,true3,http://img.travel.rakuten.co.jp/image/tr/api/hs/dQ4dX/?f_no=84558
1,0,2.63,0.4075,0.850240061456,ＪＲ水道橋駅東口前で交通便利。和室もあり家族連れやご年配の方にも好評。東京ドーム後楽園ゆうえんちの真前です。,0.227,0.917037037037,2.6,0.4,5550.0,104560,1.0,4.4,0.85,3.06,0.515,ホテルサトー・東京,水道橋,2.92,0.48,2.94,0.485,true3,http://img.travel.rakuten.co.jp/image/tr/api/hs/dQ4dX/?f_no=104560
1,0,3.63,0.6575,0.930670251584,真新しく、清潔で気持ちのよいホテルです。免震構造の安全設計。ビジネスや観光に便利で経済的。,0.693,0.686913580247,3.63,0.6575,3456.0,129987,1.0,3.25,0.5625,3.0,0.5,パレスジャパン,南千住,3.75,0.6875,3.63,0.6575,true1,http://img.travel.rakuten.co.jp/image/tr/api/hs/dQ4dX/?f_no=129987
1,0,3.78,0.695,0.859804109852,暮らすように泊まる。あなたらしいホテルステイ。キッチン・生活家電付のスタイリッシュなホテル,0.175,0.942716049383,4.32,0.83,5301.0,130043,1.0,4.46,0.865,4.22,0.805,レジデンシャルホテル　ビーコンテ浅草,浅草,4.6,0.9,4.06,0.765,true0,http://img.travel.rakuten.co.jp/image/tr/api/hs/dQ4dX/?f_no=130043
1,0,4.5,0.875,0.918225465719,『Our room your home』ご自宅のようにくつろげる、都会の中の隠れ家風旅館,0.326,0.868148148148,4.15,0.7875,3780.0,130166,1.0,4.44,0.86,4.5,0.875,御宿ちよだ,南千住,4.73,0.9325,4.73,0.9325,true0,http://img.travel.rakuten.co.jp/image/tr/api/hs/dQ4dX/?f_no=130166
1,0,3.72,0.68,0.879969272134,２０１１年１１月開業。都内名所、羽田空港に抜群のアクセス。最新設備とＣＯＯＬなデザイナーズルーム。,0.524,0.77037037037,3.73,0.6825,4776.0,134923,1.0,3.94,0.735,3.69,0.6725,相鉄フレッサイン　浜松町大門,浜松町,3.9,0.725,3.81,0.7025,true0,http://img.travel.rakuten.co.jp/image/tr/api/hs/dQ4dX/?f_no=134923
1,0,4.04,0.76,0.74956788938,江戸風情や粋を取り入れつつ未来の浅草を表現した客室。皆様のお越しをお待ちいたしております。,0.176,0.942222222222,4.21,0.8025,8171.0,136139,0.0,4.38,0.845,4.29,0.8225,リッチモンドホテル浅草,浅草,4.35,0.8375,4.14,0.785,true1,http://img.travel.rakuten.co.jp/image/tr/api/hs/dQ4dX/?f_no=136139
1,0,4.4,0.85,0.660418667179,2012年8月10日グランドオープン！新しい魅力がつまったGATE HOTEL STORY、開門。,0.434,0.814814814815,4.36,0.84,10492.0,137085,1.0,4.76,0.94,4.39,0.8475,ＴＨＥ　ＧＡＴＥ　ＨＯＴＥＬ（ザ・ゲートホテル）　雷門　ｂｙ　ＨＵＬＩＣ,浅草,4.5,0.875,4.51,0.8775,true0,http://img.travel.rakuten.co.jp/image/tr/api/hs/dQ4dX/?f_no=137085
1,0,4.45,0.8625,0.0,JR東京駅丸の内南口直結。駅舎と共に甦った名門ホテル。,0.105,0.977283950617,4.5,0.875,27686.0,137869,1.0,4.89,0.9725,4.26,0.815,東京ステーションホテル,東京,4.62,0.905,4.48,0.87,true0,http://img.travel.rakuten.co.jp/image/tr/api/hs/dQ4dX/?f_no=137869
1,0,3.72,0.68,0.88768964855,蒲田エリア最大室数！　羽田利用ならこのホテル！,0.202,0.929382716049,4.06,0.765,4575.0,142951,1.0,4.14,0.785,3.59,0.6475,相鉄フレッサイン　東京蒲田,蒲田,4.22,0.805,3.95,0.7375,true0,http://img.travel.rakuten.co.jp/image/tr/api/hs/dQ4dX/?f_no=142951
1,0,4.11,0.7775,0.82527367006,全客室Wｉｆｉ可能！　川面を一望の展望露天風呂！　お仕事に観光に、どちらにも最適のホテルです,0.623,0.721481481481,3.83,0.7075,6200.0,819,1.0,4.32,0.83,3.9,0.725,超軟水展望大浴場　あさひ湯　ドーミーインＥＸＰＲＥＳＳ浅草（旧：ドーミーイン浅草）,浅草,3.81,0.7025,3.89,0.7225,true0,http://img.travel.rakuten.co.jp/image/tr/api/hs/dQ4dX/?f_no=819
1,0,3.52,0.63,0.885730747071,JR・地下鉄御茶ノ水駅から徒歩3分の好立地でアクセス抜群。2010年にデザイナーズルームに変身。,0.25,0.905679012346,4.01,0.7525,4626.0,1993,1.0,4.62,0.905,3.65,0.6625,お茶の水イン,御茶ノ水,3.95,0.7375,4.34,0.835,true3,http://img.travel.rakuten.co.jp/image/tr/api/hs/dQ4dX/?f_no=1993
