left,boolean,ranking,id,score,serviceScore,kinnennScore,chargeScore,mealScore,equipmentScore,roomScore,bathScore,locationScore,distanceScore
left,0,0,70707,0.00300685432507,0.67,1,0.853082389092,0.7225,0.6675,0.7525,0.6425,0.8825,0.849382716049
left,0,1,145444,0.00281944055541,0.6925,1,0.801728442481,0.725,0.755,0.8525,0.7975,0.795,0.861728395062
left,0,2,40799,0.00195518030815,0.735,1,0.853696946418,0.75,0.68,0.6225,0.5725,0.955,0.963950617284
left,0,3,147111,0.000882315469885,0.6225,1,0.901094680238,0.595,0.775,0.735,0.605,0.8375,0.852345679012
left,0,4,18270,0.000507634939327,0.7425,1,0.779181870559,0.645,0.6775,0.765,0.6275,0.7925,0.95012345679
left,0,5,108411,0.000284877064111,0.67,1,0.874323026695,0.515,0.6175,0.6575,0.7075,0.875,0.93037037037
left,0,6,4801,0.000278336536803,0.735,1,0.821432686768,0.7075,0.625,0.64,0.6725,0.765,0.81037037037
left,0,7,29183,0.000244545938592,0.69,1,0.859804109852,0.5825,0.635,0.6475,0.5825,0.8225,0.84
left,0,8,54885,6.64105234021e-05,0.68,1,0.945265988093,0.625,0.585,0.55,0.5625,0.85,0.952592592593
left,0,9,107898,5.15419967901e-05,0.6975,1,0.94430574227,0.605,0.7025,0.795,0.6075,0.6175,0.761481481481
left,0,10,16373,3.3616161297e-05,0.6925,1,0.880929517957,0.6675,0.6925,0.65,0.5975,0.7,0.664197530864
left,0,11,7903,8.160623364e-06,0.68,1,0.885730747071,0.75,0.6425,0.645,0.5375,0.64,0.671604938272
left,0,12,1511,1.59246771104e-06,0.6125,1,0.863645093144,0.6075,0.52,0.54,0.5925,0.87,0.724444444444
left,3,13,7343,1.2538970319e-06,0.7075,0,0.85596312656,0.6325,0.6875,0.715,0.665,0.9125,0.961975308642
left,3,14,134923,3.01612695017e-07,0.7025,0,0.879969272134,0.6725,0.6825,0.725,0.68,0.735,0.77037037037
left,0,15,5627,2.70907904033e-07,0.59,1,0.868177453428,0.6675,0.5225,0.66,0.5675,0.59,0.768888888889
left,3,16,52992,2.59249943032e-07,0.71,0,0.748454004225,0.6725,0.75,0.705,0.6725,0.8225,0.928395061728
left,3,17,70852,9.42278544675e-08,0.6975,0,0.900134434415,0.5925,0.69,0.705,0.595,0.6975,0.799012345679
left,3,18,4819,5.56233173794e-08,0.6725,0,0.875168043019,0.6025,0.6725,0.715,0.56,0.7225,0.884444444444
left,3,19,18166,3.81675022471e-08,0.64,0,0.827539850202,0.6125,0.5875,0.6625,0.5625,0.8825,0.997037037037
left,3,20,138039,2.74698596378e-08,0.6375,0,0.856001536393,0.655,0.6975,0.63,0.6075,0.7325,0.716049382716
left,3,21,104824,1.41266581507e-08,0.6175,0,0.882081812944,0.5,0.6325,0.6,0.5675,0.875,0.822222222222
left,0,22,11140,5.56191815036e-09,0.6975,1,0.86556558479,0.5275,0.5775,0.6325,0.55,0.7825,0.245432098765
left,3,23,30094,6.74096183511e-10,0.675,0,0.919377760707,0.625,0.62,0.5625,0.5825,0.63,0.821234567901
left,3,24,9191,4.82654835021e-10,0.685,0,0.890531976186,0.5825,0.605,0.63,0.5925,0.6825,0.280987654321
left,3,25,858,5.84480663929e-11,0.61,0,0.771461494143,0.5675,0.635,0.65,0.5525,0.6475,0.631604938272
left,3,26,1119,2.9177235547e-13,0.6,0,0.857422700211,0.5,0.545,0.58,0.5075,0.7325,0.887407407407
left,3,27,108652,7.96715079291e-30,0.565,0,0.945265988093,0.5625,0.5075,0.6425,0.44,0.525,0.556049382716
left,2,28,141356,0.0149023827607,0.84,1,0.811791818706,0.7025,0.795,0.825,0.8425,0.9475,0.850864197531
left,2,29,136288,0.00989818421402,0.7925,1,0.852506241598,0.7425,0.7375,0.8125,0.6225,0.8275,0.936790123457
left,2,30,839,0.0082796846939,0.815,1,0.782024198195,0.735,0.7875,0.845,0.7275,0.925,1.0
left,2,31,80513,0.00317478287724,0.7825,1,0.84831956981,0.76,0.7075,0.76,0.5975,0.825,0.820740740741
left,2,32,109067,0.00260292123263,0.7525,1,0.787785673132,0.75,0.7625,0.795,0.71,0.8,0.847901234568
left,2,33,67905,0.00232302361285,0.7975,1,0.786863837142,0.6675,0.765,0.8,0.75,0.845,0.8
left,2,34,135551,0.0021244766025,0.7725,1,0.823314768581,0.7825,0.7575,0.825,0.6425,0.775,0.762962962963
left,2,35,388,0.000247004057367,0.7675,1,0.7138851546,0.7825,0.7575,0.7675,0.675,0.915,0.851358024691
left,1,36,41615,0.000180955079431,0.92,1,0.820741309775,0.9675,0.7425,0.8475,0.81,0.8775,0.544691358025
left,1,37,130043,7.84481828842e-06,0.765,0,0.859804109852,0.805,0.83,0.9,0.695,0.865,0.942716049383
left,1,38,67160,3.55631983686e-06,0.775,0,0.830036489341,0.68,0.815,0.85,0.76,0.8625,0.88
left,1,39,1993,3.12624555682e-06,0.835,0,0.885730747071,0.6625,0.7525,0.7375,0.63,0.905,0.905679012346
left,1,40,38649,2.40526778261e-06,0.7925,0,0.856577683887,0.8225,0.7525,0.78,0.8675,0.7575,0.811851851852
left,1,41,79388,1.56032768699e-06,0.77,0,0.909775302477,0.7925,0.7325,0.75,0.715,0.725,0.806913580247
left,2,42,1997,1.03811430858e-06,0.69,1,0.890570386019,0.7775,0.6625,0.685,0.59,0.67,0.493827160494
left,1,43,14112,8.44410311363e-07,0.755,0,0.77722296908,0.715,0.75,0.77,0.705,0.8175,0.869135802469
left,1,44,28512,7.7765028704e-07,0.765,0,0.814518916843,0.8275,0.6775,0.725,0.635,0.7525,0.990617283951
left,1,45,69292,2.16568732167e-07,0.76,0,0.751603610524,0.75,0.74,0.815,0.7875,0.74,0.753580246914
left,1,46,74688,1.59784100114e-07,0.775,1,0.856001536393,0.75,0.7,0.75,0.625,0.5,0.58024691358
left,1,47,50703,7.11621973757e-08,0.7325,0,0.735394661033,0.675,0.7125,0.7,0.645,0.74,0.856296296296
left,1,48,1386,3.90526511035e-08,0.6975,0,0.694680238141,0.5825,0.7025,0.7425,0.6525,0.86,0.866666666667
left,1,49,1630,2.23855239621e-09,0.6525,0,0.88861148454,0.8525,0.6325,0.6825,0.6075,0.64,0.633580246914
left,1,50,509,2.37909657964e-11,0.695,0,0.679277895141,0.8225,0.6375,0.695,0.5125,0.92,0.912592592593
left,1,51,39581,1.25157712511e-11,0.735,1,0.894372959478,-0.25,0.6175,0.6675,0.47,0.9575,0.802962962963
left,1,52,1799,2.8207236461e-12,0.81,0,0.434415210294,0.825,0.84,0.885,0.85,0.8,0.761481481481
left,1,53,19745,1.09198899183e-12,0.8925,1,0.671403879393,-0.25,0.8575,0.8575,0.625,0.8575,0.616790123457
left,2,54,20639,1.15259439227e-13,0.5275,1,0.864298060303,0.5825,0.4425,0.415,0.3375,0.81,0.972345679012
left,1,55,18319,2.87103687297e-14,0.4825,0,0.934818513539,0.4775,0.485,0.53,0.615,0.7525,0.853827160494
left,1,56,659,1.13178653791e-18,0.6125,0,0.531745726906,0.62,0.5925,0.645,0.4775,0.65,0.622222222222
left,1,57,5562,2.8992610489e-25,0.8025,0,0.256769733052,0.6875,0.775,0.82,0.7575,0.9575,0.911111111111
left,1,58,104560,3.56783678278e-34,0.485,0,0.850240061456,0.515,0.4,0.48,0.4075,0.85,0.917037037037
left,1,59,2605,1.17492889162e-39,0.34,1,0.876742846169,-0.25,0.3025,0.34,0.355,0.59,0.803456790123
left,1,60,146557,8.97383878755e-68,0.6825,0,0.897484155944,-0.25,0.72,0.73,0.57,0.74,0.90024691358
