left,boolean,ranking,id,score,roomScore,equipmentScore,bathScore,serviceScore,locationScore,mealScore,chargeScore,distanceScore,kinnennScore
left,0,0,141356,0.0121534802795,0.825,0.795,0.8425,0.84,0.9475,0.7025,0.811791818706,0.850864197531,1
left,0,1,570,0.0109003127927,0.8625,0.755,0.735,0.7825,0.8775,0.8575,0.765700019205,0.946172839506,1
left,3,2,18246,0.00843696026553,0.78,0.785,0.77,0.7525,0.8725,0.775,0.9107355483,0.962469135802,1
left,0,3,135973,0.00364325776675,0.7925,0.8,0.745,0.7825,0.8975,0.6675,0.8492414058,0.901728395062,1
left,0,4,54491,0.00185301680591,0.7975,0.77,0.945,0.7775,0.9025,0.705,0.868945650086,0.952098765432,0
left,0,5,8290,0.00106734893073,0.8325,0.7825,0.75,0.77,0.83,0.8925,0.783022853851,0.88987654321,0
left,0,6,109067,0.000868347484354,0.795,0.7625,0.71,0.7525,0.8,0.75,0.787785673132,0.847901234568,1
left,0,7,67160,0.000788219717557,0.85,0.815,0.76,0.775,0.8625,0.68,0.830036489341,0.88,0
left,3,8,140984,0.000726553725399,0.7625,0.755,0.6925,0.7425,0.8925,0.645,0.885730747071,0.916049382716,1
left,0,9,4805,0.000706429507165,0.84,0.74,0.6975,0.7725,0.9125,0.7675,0.775302477434,0.94024691358,0
left,3,10,1680,0.000388963057114,0.7275,0.695,0.6975,0.7925,0.87,0.785,0.897484155944,0.875061728395,1
left,0,11,1356,0.000352333995002,0.8125,0.775,0.73,0.7575,0.925,0.79,0.704513155368,0.831604938272,0
left,0,12,146993,0.000286362873575,1.0,1.0,0.95,1.0,0.8,0.8125,0.375840215095,0.852839506173,1
left,0,13,41615,0.000166691804351,0.8475,0.7425,0.81,0.92,0.8775,0.9675,0.820741309775,0.544691358025,1
left,0,14,80513,5.88595349752e-05,0.76,0.7075,0.5975,0.7825,0.825,0.76,0.84831956981,0.820740740741,1
left,0,15,1799,3.77770709547e-05,0.885,0.84,0.85,0.81,0.8,0.825,0.434415210294,0.761481481481,0
left,0,16,19718,3.17140672306e-05,0.77,0.6925,0.635,0.9225,0.905,0.875,0.640868062224,0.844444444444,0
left,0,17,18270,3.02889032793e-05,0.765,0.6775,0.6275,0.7425,0.7925,0.645,0.779181870559,0.95012345679,1
left,0,18,74696,2.58409371109e-05,0.7175,0.7125,0.695,0.6975,0.7825,0.6675,0.863645093144,0.892839506173,1
left,0,19,69292,2.1567324823e-05,0.815,0.74,0.7875,0.76,0.74,0.75,0.751603610524,0.753580246914,0
left,3,20,79388,1.74708782196e-05,0.75,0.7325,0.715,0.77,0.725,0.7925,0.909775302477,0.806913580247,0
left,0,21,28512,7.09418542946e-06,0.725,0.6775,0.635,0.765,0.7525,0.8275,0.814518916843,0.990617283951,0
left,0,22,104688,6.59968661545e-06,0.73,0.7275,0.7225,0.6625,0.8125,0.75,0.657384290378,0.743209876543,1
left,0,23,136846,1.33187597598e-06,0.7925,0.8075,0.875,0.805,0.6525,0.7625,0.722681006338,0.607407407407,0
left,3,24,630,4.0301906366e-09,0.74,0.6375,0.5575,0.68,0.6875,0.7725,0.940503168811,0.762962962963,0
left,3,25,134922,1.20828618014e-09,0.725,0.6925,0.635,0.6775,0.79,0.4375,0.857922028039,0.679012345679,0
left,3,26,51734,7.22618703871e-10,0.7225,0.6,0.56,0.6825,0.7275,0.56,0.927021317457,0.85037037037,0
left,2,27,11230,3.59440641738e-06,0.695,0.6725,0.6125,0.74,0.8975,0.6825,0.775686575763,0.83012345679,1
left,1,28,1128,2.01925378795e-06,0.6775,0.6925,0.6025,0.7425,0.7725,0.87,0.858882273862,0.793580246914,1
left,1,29,39495,4.25387195298e-07,0.69,0.7225,0.5525,0.765,0.75,0.66,0.852160553102,0.873580246914,1
left,1,30,2877,3.69735839447e-07,0.6725,0.75,0.635,0.635,0.8075,0.6875,0.748454004225,0.845432098765,1
left,1,31,767,3.16485445594e-07,0.7,0.6625,0.5975,0.695,0.8725,0.7325,0.759938544267,0.900740740741,0
left,1,32,17743,1.05891297492e-08,0.6825,0.6725,0.6625,0.665,0.785,0.5,0.836796619935,0.875555555556,0
left,1,33,67423,6.75893217011e-09,0.6875,0.6375,0.6775,0.705,0.6825,0.59,0.938544267332,0.652839506173,0
left,1,34,4819,4.41015402091e-09,0.715,0.6725,0.56,0.6725,0.7225,0.6025,0.875168043019,0.884444444444,0
left,1,35,1997,3.8184324306e-09,0.685,0.6625,0.59,0.69,0.67,0.7775,0.890570386019,0.493827160494,1
left,1,36,44938,1.0042718144e-09,0.6425,0.6075,0.465,0.75,0.9275,0.8125,0.717687728058,0.834567901235,1
left,1,37,32060,3.21257909035e-10,0.55,0.65,0.5625,0.65,1.0,0.75,0.821432686768,0.947654320988,1
left,1,38,70659,1.49303828433e-10,0.685,0.6025,0.55,0.695,0.565,0.5275,0.904974073363,0.783209876543,1
left,1,39,29338,5.25153566962e-11,0.69,0.6525,0.62,0.7,0.615,-0.25,0.951987708853,0.602962962963,1
left,1,40,28894,1.3756935623e-11,0.67,0.62,0.46,0.6475,0.705,0.5,0.909775302477,0.785185185185,1
left,1,41,223,1.26811244571e-11,0.605,0.6375,0.5575,0.6775,0.605,0.5825,0.87136546956,0.81037037037,0
left,1,42,147026,1.16788769996e-11,0.655,0.615,0.52,0.625,0.645,0.5,0.862684847321,0.815802469136,1
left,1,43,7599,1.07370689244e-11,0.5675,0.5625,0.5325,0.6,0.95,0.75,0.8646437488,0.945679012346,1
left,1,44,108388,8.58110218609e-12,0.64,0.5475,0.6,0.5875,0.69,0.58,0.840637603226,0.819259259259,1
left,1,45,143324,8.35418592738e-12,0.5725,0.66,0.59,0.625,0.6775,0.575,0.863683502977,0.697283950617,1
left,1,46,129907,6.65181726524e-12,0.63,0.65,0.54,0.65,0.65,0.6075,0.905895909353,0.725432098765,0
left,1,47,1872,5.77864094625e-12,0.6475,0.6075,0.52,0.66,0.9475,0.6075,0.683272517765,0.786666666667,0
left,1,48,104598,2.27615515697e-13,0.645,0.5825,0.515,0.685,0.67,0.5,0.826963702708,0.854320987654,0
left,1,49,108143,1.59849169062e-13,0.695,0.485,0.73,0.625,0.7225,0.5625,0.876742846169,0.882469135802,0
left,1,50,1511,6.89613038764e-14,0.54,0.52,0.5925,0.6125,0.87,0.6075,0.863645093144,0.724444444444,1
left,1,51,15812,6.18926223067e-15,0.5675,0.575,0.5,0.62,0.7125,0.5475,0.765738429038,0.822222222222,1
left,1,52,109008,1.67421117585e-16,0.5325,0.5275,0.5,0.63,0.695,0.595,0.813750720184,0.681975308642,1
left,1,53,922,6.78099671203e-17,0.575,0.595,0.455,0.605,0.6825,0.4525,0.917418859228,0.583703703704,1
left,1,54,18319,1.33163067285e-19,0.53,0.485,0.615,0.4825,0.7525,0.4775,0.934818513539,0.853827160494,0
left,1,55,5303,1.19173885615e-19,0.5,0.4725,0.695,0.75,0.86,0.25,0.865603994623,0.787160493827,1
left,1,56,9191,3.90688431738e-20,0.63,0.605,0.5925,0.685,0.6825,0.5825,0.890531976186,0.280987654321,0
left,1,57,72086,7.44546413093e-23,0.545,0.565,0.4175,0.585,0.8475,0.4075,0.87136546956,0.515061728395,0
left,1,58,5729,3.69356665257e-26,0.545,0.5225,0.41,0.5,0.6375,0.5,0.696216631458,0.826172839506,0
left,1,59,25302,6.88809589679e-28,0.5625,0.4875,0.39,0.5125,0.725,0.5,0.719108891876,0.925925925926,0
left,1,60,41042,3.74225272393e-39,0.445,0.3475,0.515,0.5425,0.8325,-0.25,0.909775302477,0.820740740741,1
