left,boolean,ranking,id,score,chargeScore,kinnennScore,distanceScore,serviceScore,mealScore,equipmentScore,bathScore,roomScore,locationScore
left,true_positive,0,839,0.033226144063,0.782024198195,1,1.0,0.815,0.735,0.7875,0.7275,0.845,0.925
left,false_positive,1,79262,0.00850919829557,0.786863837142,1,0.897283950617,0.7575,0.66,0.7275,0.8275,0.815,0.84
left,true_positive,2,145305,0.000559657171481,0.909775302477,1,0.797037037037,0.6875,0.605,0.745,0.6575,0.7675,0.725
left,true_positive,3,5024,0.000436017923517,0.928980218936,1,0.903209876543,0.7,0.67,0.6525,0.495,0.7625,0.7425
left,false_positive,4,136139,0.000378231971662,0.74956788938,1,0.942222222222,0.785,0.8225,0.8025,0.76,0.8375,0.845
left,false_positive,5,147111,0.000235939578689,0.901094680238,1,0.852345679012,0.6225,0.595,0.775,0.605,0.735,0.8375
left,false_positive,6,129429,8.91788108484e-06,0.793777607067,1,0.817283950617,0.68,0.76,0.5775,0.54,0.5875,0.7925
left,true_positive,7,15812,4.16816543064e-08,0.765738429038,1,0.822222222222,0.62,0.5475,0.575,0.5,0.5675,0.7125
left,false_positive,8,67299,9.76430247322e-10,0.932821202228,1,0.709135802469,0.6775,0.5,0.6775,0.6625,0.6825,0.545
left,false_positive,9,2465,4.04729892278e-29,0.937007874016,1,0.815308641975,0.7225,-0.25,0.7775,0.555,0.6675,0.7225
left,false_positive,10,41851,9.17737555484e-33,0.919339350874,1,0.88987654321,0.6425,-0.25,0.6,0.3275,0.635,0.65
left,false_positive,11,41042,2.29190031547e-37,0.909775302477,1,0.820740740741,0.5425,-0.25,0.3475,0.515,0.445,0.8325
left,false_positive,12,18763,1.49250918217e-42,0.928596120607,1,0.955555555556,0.5825,-0.25,0.2925,0.5,0.2925,0.9575
left,false_positive,13,630,0.0,0.940503168811,0,0.762962962963,0.68,0.7725,0.6375,0.5575,0.74,0.6875
left,false_positive,14,129907,0.0,0.905895909353,0,0.725432098765,0.65,0.6075,0.65,0.54,0.63,0.65
left,false_positive,15,858,0.0,0.771461494143,0,0.631604938272,0.61,0.5675,0.635,0.5525,0.65,0.6475
left,false_positive,16,767,0.0,0.759938544267,0,0.900740740741,0.695,0.7325,0.6625,0.5975,0.7,0.8725
left,false_positive,17,8290,0.0,0.783022853851,0,0.88987654321,0.77,0.8925,0.7825,0.75,0.8325,0.83
left,true_negative,18,141356,0.033893910961,0.811791818706,1,0.850864197531,0.84,0.7025,0.795,0.8425,0.825,0.9475
left,true_negative,19,18476,0.0123959537984,0.859804109852,1,0.873086419753,0.785,0.75,0.7075,0.6875,0.73,0.8925
left,true_negative,20,145444,0.00519174440279,0.801728442481,1,0.861728395062,0.6925,0.725,0.755,0.7975,0.8525,0.795
left,true_negative,21,74696,0.00188448854431,0.863645093144,1,0.892839506173,0.6975,0.6675,0.7125,0.695,0.7175,0.7825
left,true_negative,22,40799,0.00101274592775,0.853696946418,1,0.963950617284,0.735,0.75,0.68,0.5725,0.6225,0.955
left,true_negative,23,39495,0.000740538323862,0.852160553102,1,0.873580246914,0.765,0.66,0.7225,0.5525,0.69,0.75
left,true_negative,24,129459,0.00016792136247,0.896331860956,1,0.838024691358,0.6875,0.605,0.6725,0.6375,0.6925,0.705
left,true_negative,25,32060,4.03494065945e-05,0.821432686768,1,0.947654320988,0.65,0.75,0.65,0.5625,0.55,1.0
left,true_negative,26,1725,1.25647068826e-05,0.842519685039,1,0.760987654321,0.685,0.615,0.6,0.625,0.6475,0.7425
left,true_negative,27,107778,1.21777546157e-05,0.833877472633,1,0.589135802469,0.7375,0.78,0.68,0.6,0.7175,0.685
left,true_negative,28,7599,2.5384822088e-06,0.8646437488,1,0.945679012346,0.6,0.75,0.5625,0.5325,0.5675,0.95
left,true_negative,29,28024,1.75787052428e-06,0.658382946034,1,0.856296296296,1.0,0.9175,0.9,1.0,0.85,1.0
left,true_negative,30,108351,9.30618043654e-07,0.839408488573,1,0.598518518519,0.615,0.665,0.65,0.64,0.685,0.6825
left,true_negative,31,109008,2.3277221794e-08,0.813750720184,1,0.681975308642,0.63,0.595,0.5275,0.5,0.5325,0.695
left,true_negative,32,5627,1.86900517287e-09,0.868177453428,1,0.768888888889,0.59,0.6675,0.5225,0.5675,0.66,0.59
left,true_negative,33,140859,8.02041942358e-10,0.957749183791,1,0.694814814815,0.6,0.4375,0.5975,0.59,0.65,0.59
left,true_negative,34,930,2.85713486536e-11,0.560245822931,1,0.75012345679,0.78,0.7125,0.75,0.685,0.7925,0.885
left,true_negative,35,15877,7.84235487542e-15,0.978913001728,1,0.741728395062,0.545,0.375,0.47,0.4325,0.44,0.765
left,true_negative,36,19745,4.86307679598e-31,0.671403879393,1,0.616790123457,0.8925,-0.25,0.8575,0.625,0.8575,0.8575
left,true_negative,37,29338,3.56111358107e-31,0.951987708853,1,0.602962962963,0.7,-0.25,0.6525,0.62,0.69,0.615
left,true_negative,38,398,0.0,0.882888419435,0,0.72049382716,0.66,0.8475,0.635,0.545,0.6325,0.61
left,true_negative,39,147101,0.0,0.861724601498,0,0.900740740741,0.6825,0.625,0.7225,0.86,0.865,0.8525
left,true_negative,40,1942,0.0,0.84674476666,0,0.755061728395,0.6075,0.715,0.5925,0.585,0.6725,0.785
left,true_negative,41,145335,0.0,0.693796811984,0,0.797530864198,0.5,0.5225,0.5425,0.5875,0.55,0.8
left,true_negative,42,134923,0.0,0.879969272134,0,0.77037037037,0.7025,0.6725,0.6825,0.68,0.725,0.735
left,true_negative,43,864,0.0,0.87136546956,0,0.89975308642,0.69,0.75,0.6375,0.5625,0.71,0.92
left,true_negative,44,136846,0.0,0.722681006338,0,0.607407407407,0.805,0.7625,0.8075,0.875,0.7925,0.6525
left,true_negative,45,1119,0.0,0.857422700211,0,0.887407407407,0.6,0.5,0.545,0.5075,0.58,0.7325
left,true_negative,46,74635,0.0,0.82527367006,0,0.769382716049,0.5375,0.3825,0.5575,0.655,0.675,0.605
left,true_negative,47,1799,0.0,0.434415210294,0,0.761481481481,0.81,0.825,0.84,0.85,0.885,0.8
left,true_negative,48,18166,0.0,0.827539850202,0,0.997037037037,0.64,0.6125,0.5875,0.5625,0.6625,0.8825
left,true_negative,49,18739,0.0,0.869829076244,0,0.730864197531,0.745,0.6875,0.6925,0.5875,0.755,0.8475
left,true_negative,50,8207,0.0,0.885961206069,0,0.704691358025,0.6975,0.6625,0.7375,0.54,0.6575,0.7775
left,true_negative,51,2876,0.0,0.602458229307,0,0.886913580247,0.84,0.6075,0.795,0.89,0.8175,0.955
left,true_negative,52,4819,0.0,0.875168043019,0,0.884444444444,0.6725,0.6025,0.6725,0.56,0.715,0.7225
left,true_negative,53,1996,0.0,0.856001536393,0,0.786666666667,0.67,0.62,0.525,0.6,0.495,0.7325
left,true_negative,54,5041,0.0,0.706164778183,0,0.824691358025,0.41,0.75,0.455,0.3625,0.4775,0.6375
left,true_negative,55,27972,0.0,0.850240061456,0,0.77975308642,0.7525,0.6675,0.7025,0.6675,0.7775,0.8275
left,true_negative,56,28512,0.0,0.814518916843,0,0.990617283951,0.765,0.8275,0.6775,0.635,0.725,0.7525
left,true_negative,57,1357,0.0,0.283887075091,0,0.608395061728,0.8025,0.76,0.78,0.72,0.8075,0.835
left,true_negative,58,68688,0.0,0.889994238525,0,0.883456790123,0.78,0.79,0.685,0.62,0.8025,0.8075
left,true_negative,59,70749,0.0,0.890570386019,0,0.866172839506,0.39,0.65,0.36,0.365,0.39,0.6575
left,true_negative,60,50703,0.0,0.735394661033,0,0.856296296296,0.7325,0.675,0.7125,0.645,0.7,0.74
