left,boolean,ranking,id,score,chargeScore,bathScore,serviceScore,distanceScore,equipmentScore,roomScore,locationScore,mealScore,kinnennScore
left,0,0,80619,0.00506985000517,0.869406568081,0.6975,0.77,0.977777777778,0.7775,0.825,0.815,0.7625,1
left,0,1,1680,0.002833124445,0.897484155944,0.6975,0.7925,0.875061728395,0.695,0.7275,0.87,0.785,1
left,0,2,28024,0.00141872757492,0.658382946034,1.0,1.0,0.856296296296,0.9,0.85,1.0,0.9175,1
left,0,3,462,0.000758467418106,0.965469560207,0.64,0.83,0.810864197531,0.7975,0.68,0.79,0.7075,1
left,0,4,74696,9.86896387115e-05,0.863645093144,0.695,0.6975,0.892839506173,0.7125,0.7175,0.7825,0.6675,1
left,0,5,38649,7.88299246329e-05,0.856577683887,0.8675,0.7925,0.811851851852,0.7525,0.78,0.7575,0.8225,0
left,0,6,142951,7.74058930266e-05,0.88768964855,0.68,0.7375,0.929382716049,0.765,0.805,0.785,0.6475,0
left,0,7,84558,4.80219295637e-05,0.844478586518,0.75,0.7775,0.825679012346,0.7925,0.8375,0.7775,0.6275,0
left,3,8,145305,2.90498253351e-05,0.909775302477,0.6575,0.6875,0.797037037037,0.745,0.7675,0.725,0.605,1
left,0,9,38608,2.78954896452e-05,0.928980218936,0.765,0.7275,0.802469135802,0.74,0.67,0.7875,0.75,0
left,0,10,40799,1.92474105615e-05,0.853696946418,0.5725,0.735,0.963950617284,0.68,0.6225,0.955,0.75,1
left,0,11,27972,1.18414973826e-05,0.850240061456,0.6675,0.7525,0.77975308642,0.7025,0.7775,0.8275,0.6675,0
left,0,12,134923,2.18483666088e-06,0.879969272134,0.68,0.7025,0.77037037037,0.6825,0.725,0.735,0.6725,0
left,3,13,5309,7.64239017186e-07,0.844478586518,0.585,0.6975,0.904197530864,0.69,0.695,0.7675,0.695,0
left,3,14,54885,2.78545171473e-07,0.945265988093,0.5625,0.68,0.952592592593,0.585,0.55,0.85,0.625,1
left,3,15,67299,9.39135194872e-08,0.932821202228,0.6625,0.6775,0.709135802469,0.6775,0.6825,0.545,0.5,1
left,3,16,1997,1.06863529241e-08,0.890570386019,0.59,0.69,0.493827160494,0.6625,0.685,0.67,0.7775,1
left,3,17,138039,9.23201517926e-09,0.856001536393,0.6075,0.6375,0.716049382716,0.6975,0.63,0.7325,0.655,0
left,0,18,67423,8.39364905822e-09,0.938544267332,0.6775,0.705,0.652839506173,0.6375,0.6875,0.6825,0.59,0
left,3,19,30094,3.7322770375e-09,0.919377760707,0.5825,0.675,0.821234567901,0.62,0.5625,0.63,0.625,0
left,3,20,104824,3.10118386886e-09,0.882081812944,0.5675,0.6175,0.822222222222,0.6325,0.6,0.875,0.5,0
left,3,21,108351,2.35729588742e-09,0.839408488573,0.64,0.615,0.598518518519,0.65,0.685,0.6825,0.665,1
left,3,22,108143,1.65920309678e-09,0.876742846169,0.73,0.625,0.882469135802,0.485,0.695,0.7225,0.5625,0
left,3,23,1630,5.29100555802e-10,0.88861148454,0.6075,0.6525,0.633580246914,0.6325,0.6825,0.64,0.8525,0
left,3,24,39247,3.67437389597e-10,0.850816208949,0.595,0.575,0.903703703704,0.65,0.5525,0.8475,0.5175,0
left,3,25,147026,3.1288261489e-10,0.862684847321,0.52,0.625,0.815802469136,0.615,0.655,0.645,0.5,1
left,3,26,5385,9.0064009766e-11,0.902093335894,0.5075,0.6075,0.944691358025,0.5875,0.6,0.8425,0.7625,0
left,3,27,5627,8.51872674124e-11,0.868177453428,0.5675,0.59,0.768888888889,0.5225,0.66,0.59,0.6675,1
left,3,28,18312,1.63839000125e-11,0.938966775495,0.4825,0.6525,0.789135802469,0.4825,0.5275,0.9025,1.0,1
left,3,29,104599,5.23383462705e-14,0.858075667371,0.47,0.61,0.88049382716,0.5725,0.595,0.6875,-0.25,1
left,3,30,658,5.99012291175e-16,0.656270405224,0.4775,0.5775,0.656790123457,0.54,0.59,0.665,0.63,0
left,3,31,7055,1.67527263349e-16,0.87136546956,0.465,0.54,0.741234567901,0.4725,0.5675,0.6375,0.8075,0
left,3,32,41042,5.07327545746e-17,0.909775302477,0.515,0.5425,0.820740740741,0.3475,0.445,0.8325,-0.25,1
left,3,33,18763,8.39195913241e-19,0.928596120607,0.5,0.5825,0.955555555556,0.2925,0.2925,0.9575,-0.25,1
left,3,34,28570,2.5382472506e-21,0.957787593624,0.4325,0.4625,0.721481481481,0.5,0.475,0.6375,0.7225,0
left,3,35,20639,2.45242609272e-28,0.864298060303,0.3375,0.5275,0.972345679012,0.4425,0.415,0.81,0.5825,1
left,3,36,146557,6.04991677529e-108,0.897484155944,0.57,0.6825,0.90024691358,0.72,0.73,0.74,-0.25,0
left,1,37,839,0.00206798307287,0.782024198195,0.7275,0.815,1.0,0.7875,0.845,0.925,0.735,1
left,1,38,109067,0.000236716996898,0.787785673132,0.71,0.7525,0.847901234568,0.7625,0.795,0.8,0.75,1
left,1,39,74604,0.000156674442483,0.822969080085,0.9075,0.9125,0.78962962963,0.83,0.8275,0.805,0.795,0
left,1,40,68565,4.62375714168e-05,0.802189360476,0.665,0.7175,0.895802469136,0.695,0.7575,0.8575,0.5775,1
left,1,41,18297,3.63070904459e-05,0.764739773382,0.7275,0.745,0.853333333333,0.745,0.7525,0.8525,0.75,0
left,1,42,41615,2.79366911556e-05,0.820741309775,0.81,0.92,0.544691358025,0.7425,0.8475,0.8775,0.9675,1
left,1,43,11230,1.7149132593e-05,0.775686575763,0.6125,0.74,0.83012345679,0.6725,0.695,0.8975,0.6825,1
left,1,44,147193,1.1725402867e-05,0.752294987517,0.85,0.7975,0.643950617284,0.7825,0.7825,0.75,0.75,1
left,1,45,52992,8.04520659213e-06,0.748454004225,0.6725,0.71,0.928395061728,0.75,0.705,0.8225,0.6725,0
left,1,46,15878,6.52690179268e-06,0.769541002497,0.65,0.75,0.86962962963,0.6975,0.7025,0.8,0.6925,0
left,1,47,716,4.44696399618e-06,0.794507393893,0.645,0.7225,0.819259259259,0.715,0.8325,0.735,0.8025,0
left,1,48,10630,3.9249558571e-06,0.680084501632,0.7075,0.7275,0.76987654321,0.6675,0.7225,0.8675,0.58,1
left,2,49,107778,4.53657380227e-07,0.833877472633,0.6,0.7375,0.589135802469,0.68,0.7175,0.685,0.78,1
left,1,50,50830,1.24173753762e-08,0.827539850202,0.5725,0.655,0.896790123457,0.565,0.66,0.81,0.6375,0
left,1,51,930,4.83724327372e-09,0.560245822931,0.685,0.78,0.75012345679,0.75,0.7925,0.885,0.7125,1
left,1,52,8961,4.38772435467e-10,0.733090071058,0.5325,0.6625,0.835555555556,0.6325,0.6025,0.9075,0.535,0
left,1,53,1770,1.20469820404e-10,0.785327443826,0.5525,0.6025,0.722962962963,0.5775,0.64,0.835,0.635,0
left,1,54,44938,4.344621244e-11,0.717687728058,0.465,0.75,0.834567901235,0.6075,0.6425,0.9275,0.8125,1
left,1,55,18392,4.96571743194e-12,0.812944113693,0.52,0.5975,0.655308641975,0.5775,0.595,0.725,0.5775,1
left,1,56,109008,1.11358059684e-12,0.813750720184,0.5,0.63,0.681975308642,0.5275,0.5325,0.695,0.595,1
left,1,57,74635,2.66183070986e-14,0.82527367006,0.655,0.5375,0.769382716049,0.5575,0.675,0.605,0.3825,0
left,1,58,5729,2.19329259748e-22,0.696216631458,0.41,0.5,0.826172839506,0.5225,0.545,0.6375,0.5,0
left,1,59,1799,3.26584671766e-28,0.434415210294,0.85,0.81,0.761481481481,0.84,0.885,0.8,0.825,0
left,1,60,1357,3.95342041171e-77,0.283887075091,0.72,0.8025,0.608395061728,0.78,0.8075,0.835,0.76,0
