left,boolean,ranking,id,score,mealScore,roomScore,bathScore,equipmentScore,serviceScore,locationScore
left,true_positive,0,41615,inf,0.9675,0.8475,0.81,0.7425,0.92,0.8775
left,true_positive,1,28024,inf,0.9175,0.85,1.0,0.9,1.0,1.0
left,true_positive,2,76496,inf,0.89,0.8975,0.805,0.9175,0.835,0.9325
left,true_positive,3,146928,0.0249194679804,0.7,0.855,0.815,0.86,0.8175,0.885
left,true_positive,4,107870,0.0219829517776,0.72,0.8225,0.735,0.8125,0.815,0.91
left,true_positive,5,1357,0.0145456566337,0.76,0.8075,0.72,0.78,0.8025,0.835
left,true_positive,6,388,0.00748576513323,0.7825,0.7675,0.675,0.7575,0.7675,0.915
left,true_positive,7,38649,0.00473131214483,0.8225,0.78,0.8675,0.7525,0.7925,0.7575
left,true_positive,8,18297,0.00399206481689,0.75,0.7525,0.7275,0.745,0.745,0.8525
left,true_positive,9,930,0.00348070502078,0.7125,0.7925,0.685,0.75,0.78,0.885
left,true_positive,10,135551,0.0015278379358,0.7825,0.825,0.6425,0.7575,0.7725,0.775
left,true_positive,11,69292,0.00125841364699,0.75,0.815,0.7875,0.74,0.76,0.74
left,true_positive,12,56917,0.000880180417924,0.7325,0.77,0.6575,0.72,0.73,0.83
left,true_positive,13,80513,0.000330219979293,0.76,0.76,0.5975,0.7075,0.7825,0.825
left,true_positive,14,1764,0.000259226032461,0.7725,0.7425,0.645,0.67,0.7075,0.8575
left,true_positive,15,136846,7.30749373738e-05,0.7625,0.7925,0.875,0.8075,0.805,0.6525
left,false_positive,16,134923,1.80154552901e-05,0.6725,0.725,0.68,0.6825,0.7025,0.735
left,false_positive,17,5024,1.44963709776e-07,0.67,0.7625,0.495,0.6525,0.7,0.7425
left,false_negative,18,2876,0.00103669665898,0.6075,0.8175,0.89,0.795,0.84,0.955
left,false_negative,19,819,0.000537798529478,0.725,0.7025,0.7775,0.7075,0.7225,0.83
left,true_negative,20,84558,0.000376735467579,0.6275,0.8375,0.75,0.7925,0.7775,0.7775
left,true_negative,21,462,0.000235971221936,0.7075,0.68,0.64,0.7975,0.83,0.79
left,true_negative,22,147101,0.000190031453251,0.625,0.865,0.86,0.7225,0.6825,0.8525
left,false_negative,23,11230,5.33857322264e-05,0.6825,0.695,0.6125,0.6725,0.74,0.8975
left,true_negative,24,68565,4.29029803525e-06,0.5775,0.7575,0.665,0.695,0.7175,0.8575
left,true_negative,25,10630,3.82291671672e-06,0.58,0.7225,0.7075,0.6675,0.7275,0.8675
left,true_negative,26,145305,3.24374543174e-06,0.605,0.7675,0.6575,0.745,0.6875,0.725
left,true_negative,27,101,1.97782401746e-06,0.6975,0.6,0.625,0.655,0.73,0.94
left,true_negative,28,28466,7.2326888065e-07,0.61,0.68,0.5875,0.68,0.665,0.9575
left,false_negative,29,16373,3.95689576318e-07,0.6675,0.65,0.5975,0.6925,0.6925,0.7
left,false_negative,30,129459,2.30545849031e-07,0.605,0.6925,0.6375,0.6725,0.6875,0.705
left,false_negative,31,44938,1.02732978457e-07,0.8125,0.6425,0.465,0.6075,0.75,0.9275
left,true_negative,32,29183,3.38330949793e-08,0.5825,0.6475,0.5825,0.635,0.69,0.8225
left,true_negative,33,50830,2.25160340309e-08,0.6375,0.66,0.5725,0.565,0.655,0.81
left,true_negative,34,2958,2.11661906104e-08,0.6825,0.5325,0.7475,0.59,0.65,0.8775
left,true_negative,35,1186,9.16781576975e-09,0.575,0.6625,0.65,0.6175,0.7225,0.67
left,false_negative,36,141053,6.73734622852e-09,0.625,0.645,0.5,0.65,0.7025,0.7025
left,false_negative,37,7903,3.78109917436e-09,0.75,0.645,0.5375,0.6425,0.68,0.64
left,true_negative,38,54885,2.61548117642e-09,0.625,0.55,0.5625,0.585,0.68,0.85
left,true_negative,39,5385,2.04491628026e-09,0.7625,0.6,0.5075,0.5875,0.6075,0.8425
left,true_negative,40,1770,1.11012977748e-09,0.635,0.64,0.5525,0.5775,0.6025,0.835
left,true_negative,41,7599,1.07307183828e-09,0.75,0.5675,0.5325,0.5625,0.6,0.95
left,true_negative,42,7341,1.04680465044e-09,0.5,0.755,0.6025,0.6125,0.7,0.7675
left,true_negative,43,129907,4.06741666774e-10,0.6075,0.63,0.54,0.65,0.65,0.65
left,true_negative,44,1511,1.56438487911e-10,0.6075,0.54,0.5925,0.52,0.6125,0.87
left,true_negative,45,39144,1.24583075279e-10,0.6675,0.63,0.5,0.5575,0.6425,0.655
left,true_negative,46,1996,3.31169029345e-11,0.62,0.495,0.6,0.525,0.67,0.7325
left,true_negative,47,108341,1.20664722147e-11,0.595,0.52,0.52,0.5825,0.595,0.8075
left,true_negative,48,104824,1.095876805e-11,0.5,0.6,0.5675,0.6325,0.6175,0.875
left,true_negative,49,29381,7.40196545384e-12,0.5325,0.67,0.55,0.595,0.625,0.66
left,true_negative,50,15812,2.08714588988e-12,0.5475,0.5675,0.5,0.575,0.62,0.7125
left,true_negative,51,79313,1.2587178596e-12,0.7,0.56,0.4125,0.515,0.6175,0.765
left,true_negative,52,658,3.81984644513e-13,0.63,0.59,0.4775,0.54,0.5775,0.665
left,true_negative,53,70659,1.07243417828e-14,0.5275,0.685,0.55,0.6025,0.695,0.565
left,true_negative,54,140859,1.88539210326e-16,0.4375,0.65,0.59,0.5975,0.6,0.59
left,true_negative,55,922,1.67499953961e-16,0.4525,0.575,0.455,0.595,0.605,0.6825
left,true_negative,56,72086,7.3832819641e-19,0.4075,0.545,0.4175,0.565,0.585,0.8475
left,true_negative,57,18319,1.48986445938e-19,0.4775,0.53,0.615,0.485,0.4825,0.7525
left,true_negative,58,108652,5.20462847585e-21,0.5625,0.6425,0.44,0.5075,0.565,0.525
left,true_negative,59,17938,2.69331665648e-44,0.5,0.2625,0.4575,0.3125,0.4375,0.7125
left,true_negative,60,19745,2.51779032256e-97,-0.25,0.8575,0.625,0.8575,0.8925,0.8575
left,true_negative,61,41042,1.11364816541e-110,-0.25,0.445,0.515,0.3475,0.5425,0.8325
