user,id,distanceScore,distanceScore_pdf,distanceScore_cdf,mealScore,mealScore_pdf,mealScore_cdf,locationScore,locationScore_pdf,locationScore_cdf,equipmentScore,equipmentScore_pdf,equipmentScore_cdf,roomScore,roomScore_pdf,roomScore_cdf,bathScore,bathScore_pdf,bathScore_cdf,serviceScore,serviceScore_pdf,serviceScore_cdf,chargeScore,chargeScore_pdf,chargeScore_cdf
25,101,0.9797530864197531,3.50797934417,0.9250288494201486,0.6975,4.18772150567,0.3428916508555917,0.9400000000000001,3.93434843673,0.8152583597875401,0.655,3.64455935229,0.1295921061697471,0.6000000000000001,1.13117959133,0.044862993395882476,0.625,3.11257028184,0.2140285414900657,0.73,7.16545456055,0.3786190678115155,0.9297100057614741,1.40451106384,0.9702256404150025
25,192,0.755061728395061,0.0115681104615,0.00013660544843380743,0.6675,3.61964207254,0.22457074350394457,0.745,0.845402071589,0.025660396463438123,0.63,2.06751721039,0.05881935387738333,0.6775,3.10609689395,0.209567849704206,0.5325,0.870827262901,0.03472108511019907,0.66,1.50999722086,0.0856932486513791,0.8213942769348951,5.20381671673,0.4559352610089963
25,223,0.8103703703703701,0.42607476658,0.007183388565029433,0.5825,0.970146255995,0.03243405981366887,0.605,0.0031632076955,5.9323515260640464e-05,0.6375000000000001,2.50558509999,0.0759430757247557,0.605,1.24467954832,0.050800197393829176,0.5575,1.38096857063,0.06258247167593303,0.6775,2.54100469596,0.12038068514771348,0.8713654695602071,5.85478564323,0.7610504364367943
25,388,0.851358024691358,2.54336745457,0.05856070485125289,0.7825000000000001,3.69486319535,0.6928105595936684,0.915,5.12375801991,0.7013871485150656,0.7575000000000001,4.95039100691,0.6919724591462064,0.7675000000000001,3.05318908508,0.511477651239133,0.675,3.85054190833,0.39208509220659193,0.7675000000000001,6.5601856848,0.6522172856493218,0.713885154599577,1.12005589466,0.21343885857316142
25,398,0.720493827160493,0.000553600640668,5.418535502119803e-06,0.847499999999999,2.26894758207,0.8915262955535526,0.61,0.00406722612127,7.731050155757317e-05,0.635,2.35509737972,0.06986809418700257,0.6325000000000001,1.95365032,0.09450646997370461,0.545,1.10871011779,0.04705594567429755,0.66,1.50999722086,0.0856932486513791,0.8828884194353751,5.05736160661,0.8241582965612855
25,462,0.810864197530864,0.437196000879,0.007396531946226658,0.7075,4.26671066742,0.38520928947952116,0.79,2.46044647726,0.095966626864252,0.7975000000000001,2.96622416227,0.8495701313408796,0.68,3.15551608311,0.21739538811620845,0.64,3.43044439581,0.2631829329078922,0.8300000000000001,1.55488797418,0.888582934489574,0.965469560207413,0.258118801744,0.9955840407200149
25,509,0.9125925925925921,9.19050451449,0.4264534242339513,0.8225,2.92528417239,0.8263652698089634,0.919999999999999,4.91394471729,0.7264892878616525,0.6375000000000001,2.50558509999,0.0759430757247557,0.6950000000000001,3.39337936812,0.26664528457677866,0.5125000000000001,0.565235707521,0.020513400052493094,0.6950000000000001,4.06691283627,0.17758112246719224,0.6792778951411561,1.18135083095,0.17355908223993424
25,568,0.9432098765432091,8.31962496333,0.7068122516646984,0.5675,0.661574160258,0.020297079925379706,0.9450000000000001,3.67086292022,0.8342724601506639,0.685,5.47887433508,0.26789496240310023,0.6625,2.7638075495,0.16545477490003954,0.865,1.21429280721,0.9045429754245967,0.7975000000000001,3.72789702566,0.8074245402108505,0.786863837142308,2.63700674667,0.3217717648663666
25,570,0.946172839506172,8.00051887309,0.7309979274527467,0.857499999999999,1.98391329285,0.912794896687386,0.8775000000000001,5.8798792322,0.4899834512120398,0.754999999999999,5.07220159452,0.6794436500369838,0.8625,3.92819331918,0.8942429746003222,0.735,3.39866245389,0.6160703631910589,0.7825000000000001,5.18742655063,0.7406955470579323,0.765700019204916,1.64197029173,0.2776017247923022
25,610,0.899753086419753,8.18627717392,0.31419501726754684,0.8225,2.92528417239,0.8263652698089634,0.9175000000000001,5.02121621702,0.7140693921954542,0.6875,5.59503045977,0.281739084907798,0.7825000000000001,3.06858732526,0.5570413714801907,0.615,2.86947653426,0.18410158956616884,0.725,6.85636080493,0.3435322390676269,0.880929517956596,5.2092912132,0.8141017314870875
25,630,0.7629629629629631,0.0212277571587,0.00026266536766483367,0.7725000000000001,3.83971667252,0.6551250351210396,0.6875,0.124647859757,0.00299031582511595,0.6375000000000001,2.50558509999,0.0759430757247557,0.74,3.38220101055,0.4232227967510289,0.5575,1.38096857063,0.06258247167593303,0.68,2.73115261538,0.12696868702813546,0.9405031688112151,0.896263777011,0.9824943475968142
25,658,0.65679012345679,3.79355262359e-07,2.7971742380141346e-09,0.63,2.41212556472,0.11051033902520696,0.665,0.0506805829785,0.0011288344291988997,0.54,0.0456392905335,0.0007240890977769656,0.59,0.922587634719,0.03461523602284843,0.47750000000000004,0.231537689015,0.007238797288203864,0.5775,0.372405766968,0.027959082899656106,0.656270405223737,1.18072569679,0.14628990503935763
25,659,0.622222222222222,2.88518027544e-09,1.8730312734111748e-11,0.62,2.06769541569,0.08811848825857807,0.65,0.0266313439459,0.0005666220047357131,0.5925,0.592857690695,0.012772399933125069,0.645,2.29933441885,0.12108705177403158,0.47750000000000004,0.231537689015,0.007238797288203864,0.6125,0.545605912513,0.043716683945004886,0.531745726906087,0.53307373223,0.03275327119994839
25,716,0.819259259259259,0.666620045744,0.01197389237968464,0.8025,3.35343559884,0.7634212095970994,0.735,0.632224135189,0.018312417061070944,0.715,6.22241978358,0.44713201794963325,0.8325,4.94009610977,0.7534757324603562,0.645,3.52051976279,0.28056402549644,0.7225,6.67442460514,0.3266152544244582,0.7945073938928361,3.14507465888,0.3438253015038897
25,767,0.9007407407407401,8.28533923196,0.32232939761150314,0.7325,4.25148812785,0.49225097534088585,0.8725,5.8500948608,0.46064513521311634,0.6625,4.14788890724,0.15881829123924301,0.7000000000000001,3.44755420357,0.2837532289558228,0.5975,2.40969877621,0.13786659226679177,0.6950000000000001,4.06691283627,0.17758112246719224,0.7599385442673321,1.47642788517,0.2686381898892312
25,839,1.0,1.50820836775,0.9740548958620414,0.735,4.2364982179,0.5028613715597439,0.925,4.68680601921,0.7504977118325369,0.7875000000000001,3.43181328716,0.8176112832234088,0.845,4.90324525745,0.8155901567615454,0.7275,3.51895965537,0.5901216688500482,0.8150000000000001,2.34063453089,0.8598272797159284,0.782024198194737,2.35393863442,0.30970746811474875
25,858,0.631604938271604,1.1569498144e-08,7.76317970347263e-11,0.5675,0.661574160258,0.020297079925379706,0.6475000000000001,0.0238444867618,0.0005035864810489292,0.635,2.35509737972,0.06986809418700257,0.65,2.43619639867,0.132926724811512,0.5525,1.2681695992,0.05596170272599464,0.61,0.528560958673,0.04237423985475108,0.7714614941425001,1.85063781129,0.2876414371788994
25,864,0.899753086419753,8.18627717392,0.31419501726754684,0.75,4.11056897443,0.5655343718685324,0.919999999999999,4.91394471729,0.7264892878616525,0.6375000000000001,2.50558509999,0.0759430757247557,0.71,3.51421228893,0.31860935686410125,0.5625,1.49855913349,0.06977937884757593,0.6900000000000001,3.58964111024,0.15845024709988598,0.8713654695602071,5.85478564323,0.7610504364367943
25,922,0.5837037037037031,5.82467895576e-12,3.335490963999946e-14,0.4525,0.00756787660192,0.00013940570488577716,0.6825,0.102764191726,0.0024233547320758647,0.595,0.654108853515,0.014330133667183043,0.5750000000000001,0.658478905094,0.022831363367191406,0.454999999999999,0.119018108707,0.003411733463882622,0.605,0.497849931921,0.039809908834880774,0.9174188592279621,2.18589835412,0.94837847515311
25,930,0.750123456790123,0.00778741995342,8.937853056522436e-05,0.7125,4.28632174083,0.4065971643309571,0.885,5.8640042849,0.5340685012459665,0.75,5.30621151174,0.6534916366426369,0.7925000000000001,3.26725453169,0.5885754944697941,0.685,3.8727712792,0.4307389193171473,0.78,5.4334013663,0.7274188598404913,0.56024582293067,0.720654313808,0.05058991341710631
25,995,0.7664197530864191,0.0274095306547,0.0003463172969327474,0.7875000000000001,3.61649282051,0.7110907050829173,0.65,0.0266313439459,0.0005666220047357131,0.51,0.00687314701818,9.453821589128973e-05,0.5325,0.20625686514,0.005858665630243285,0.52,0.66910063625,0.02513427406068434,0.5775,0.372405766968,0.027959082899656106,0.8674860764355671,6.0591604281,0.7379287688912871
25,996,0.8390123456790121,1.59882769289,0.0333080597036576,0.625,2.23882139257,0.09888357037393904,0.725,0.464173164086,0.012865393751271565,0.6000000000000001,0.791115562193,0.01793493260606573,0.6375000000000001,2.0917845069,0.10461966398538905,0.5325,0.870827262901,0.03472108511019907,0.65,1.13708251114,0.07257239177901853,0.8703668139043591,5.91097921095,0.7551752628991111
25,1119,0.8874074074074071,6.75174363293,0.2216739325695597,0.5,0.0667077846296,0.0014775959691896838,0.7325,0.586226505718,0.01678993196999785,0.545,0.0607088139478,0.0009883604178448123,0.58,0.739925116671,0.026324638991590203,0.5075000000000001,0.502886300537,0.017845344818490528,0.6000000000000001,0.470658699519,0.03738989127220945,0.8574227002112541,6.39577334845,0.6750115385365036
25,1128,0.7935802469135801,0.166284947992,0.002498833964414803,0.8700000000000001,1.62793998463,0.935360375596056,0.7725000000000001,1.70335699239,0.05975202727783267,0.6925,5.80096415615,0.31024428150493466,0.6775,3.10609689395,0.209567849704206,0.6025,2.54371666088,0.15025061763117378,0.7425,7.55401017374,0.47122950853347456,0.858882273862108,6.36559891856,0.6843254187637613
25,1186,0.712592592592592,0.000252722621933,2.3784221473667085e-06,0.5750000000000001,0.805762721914,0.02578710111912995,0.67,0.0623270299791,0.001410440931404712,0.6175,1.43840578071,0.03704824760769574,0.6625,2.7638075495,0.16545477490003954,0.65,3.60142281496,0.29837283838827383,0.7225,6.67442460514,0.3266152544244582,0.7987708853466481,3.45575971671,0.357890661148319
25,1356,0.8316049382716041,1.17388904907,0.023100311785721823,0.79,3.57568211528,0.7200811576539269,0.925,4.68680601921,0.7504977118325369,0.774999999999999,4.05747045587,0.7708418380299917,0.8125,4.12646860867,0.661720234843296,0.73,3.48023072935,0.5988709599485369,0.7575000000000001,7.21681519274,0.5830918248335831,0.704513155367774,1.13689735149,0.2028674791294855
25,1357,0.6083950617283951,3.41404898332e-10,2.114941463713063e-12,0.76,4.00009066729,0.6061023103842784,0.835,4.73024484925,0.25788179768411446,0.78,3.8028860683,0.790490948396512,0.8075000000000001,3.87268103069,0.641726469471123,0.72,3.62571285456,0.5633198348396546,0.8025,3.28403292974,0.8249407737140539,0.283887075091223,0.00194316758009,5.42998790902978e-05
25,1386,0.866666666666666,4.13479407133,0.10911799917453818,0.5825,0.970146255995,0.03243405981366887,0.8600000000000001,5.6391832198,0.38863979751689726,0.7025,6.0952479049,0.36986230059441416,0.7425,3.35266549965,0.43164177019020117,0.6525000000000001,3.63823978572,0.30742293381494734,0.6975,4.31370049218,0.1880559951759241,0.694680238140964,1.15722070983,0.19158797912863315
25,1404,0.575802469135802,1.4755863598e-12,8.250319369138064e-15,0.75,4.11056897443,0.5655343718685324,0.75,0.970731293898,0.030195305093794998,0.6725,4.78938240947,0.2035489772694874,0.7875000000000001,3.14613085129,0.5725605084300641,0.77,2.73705972033,0.7237451825206991,0.6725,2.19288969779,0.10856402015981179,0.41317457269060803,0.0709890870073,0.0028049320155943787
25,1500,0.8859259259259251,6.56362915399,0.21181046451244367,0.6875,4.05289574647,0.3016414048724905,0.9375,4.06473306805,0.8052592503004463,0.5675,0.196945190995,0.0036306006262145493,0.5825,0.783117137261,0.028228097863911946,0.387499999999999,0.010515337844,0.00024065801393749361,0.73,7.16545456055,0.3786190678115155,0.9097753024774341,2.7712502771,0.9294758742223967
25,1501,0.775308641975308,0.0514470769299,0.0006867620249509313,0.55,0.399300604727,0.011159177223262587,0.9450000000000001,3.67086292022,0.8342724601506639,0.505,0.0048647054151,6.546153876739984e-05,0.6025,1.18719635643,0.047760652811167266,0.4,0.017299362937,0.0004113067952750302,0.6425000000000001,0.938112897355,0.06482796835192471,0.8521605531015941,6.44938475778,0.6411768702061207
25,1511,0.724444444444444,0.000809112825776,8.080320262521007e-06,0.6075,1.65827498493,0.06486455087675949,0.8700000000000001,5.82324283805,0.4460518187071629,0.52,0.0133714255243,0.0001924616008947756,0.54,0.258790926791,0.007596518222333694,0.5925,2.27497531387,0.1261548038640951,0.6125,0.545605912513,0.043716683945004886,0.8636450931438441,6.22231979951,0.7143292243915299
25,1556,0.675555555555555,4.08027657027e-06,3.24665005352737e-08,0.705,4.25204900273,0.37456015029738554,0.7825000000000001,2.11771983356,0.07881421923966953,0.6625,4.14788890724,0.15881829123924301,0.705,3.48797939867,0.3010978998984267,0.6525000000000001,3.63823978572,0.30742293381494734,0.675,2.36152478857,0.11425476952080632,0.788745918955252,2.75552724574,0.3268456443959499
25,1630,0.6335802469135801,1.54039120759e-08,1.0409676583070504e-10,0.8525,2.12707550283,0.902517122008199,0.64,0.0170196815075,0.00035167602356685776,0.6325000000000001,2.20896805469,0.06416395552766078,0.6825,3.20235832558,0.22534328249447583,0.6075,2.67609279101,0.16330102392109277,0.6525000000000001,1.21768712812,0.07551423101213647,0.888611484540042,4.58733824969,0.85177299816058
25,1667,0.902222222222222,8.42806980626,0.33471059425124033,0.75,4.11056897443,0.5655343718685324,0.8,2.95164344807,0.12299913158930575,0.6625,4.14788890724,0.15881829123924301,0.6175,1.55200320346,0.06824697900065363,0.49,0.324868030421,0.010689825054745332,0.68,2.73115261538,0.12696868702813546,0.660072978682542,1.18435616052,0.15078705866628098
25,1680,0.875061728395061,5.16579584772,0.14810067385932507,0.784999999999999,3.65620461002,0.7019996092412417,0.8700000000000001,5.82324283805,0.4460518187071629,0.6950000000000001,5.88979321908,0.3248597657339943,0.7275,3.4935117462,0.38017844738398043,0.6975,3.83906541599,0.4790071197917692,0.7925000000000001,4.20019729409,0.787614259586881,0.8974841559439211,3.81692807414,0.8890755508035022
25,1725,0.760987654320987,0.018293390173,0.00022369751885579814,0.615,1.9001514282,0.07820063845156033,0.7425,0.787545900698,0.02361986600390551,0.6000000000000001,0.791115562193,0.01793493260606573,0.6475000000000001,2.36801918201,0.12692133305731512,0.625,3.11257028184,0.2140285414900657,0.685,3.14201325702,0.14163515411741767,0.84251968503937,6.32377894058,0.579375890915186
25,1764,0.880987654320987,5.92778106495,0.1809638904935886,0.7725000000000001,3.83971667252,0.6551250351210396,0.857499999999999,5.57497303738,0.3746206588030958,0.67,4.63436216162,0.19176837551585907,0.7425,3.35266549965,0.43164177019020117,0.645,3.52051976279,0.28056402549644,0.7075,5.31930464952,0.23621938530185888,0.7307470712502401,1.124591974,0.23226676895937606
25,1770,0.722962962962963,0.000702474093875,6.9623767605329514e-06,0.635,2.58608748431,0.12300592722356482,0.835,4.73024484925,0.25788179768411446,0.5775,0.314092305981,0.006147614133753797,0.64,2.16106586465,0.10993572176933036,0.5525,1.2681695992,0.05596170272599464,0.6025,0.483878254738,0.03858291741336818,0.785327443825619,2.54369471183,0.3177923698177908
25,1799,0.7614814814814811,0.0189901155085,0.00023290234644189777,0.8250000000000001,2.86516031161,0.8336036224907342,0.8,2.95164344807,0.12299913158930575,0.8400000000000001,1.448084556,0.9407488259928977,0.885,1.99414296813,0.9608430532529666,0.8500000000000001,1.39585374292,0.88499118810469,0.81,2.68694558788,0.8472761897474224,0.434415210293835,0.111497674989,0.004716988334118254
25,1872,0.7866666666666661,0.108700060704,0.00156057752989099,0.6075,1.65827498493,0.06486455087675949,0.9475,3.53853830198,0.8432842268694815,0.6075,1.03540763772,0.0247543387068458,0.6475000000000001,2.36801918201,0.12692133305731512,0.52,0.66910063625,0.02513427406068434,0.66,1.50999722086,0.0856932486513791,0.683272517764547,1.17661146136,0.1782690836617064
25,1927,0.8172839506172841,0.605283416012,0.010718491222906103,0.5,0.0667077846296,0.0014775959691896838,0.8400000000000001,4.95293483453,0.28209637109298974,0.5775,0.314092305981,0.006147614133753797,0.5775,0.698381643749,0.024527098355232802,0.52,0.66910063625,0.02513427406068434,0.66,1.50999722086,0.0856932486513791,0.814518916842711,4.68468214986,0.42191950357734587
25,1996,0.7866666666666661,0.108700060704,0.00156057752989099,0.62,2.06769541569,0.08811848825857807,0.7325,0.586226505718,0.01678993196999785,0.525,0.0184113874583,0.0002713045659472406,0.495,0.0575633221869,0.0014048114791801044,0.6000000000000001,2.47685373462,0.14397483156437432,0.67,2.03514325063,0.10328124381801473,0.8560015363933161,6.41880877842,0.6659049832121317
25,1997,0.493827160493827,1.28313022427e-19,5.766468111952317e-22,0.7775000000000001,3.76918271508,0.6741488199601229,0.67,0.0623270299791,0.001410440931404712,0.6625,4.14788890724,0.15881829123924301,0.685,3.24648676072,0.23340491804820088,0.59,2.207632203,0.12055156621268961,0.6900000000000001,3.58964111024,0.15845024709988598,0.8905703860188201,4.41991785492,0.8605955673565735
25,2335,0.884444444444444,6.37391352697,0.20222693293974175,0.75,4.11056897443,0.5655343718685324,0.6900000000000001,0.13707157201,0.003317246943323383,0.5825,0.391539869698,0.007905854029561682,0.64,2.16106586465,0.10993572176933036,0.485,0.284464147239,0.009168280616039644,0.675,2.36152478857,0.11425476952080632,0.9059343191857111,3.08791608057,0.918227427505391
25,2465,0.8153086419753081,0.54867112461,0.00957953866080482,-0.25,2.23321532361e-40,1.1388059571865892e-42,0.7225,0.428455666925,0.011750099517414684,0.7775000000000001,3.92964369657,0.7808255409604823,0.6675,2.88558635074,0.17958101487404798,0.555,1.32394610121,0.059201583225190035,0.7225,6.67442460514,0.3266152544244582,0.937007874015748,1.04298013553,0.9791100693864672
25,2605,0.803456790123456,0.293703254084,0.004719233863612435,-0.25,2.23321532361e-40,1.1388059571865892e-42,0.59,0.00145553825036,2.6232762913143452e-05,0.3025,9.18820919005e-12,7.750928927231503e-14,0.339999999999999,2.40288290015e-05,3.6577843972516125e-07,0.355,0.00260200934898,5.429954381625755e-05,0.339999999999999,0.00784344731544,0.00031887758612045796,0.8767428461686191,5.51368316809,0.7916444881599709
25,2876,0.886913580246913,6.68924802368,0.21835515993554686,0.6075,1.65827498493,0.06486455087675949,0.9550000000000001,3.14362868709,0.8683387817699436,0.794999999999999,3.07903370279,0.8420140838283682,0.8174999999999991,4.38073675967,0.6829921209779102,0.889999999999999,0.950378625031,0.9315099624722276,0.8400000000000001,1.21709372899,0.902335486330117,0.602458229306702,0.988636433798,0.08683602300303911
25,2877,0.845432098765432,2.05155385011,0.044981646012720485,0.6875,4.05289574647,0.3016414048724905,0.8075000000000001,3.33753910251,0.1465770350875774,0.75,5.30621151174,0.6534916366426369,0.6725,3.00010493426,0.1942985358836851,0.635,3.33189754383,0.24627370502005622,0.635,0.791935737702,0.05836882502156125,0.748454004225081,1.257060003,0.25306977758733684
25,2958,0.9797530864197531,3.50797934417,0.9250288494201486,0.6825,3.96437411438,0.2815924422098768,0.8775000000000001,5.8798792322,0.4899834512120398,0.59,0.536183861121,0.011362030509758146,0.5325,0.20625686514,0.005858665630243285,0.7475,3.17551100158,0.6571836171643605,0.65,1.13708251114,0.07257239177901853,0.8905703860188201,4.41991785492,0.8605955673565735
25,4771,0.79753086419753,0.209894850426,0.0032390085210102218,0.6025,1.50487151979,0.05695956114927023,0.8975000000000001,5.67890105197,0.6064131362395793,0.635,2.35509737972,0.06986809418700257,0.705,3.48797939867,0.3010978998984267,0.5175000000000001,0.633073773762,0.023506851741306577,0.705,5.06862689578,0.22323391410367546,0.7637795275590551,1.58219107377,0.2745064943814002
25,4778,0.941234567901234,8.51415484666,0.6901837636982089,0.7875000000000001,3.61649282051,0.7110907050829173,0.9400000000000001,3.93434843673,0.8152583597875401,0.7125,6.2188028848,0.4315782369190448,0.774999999999999,3.02589445566,0.5342378830245746,0.6575000000000001,3.70426772707,0.32578349573915166,0.6875,3.36161288209,0.14976284050020108,0.594814672556174,0.944465780988,0.07944627818842163
25,4801,0.8103703703703701,0.42607476658,0.007183388565029433,0.7075,4.26671066742,0.38520928947952116,0.764999999999999,1.42786615418,0.048029418026426254,0.625,1.79969769067,0.04915994649697128,0.64,2.16106586465,0.10993572176933036,0.6725,3.83797451707,0.3824738611373166,0.735,7.39123259399,0.41504774668794736,0.8214326867678121,5.20659248041,0.45613519205343295
25,4805,0.940246913580246,8.60550462195,0.6817292764905154,0.7675000000000001,3.90661250545,0.6357577085613363,0.9125000000000001,5.22118576041,0.6884548642064542,0.74,5.71931132514,0.5982923982365455,0.8400000000000001,4.98687810932,0.7908252929046833,0.6975,3.83906541599,0.4790071197917692,0.7725000000000001,6.1383500936,0.6839842571104922,0.7753024774342231,2.01527549692,0.2950592167884804
25,4819,0.884444444444444,6.37391352697,0.20222693293974175,0.6025,1.50487151979,0.05695956114927023,0.7225,0.428455666925,0.011750099517414684,0.6725,4.78938240947,0.2035489772694874,0.715,3.52603128117,0.33621598541971226,0.56,1.43919018385,0.06610742550335888,0.6725,2.19288969779,0.10856402015981179,0.8751680430190121,5.61990180214,0.7828772420520586
25,4977,0.7970370370370371,0.203952537484,0.0031368300503810498,0.64,2.75909803774,0.13636963139749533,0.8500000000000001,5.34276663438,0.33364342791659984,0.725,6.13186692668,0.5090401609078645,0.685,3.24648676072,0.23340491804820088,0.705,3.78811122498,0.5076227146204116,0.71,5.5663144942,0.24982738270431737,0.7945073938928361,3.14507465888,0.3438253015038897
25,5024,0.9032098765432091,8.51909067629,0.3430798428436385,0.67,3.68477479,0.23370185672269997,0.7425,0.787545900698,0.02361986600390551,0.6525000000000001,3.4763240491,0.1206911175724158,0.7625000000000001,3.09834877178,0.4961057789696902,0.495,0.369698260346,0.012424338736180084,0.7000000000000001,4.5640160289,0.19915256894970346,0.9289802189360471,1.44488230969,0.9691859625861602
25,5041,0.8246913580246911,0.861866404855,0.01610695801062561,0.75,4.11056897443,0.5655343718685324,0.6375000000000001,0.0151822514311,0.00031146424211268056,0.454999999999999,9.63814231224e-05,1.069303171111524e-06,0.47750000000000004,0.0292670084465,0.000669625543373743,0.36250000000000004,0.00363858139041,7.7499938471072e-05,0.41000000000000003,0.0334168013713,0.0015803452460344495,0.7061647781832141,1.13355430931,0.20474243159875324
25,5303,0.78716049382716,0.112135286339,0.0016151009049083578,0.25,3.8596287603e-09,4.083236673766409e-11,0.8600000000000001,5.6391832198,0.38863979751689726,0.47250000000000003,0.000418221236839,4.93807629304988e-06,0.5,0.06917918917,0.0017208891523967193,0.6950000000000001,3.85107668183,0.46939390898695066,0.75,7.49370091188,0.5277983343910022,0.865603994622623,6.144207495,0.7264433956841577
25,5309,0.9041975308641971,8.60662947964,0.35153728128923645,0.6950000000000001,4.15931958791,0.3324571154261444,0.7675000000000001,1.51622802158,0.05170880852166397,0.6900000000000001,5.70256077348,0.2958629251610283,0.6950000000000001,3.39337936812,0.26664528457677866,0.585,2.07352555449,0.10984911074466537,0.6975,4.31370049218,0.1880559951759241,0.8444785865181481,6.37214822933,0.5918127651732872
25,5385,0.9446913580246911,8.16396260474,0.7190233105967947,0.7625000000000001,3.96987080706,0.6160649632550367,0.8425,5.05791782086,0.2946108894363576,0.5875,0.483881897654,0.010087837216373005,0.6000000000000001,1.13117959133,0.044862993395882476,0.5075000000000001,0.502886300537,0.017845344818490528,0.6075,0.512696759664,0.04107289583213863,0.9020933358939881,3.41537987177,0.9057407543728385
25,5562,0.9111111111111111,9.11009207728,0.4128961465072236,0.6875,4.05289574647,0.3016414048724905,0.9575,3.01381210453,0.8760353152593201,0.774999999999999,4.05747045587,0.7708418380299917,0.8200000000000001,4.5017690869,0.6940965614323055,0.7575000000000001,2.9837473309,0.6879867486668437,0.8025,3.28403292974,0.8249407737140539,0.256769733051661,0.00075907007016,1.9959218328297413e-05
25,5627,0.7688888888888881,0.0327779785417,0.00042044431319487153,0.6675,3.61964207254,0.22457074350394457,0.59,0.00145553825036,2.6232762913143452e-05,0.5225000000000001,0.0157072303531,0.00022873810984867617,0.66,2.70060260174,0.15862396919143376,0.5675,1.62050687514,0.0775753293972229,0.59,0.423407143142,0.03292600348618932,0.8681774534280771,6.02553986672,0.74210638307537
25,5729,0.826172839506172,0.922415121283,0.01742824214512775,0.5,0.0667077846296,0.0014775959691896838,0.6375000000000001,0.0151822514311,0.00031146424211268056,0.5225000000000001,0.0157072303531,0.00022873810984867617,0.545,0.299476551631,0.008990200023103974,0.41000000000000003,0.0253585626148,0.0006222810722625903,0.5,0.146669634365,0.008716308848744593,0.696216631457653,1.1541337104,0.1933635631739854
25,7055,0.7412345679012341,0.00369924842275,4.039314747601691e-05,0.8075000000000001,3.25518180032,0.7799451161580192,0.6375000000000001,0.0151822514311,0.00031146424211268056,0.47250000000000003,0.000418221236839,4.93807629304988e-06,0.5675,0.548470211859,0.01831431167088185,0.464999999999999,0.161403054898,0.004804739417404815,0.54,0.246381580812,0.01646016812369315,0.8713654695602071,5.85478564323,0.7610504364367943
25,7341,0.8864197530864191,6.62653687802,0.21506730333317697,0.5,0.0667077846296,0.0014775959691896838,0.7675000000000001,1.51622802158,0.05170880852166397,0.6125,1.22562863952,0.03039760274094306,0.754999999999999,3.18899318631,0.47254006836719575,0.6025,2.54371666088,0.15025061763117378,0.7000000000000001,4.5640160289,0.19915256894970346,0.8636835029767621,6.22089284925,0.7145681952644922
25,7342,0.9061728395061721,8.77067706722,0.36870253681319687,0.59,1.15472529784,0.04038984518571425,0.847499999999999,5.25320659219,0.3203972760378747,0.545,0.0607088139478,0.0009883604178448123,0.56,0.452543430413,0.014569083038193516,0.52,0.66910063625,0.02513427406068434,0.5875,0.412644277989,0.03188100927476009,0.8137507201843671,4.6246706238,0.4183437798296106
25,7343,0.9619753086419751,5.9278805592,0.8416491373505832,0.6325000000000001,2.49912315894,0.11664938592646985,0.9125000000000001,5.22118576041,0.6884548642064542,0.6875,5.59503045977,0.281739084907798,0.715,3.52603128117,0.33621598541971226,0.665,3.78348088539,0.35387772861259364,0.7075,5.31930464952,0.23621938530185888,0.8559631265603991,6.41934391503,0.665658427547403
25,7588,0.958024691358024,6.48286312931,0.8171304985664198,0.6025,1.50487151979,0.05695956114927023,0.8150000000000001,3.72956403804,0.1730776526683629,0.6725,4.78938240947,0.2035489772694874,0.6175,1.55200320346,0.06824697900065363,0.845,1.4608821102,0.8778503414443651,0.6950000000000001,4.06691283627,0.17758112246719224,0.8559631265603991,6.41934391503,0.665658427547403
25,7599,0.9456790123456791,8.05583087571,0.7270333631724126,0.75,4.11056897443,0.5655343718685324,0.9500000000000001,3.40632324816,0.8519652433616016,0.5625,0.153939295872,0.002757170191688128,0.5675,0.548470211859,0.01831431167088185,0.5325,0.870827262901,0.03472108511019907,0.6000000000000001,0.470658699519,0.03738989127220945,0.8646437487996921,6.18385023078,0.7205242066095985
25,7903,0.6716049382716051,2.51437816354e-06,1.96796103732307e-08,0.75,4.11056897443,0.5655343718685324,0.64,0.0170196815075,0.00035167602356685776,0.6425000000000001,2.81812176911,0.08924638038689663,0.645,2.29933441885,0.12108705177403158,0.5375,0.961681429833,0.03929994263739565,0.68,2.73115261538,0.12696868702813546,0.8857307470712501,4.82814385436,0.8382094643665955
25,8207,0.7046913580246911,0.000111549865198,1.0107077956428344e-06,0.6625,3.48122629515,0.2068142171955834,0.7775000000000001,1.90405708462,0.06876501245380817,0.7375,5.80767292234,0.5838822414966547,0.6575000000000001,2.6360738599,0.15195286505998548,0.54,1.00927183744,0.041763335697031806,0.6975,4.31370049218,0.1880559951759241,0.8859612060687531,4.80916268319,0.8393199674083092
25,8290,0.8898765432098761,7.06031440235,0.2387273126597652,0.8925000000000001,1.04104514393,0.9651952659555416,0.8300000000000001,4.49328674977,0.2348177064340326,0.7825000000000001,3.67749274042,0.7998411091488002,0.8325,4.94009610977,0.7534757324603562,0.75,3.12838551201,0.6650636237391016,0.77,6.35545796399,0.6683646305286528,0.783022853850585,2.40971602827,0.3120859775543076
25,8961,0.835555555555555,1.38809204474,0.02815193025161025,0.535,0.24638104548,0.0063902245491804345,0.9075000000000001,5.3992344724,0.6618940839517382,0.6325000000000001,2.20896805469,0.06416395552766078,0.6025,1.18719635643,0.047760652811167266,0.5325,0.870827262901,0.03472108511019907,0.6625,1.62595130192,0.08961114280534298,0.73309007105819,1.132107465,0.23491003878464967
25,9191,0.28098765432098705,2.14924600415e-45,6.440549734765763e-48,0.5825,0.970146255995,0.03243405981366887,0.6825,0.102764191726,0.0024233547320758647,0.605,0.948611505521,0.022275453778787722,0.63,1.88507131577,0.0897081586432253,0.5925,2.27497531387,0.1261548038640951,0.685,3.14201325702,0.14163515411741767,0.8905319761859031,4.42322335018,0.860425735565886
25,9518,0.919012345679012,9.41340518464,0.4862817880015353,0.75,4.11056897443,0.5655343718685324,0.8500000000000001,5.34276663438,0.33364342791659984,0.625,1.79969769067,0.04915994649697128,0.725,3.50687254162,0.3714272831876902,0.675,3.85054190833,0.39208509220659193,0.7000000000000001,4.5640160289,0.19915256894970346,0.8706740925676971,5.89394502645,0.7569889694518224
25,10630,0.7698765432098761,0.0351789042776,0.0004539906652423142,0.58,0.913093747015,0.03008047975202295,0.867499999999999,5.78856195398,0.4315354459617291,0.6675,4.47528517236,0.18038054727548875,0.7225,3.51689249273,0.3626468694797883,0.7075,3.7663801967,0.517066305364662,0.7275,7.02059623692,0.36088230376867,0.6800845016324181,1.18049575518,0.17451162620464486
25,10672,0.72395061728395,0.000771980335279,7.68999442675769e-06,-0.25,2.23321532361e-40,1.1388059571865892e-42,0.9275,4.5677561034,0.7620666038143209,0.535,0.0340150772999,0.000526232687569202,0.6425000000000001,2.23029889661,0.11542495316383868,0.5,0.419227208798,0.01439463972911681,0.6075,0.512696759664,0.04107289583213863,0.8137507201843671,4.6246706238,0.4183437798296106
25,11039,0.0,6.9573979172e-96,1.4195368293462746e-98,0.715,4.29146435972,0.41732002628605064,0.8125,3.59876606239,0.16391720384419275,0.7625000000000001,4.6999548309,0.7161015110096541,0.8425,4.95693226296,0.8032599828344409,0.72,3.62571285456,0.5633198348396546,0.735,7.39123259399,0.41504774668794736,0.7560975609756091,1.38791261089,0.26314253532996157
25,11140,0.245432098765432,9.51960007849e-51,2.7018569637563034e-53,0.5275000000000001,0.190207662841,0.004760522933600207,0.7825000000000001,2.11771983356,0.07881421923966953,0.5775,0.314092305981,0.006147614133753797,0.6325000000000001,1.95365032,0.09450646997370461,0.55,1.21368093291,0.05285966189641347,0.6975,4.31370049218,0.1880559951759241,0.865565584789706,6.14584250878,0.7262073662874984
25,11230,0.8301234567901231,1.10053330345,0.02141601044321065,0.6825,3.96437411438,0.2815924422098768,0.8975000000000001,5.67890105197,0.6064131362395793,0.6725,4.78938240947,0.2035489772694874,0.6950000000000001,3.39337936812,0.26664528457677866,0.6125,2.80586765088,0.17700721067525585,0.74,7.52422473571,0.4523765340932625,0.7756865757633951,2.03289058923,0.2958366569657849
25,11275,0.8740740740740741,5.04064983114,0.14306051732293867,0.8250000000000001,2.86516031161,0.8336036224907342,0.8775000000000001,5.8798792322,0.4899834512120398,0.7875000000000001,3.43181328716,0.8176112832234088,0.8775000000000001,2.62611763658,0.943555980976947,0.8200000000000001,1.82431043735,0.8369232287769768,0.8225,1.9016299391,0.875675885317645,0.45938160169003206,0.180238081404,0.008306556835131183
25,12534,0.895308641975308,7.70637615627,0.2788586333802053,0.6900000000000001,4.09190780719,0.3118231440351729,0.735,0.632224135189,0.018312417061070944,0.6475000000000001,3.14309396679,0.10414505806717891,0.6525000000000001,2.5037063058,0.13910175902573696,0.5625,1.49855913349,0.06977937884757593,0.665,1.75190366842,0.09383133886219466,0.8021893604762821,3.71551034243,0.37014577879556176
25,14112,0.869135802469135,4.42921215795,0.11968908039769985,0.715,4.29146435972,0.41732002628605064,0.8174999999999991,3.86000352556,0.18256472564104376,0.75,5.30621151174,0.6534916366426369,0.77,3.03778437858,0.5190902137048177,0.705,3.78811122498,0.5076227146204116,0.754999999999999,7.33188665743,0.5649013959330036,0.777222969080084,2.10545839522,0.29901529084405015
25,15812,0.8222222222222221,0.768074219718,0.014096477464665018,0.5475,0.369611611827,0.010198412008848945,0.7125,0.307609373463,0.008097737602479163,0.5750000000000001,0.280407070222,0.0054051520560713774,0.5675,0.548470211859,0.01831431167088185,0.5,0.419227208798,0.01439463972911681,0.62,0.605817694342,0.048024967985939984,0.7657384290378331,1.64321438925,0.2776648164834988
25,15877,0.741728395061728,0.00385963222016,4.2259277617534724e-05,0.375,8.01286933661e-05,1.1527139562743186e-06,0.764999999999999,1.42786615418,0.048029418026426254,0.47000000000000003,0.000341222529738,3.9918694631264685e-06,0.43999999999999906,0.00577613383281,0.00011640333721033096,0.4325,0.0569413701146,0.001505968069910703,0.545,0.261328670634,0.017729213764673995,0.9789130017284421,0.119031041676,0.9980120886464388
25,15878,0.8696296296296291,4.48909283798,0.12189111806369253,0.6925,4.12738470098,0.322097997487937,0.8,2.95164344807,0.12299913158930575,0.6975,5.96865838768,0.3396849426507722,0.7025,3.46951798906,0.2924002928760717,0.65,3.60142281496,0.29837283838827383,0.75,7.49370091188,0.5277983343910022,0.769541002496639,1.77606968581,0.28415972287228625
25,16373,0.6641975308641971,9.91371671703e-07,7.528105705278046e-09,0.6675,3.61964207254,0.22457074350394457,0.7000000000000001,0.198397229336,0.004978021444798171,0.6925,5.80096415615,0.31024428150493466,0.65,2.43619639867,0.132926724811512,0.5975,2.40969877621,0.13786659226679177,0.6925,3.82512273682,0.16771726194225006,0.880929517956596,5.2092912132,0.8141017314870875
25,17703,0.9827160493827161,3.15194789599,0.9348906285427607,0.0,5.77387055999e-22,3.975219406283879e-24,0.595,0.00189233020028,3.455729797424694e-05,0.635,2.35509737972,0.06986809418700257,0.76,3.12633380982,0.48832552823947284,0.42750000000000005,0.0478681410539,0.0012445231227028934,0.605,0.497849931921,0.039809908834880774,0.9251008258114071,1.67245401239,0.9631463195656658
25,17743,0.8755555555555551,5.22864516231,0.15066719538179502,0.5,0.0667077846296,0.0014775959691896838,0.784999999999999,2.22914059651,0.08424718002244491,0.6725,4.78938240947,0.2035489772694874,0.6825,3.20235832558,0.22534328249447583,0.6625,3.75978123556,0.3444480809274955,0.665,1.75190366842,0.09383133886219466,0.8367966199347031,6.12047432771,0.5437236128468999
25,17938,0.908148148148148,8.91908532586,0.3861765705879724,0.5,0.0667077846296,0.0014775959691896838,0.7125,0.307609373463,0.008097737602479163,0.3125,2.96901043212e-11,2.5242780830863046e-13,0.262499999999999,1.0807081682e-07,1.3796317205419972e-09,0.4575,0.128607183809,0.0037211331493253964,0.4375,0.05497563442,0.002775244722072586,0.9558671019781061,0.43031258479,0.9923385880905153
25,17979,0.752592592592592,0.00950635960218,0.00011066399082910677,0.7125,4.28632174083,0.4065971643309571,0.6775,0.0843840789491,0.0019568377266547133,0.6525000000000001,3.4763240491,0.1206911175724158,0.6825,3.20235832558,0.22534328249447583,0.49,0.324868030421,0.010689825054745332,0.7325,7.28943374595,0.3966921717003118,0.87866333781448,5.37778668473,0.8021040492942615
25,18166,0.997037037037037,1.735022224,0.9692556729642146,0.6125,1.81812374996,0.07355306275537118,0.8825000000000001,5.87738014742,0.5193900917536697,0.5875,0.483881897654,0.010087837216373005,0.6625,2.7638075495,0.16545477490003954,0.5625,1.49855913349,0.06977937884757593,0.64,0.884229453976,0.06255120446048272,0.8275398502016511,5.62226230671,0.4892298818094797
25,18246,0.9624691358024691,5.85790765258,0.844559211436801,0.774999999999999,3.80491053477,0.6646810093029589,0.8725,5.8500948608,0.46064513521311634,0.784999999999999,3.55372545228,0.808879768039917,0.78,3.04519274358,0.5494011820673852,0.77,2.73705972033,0.7237451825206991,0.7525000000000001,7.42452363381,0.5464510933108558,0.9107355483003641,2.69418011646,0.9320998795734023
25,18248,0.8562962962962961,3.00795894904,0.07224741304602356,0.9175000000000001,0.546498100365,0.9846364607462019,0.9075000000000001,5.3992344724,0.6618940839517382,0.7475,5.41724528381,0.6400863834767475,0.7725000000000001,3.02838089388,0.5266715741859578,0.8174999999999991,1.86436101076,0.8323125326503986,0.8625,0.812580966883,0.9244696794424777,0.9520261186863831,0.522156844751,0.9905140755169317
25,18270,0.9501234567901231,7.53091329389,0.7616924068877342,0.645,2.92949205562,0.150592547818837,0.7925000000000001,2.5799854787,0.10226666022846925,0.6775,5.08436727999,0.2282425054164411,0.764999999999999,3.07367748384,0.5038200323454465,0.6275000000000001,3.16991518158,0.22188197034601495,0.7425,7.55401017374,0.47122950853347456,0.779181870558863,2.20287644225,0.3032341975267346
25,18297,0.853333333333333,2.72328534941,0.06376102753795262,0.75,4.11056897443,0.5655343718685324,0.8525,5.42646525521,0.3471062241802613,0.745,5.52350542617,0.6264093881766299,0.7525000000000001,3.22217635203,0.464526243356369,0.7275,3.51895965537,0.5901216688500482,0.745,7.55882536295,0.4901257687631918,0.7647397733819851,1.61148936321,0.2760397596503525
25,18311,0.838024691358024,1.53632563113,0.03175998875966478,0.75,4.11056897443,0.5655343718685324,0.8300000000000001,4.49328674977,0.2348177064340326,0.382499999999999,8.09924162467e-08,7.418368194741156e-10,0.42000000000000004,0.0022071088212,4.1796593069170126e-05,0.41750000000000004,0.0334716634333,0.0008416335764090041,0.58,0.382105173792,0.02890217745180257,0.814518916842711,4.68468214986,0.42191950357734587
25,18312,0.7891358024691351,0.126849751436,0.0018508732604780916,1.0,0.0199418685052,0.9996442712376493,0.9025000000000001,5.55261160954,0.6345036574131184,0.48250000000000004,0.000924286622615,1.1337311198447584e-05,0.5275000000000001,0.17637404678,0.004903702310562074,0.48250000000000004,0.265834002865,0.008480620024848616,0.6525000000000001,1.21768712812,0.07551423101213647,0.9389667754945261,0.958711045935,0.9810697676339017
25,18319,0.8538271604938271,2.76950490184,0.06511725171757472,0.47750000000000004,0.0252110021605,0.00050980449225527,0.7525000000000001,1.03834457531,0.03270595169450638,0.485,0.00112105459998,1.388652820109843e-05,0.53,0.190831271468,0.005362511834845884,0.615,2.86947653426,0.18410158956616884,0.48250000000000004,0.113799736496,0.006446264626312537,0.9348185135394661,1.1434684789,0.9767178344480303
25,18392,0.655308641975308,3.11923352201e-07,2.2866811867054107e-09,0.5775,0.858299404553,0.02786670903262472,0.725,0.464173164086,0.012865393751271565,0.5775,0.314092305981,0.006147614133753797,0.595,1.02372093893,0.03947832657834376,0.52,0.66910063625,0.02513427406068434,0.5975,0.458085502117,0.03622908571200554,0.812944113693105,4.56139847921,0.4146389920690541
25,18476,0.8730864197530861,4.91632758948,0.13814356343433537,0.75,4.11056897443,0.5655343718685324,0.8925000000000001,5.77608556439,0.5777631803748605,0.7075,6.17888680218,0.40056577736426935,0.73,3.4769376233,0.38889216329621745,0.6875,3.8713902616,0.44041969189572977,0.784999999999999,4.93929280314,0.7533541959754366,0.8598041098521221,6.3431739545,0.6901833199340665
25,18739,0.7308641975308641,0.0014726271621,1.5206092156670988e-05,0.6875,4.05289574647,0.3016414048724905,0.847499999999999,5.25320659219,0.3203972760378747,0.6925,5.80096415615,0.31024428150493466,0.754999999999999,3.18899318631,0.47254006836719575,0.5875,2.14044717203,0.11511651102706282,0.745,7.55882536295,0.4901257687631918,0.869829076243518,5.94023230035,0.751988809581773
25,18763,0.955555555555555,6.82198408509,0.8007031250327619,-0.25,2.23321532361e-40,1.1388059571865892e-42,0.9575,3.01381210453,0.8760353152593201,0.29250000000000004,2.81847183077e-12,2.3565908421903467e-14,0.29250000000000004,9.86773346175e-07,1.3439029334147149e-08,0.5,0.419227208798,0.01439463972911681,0.5825,0.392027205387,0.029869794155983197,0.928596120606875,1.46644106486,0.9686268522238026
25,19718,0.8444444444444441,1.97655428048,0.04299261933252197,0.875,1.48938036622,0.9431522916407841,0.905,5.47916663338,0.6482947629441876,0.6925,5.80096415615,0.31024428150493466,0.77,3.03778437858,0.5190902137048177,0.635,3.33189754383,0.24627370502005622,0.9225000000000001,0.470234844933,0.9612658332973568,0.640868062223929,1.15145777194,0.12829967423326136
25,19745,0.6167901234567901,1.26311044722e-09,8.048404116409839e-12,-0.25,2.23321532361e-40,1.1388059571865892e-42,0.857499999999999,5.57497303738,0.3746206588030958,0.857499999999999,1.02029696831,0.9622007377987409,0.857499999999999,4.29871340517,0.8736521157519472,0.625,3.11257028184,0.2140285414900657,0.8925000000000001,0.601468033232,0.9452505024250988,0.6714038793931241,1.18675497069,0.16423223304425516
25,20639,0.972345679012345,4.47282595454,0.8955289798867416,0.5825,0.970146255995,0.03243405981366887,0.81,3.46797420777,0.1550838168666889,0.4425,3.17827929019e-05,3.3845237163223533e-07,0.41500000000000004,0.0017171586269,3.203370103806962e-05,0.3375,0.0011546362196,2.301714391626935e-05,0.5275000000000001,0.211434256814,0.013602426572353159,0.864298060303437,6.19748761957,0.7183841538372929
25,25302,0.925925925925925,9.41043788638,0.5515006436781797,0.5,0.0667077846296,0.0014775959691896838,0.725,0.464173164086,0.012865393751271565,0.48750000000000004,0.00135684614052,1.6975075747602878e-05,0.5625,0.483000062647,0.015738201439959493,0.39,0.0116366123779,0.00026832630698818974,0.5125000000000001,0.174063591239,0.01071739658399562,0.7191088918763201,1.11465179409,0.21927381983579694
25,27972,0.779753086419753,0.0694579974581,0.000953655431010939,0.6675,3.61964207254,0.22457074350394457,0.827499999999999,4.37048402354,0.22373746405682904,0.7025,6.0952479049,0.36986230059441416,0.7775000000000001,3.03121727427,0.5418075555245571,0.6675,3.80442907297,0.36336319226696784,0.7525000000000001,7.42452363381,0.5464510933108558,0.850240061455732,6.44726004693,0.6287910654810187
25,28024,0.8562962962962961,3.00795894904,0.07224741304602356,0.9175000000000001,0.546498100365,0.9846364607462019,1.0,1.19732055887,0.9623793268360494,0.899999999999999,0.354914603619,0.9897081635549292,0.8500000000000001,4.72558270877,0.8397006127834363,1.0,0.216321394215,0.9897218523191809,1.0,0.206720134891,0.9867709524657076,0.658382946034184,1.1829198395,0.14878663189719782
25,28466,0.9456790123456791,8.05583087571,0.7270333631724126,0.61,1.73745379178,0.0691088879835817,0.9575,3.01381210453,0.8760353152593201,0.68,5.22292941268,0.24112798499982319,0.68,3.15551608311,0.21739538811620845,0.5875,2.14044717203,0.11511651102706282,0.665,1.75190366842,0.09383133886219466,0.7730362972921061,1.91561859947,0.29060653656959223
25,28484,0.9358024691358021,8.96359702798,0.642653695545017,0.605,1.58071020084,0.060816167739947434,0.8600000000000001,5.6391832198,0.38863979751689726,0.625,1.79969769067,0.04915994649697128,0.5675,0.548470211859,0.01831431167088185,0.61,2.74136591381,0.17007299536194145,0.6375000000000001,0.83567274558,0.06040238273248995,0.8394468984059921,6.22572231248,0.5600881294730851
25,28512,0.9906172839506171,2.30487893266,0.956345896571799,0.827499999999999,2.80363127584,0.8406899000742931,0.7525000000000001,1.03834457531,0.03270595169450638,0.6775,5.08436727999,0.2282425054164411,0.725,3.50687254162,0.3714272831876902,0.635,3.33189754383,0.24627370502005622,0.764999999999999,6.750533146,0.6355756881235288,0.814518916842711,4.68468214986,0.42191950357734587
25,28570,0.7214814814814811,0.000609172874667,5.992332218386336e-06,0.7225,4.28959069043,0.4495146340592995,0.6375000000000001,0.0151822514311,0.00031146424211268056,0.5,0.00341384171417,4.49642739294742e-05,0.47500000000000003,0.0264598612522,0.0006000198259784533,0.4325,0.0569413701146,0.001505968069910703,0.4625,0.0834652681993,0.004485782280424721,0.957787593623967,0.389698525657,0.9931254599918554
25,28894,0.7851851851851851,0.0989439664459,0.0014068669701251299,0.5,0.0667077846296,0.0014775959691896838,0.705,0.237197205191,0.006064503518117321,0.62,1.55327511666,0.04078667628054139,0.67,2.94383350803,0.18686818474115738,0.459999999999999,0.1388456972,0.004055310560026905,0.6475000000000001,1.06398974461,0.06982255842026923,0.9097753024774341,2.7712502771,0.9294758742223967
25,29183,0.84,1.66319918566,0.03491878238540201,0.5825,0.970146255995,0.03243405981366887,0.8225,4.11828793391,0.20251232694045845,0.635,2.35509737972,0.06986809418700257,0.6475000000000001,2.36801918201,0.12692133305731512,0.5825,2.006969206,0.10474857875980063,0.6900000000000001,3.58964111024,0.15845024709988598,0.8598041098521221,6.3431739545,0.6901833199340665
25,29184,0.8222222222222221,0.768074219718,0.014096477464665018,0.5375,0.267886485415,0.007032752867467691,0.774999999999999,1.80204188234,0.06413307441636379,0.5700000000000001,0.222040996143,0.004153800790290012,0.5725,0.620204512414,0.021233346756353008,0.449999999999999,0.10166088288,0.0028610129337534084,0.62,0.605817694342,0.048024967985939984,0.8626848473209141,6.25660884811,0.7083375911265153
25,29229,0.8493827160493821,2.37143238174,0.053707898847979156,0.4375,0.00345609419134,6.041230678307464e-05,0.7725000000000001,1.70335699239,0.05975202727783267,0.34750000000000003,1.68059145163e-09,1.4684344717975073e-11,0.34750000000000003,3.84244983733e-05,5.959506885139649e-07,0.3075,0.000260368360095,4.8290300806033125e-06,0.36750000000000005,0.0143002104201,0.0006155096827653582,0.846360668331092,6.40786554629,0.6038409551581816
25,29338,0.602962962962962,1.43456458188e-10,8.729831416253048e-13,-0.25,2.23321532361e-40,1.1388059571865892e-42,0.615,0.00521049078937,0.00010039394243881174,0.6525000000000001,3.4763240491,0.1206911175724158,0.6900000000000001,3.32608964366,0.24984130268879354,0.62,2.99353128778,0.19876100036190658,0.7000000000000001,4.5640160289,0.19915256894970346,0.9519877088534661,0.523150726732,0.9904940004772956
25,29381,0.5051851851851851,1.51952507985e-18,7.018780354563673e-21,0.5325,0.226311019316,0.005799651467109277,0.66,0.0410524069388,0.0009002738566205835,0.595,0.654108853515,0.014330133667183043,0.67,2.94383350803,0.18686818474115738,0.55,1.21368093291,0.05285966189641347,0.625,0.655984882517,0.051175504474820145,0.7350105627040521,1.14009413421,0.23709163272958747
25,29764,0.829629629629629,1.07689552753,0.0208783902560721,0.6000000000000001,1.43086008406,0.053290287130667226,0.774999999999999,1.80204188234,0.06413307441636379,0.68,5.22292941268,0.24112798499982319,0.7225,3.51689249273,0.3626468694797883,0.5875,2.14044717203,0.11511651102706282,0.7425,7.55401017374,0.47122950853347456,0.8482811599769541,6.43319343596,0.6161733428423333
25,30094,0.8212345679012341,0.732950927502,0.013355340243942422,0.625,2.23882139257,0.09888357037393904,0.63,0.0107175263043,0.00021524378724560768,0.62,1.55327511666,0.04078667628054139,0.5625,0.483000062647,0.015738201439959493,0.5825,2.006969206,0.10474857875980063,0.675,2.36152478857,0.11425476952080632,0.91937776070674,2.04732004434,0.9525238810687339
25,31557,0.8627160493827161,3.68310617284,0.09368358559139167,1.0,0.0199418685052,0.9996442712376493,0.9275,4.5677561034,0.7620666038143209,0.5575,0.119286951864,0.0020772928495406203,0.7925000000000001,3.26725453169,0.5885754944697941,0.5825,2.006969206,0.10474857875980063,0.725,6.85636080493,0.3435322390676269,0.7937776070674091,3.09366269869,0.341548861321485
25,32060,0.9476543209876541,7.82984920632,0.7427249830065172,0.75,4.11056897443,0.5655343718685324,1.0,1.19732055887,0.9623793268360494,0.65,3.30896305228,0.11220975645834441,0.55,0.345106086996,0.010599524257706359,0.5625,1.49855913349,0.06977937884757593,0.65,1.13708251114,0.07257239177901853,0.8214326867678121,5.20659248041,0.45613519205343295
25,38608,0.802469135802469,0.278016466636,0.004436963678716366,0.75,4.11056897443,0.5655343718685324,0.7875000000000001,2.34343711485,0.0899623192435928,0.74,5.71931132514,0.5982923982365455,0.67,2.94383350803,0.18686818474115738,0.764999999999999,2.83608536499,0.7098122945122354,0.7275,7.02059623692,0.36088230376867,0.9289802189360471,1.44488230969,0.9691859625861602
25,38649,0.811851851851851,0.460169575469,0.007839594348445462,0.8225,2.92528417239,0.8263652698089634,0.7575000000000001,1.18375389416,0.038255488422465,0.7525000000000001,5.19100063883,0.6666139603303483,0.78,3.04519274358,0.5494011820673852,0.867499999999999,1.18585894137,0.9075430625665839,0.7925000000000001,4.20019729409,0.787614259586881,0.8565776838870751,6.41022858119,0.6696007418409561
25,39144,0.6666666666666661,1.35647417553e-06,1.040395969689708e-08,0.6675,3.61964207254,0.22457074350394457,0.655,0.0331271559387,0.0007154744777816185,0.5575,0.119286951864,0.0020772928495406203,0.63,1.88507131577,0.0897081586432253,0.5,0.419227208798,0.01439463972911681,0.6425000000000001,0.938112897355,0.06482796835192471,0.9097753024774341,2.7712502771,0.9294758742223967
25,39247,0.9037037037037031,8.56330460214,0.34729775442881095,0.5175000000000001,0.132304044093,0.003162711440450561,0.847499999999999,5.25320659219,0.3203972760378747,0.65,3.30896305228,0.11220975645834441,0.5525,0.369882278322,0.0114929800328746,0.595,2.34236797693,0.13192648415581304,0.5750000000000001,0.36290893715,0.027039979914468083,0.8508162089494911,6.44911435674,0.6325062223715757
25,39495,0.87358024691358,4.97837936074,0.14058669169575336,0.66,3.4082643107,0.19820186203476178,0.75,0.970731293898,0.030195305093794998,0.7225,6.1697391398,0.49366111610687663,0.6900000000000001,3.32608964366,0.24984130268879354,0.5525,1.2681695992,0.05596170272599464,0.764999999999999,6.750533146,0.6355756881235288,0.8521605531015941,6.44938475778,0.6411768702061207
25,39581,0.8029629629629621,0.285767913436,0.004576162200304929,-0.25,2.23321532361e-40,1.1388059571865892e-42,0.9575,3.01381210453,0.8760353152593201,0.6175,1.43840578071,0.03704824760769574,0.6675,2.88558635074,0.17958101487404798,0.47000000000000003,0.186960937419,0.0056743414758206575,0.735,7.39123259399,0.41504774668794736,0.8943729594776261,4.08953032344,0.8767761569705581
25,40799,0.96395061728395,5.64771293637,0.8530819247093192,0.75,4.11056897443,0.5655343718685324,0.9550000000000001,3.14362868709,0.8683387817699436,0.68,5.22292941268,0.24112798499982319,0.6225,1.68280838981,0.07633242739969853,0.5725,1.74629796887,0.08599085751713012,0.735,7.39123259399,0.41504774668794736,0.8536969464182831,6.44272524306,0.6510814982281227
25,40956,0.6474074074074071,1.07631245109e-07,7.654575762908137e-10,-0.25,2.23321532361e-40,1.1388059571865892e-42,0.595,0.00189233020028,3.455729797424694e-05,0.625,1.79969769067,0.04915994649697128,0.72,3.52347173267,0.3538456886767559,0.6575000000000001,3.70426772707,0.32578349573915166,0.7825000000000001,5.18742655063,0.7406955470579323,0.988937968119838,0.0646119354691,0.9989066311124989
25,41042,0.8207407407407401,0.715885135725,0.012997616401830612,-0.25,2.23321532361e-40,1.1388059571865892e-42,0.8325,4.61334448956,0.2462016103339163,0.34750000000000003,1.68059145163e-09,1.4684344717975073e-11,0.444999999999999,0.00726993733202,0.00014888683416233647,0.515,0.59845811509,0.021967729112133468,0.5425,0.253786129955,0.017085348998693357,0.9097753024774341,2.7712502771,0.9294758742223967
25,41069,0.810864197530864,0.437196000879,0.007396531946226658,0.7725000000000001,3.83971667252,0.6551250351210396,0.81,3.46797420777,0.1550838168666889,0.8525,1.13237312042,0.9568223240874503,0.845,4.90324525745,0.8155901567615454,0.8025,2.11885905888,0.8024683284833858,0.827499999999999,1.66077699833,0.8845652975928049,0.6005377376608411,0.977817000926,0.08494771265833806
25,41615,0.544691358024691,4.75362801548e-15,2.431896092833073e-17,0.9675,0.0917210931929,0.9980792245714744,0.8775000000000001,5.8798792322,0.4899834512120398,0.7425,5.6243928639,0.6124733336768421,0.847499999999999,4.82593358881,0.8277565088265423,0.81,1.98861346985,0.8178677010855937,0.919999999999999,0.480421133399,0.9600775323651953,0.820741309775302,5.15637056735,0.45255280372384543
25,41703,0.7925925925925921,0.15670208822,0.0023393749664257293,0.6975,4.18772150567,0.3428916508555917,0.77,1.60806923488,0.05561345802692245,0.735,5.888903896,0.569259976365523,0.7875000000000001,3.14613085129,0.5725605084300641,0.685,3.8727712792,0.4307389193171473,0.6925,3.82512273682,0.16771726194225006,0.7849433454964471,2.52086107544,0.31681973249813994
25,41708,0.6498765432098761,1.50638946523e-07,1.0814254610213008e-09,0.6775,3.86219718997,0.2620204366992824,0.665,0.0506805829785,0.0011288344291988997,0.645,2.97929902419,0.09649255709549337,0.735,3.4348158658,0.40617631787208186,0.51,0.533386050373,0.01914040655085585,0.6725,2.19288969779,0.10856402015981179,0.784904935663529,2.51858870146,0.3167229502925835
25,41851,0.8898765432098761,7.06031440235,0.2387273126597652,-0.25,2.23321532361e-40,1.1388059571865892e-42,0.65,0.0266313439459,0.0005666220047357131,0.6000000000000001,0.791115562193,0.01793493260606573,0.635,2.02259945159,0.09947671884356822,0.3275,0.000712297648822,1.3849531602777592e-05,0.6425000000000001,0.938112897355,0.06482796835192471,0.9193393508738231,2.04998849629,0.9524451926068306
25,43759,0.7056790123456791,0.000123784836053,1.1268227899038383e-06,0.75,4.11056897443,0.5655343718685324,0.6975,0.181160675141,0.00450385910343181,0.8174999999999991,2.15900524035,0.9005362279527842,0.75,3.25569971917,0.45642890482206316,0.7675000000000001,2.78658010053,0.7168406371212965,0.8625,0.812580966883,0.9244696794424777,0.934741693873631,1.14711696734,0.9766298534973064
25,44059,0.9565432098765431,6.68730145411,0.807374493252909,-0.25,2.23321532361e-40,1.1388059571865892e-42,0.8225,4.11828793391,0.20251232694045845,0.5125000000000001,0.00814347218059,0.00011326747283814044,0.605,1.24467954832,0.050800197393829176,0.5325,0.870827262901,0.03472108511019907,0.6575000000000001,1.40362202629,0.08205317287375034,0.9020933358939881,3.41537987177,0.9057407543728385
25,44938,0.834567901234567,1.33193961723,0.026808850245048744,0.8125,3.15114402944,0.7959633810536338,0.9275,4.5677561034,0.7620666038143209,0.6075,1.03540763772,0.0247543387068458,0.6425000000000001,2.23029889661,0.11542495316383868,0.464999999999999,0.161403054898,0.004804739417404815,0.75,7.49370091188,0.5277983343910022,0.7176877280583821,1.11569793966,0.21768901613591987
25,50703,0.8562962962962961,3.00795894904,0.07224741304602356,0.675,3.80617558245,0.25243430164525027,0.74,0.732789681715,0.021720083500566215,0.7125,6.2188028848,0.4315782369190448,0.7000000000000001,3.44755420357,0.2837532289558228,0.645,3.52051976279,0.28056402549644,0.7325,7.28943374595,0.3966921717003118,0.735394661033224,1.14190466795,0.23752988634002414
25,50830,0.8967901234567901,7.87206541027,0.2903988699451663,0.6375000000000001,2.67281485147,0.12957962598118256,0.81,3.46797420777,0.1550838168666889,0.5650000000000001,0.17430807738,0.0031670261362289876,0.66,2.70060260174,0.15862396919143376,0.5725,1.74629796887,0.08599085751713012,0.655,1.30635504931,0.0786675472722469,0.8275398502016511,5.62226230671,0.4892298818094797
25,50921,0.9397530864197531,8.64963873557,0.6774687044099339,0.8325,2.67656386122,0.8543925483821686,0.7025,0.217046038277,0.0054970220413487975,0.5925,0.592857690695,0.012772399933125069,0.68,3.15551608311,0.21739538811620845,0.5975,2.40969877621,0.13786659226679177,0.64,0.884229453976,0.06255120446048272,0.8290762435183401,5.71733427461,0.49794147708209024
25,51734,0.8503703703703701,2.456399575,0.0560918486339235,0.56,0.536962150322,0.015814506699427876,0.7275,0.502304169065,0.014072976608869598,0.6000000000000001,0.791115562193,0.01793493260606573,0.7225,3.51689249273,0.3626468694797883,0.56,1.43919018385,0.06610742550335888,0.6825,2.93164730565,0.13404507482557879,0.9270213174572691,1.55707135302,0.9662466060583463
25,52992,0.928395061728395,9.34670525035,0.5746643685672372,0.6725,3.74699599846,0.24299219083693815,0.8225,4.11828793391,0.20251232694045845,0.75,5.30621151174,0.6534916366426369,0.705,3.48797939867,0.3010978998984267,0.6725,3.83797451707,0.3824738611373166,0.71,5.5663144942,0.24982738270431737,0.748454004225081,1.257060003,0.25306977758733684
25,54491,0.952098765432098,7.28032141986,0.776322322684562,0.705,4.25204900273,0.37456015029738554,0.9025000000000001,5.55261160954,0.6345036574131184,0.77,4.31498153209,0.7499113359640399,0.7975000000000001,3.43212500985,0.6053061955082476,0.9450000000000001,0.502171061967,0.9706912535944752,0.7775000000000001,5.67524444206,0.7135319815473268,0.8689456500864221,5.98672582746,0.746720371566656
25,54885,0.9525925925925921,7.21627267221,0.7799017502784445,0.625,2.23882139257,0.09888357037393904,0.8500000000000001,5.34276663438,0.33364342791659984,0.585,0.435739495231,0.00893915459679406,0.55,0.345106086996,0.010599524257706359,0.5625,1.49855913349,0.06977937884757593,0.68,2.73115261538,0.12696868702813546,0.945265988092951,0.722245085032,0.9863371842182413
25,56634,0.8646913580246911,3.90577824175,0.10117769828351929,0.764999999999999,3.93870267228,0.625950874502972,0.9400000000000001,3.93434843673,0.8152583597875401,0.8525,1.13237312042,0.9568223240874503,0.845,4.90324525745,0.8155901567615454,0.7575000000000001,2.9837473309,0.6879867486668437,0.8300000000000001,1.55488797418,0.888582934489574,0.429652391012099,0.10110874529,0.004211005038626062
25,56758,0.7827160493827161,0.0843931521013,0.0011809457830071115,0.8125,3.15114402944,0.7959633810536338,0.68,0.0931680624196,0.0021786150297096424,0.7725000000000001,4.18603734415,0.760537570965892,0.8225,4.61517052956,0.7054946074243599,0.745,3.22193597665,0.6491866524384284,0.77,6.35545796399,0.6683646305286528,0.73808334933743,1.15673294486,0.24061917875957012
25,56917,0.829629629629629,1.07689552753,0.0208783902560721,0.7325,4.25148812785,0.49225097534088585,0.8300000000000001,4.49328674977,0.2348177064340326,0.72,6.1976572791,0.47819976172203865,0.77,3.03778437858,0.5190902137048177,0.6575000000000001,3.70426772707,0.32578349573915166,0.73,7.16545456055,0.3786190678115155,0.869444977914346,5.96068812716,0.7497032359550327
25,56975,0.776296296296296,0.0550419138187,0.0007393313022592677,0.6000000000000001,1.43086008406,0.053290287130667226,0.8,2.95164344807,0.12299913158930575,0.68,5.22292941268,0.24112798499982319,0.7325,3.45730831264,0.3975605885696661,0.7175,3.65782290055,0.5542150296641936,0.6975,4.31370049218,0.1880559951759241,0.9289802189360471,1.44488230969,0.9691859625861602
25,67160,0.88,5.80005236807,0.17517237298962363,0.68,3.91495895702,0.271742570641645,0.8625,5.69633807583,0.4028106947273617,0.8150000000000001,2.25052176892,0.8950248700368466,0.8500000000000001,4.72558270877,0.8397006127834363,0.76,2.93474877801,0.6953849294380873,0.774999999999999,5.91091863736,0.6990477773369091,0.830036489341271,5.77448891436,0.5034591086803475
25,67299,0.7091358024691351,0.000177442462902,1.6421852827864804e-06,0.5,0.0667077846296,0.0014775959691896838,0.545,0.000115667258899,1.857244357289729e-06,0.6775,5.08436727999,0.2282425054164411,0.6825,3.20235832558,0.22534328249447583,0.6625,3.75978123556,0.3444480809274955,0.6775,2.54100469596,0.12038068514771348,0.9328212022277701,1.24106110889,0.9743374583498726
25,67423,0.652839506172839,2.24506166079e-07,1.6301514400467533e-09,0.59,1.15472529784,0.04038984518571425,0.6825,0.102764191726,0.0024233547320758647,0.6375000000000001,2.50558509999,0.0759430757247557,0.6875,3.28777135993,0.24157334622507606,0.6775,3.86029814513,0.4017242278458383,0.705,5.06862689578,0.22323391410367546,0.9385442673324371,0.976442296373,0.9806609671376412
25,67905,0.8,0.241901247626,0.003795976311406386,0.6675,3.61964207254,0.22457074350394457,0.845,5.15813499198,0.30738198836875824,0.764999999999999,4.57238449212,0.727692174050932,0.8,3.52991173399,0.6140067376786899,0.75,3.12838551201,0.6650636237391016,0.7975000000000001,3.72789702566,0.8074245402108505,0.786863837142308,2.63700674667,0.3217717648663666
25,68565,0.8958024691358021,7.76218771649,0.2826780551123524,0.5775,0.858299404553,0.02786670903262472,0.857499999999999,5.57497303738,0.3746206588030958,0.6950000000000001,5.88979321908,0.3248597657339943,0.7575000000000001,3.15680669254,0.4804720381613702,0.665,3.78348088539,0.35387772861259364,0.7175,6.26485055749,0.29424383001137067,0.8021893604762821,3.71551034243,0.37014577879556176
25,68688,0.883456790123456,6.24679320221,0.19599445078061845,0.79,3.57568211528,0.7200811576539269,0.8075000000000001,3.33753910251,0.1465770350875774,0.685,5.47887433508,0.26789496240310023,0.8025,3.63679976416,0.6229633470042069,0.62,2.99353128778,0.19876100036190658,0.78,5.4334013663,0.7274188598404913,0.8899942385250621,4.46941176766,0.8580347756284985
25,69217,0.9125925925925921,9.19050451449,0.4264534242339513,0.7675000000000001,3.90661250545,0.6357577085613363,0.72,0.395045906707,0.010721192304313518,0.7000000000000001,6.03723136186,0.3546944790618357,0.74,3.38220101055,0.4232227967510289,0.6425000000000001,3.4765867806,0.27181717295676355,0.7675000000000001,6.5601856848,0.6522172856493218,0.777222969080084,2.10545839522,0.29901529084405015
25,69292,0.75358024691358,0.0102867429742,0.0001204337069166346,0.75,4.11056897443,0.5655343718685324,0.74,0.732789681715,0.021720083500566215,0.74,5.71931132514,0.5982923982365455,0.8150000000000001,4.25476339232,0.6721969931961079,0.7875000000000001,2.39546179922,0.768635524600277,0.76,7.08056285431,0.6009678154405861,0.751603610524294,1.3042269835,0.2571009662829974
25,70225,0.795555555555555,0.186990159711,0.0028474002942289085,-0.25,2.23321532361e-40,1.1388059571865892e-42,0.804999999999999,3.20779603532,0.13839554419581174,0.58,0.351063937412,0.006978352162674661,0.64,2.16106586465,0.10993572176933036,0.5375,0.961681429833,0.03929994263739565,0.5925,0.434530419527,0.033998345080869796,0.9116573842903781,2.62107181981,0.9345497071270294
25,70358,0.8291358024691351,1.0536581828,0.020352344007404287,0.5325,0.226311019316,0.005799651467109277,0.75,0.970731293898,0.030195305093794998,0.47500000000000003,0.000511528316392,6.096552288296398e-06,0.48,0.032337996354,0.00074657470201751,0.545,1.10871011779,0.04705594567429755,0.5425,0.253786129955,0.017085348998693357,0.9552525446514301,0.444033404863,0.9920699386043014
25,70659,0.7832098765432091,0.0871415879405,0.0012232968298582748,0.5275000000000001,0.190207662841,0.004760522933600207,0.5650000000000001,0.00037043039924,6.257199522289609e-06,0.6025,0.867224412387,0.020006772988025168,0.685,3.24648676072,0.23340491804820088,0.55,1.21368093291,0.05285966189641347,0.6950000000000001,4.06691283627,0.17758112246719224,0.90497407336278,3.16891538978,0.9152234312906407
25,70707,0.8493827160493821,2.37143238174,0.053707898847979156,0.7225,4.28959069043,0.4495146340592995,0.8825000000000001,5.87738014742,0.5193900917536697,0.6675,4.47528517236,0.18038054727548875,0.7525000000000001,3.22217635203,0.464526243356369,0.6425000000000001,3.4765867806,0.27181717295676355,0.67,2.03514325063,0.10328124381801473,0.853082389091607,6.44628151771,0.647120920524477
25,70749,0.8661728395061721,4.07697161136,0.10709041792093209,0.65,3.09558470645,0.16565738193820143,0.6575000000000001,0.0368949437125,0.0008029244407375748,0.36,6.8689623964e-09,6.083402941228956e-11,0.39,0.000459604246058,7.977381015100948e-06,0.365,0.00406182865549,8.711644449366403e-05,0.39,0.0226836005653,0.0010252697369482545,0.8905703860188201,4.41991785492,0.8605955673565735
25,70793,0.808395061728395,0.3839363124,0.00638398550857301,0.392499999999999,0.000249305724663,3.7745241536885513e-06,0.6125,0.00460560894056,8.8138430874032e-05,0.545,0.0607088139478,0.0009883604178448123,0.59,0.922587634719,0.03461523602284843,0.5275000000000001,0.785785450906,0.030581979269823326,0.66,1.50999722086,0.0856932486513791,0.8893028615325521,4.52853650994,0.8549242707471791
25,70852,0.799012345679012,0.228627592469,0.0035636694405447983,0.5925,1.22063577008,0.043358599091235,0.6975,0.181160675141,0.00450385910343181,0.6900000000000001,5.70256077348,0.2958629251610283,0.705,3.48797939867,0.3010978998984267,0.595,2.34236797693,0.13192648415581304,0.6975,4.31370049218,0.1880559951759241,0.90013443441521,3.58528108654,0.8988841953882384
25,72086,0.515061728395061,1.23098370115e-17,5.827168866259275e-20,0.40750000000000003,0.000627284832042,9.942495344486629e-06,0.847499999999999,5.25320659219,0.3203972760378747,0.5650000000000001,0.17430807738,0.0031670261362289876,0.545,0.299476551631,0.008990200023103974,0.41750000000000004,0.0334716634333,0.0008416335764090041,0.585,0.402196720555,0.030862519557108392,0.8713654695602071,5.85478564323,0.7610504364367943
25,74604,0.789629629629629,0.130782967207,0.0019144819449727242,0.794999999999999,3.49056928313,0.7377487809868735,0.804999999999999,3.20779603532,0.13839554419581174,0.8300000000000001,1.73995536309,0.9248391907285443,0.827499999999999,4.80838062647,0.7290750586079917,0.9075000000000001,0.789560426609,0.946708189011185,0.9125000000000001,0.511563548213,0.9563581661914904,0.8229690800845011,5.31614984953,0.46421910366641883
25,74635,0.769382716049382,0.0339593016689,0.0004369211005454725,0.382499999999999,0.000131341607896,1.930721629054369e-06,0.605,0.0031632076955,5.9323515260640464e-05,0.5575,0.119286951864,0.0020772928495406203,0.675,3.05424372782,0.20186693211005247,0.655,3.67254175465,0.3165619413031652,0.5375,0.239115183558,0.015853325968526594,0.8252736700595351,5.47452853704,0.4766546115129709
25,74688,0.580246913580246,3.20782026232e-12,1.8177117929028487e-14,0.75,4.11056897443,0.5655343718685324,0.5,6.6639591151e-06,9.585534562056121e-08,0.7000000000000001,6.03723136186,0.3546944790618357,0.75,3.25569971917,0.45642890482206316,0.625,3.11257028184,0.2140285414900657,0.774999999999999,5.91091863736,0.6990477773369091,0.8560015363933161,6.41880877842,0.6659049832121317
25,74696,0.892839506172839,7.41940568643,0.2601822373317231,0.6675,3.61964207254,0.22457074350394457,0.7825000000000001,2.11771983356,0.07881421923966953,0.7125,6.2188028848,0.4315782369190448,0.7175,3.52653539528,0.3450324410928639,0.6950000000000001,3.85107668183,0.46939390898695066,0.6975,4.31370049218,0.1880559951759241,0.8636450931438441,6.22231979951,0.7143292243915299
25,76409,0.885432098765432,6.5005436418,0.20858473590245746,0.25,3.8596287603e-09,4.083236673766409e-11,0.7175,0.363838170741,0.009773034980326679,0.51,0.00687314701818,9.453821589128973e-05,0.5325,0.20625686514,0.005858665630243285,0.52,0.66910063625,0.02513427406068434,0.5775,0.372405766968,0.027959082899656106,0.9366621855194931,1.05840062638,0.9787468625952999
25,76496,0.8044444444444441,0.31013924991,0.005017364901275422,0.889999999999999,1.1007104907,0.9625184184311313,0.9325000000000001,4.32077430703,0.7842923996186624,0.9175000000000001,0.207210623052,0.9945374706933268,0.8975000000000001,1.13552072581,0.9801028232955021,0.804999999999999,2.07479747648,0.8077102672414713,0.835,1.36988499576,0.8958805519738423,0.660072978682542,1.18435616052,0.15078705866628098
25,78211,0.8740740740740741,5.04064983114,0.14306051732293867,0.8025,3.35343559884,0.7634212095970994,0.794999999999999,2.70185055297,0.108868493215764,0.81,2.4415587071,0.883299143442476,0.8600000000000001,4.12053253314,0.8841793820270994,0.827499999999999,1.70827778019,0.850166581347021,0.8300000000000001,1.55488797418,0.888582934489574,0.525676973305166,0.4953648225,0.029633163617000597
25,79262,0.897283950617283,7.92609091191,0.29429967503693377,0.66,3.4082643107,0.19820186203476178,0.8400000000000001,4.95293483453,0.28209637109298974,0.7275,6.08440982015,0.5243124620064619,0.8150000000000001,4.25476339232,0.6721969931961079,0.827499999999999,1.70827778019,0.850166581347021,0.7575000000000001,7.21681519274,0.5830918248335831,0.786863837142308,2.63700674667,0.3217717648663666
25,79313,0.7886419753086421,0.123020654035,0.0017891811012283015,0.7000000000000001,4.21261499017,0.35339279884372743,0.764999999999999,1.42786615418,0.048029418026426254,0.515,0.00962790709865,0.0001354338988913073,0.56,0.452543430413,0.014569083038193516,0.41250000000000003,0.0278414528528,0.0006887376622758474,0.6175,0.584009239578,0.04653808963260244,0.9217591703476091,1.88578791868,0.9572055135250651
25,79388,0.8069135802469131,0.354689725118,0.005837096907336416,0.7925000000000001,3.53372415069,0.7289681596460021,0.725,0.464173164086,0.012865393751271565,0.7325,5.96245044554,0.554444126420267,0.75,3.25569971917,0.45642890482206316,0.715,3.68803554137,0.5450323015809151,0.77,6.35545796399,0.6683646305286528,0.9097753024774341,2.7712502771,0.9294758742223967
25,80513,0.8207407407407401,0.715885135725,0.012997616401830612,0.76,4.00009066729,0.6061023103842784,0.8250000000000001,4.24534810371,0.2129672305648772,0.7075,6.17888680218,0.40056577736426935,0.76,3.12633380982,0.48832552823947284,0.5975,2.40969877621,0.13786659226679177,0.7825000000000001,5.18742655063,0.7406955470579323,0.8483195698098711,6.43358402398,0.6164204482431745
25,80619,0.9777777777777771,3.75564927433,0.9178561839138123,0.7625000000000001,3.96987080706,0.6160649632550367,0.8150000000000001,3.72956403804,0.1730776526683629,0.7775000000000001,3.92964369657,0.7808255409604823,0.8250000000000001,4.7182487533,0.7171638094801619,0.6975,3.83906541599,0.4790071197917692,0.77,6.35545796399,0.6683646305286528,0.869406568081428,5.96271338679,0.7494742480131764
25,80759,0.6167901234567901,1.26311044722e-09,8.048404116409839e-12,0.5575,0.499595499293,0.014519232674939885,0.605,0.0031632076955,5.9323515260640464e-05,0.6675,4.47528517236,0.18038054727548875,0.7825000000000001,3.06858732526,0.5570413714801907,0.845,1.4608821102,0.8778503414443651,0.6675,1.88820898375,0.09837929078918303,0.854042634914538,6.44020208205,0.6533082489545354
25,80766,0.8197530864197531,0.68272395021,0.012307050804583816,0.6000000000000001,1.43086008406,0.053290287130667226,0.6375000000000001,0.0151822514311,0.00031146424211268056,0.645,2.97929902419,0.09649255709549337,0.7225,3.51689249273,0.3626468694797883,0.645,3.52051976279,0.28056402549644,0.6975,4.31370049218,0.1880559951759241,0.8905703860188201,4.41991785492,0.8605955673565735
25,80873,0.8182716049382711,0.635344389565,0.011331048343695763,0.5,0.0667077846296,0.0014775959691896838,0.6325000000000001,0.0120477787253,0.00024367017143424335,0.735,5.888903896,0.569259976365523,0.7075,3.50288929103,0.30983722988971674,0.705,3.78811122498,0.5076227146204116,0.7775000000000001,5.67524444206,0.7135319815473268,0.9597080852698291,0.352363604356,0.9938375127672257
25,84558,0.8256790123456791,0.901866216066,0.016977817514957545,0.6275000000000001,2.32529380186,0.10458861975488166,0.7775000000000001,1.90405708462,0.06876501245380817,0.7925000000000001,3.19431429782,0.8341729029285125,0.837499999999999,4.99343821926,0.7783450932252747,0.75,3.12838551201,0.6650636237391016,0.7775000000000001,5.67524444206,0.7135319815473268,0.8444785865181481,6.37214822933,0.5918127651732872
25,104560,0.9170370370370371,9.36728180604,0.46772959334974107,0.515,0.120437966323,0.0028469823651651334,0.8500000000000001,5.34276663438,0.33364342791659984,0.4,5.1169285604e-07,4.85478455670649e-09,0.48,0.032337996354,0.00074657470201751,0.40750000000000003,0.023076747661,0.0005617773098325796,0.485,0.118118694245,0.006736137207919583,0.850240061455732,6.44726004693,0.6287910654810187
25,104598,0.8543209876543211,2.81621754508,0.06649642218963486,0.5,0.0667077846296,0.0014775959691896838,0.67,0.0623270299791,0.001410440931404712,0.5825,0.391539869698,0.007905854029561682,0.645,2.29933441885,0.12108705177403158,0.515,0.59845811509,0.021967729112133468,0.685,3.14201325702,0.14163515411741767,0.8269637027078931,5.58551812798,0.48600118681436544
25,104599,0.8804938271604931,5.86390884885,0.17805236243018907,-0.25,2.23321532361e-40,1.1388059571865892e-42,0.6875,0.124647859757,0.00299031582511595,0.5725,0.249793410799,0.004743019260998541,0.595,1.02372093893,0.03947832657834376,0.47000000000000003,0.186960937419,0.0056743414758206575,0.61,0.528560958673,0.04237423985475108,0.8580756673708471,6.38308634698,0.6791836981587676
25,104688,0.743209876543209,0.00438034890844,4.835542012696766e-05,0.75,4.11056897443,0.5655343718685324,0.8125,3.59876606239,0.16391720384419275,0.7275,6.08440982015,0.5243124620064619,0.73,3.4769376233,0.38889216329621745,0.7225,3.59180047757,0.5723420919330928,0.6625,1.62595130192,0.08961114280534298,0.657384290378336,1.18193784837,0.14760578440233113
25,104824,0.8222222222222221,0.768074219718,0.014096477464665018,0.5,0.0667077846296,0.0014775959691896838,0.875,5.86900155496,0.47529567099273573,0.6325000000000001,2.20896805469,0.06416395552766078,0.6000000000000001,1.13117959133,0.044862993395882476,0.5675,1.62050687514,0.0775753293972229,0.6175,0.584009239578,0.04653808963260244,0.882081812944113,5.12057433035,0.8200534427100025
25,107778,0.589135802469135,1.46771433731e-11,8.547010409264227e-14,0.78,3.73251035954,0.6835261359715812,0.685,0.113235344174,0.0026931650780465783,0.68,5.22292941268,0.24112798499982319,0.7175,3.52653539528,0.3450324410928639,0.6000000000000001,2.47685373462,0.14397483156437432,0.7375,7.46977405141,0.43362894672853836,0.833877472632994,5.98393836486,0.5260512813699338
25,107870,0.90716049382716,8.84690384102,0.377402904258768,0.72,4.29297695593,0.43878587121216583,0.909999999999999,5.31312917473,0.6752857904426715,0.8125,2.34469777722,0.8892814026529867,0.8225,4.61517052956,0.7054946074243599,0.735,3.39866245389,0.6160703631910589,0.8150000000000001,2.34063453089,0.8598272797159284,0.765815248703668,1.6457083535,0.27779114340726346
25,107898,0.7614814814814811,0.0189901155085,0.00023290234644189777,0.605,1.58071020084,0.060816167739947434,0.6175,0.00588943057226,0.00011425257832977867,0.7025,6.0952479049,0.36986230059441416,0.794999999999999,3.34436308282,0.5968377504134744,0.6075,2.67609279101,0.16330102392109277,0.6975,4.31370049218,0.1880559951759241,0.9443057422700211,0.755017564435,0.9856280076086454
25,108143,0.8824691358024691,6.1193261683,0.18988770244853798,0.5625,0.576384018437,0.01720575622840562,0.7225,0.428455666925,0.011750099517414684,0.485,0.00112105459998,1.388652820109843e-05,0.6950000000000001,3.39337936812,0.26664528457677866,0.73,3.48023072935,0.5988709599485369,0.625,0.655984882517,0.051175504474820145,0.8767428461686191,5.51368316809,0.7916444881599709
25,108336,0.8469135802469131,2.16776867486,0.048106518098277574,0.41750000000000004,0.00113095395878,1.8502307155447906e-05,0.5575,0.000241171736061,3.996619452055301e-06,0.535,0.0340150772999,0.000526232687569202,0.56,0.452543430413,0.014569083038193516,0.387499999999999,0.010515337844,0.00024065801393749361,0.595,0.446068308884,0.03509900080369888,0.8269637027078931,5.58551812798,0.48600118681436544
25,108341,0.9516049382716051,7.3438327114,0.7727113978405098,0.595,1.28866851332,0.04649479288792286,0.8075000000000001,3.33753910251,0.1465770350875774,0.5825,0.391539869698,0.007905854029561682,0.52,0.138373878344,0.0037282303944719884,0.52,0.66910063625,0.02513427406068434,0.595,0.446068308884,0.03509900080369888,0.8097560975609751,4.30966719846,0.400497940358947
25,108351,0.598518518518518,6.9731207461e-11,4.1829033296215453e-13,0.665,3.55174089219,0.21560595374602834,0.6825,0.102764191726,0.0024233547320758647,0.65,3.30896305228,0.11220975645834441,0.685,3.24648676072,0.23340491804820088,0.64,3.43044439581,0.2631829329078922,0.615,0.564018142589,0.045103408117483285,0.839408488573074,6.22433054317,0.5598490272352425
25,108388,0.819259259259259,0.666620045744,0.01197389237968464,0.58,0.913093747015,0.03008047975202295,0.6900000000000001,0.13707157201,0.003317246943323383,0.5475,0.0697909985557,0.0011512508268486908,0.64,2.16106586465,0.10993572176933036,0.6000000000000001,2.47685373462,0.14397483156437432,0.5875,0.412644277989,0.03188100927476009,0.8406376032264261,6.26685975086,0.5675260060120546
25,108411,0.9303703703703701,9.27223964889,0.5930568546843329,0.515,0.120437966323,0.0028469823651651334,0.875,5.86900155496,0.47529567099273573,0.6175,1.43840578071,0.03704824760769574,0.6575000000000001,2.6360738599,0.15195286505998548,0.7075,3.7663801967,0.517066305364662,0.67,2.03514325063,0.10328124381801473,0.8743230266948331,5.67482508212,0.7781050228772939
25,108416,0.807407407407407,0.3642215894,0.006014597070766697,0.7125,4.28632174083,0.4065971643309571,0.804999999999999,3.20779603532,0.13839554419581174,0.71,6.20431600357,0.4160470636613408,0.8174999999999991,4.38073675967,0.6829921209779102,0.74,3.31229364856,0.6328495838182674,0.804999999999999,3.07517357905,0.8328878321885833,0.8364893412713651,6.10709124998,0.5418449717192573
25,108417,0.973333333333333,4.33900279795,0.8998803906810453,0.52,0.145152457777,0.0035093211487250316,0.8,2.95164344807,0.12299913158930575,0.5825,0.391539869698,0.007905854029561682,0.6325000000000001,1.95365032,0.09450646997370461,0.605,2.61016951508,0.15669307318285255,0.5325,0.224997540561,0.014693274975144223,0.860149798348377,6.33409843144,0.6923745239739882
25,108652,0.5560493827160491,4.10577936219e-14,2.1676965094687037e-16,0.5625,0.576384018437,0.01720575622840562,0.525,3.38935715042e-05,5.178685927864535e-07,0.5075000000000001,0.00578856514125,7.874704452968678e-05,0.6425000000000001,2.23029889661,0.11542495316383868,0.43999999999999906,0.0733867923204,0.0019924161141033903,0.5650000000000001,0.326673993474,0.023594261697013962,0.945265988092951,0.722245085032,0.9863371842182413
25,109008,0.6819753086419751,8.80005798409e-06,7.196203977938102e-08,0.595,1.28866851332,0.04649479288792286,0.6950000000000001,0.165249426028,0.004071113739574551,0.5275000000000001,0.0215346466176,0.000321144139820434,0.5325,0.20625686514,0.005858665630243285,0.5,0.419227208798,0.01439463972911681,0.63,0.71702211778,0.05460290534091919,0.8137507201843671,4.6246706238,0.4183437798296106
25,109067,0.8479012345679011,2.24773483452,0.05028684935922366,0.75,4.11056897443,0.5655343718685324,0.8,2.95164344807,0.12299913158930575,0.7625000000000001,4.6999548309,0.7161015110096541,0.794999999999999,3.34436308282,0.5968377504134744,0.71,3.74240186621,0.5264527427341715,0.7525000000000001,7.42452363381,0.5464510933108558,0.7877856731323211,2.69448745837,0.32422906153569037
25,129429,0.8172839506172841,0.605283416012,0.010718491222906103,0.76,4.00009066729,0.6061023103842784,0.7925000000000001,2.5799854787,0.10226666022846925,0.5775,0.314092305981,0.006147614133753797,0.5875,0.874453374155,0.03236927556938443,0.54,1.00927183744,0.041763335697031806,0.68,2.73115261538,0.12696868702813546,0.7937776070674091,3.09366269869,0.341548861321485
25,129459,0.838024691358024,1.53632563113,0.03175998875966478,0.605,1.58071020084,0.060816167739947434,0.705,0.237197205191,0.006064503518117321,0.6725,4.78938240947,0.2035489772694874,0.6925,3.3613273942,0.2582012270831303,0.6375000000000001,3.38218291901,0.25466671702341037,0.6875,3.36161288209,0.14976284050020108,0.896331860956404,3.91793267535,0.8846191351493979
25,129490,0.9654320987654321,5.43754727079,0.8612931903485423,0.7000000000000001,4.21261499017,0.35339279884372743,0.889999999999999,5.81325579353,0.5632748879111175,0.6575000000000001,3.81301983665,0.13891410274075283,0.754999999999999,3.18899318631,0.47254006836719575,0.625,3.11257028184,0.2140285414900657,0.6975,4.31370049218,0.1880559951759241,0.8252736700595351,5.47452853704,0.4766546115129709
25,129672,0.901234567901234,8.33371716799,0.32643290063138186,-0.25,2.23321532361e-40,1.1388059571865892e-42,0.725,0.464173164086,0.012865393751271565,0.485,0.00112105459998,1.388652820109843e-05,0.38,0.000263418094599,4.447891239035789e-06,0.43500000000000005,0.0620215042677,0.0016545921851588434,0.405,0.0303928252287,0.0014209229474689174,0.839408488573074,6.22433054317,0.5598490272352425
25,129907,0.725432098765432,0.000888473857892,8.918060054487706e-06,0.6075,1.65827498493,0.06486455087675949,0.65,0.0266313439459,0.0005666220047357131,0.65,3.30896305228,0.11220975645834441,0.63,1.88507131577,0.0897081586432253,0.54,1.00927183744,0.041763335697031806,0.65,1.13708251114,0.07257239177901853,0.9058959093527941,3.09114342075,0.9181087591873427
25,129987,0.6869135802469131,1.56538734882e-05,1.307912020703651e-07,0.5,0.0667077846296,0.0014775959691896838,0.5625,0.000321366184881,5.393836270584264e-06,0.6575000000000001,3.81301983665,0.13891410274075283,0.6875,3.28777135993,0.24157334622507606,0.6575000000000001,3.70426772707,0.32578349573915166,0.6575000000000001,1.40362202629,0.08205317287375034,0.9306702515844051,1.35256894366,0.9715492706455653
25,130043,0.942716049382716,8.36969054647,0.7026913946041086,0.804999999999999,3.30501767162,0.7717445680340531,0.865,5.74620060969,0.4171154101789484,0.8300000000000001,1.73995536309,0.9248391907285443,0.899999999999999,0.99983655667,0.9827694441610689,0.6950000000000001,3.85107668183,0.46939390898695066,0.764999999999999,6.750533146,0.6355756881235288,0.8598041098521221,6.3431739545,0.6901833199340665
25,130166,0.8681481481481481,4.31041951222,0.11537332134921888,0.875,1.48938036622,0.9431522916407841,0.8600000000000001,5.6391832198,0.38863979751689726,0.7875000000000001,3.43181328716,0.8176112832234088,0.9325000000000001,0.141851860882,0.997541125580182,0.875,1.10342056353,0.9161252356085849,0.9325000000000001,0.430378976564,0.965767726997391,0.918225465719224,2.12822686174,0.9501183191052943
25,130586,0.741728395061728,0.00385963222016,4.2259277617534724e-05,-0.25,2.23321532361e-40,1.1388059571865892e-42,0.42750000000000005,3.26211246662e-08,3.9880680883032024e-10,0.20750000000000002,6.85855950074e-17,5.092759669690422e-19,0.28500000000000003,5.75766119725e-07,7.712746211363765e-09,0.25,1.08350792941e-05,1.792687927694116e-07,0.35750000000000004,0.0115483999218,0.0004866991226927722,0.892452467831764,4.2570597506,0.8687612139260499
25,134922,0.679012345679012,6.18923562129e-06,4.9973351587739416e-08,0.4375,0.00345609419134,6.041230678307464e-05,0.79,2.46044647726,0.095966626864252,0.6925,5.80096415615,0.31024428150493466,0.725,3.50687254162,0.3714272831876902,0.635,3.33189754383,0.24627370502005622,0.6775,2.54100469596,0.12038068514771348,0.857922028039178,6.38619012109,0.6782027656745269
25,134923,0.77037037037037,0.0364378634385,0.0004716721756728246,0.6725,3.74699599846,0.24299219083693815,0.735,0.632224135189,0.018312417061070944,0.6825,5.35464260417,0.2543514441262321,0.725,3.50687254162,0.3714272831876902,0.68,3.86724672817,0.4113842430181926,0.7025,4.81624184951,0.21087767094267232,0.879969272133666,5.28169871497,0.8090646521260334
25,135551,0.7629629629629631,0.0212277571587,0.00026266536766483367,0.7825000000000001,3.69486319535,0.6928105595936684,0.774999999999999,1.80204188234,0.06413307441636379,0.7575000000000001,4.95039100691,0.6919724591462064,0.8250000000000001,4.7182487533,0.7171638094801619,0.6425000000000001,3.4765867806,0.27181717295676355,0.7725000000000001,6.1383500936,0.6839842571104922,0.823314768580756,5.34038340587,0.4660610287505199
25,135973,0.9017283950617281,8.38130044304,0.33056009857308505,0.6675,3.61964207254,0.22457074350394457,0.8975000000000001,5.67890105197,0.6064131362395793,0.8,2.85597315124,0.8568473373755149,0.7925000000000001,3.26725453169,0.5885754944697941,0.745,3.22193597665,0.6491866524384284,0.7825000000000001,5.18742655063,0.7406955470579323,0.849241405799884,6.44158368436,0.6223550476773594
25,136122,0.653827160493827,2.56170735416e-07,1.867187340632621e-09,0.5225000000000001,0.159043993881,0.003889342952045145,0.8325,4.61334448956,0.2462016103339163,0.78,3.8028860683,0.790490948396512,0.745,3.32144854757,0.4399847215751734,0.61,2.74136591381,0.17007299536194145,0.745,7.55882536295,0.4901257687631918,0.8521605531015941,6.44938475778,0.6411768702061207
25,136139,0.9422222222222221,8.41881314445,0.6985460458569288,0.8225,2.92528417239,0.8263652698089634,0.845,5.15813499198,0.30738198836875824,0.8025,2.7483455489,0.8638521838385442,0.837499999999999,4.99343821926,0.7783450932252747,0.76,2.93474877801,0.6953849294380873,0.784999999999999,4.93929280314,0.7533541959754366,0.7495678893796811,1.27272958852,0.2544786252253992
25,136288,0.93679012345679,8.89183938261,0.6514715753599362,0.7425,4.18052820311,0.5344349412905598,0.827499999999999,4.37048402354,0.22373746405682904,0.7375,5.80767292234,0.5838822414966547,0.8125,4.12646860867,0.661720234843296,0.6225,3.05373696246,0.2063203593535542,0.7925000000000001,4.20019729409,0.787614259586881,0.852506241597849,6.44853479242,0.6434062122574962
25,136820,0.852345679012345,2.63233181237,0.061116441657361124,0.6025,1.50487151979,0.05695956114927023,0.655,0.0331271559387,0.0007154744777816185,0.6275000000000001,1.9310181103,0.05382224173383129,0.655,2.57038675956,0.14544456517838208,0.5650000000000001,1.55901862158,0.0736011300911279,0.6175,0.584009239578,0.04653808963260244,0.9385442673324371,0.976442296373,0.9806609671376412
25,136846,0.6074074074074071,2.91962352213e-10,1.802758300427104e-12,0.7625000000000001,3.96987080706,0.6160649632550367,0.6525000000000001,0.0297161356484,0.000636991420614567,0.8075000000000001,2.54112013615,0.8770713583730556,0.7925000000000001,3.26725453169,0.5885754944697941,0.875,1.10342056353,0.9161252356085849,0.804999999999999,3.07517357905,0.8328878321885833,0.7226810063376221,1.1137953303,0.2232531368171163
25,137085,0.8148148148148141,0.535224932085,0.009311921385351248,0.847499999999999,2.26894758207,0.8915262955535526,0.9400000000000001,3.93434843673,0.8152583597875401,0.8400000000000001,1.448084556,0.9407488259928977,0.875,2.84740230745,0.9367146856409359,0.8500000000000001,1.39585374292,0.88499118810469,0.8775000000000001,0.685783195528,0.9356271913537078,0.660418667178797,1.18461506501,0.1511965220576304
25,137869,0.9772839506172831,3.81876254795,0.9159859777615668,0.8150000000000001,3.09690552822,0.8037737531392759,0.972499999999999,2.27431775218,0.9155966310653607,0.875,0.687101132339,0.9770103044340842,0.905,0.764947932264,0.9871614896535881,0.8625,1.24322555711,0.9014711828030437,0.8700000000000001,0.741179674901,0.930284007002769,0.0,4.28463591229e-09,7.17551647285702e-11
25,138039,0.716049382716049,0.000357628091174,3.423437552356621e-06,0.655,3.25571059904,0.18153844695464502,0.7325,0.586226505718,0.01678993196999785,0.6975,5.96865838768,0.3396849426507722,0.63,1.88507131577,0.0897081586432253,0.6075,2.67609279101,0.16330102392109277,0.6375000000000001,0.83567274558,0.06040238273248995,0.8560015363933161,6.41880877842,0.6659049832121317
25,140859,0.6948148148148141,3.82703296142e-05,3.3124540439851863e-07,0.4375,0.00345609419134,6.041230678307464e-05,0.59,0.00145553825036,2.6232762913143452e-05,0.5975,0.720133454218,0.016046922399496115,0.65,2.43619639867,0.132926724811512,0.59,2.207632203,0.12055156621268961,0.6000000000000001,0.470658699519,0.03738989127220945,0.9577491837910501,0.390478024596,0.9931104767705856
25,140984,0.9160493827160491,9.33660768139,0.45849269138620463,0.645,2.92949205562,0.150592547818837,0.8925000000000001,5.77608556439,0.5777631803748605,0.754999999999999,5.07220159452,0.6794436500369838,0.7625000000000001,3.09834877178,0.4961057789696902,0.6925,3.86050109502,0.45975389225848623,0.7425,7.55401017374,0.47122950853347456,0.8857307470712501,4.82814385436,0.8382094643665955
25,141053,0.611358024691358,5.44139154296e-10,3.4042384892177613e-12,0.625,2.23882139257,0.09888357037393904,0.7025,0.217046038277,0.0054970220413487975,0.65,3.30896305228,0.11220975645834441,0.645,2.29933441885,0.12108705177403158,0.5,0.419227208798,0.01439463972911681,0.7025,4.81624184951,0.21087767094267232,1.0,0.0324016904941,0.999423155810477
25,141356,0.8508641975308641,2.4996336211,0.057315539956545224,0.7025,4.23403955054,0.3639518346384854,0.9475,3.53853830198,0.8432842268694815,0.794999999999999,3.07903370279,0.8420140838283682,0.8250000000000001,4.7182487533,0.7171638094801619,0.8425,1.49430322695,0.8741564880043934,0.8400000000000001,1.21709372899,0.902335486330117,0.811791818705588,4.47064493026,0.40943516721688555
25,142811,0.714567901234567,0.000308425898477,2.9309144744728675e-06,0.635,2.58608748431,0.12300592722356482,0.7825000000000001,2.11771983356,0.07881421923966953,0.58,0.351063937412,0.006978352162674661,0.595,1.02372093893,0.03947832657834376,0.535,0.91553005092,0.03695372923933644,0.675,2.36152478857,0.11425476952080632,0.8137507201843671,4.6246706238,0.4183437798296106
25,142951,0.929382716049382,9.31205799627,0.5838790001668285,0.6475000000000001,3.01318106586,0.15802113522950048,0.784999999999999,2.22914059651,0.08424718002244491,0.764999999999999,4.57238449212,0.727692174050932,0.804999999999999,3.75156414503,0.632197308460922,0.68,3.86724672817,0.4113842430181926,0.7375,7.46977405141,0.43362894672853836,0.8876896485500281,4.66518165075,0.8475082936831573
25,143324,0.6972839506172831,5.02536350305e-05,4.3989332763851154e-07,0.5750000000000001,0.805762721914,0.02578710111912995,0.6775,0.0843840789491,0.0019568377266547133,0.66,3.98102922111,0.14865683005775715,0.5725,0.620204512414,0.021233346756353008,0.59,2.207632203,0.12055156621268961,0.625,0.655984882517,0.051175504474820145,0.8636835029767621,6.22089284925,0.7145681952644922
25,145305,0.7970370370370371,0.203952537484,0.0031368300503810498,0.605,1.58071020084,0.060816167739947434,0.725,0.464173164086,0.012865393751271565,0.745,5.52350542617,0.6264093881766299,0.7675000000000001,3.05318908508,0.511477651239133,0.6575000000000001,3.70426772707,0.32578349573915166,0.6875,3.36161288209,0.14976284050020108,0.9097753024774341,2.7712502771,0.9294758742223967
25,145335,0.79753086419753,0.209894850426,0.0032390085210102218,0.5225000000000001,0.159043993881,0.003889342952045145,0.8,2.95164344807,0.12299913158930575,0.5425,0.0526944418514,0.0008468171616374862,0.55,0.345106086996,0.010599524257706359,0.5875,2.14044717203,0.11511651102706282,0.5,0.146669634365,0.008716308848744593,0.693796811983867,1.1589599878,0.19056488972090121
25,145444,0.861728395061728,3.57428621134,0.09009982959142496,0.725,4.2836144056,0.4602316662190905,0.794999999999999,2.70185055297,0.108868493215764,0.754999999999999,5.07220159452,0.6794436500369838,0.8525,4.60322924329,0.8513660751915579,0.7975000000000001,2.20883204609,0.7916501047992723,0.6925,3.82512273682,0.16771726194225006,0.8017284424812751,3.68003863318,0.36844141277699605
25,146557,0.9002469135802461,8.23618604705,0.31824997715188447,-0.25,2.23321532361e-40,1.1388059571865892e-42,0.74,0.732789681715,0.021720083500566215,0.72,6.1976572791,0.47819976172203865,0.73,3.4769376233,0.38889216329621745,0.5700000000000001,1.68295718506,0.08170446631590457,0.6825,2.93164730565,0.13404507482557879,0.8974841559439211,3.81692807414,0.8890755508035022
25,146877,0.863209876543209,3.73815472524,0.09551597838074274,0.8075000000000001,3.25518180032,0.7799451161580192,0.865,5.74620060969,0.4171154101789484,0.715,6.22241978358,0.44713201794963325,0.865,3.7242893314,0.9038107081303265,0.8400000000000001,1.52834611188,0.870378307151132,0.5625,0.318008658408,0.022788439264359413,0.5736892644516991,0.81057553882,0.06088410533872866
25,146928,0.803456790123456,0.293703254084,0.004719233863612435,0.7000000000000001,4.21261499017,0.35339279884372743,0.885,5.8640042849,0.5340685012459665,0.8600000000000001,0.967161691866,0.9646846634937385,0.855,4.46032917871,0.8626996263843002,0.8150000000000001,1.90509784053,0.8276008517776386,0.8174999999999991,2.18362407817,0.8654803572531118,0.837718455924716,6.15917416525,0.5493836919957515
25,146993,0.8528395061728391,2.67756051399,0.06242750573890102,0.8125,3.15114402944,0.7959633810536338,0.8,2.95164344807,0.12299913158930575,1.0,0.0065003432405,0.9998826569743773,1.0,0.00410756144456,0.9999193474749215,0.9500000000000001,0.469557047633,0.973120015462973,1.0,0.206720134891,0.9867709524657076,0.37584021509506405,0.0291787208628,0.0010315450026820226
25,147026,0.815802469135802,0.562395925236,0.009853864653682853,0.5,0.0667077846296,0.0014775959691896838,0.645,0.0213293917018,0.00044717315804775195,0.615,1.32918456056,0.033589939561014415,0.655,2.57038675956,0.14544456517838208,0.52,0.66910063625,0.02513427406068434,0.625,0.655984882517,0.051175504474820145,0.8626848473209141,6.25660884811,0.7083375911265153
25,147101,0.9007407407407401,8.28533923196,0.32232939761150314,0.625,2.23882139257,0.09888357037393904,0.8525,5.42646525521,0.3471062241802613,0.7225,6.1697391398,0.49366111610687663,0.865,3.7242893314,0.9038107081303265,0.8600000000000001,1.27267073619,0.8983264206218354,0.6825,2.93164730565,0.13404507482557879,0.861724601497983,6.2882064053,0.7023143209045997
25,147111,0.852345679012345,2.63233181237,0.061116441657361124,0.595,1.28866851332,0.04649479288792286,0.837499999999999,4.84357715596,0.26984986108895714,0.774999999999999,4.05747045587,0.7708418380299917,0.735,3.4348158658,0.40617631787208186,0.605,2.61016951508,0.15669307318285255,0.6225,0.629710561861,0.049568914280935565,0.9010946802381411,3.50180996199,0.9022868443786423
25,147193,0.6439506172839501,6.68515776174e-08,4.69297033527046e-10,0.75,4.11056897443,0.5655343718685324,0.75,0.970731293898,0.030195305093794998,0.7825000000000001,3.67749274042,0.7998411091488002,0.7825000000000001,3.06858732526,0.5570413714801907,0.8500000000000001,1.39585374292,0.88499118810469,0.7975000000000001,3.72789702566,0.8074245402108505,0.752294987516804,1.31579968275,0.2580066531622129
25,819,0.7214814814814811,0.000609172874667,5.992332218386336e-06,0.725,4.2836144056,0.4602316662190905,0.8300000000000001,4.49328674977,0.2348177064340326,0.7075,6.17888680218,0.40056577736426935,0.7025,3.46951798906,0.2924002928760717,0.7775000000000001,2.58909764483,0.7437174041478241,0.7225,6.67442460514,0.3266152544244582,0.8252736700595351,5.47452853704,0.4766546115129709
25,1942,0.755061728395061,0.0115681104615,0.00013660544843380743,0.715,4.29146435972,0.41732002628605064,0.784999999999999,2.22914059651,0.08424718002244491,0.5925,0.592857690695,0.012772399933125069,0.6725,3.00010493426,0.1942985358836851,0.585,2.07352555449,0.10984911074466537,0.6075,0.512696759664,0.04107289583213863,0.8467447666602651,6.41383654757,0.6063033667458732
25,1993,0.905679012345679,8.73108848379,0.36438107333334635,0.6625,3.48122629515,0.2068142171955834,0.905,5.47916663338,0.6482947629441876,0.7525000000000001,5.19100063883,0.6666139603303483,0.7375,3.40968982155,0.41473247208764563,0.63,3.22565801075,0.22987678225993616,0.835,1.36988499576,0.8958805519738423,0.8857307470712501,4.82814385436,0.8382094643665955
