user,id,roomScore,roomScore_pdf,roomScore_cdf,equipmentScore,equipmentScore_pdf,equipmentScore_cdf,serviceScore,serviceScore_pdf,serviceScore_cdf,bathScore,bathScore_pdf,bathScore_cdf,mealScore,mealScore_pdf,mealScore_cdf,locationScore,locationScore_pdf,locationScore_cdf,chargeScore,chargeScore_pdf,chargeScore_cdf,distanceScore,distanceScore_pdf,distanceScore_cdf,kinnennScore,kinnennScore_pdf,kinnennScore_cdf
10,101,0.6000000000000001,0.036081510953,0.0007065009035642157,0.655,2.17992647247,0.09659170383843388,0.73,4.39389510539,0.26843001830081015,0.625,2.20238963286,0.13588463958708807,0.6975,2.78198727188,0.39750771571337057,0.9400000000000001,2.2125295471,0.89263997210992,0.9297100057614741,1.10748657666,0.8950371429122748,0.9797530864197531,1.50023466404,0.9104781947130327,1.0,nan,0.0
10,192,0.6775,0.725385905558,0.020147669144685205,0.63,1.35429552442,0.0528987406845953,0.66,1.55182990824,0.0658784003036619,0.5325,0.510206957643,0.02095619573860693,0.6675,2.4563550042,0.31865210817655065,0.745,2.23369909074,0.10350145118934409,0.8213942769348951,2.2599218103,0.7118433884511886,0.755061728395061,2.76956164544,0.2280884640526409,1.0,nan,0.0
10,223,0.605,0.0454784333818,0.0009095903053510687,0.6375000000000001,1.57720433716,0.0638780399221539,0.6775,2.1436664571,0.09803297428323002,0.5575,0.826121857453,0.037432279796826326,0.5825,1.35124983805,0.15781613098772462,0.605,0.0754885307225,0.002339721466699484,0.8713654695602071,1.74158897455,0.8123197805588604,0.8103703703703701,3.60004598181,0.40711979599254466,0.0,nan,0.0
10,388,0.7675000000000001,5.5003029721,0.26364444629044237,0.7575000000000001,5.38828860931,0.5185020672091497,0.7675000000000001,5.50142019134,0.4573840000362305,0.675,3.37336911753,0.27614526716897947,0.7825000000000001,2.79049191332,0.6453053104539849,0.915,3.20353175549,0.8252093739183073,0.713885154599577,2.52800566606,0.44108390226694383,0.851358024691358,3.68047695397,0.5581814705049298,1.0,nan,0.0
10,398,0.6325000000000001,0.147275289168,0.0033237671424807182,0.635,1.50044589313,0.06003148556615817,0.66,1.55182990824,0.0658784003036619,0.545,0.654475017221,0.028207802401779038,0.847499999999999,1.9561474848,0.8016975097316219,0.61,0.0874548364735,0.0027464129989087536,0.8828884194353751,1.61156476192,0.8316392483598057,0.720493827160493,2.0620354023,0.14449768271125601,0.0,nan,0.0
10,462,0.68,0.783953653204,0.022033569908822596,0.7975000000000001,4.59651164649,0.7229344633951923,0.8300000000000001,4.21219304692,0.7810488372581155,0.64,2.57071282848,0.17168008775368784,0.7075,2.86119339142,0.4257382806644366,0.79,4.09248415097,0.24554467488975656,0.965469560207413,0.787639265393,0.9287092628302712,0.810864197530864,3.60418271071,0.4088986208657721,1.0,nan,0.0
10,509,0.6950000000000001,1.22054211019,0.036875444760258634,0.6375000000000001,1.57720433716,0.0638780399221539,0.6950000000000001,2.84913426656,0.14157578178956165,0.5125000000000001,0.331228769612,0.012641766150191393,0.8225,2.31991708785,0.748200990412671,0.919999999999999,2.9963493532,0.8407081716358773,0.6792778951411561,2.3073885004,0.35706943718082895,0.9125925925925921,2.87891661453,0.7636721133948188,0.0,nan,0.0
10,568,0.6625,0.444701267576,0.011514074397252893,0.685,3.40699059223,0.179998176581124,0.7975000000000001,5.37225761929,0.6230757352714398,0.865,1.68059556376,0.9071391860396925,0.5675,1.19192111608,0.1387643151063256,0.9450000000000001,2.03403152174,0.9032528756021887,0.786863837142308,2.5066114126,0.6291815569713617,0.9432098765432091,2.24653772373,0.8422776851121558,1.0,nan,0.0
10,570,0.8625,4.16551634089,0.8503576751832047,0.754999999999999,5.38753899829,0.5050309748061572,0.7825000000000001,5.56650026443,0.5407155768276372,0.735,4.02366523891,0.5043445030212526,0.857499999999999,1.80804197618,0.8205175360800194,0.8775000000000001,4.64926889132,0.676753235851866,0.765700019204916,2.58736327249,0.5751732387776118,0.946172839506172,2.18364308536,0.8488408969587534,1.0,nan,0.0
10,610,0.7825000000000001,6.37859144287,0.3530618603249255,0.6875,3.51351219929,0.18864885267411258,0.725,4.18115750098,0.24698902092241296,0.615,1.96147677996,0.11507086303525968,0.8225,2.31991708785,0.748200990412671,0.9175000000000001,3.09966893504,0.8330882849749379,0.880929517956596,1.63367920029,0.828460693974901,0.899753086419753,3.11631160134,0.7251572339537531,0.0,nan,0.0
10,630,0.74,3.57268521329,0.13877885364168527,0.6375000000000001,1.57720433716,0.0638780399221539,0.68,2.23810232209,0.10350969867477629,0.5575,0.826121857453,0.037432279796826326,0.7725000000000001,2.86940066577,0.6169899512375685,0.6875,0.681421756586,0.02592002986974628,0.9405031688112151,1.00353254887,0.9064240496912912,0.7629629629629631,2.92172624915,0.25057706066063257,0.0,nan,0.0
10,658,0.59,0.0223286790338,0.00041938612609264755,0.54,0.118069592746,0.003194438167181022,0.5775,0.215667480599,0.006704194075848971,0.47750000000000004,0.140752939573,0.0047696997060695315,0.63,1.9536668047,0.23582935926929421,0.665,0.392128984437,0.01410259879826791,0.656270405223737,2.10633772651,0.30623326065497875,0.65679012345679,0.933712506289,0.05139778571907621,0.0,nan,0.0
10,659,0.645,0.238432577982,0.00569504550541916,0.5925,0.561346846141,0.018585367151768627,0.6125,0.544811749996,0.01927739478090776,0.47750000000000004,0.140752939573,0.0047696997060695315,0.62,1.817933764,0.21697345972723442,0.65,0.265824229963,0.009222944480010648,0.531745726906087,0.95994770457,0.11878832370127755,0.622222222222222,0.535399947674,0.026465339949107217,0.0,nan,0.0
10,716,0.8325,6.27875743412,0.6918839158438894,0.715,4.60346214467,0.30076464306901113,0.7225,4.07209943075,0.2366721348232897,0.645,2.69294202928,0.18483965147790948,0.8025,2.58101160272,0.6991245650399418,0.735,1.8704187869,0.08301051227589552,0.7945073938928361,2.46336374724,0.6481802198565555,0.819259259259259,3.66321754108,0.43941883579614016,0.0,nan,0.0
10,767,0.7000000000000001,1.40210022214,0.043424017050761494,0.6625,2.46946010817,0.11401672607432971,0.6950000000000001,2.84913426656,0.14157578178956165,0.5975,1.56265051286,0.08428667262654779,0.7325,2.97387101717,0.4989470068799977,0.8725,4.79696385829,0.6531306854461116,0.7599385442673321,2.59889382918,0.5602307952248162,0.9007407407407401,3.09899151871,0.7282265337564828,0.0,nan,0.0
10,839,0.845,5.49170923257,0.7656648451245771,0.7875000000000001,4.92244970888,0.6752813096675363,0.8150000000000001,4.84879385311,0.7129265236233352,0.7275,4.01540617065,0.4741836529241711,0.735,2.97778734136,0.5063868697791009,0.925,2.7921926255,0.8551779216913622,0.782024198194737,2.53024989597,0.6169920644634994,1.0,1.14151786754,0.9371340127772714,1.0,nan,0.0
10,858,0.65,0.286612274769,0.007004494580641812,0.635,1.50044589313,0.06003148556615817,0.61,0.512220525599,0.01795644969977428,0.5525,0.754088562911,0.03348364497057227,0.5675,1.19192111608,0.1387643151063256,0.6475000000000001,0.248778770295,0.008579903671336181,0.7714614941425001,2.57128230822,0.5900361116669117,0.631604938271604,0.627871927924,0.031913933431655966,0.0,nan,0.0
10,864,0.71,1.82506994424,0.05949181199391668,0.6375000000000001,1.57720433716,0.0638780399221539,0.6900000000000001,2.63778672846,0.12786128172167466,0.5625,0.902710730136,0.0417524579617855,0.75,2.9717979686,0.5510721440645278,0.919999999999999,2.9963493532,0.8407081716358773,0.8713654695602071,1.74158897455,0.8123197805588604,0.899753086419753,3.11631160134,0.7251572339537531,0.0,nan,0.0
10,922,0.5750000000000001,0.0104105696818,0.00018408790928439419,0.595,0.59891183879,0.02003528732889074,0.605,0.451857663802,0.015548864852227014,0.454999999999999,0.075907323628,0.002396515263783218,0.4525,0.468814492613,0.050325874925466564,0.6825,0.604748841243,0.022707858617570888,0.9174188592279621,1.23269476254,0.8806623111281404,0.5837037037037031,0.261402645461,0.011622731355701276,1.0,nan,0.0
10,930,0.7925000000000001,6.78174582278,0.4190122385128996,0.75,5.36730248406,0.4781335143448381,0.78,5.57367492331,0.5267888377521864,0.685,3.563247733,0.3108490548198902,0.7125,2.89393047757,0.44012808701484957,0.885,4.3991196739,0.710704305760042,0.56024582293067,1.18200642873,0.14922218883447186,0.750123456790123,2.67138654386,0.2146531971115539,1.0,nan,0.0
10,995,0.5325,0.000898533484129,1.3581154676671075e-05,0.51,0.0407131084718,0.0009916132347063376,0.5775,0.215667480599,0.006704194075848971,0.52,0.391373109478,0.015346565977314031,0.7875000000000001,2.74414316481,0.6591437194736733,0.65,0.265824229963,0.009222944480010648,0.8674860764355671,1.7851491094,0.8054789135833302,0.7664197530864191,2.98594603959,0.26078831143126124,1.0,nan,0.0
10,996,0.6375000000000001,0.179252120475,0.004137815058247522,0.6000000000000001,0.679996393141,0.023229184391304277,0.65,1.27001005267,0.05180329265149236,0.5325,0.510206957643,0.02095619573860693,0.625,1.88548460799,0.22623169226508139,0.725,1.54510950393,0.06596613595772086,0.8703668139043591,1.75282112247,0.8105749234113936,0.8390123456790121,3.71376858557,0.5124867005769973,0.0,nan,0.0
10,1119,0.58,0.0135039596424,0.00024356818994519794,0.545,0.139246740342,0.0038364622497324284,0.6000000000000001,0.397523938996,0.013427825269509992,0.5075000000000001,0.29540211642,0.011076559525349122,0.5,0.681153743448,0.07730271191827678,0.7325,1.78537062192,0.07844128014474644,0.8574227002112541,1.89680129776,0.7869504915886767,0.8874074074074071,3.31670317437,0.68541507021996,0.0,nan,0.0
10,1128,0.6775,0.725385905558,0.020147669144685205,0.6925,3.72524593907,0.20674675649592422,0.7425,4.87823440285,0.3264651531505252,0.6025,1.67284530768,0.09237400736862385,0.8700000000000001,1.62631065038,0.8419764088629484,0.7725000000000001,3.36604336618,0.18019851404361914,0.858882273862108,1.88076604788,0.7897073182086621,0.7935802469135801,3.41856687874,0.3480903881402239,1.0,nan,0.0
10,1186,0.6625,0.444701267576,0.011514074397252893,0.6175,1.03202448131,0.03804807218837309,0.7225,4.07209943075,0.2366721348232897,0.65,2.81381000522,0.1986072404480958,0.5750000000000001,1.26938811292,0.1479914519496369,0.67,0.444832555054,0.016192546435666578,0.7987708853466481,2.43622366585,0.6586256411824392,0.712592592592592,1.90141129073,0.12884167122241252,0.0,nan,0.0
10,1356,0.8125,6.97068469667,0.5580194817576543,0.774999999999999,5.21900586434,0.6117566275010339,0.7575000000000001,5.32089522737,0.40318689973440114,0.73,4.02070636025,0.48422932301275157,0.79,2.71936612116,0.6659733222293345,0.925,2.7921926255,0.8551779216913622,0.704513155367774,2.48044039557,0.41760647196656464,0.8316049382716041,3.7097076134,0.4849811989877475,0.0,nan,0.0
10,1357,0.8075000000000001,7.00776978851,0.5230494525531392,0.78,5.11667883818,0.6376052953640314,0.8025,5.2525409048,0.6496485269365584,0.72,3.98435797487,0.4441704155371409,0.76,2.93977708142,0.580648478595867,0.835,5.23231662327,0.46101563572396825,0.283887075091223,0.132683574179,0.011925848161723224,0.6083950617283951,0.418698471317,0.019894978869319725,0.0,nan,0.0
10,1386,0.7425,3.7449110283,0.14792528435355004,0.7025,4.13615491322,0.24607250939126135,0.6975,2.95716140777,0.14883335496250732,0.6525000000000001,2.87351964692,0.20571651817361641,0.5825,1.35124983805,0.15781613098772462,0.8600000000000001,5.08437288885,0.5912414112140734,0.694680238140964,2.42022634317,0.393504325269981,0.866666666666666,3.57162994841,0.613784039561136,0.0,nan,0.0
10,1404,0.7875000000000001,6.60247962899,0.3855319716761685,0.6725,2.87731475126,0.1407331290670653,0.6725,1.96197669192,0.08777292831494897,0.77,3.76706715605,0.6420540582369472,0.75,2.9717979686,0.5510721440645278,0.75,2.42782089307,0.11515211491969464,0.41317457269060803,0.392289948987,0.04347229565612586,0.575802469135802,0.222920321461,0.009712742054866485,0.0,nan,0.0
10,1500,0.5825,0.0153463528543,0.000279586365879538,0.5675,0.280173584837,0.008398150750087197,0.73,4.39389510539,0.26843001830081015,0.387499999999999,0.00866137164625,0.00022608077398966617,0.6875,2.68637243242,0.3701532674034994,0.9375,2.30483391161,0.8869936749052594,0.9097753024774341,1.31371650728,0.8709318820330202,0.8859259259259251,3.33854521647,0.680485193749517,0.0,nan,0.0
10,1501,0.6025,0.0405368602153,0.0008021770457970062,0.505,0.0336634672308,0.0008061732614730474,0.6425000000000001,1.08500731022,0.042985758128001504,0.4,0.0134231935721,0.00036212917054607,0.55,1.02841021714,0.1193714272043089,0.9450000000000001,2.03403152174,0.9032528756021887,0.8521605531015941,1.954031351,0.7768182436451623,0.775308641975308,3.14294762409,0.28803716111368766,0.0,nan,0.0
10,1511,0.54,0.00142840734878,2.2163793974263744e-05,0.52,0.0589013805802,0.001484697017190809,0.6125,0.544811749996,0.01927739478090776,0.5925,1.45598419635,0.07674161877715768,0.6075,1.65329525949,0.19528559074496585,0.8700000000000001,4.86427893813,0.6410531802279835,0.8636450931438441,1.82803829186,0.798539727904034,0.724444444444444,2.14332667854,0.15280440870748693,1.0,nan,0.0
10,1556,0.705,1.60337406142,0.05092931965802472,0.6625,2.46946010817,0.11401672607432971,0.675,2.051602897,0.09278938909631392,0.6525000000000001,2.87351964692,0.20571651817361641,0.705,2.84305877284,0.41860772566324767,0.7825000000000001,3.78849756038,0.21598103891611725,0.788745918955252,2.49662412498,0.6338898751806239,0.675555555555555,1.21778051753,0.07151053910425116,1.0,nan,0.0
10,1630,0.6825,0.846315528201,0.024070599206406095,0.6325000000000001,1.42613804071,0.05637376805201033,0.6525000000000001,1.33663990988,0.05506107976954084,0.6075,1.78623711973,0.10102045672370344,0.8525,1.88195642688,0.8112927170556976,0.64,0.203414345402,0.0068893542781999235,0.888611484540042,1.54709587166,0.8406777276248125,0.6335802469135801,0.648779813656,0.033174740126516195,0.0,nan,0.0
10,1667,0.6175,0.0791689169922,0.0016714503343607308,0.6625,2.46946010817,0.11401672607432971,0.68,2.23810232209,0.10350969867477629,0.49,0.193884321405,0.006846295485799787,0.75,2.9717979686,0.5510721440645278,0.8,4.46520980445,0.2883709406834747,0.660072978682542,2.14165527139,0.31431012919842527,0.902222222222222,3.07269041101,0.7327981968984223,0.0,nan,0.0
10,1680,0.7275,2.76355607856,0.09927891335055465,0.6950000000000001,3.82994509929,0.21619095311863734,0.7925000000000001,5.46527420877,0.5959704755705553,0.6975,3.76158705718,0.35667863740473593,0.784999999999999,2.76786394929,0.652253486661392,0.8700000000000001,4.86427893813,0.6410531802279835,0.8974841559439211,1.44799485349,0.8539639619942332,0.875061728395061,3.48225019922,0.6434068704093079,1.0,nan,0.0
10,1725,0.6475000000000001,0.261573550205,0.006319670160733379,0.6000000000000001,0.679996393141,0.023229184391304277,0.685,2.43376319043,0.11518569383182187,0.625,2.20238963286,0.13588463958708807,0.615,1.75124771772,0.20805091204226958,0.7425,2.13959082316,0.09803527044675353,0.84251968503937,2.05592908182,0.7574850410727622,0.760987654320987,2.88434157247,0.2448425943893623,1.0,nan,0.0
10,1764,0.7425,3.7449110283,0.14792528435355004,0.67,2.77346743657,0.13366987146813408,0.7075,3.40044817123,0.18060935750365162,0.645,2.69294202928,0.18483965147790948,0.7725000000000001,2.86940066577,0.6169899512375685,0.857499999999999,5.12605403398,0.5784772075405482,0.7307470712502401,2.58677586605,0.484256886532697,0.880987654320987,3.407567207,0.6638256827524196,0.0,nan,0.0
10,1770,0.64,0.197381366457,0.00460829235406335,0.5775,0.373783572276,0.011649198781951038,0.6025,0.423966482883,0.014454392514361864,0.5525,0.754088562911,0.03348364497057227,0.635,2.02222521288,0.24576898847408446,0.835,5.23231662327,0.46101563572396825,0.785327443825619,2.5144367776,0.6253243666149408,0.722962962962963,2.11278573278,0.14965174030563158,0.0,nan,0.0
10,1799,0.885,2.51360235828,0.9249605993045575,0.8400000000000001,2.76133192154,0.8805853195220879,0.81,5.02681224723,0.6882290182483788,0.8500000000000001,2.0296053895,0.8793416422381123,0.8250000000000001,2.28479372852,0.753956966760368,0.8,4.46520980445,0.2883709406834747,0.434415210293835,0.461150831196,0.052517701962867175,0.7614814814814811,2.89373208079,0.24626928043399543,0.0,nan,0.0
10,1872,0.6475000000000001,0.261573550205,0.006319670160733379,0.6075,0.817364156801,0.028832123356439726,0.66,1.55182990824,0.0658784003036619,0.52,0.391373109478,0.015346565977314031,0.6075,1.65329525949,0.19528559074496585,0.9475,1.9480133148,0.9082299696650882,0.683272517764547,2.33861459719,0.36634937679189505,0.7866666666666661,3.32277288811,0.3247805269153684,0.0,nan,0.0
10,1927,0.5775,0.0118654663824,0.00021189670279978649,0.5775,0.373783572276,0.011649198781951038,0.66,1.55182990824,0.0658784003036619,0.52,0.391373109478,0.015346565977314031,0.5,0.681153743448,0.07730271191827678,0.8400000000000001,5.25184129549,0.4872363768141905,0.814518916842711,2.31880722113,0.6961007548966314,0.8172839506172841,3.65127529745,0.43219444498979664,0.0,nan,0.0
10,1996,0.495,7.23020511341e-05,9.667385445004045e-07,0.525,0.0704629100549,0.0018073417020730152,0.67,1.87484014886,0.08297743058339783,0.6000000000000001,1.61732644248,0.08826146393473837,0.62,1.817933764,0.21697345972723442,0.7325,1.78537062192,0.07844128014474644,0.8560015363933161,1.91235123259,0.7842437690519553,0.7866666666666661,3.32277288811,0.3247805269153684,0.0,nan,0.0
10,1997,0.685,0.912631681644,0.026268442837592387,0.6625,2.46946010817,0.11401672607432971,0.6900000000000001,2.63778672846,0.12786128172167466,0.59,1.40406468965,0.07316675970705232,0.7775000000000001,2.83233098307,0.6312463179389496,0.67,0.444832555054,0.016192546435666578,0.8905703860188201,1.52510724485,0.8436867910559503,0.493827160493827,0.0337652823004,0.0012158194702736847,1.0,nan,0.0
10,2335,0.64,0.197381366457,0.00460829235406335,0.5825,0.429516461362,0.013654795428022294,0.675,2.051602897,0.09278938909631392,0.485,0.170905443394,0.0059353312910876855,0.75,2.9717979686,0.5510721440645278,0.6900000000000001,0.722755763403,0.027674823750485772,0.9059343191857111,1.35520686759,0.8658063898668035,0.884444444444444,3.35987225752,0.6755233387187882,0.0,nan,0.0
10,2465,0.6675,0.525844547085,0.013935693287987586,0.7775000000000001,5.17067934852,0.6247449327579635,0.7225,4.07209943075,0.2366721348232897,0.555,0.789537826863,0.03541294215835526,-0.25,8.0060318785e-06,3.142064619656999e-07,0.7225,1.470105444,0.06219765249734088,0.937007874015748,1.03653857806,0.9028589134076481,0.8153086419753081,3.63812285746,0.4249948413615586,1.0,nan,0.0
10,2605,0.339999999999999,6.01558883485e-11,5.416157566960807e-13,0.3025,5.8725524997e-07,8.111155952617694e-09,0.339999999999999,4.78535443101e-06,7.382056718435263e-08,0.355,0.00256652946165,6.173896790238286e-05,-0.25,8.0060318785e-06,3.142064619656999e-07,0.59,0.0479584781085,0.0014280045210637864,0.8767428461686191,1.6809599654,0.8215220378627206,0.803456790123456,3.53469447436,0.38244858927948416,1.0,nan,0.0
10,2876,0.8174999999999991,6.87669895178,0.5926613810163155,0.794999999999999,4.68442924988,0.7113324591437828,0.8400000000000001,3.73241495651,0.8207950409845082,0.889999999999999,1.16576360724,0.9425156256392551,0.6075,1.65329525949,0.19528559074496585,0.9550000000000001,1.70367010701,0.9219106863585678,0.602458229306702,1.57232477874,0.2071382741956602,0.886913580246913,3.32404034415,0.6837753781528704,0.0,nan,0.0
10,2877,0.6725,0.618989014963,0.01679251910178335,0.75,5.36730248406,0.4781335143448381,0.635,0.921447908186,0.03547454935973997,0.635,2.44778888523,0.15913367967154288,0.6875,2.68637243242,0.3701532674034994,0.8075000000000001,4.70980153908,0.32279895699710065,0.748454004225081,2.60814766716,0.5303130138221533,0.845432098765432,3.70267744887,0.5362998248684993,1.0,nan,0.0
10,2958,0.5325,0.000898533484129,1.3581154676671075e-05,0.59,0.525686687654,0.017226965705328754,0.65,1.27001005267,0.05180329265149236,0.7475,3.98657847715,0.5544743742412879,0.6825,2.63320116931,0.35685295955606683,0.8775000000000001,4.64926889132,0.676753235851866,0.8905703860188201,1.52510724485,0.8436867910559503,0.9797530864197531,1.50023466404,0.9104781947130327,0.0,nan,0.0
10,4771,0.705,1.60337406142,0.05092931965802472,0.635,1.50044589313,0.06003148556615817,0.705,3.28838440845,0.17224843214713287,0.5175000000000001,0.370439845439,0.014394488183375541,0.6025,1.58964362043,0.18717883926322082,0.8975000000000001,3.9251965242,0.7627913524235579,0.7637795275590551,2.59171526968,0.5701999691101619,0.79753086419753,3.46808361035,0.3616949508615073,1.0,nan,0.0
10,4778,0.774999999999999,5.9720267428,0.30669921354451823,0.7125,4.51562299277,0.28936511307361334,0.6875,2.53478875849,0.12139595955759752,0.6575000000000001,2.99105425104,0.22037909763581712,0.7875000000000001,2.74414316481,0.6591437194736733,0.9400000000000001,2.2125295471,0.89263997210992,0.594814672556174,1.49741159969,0.1954072959051574,0.941234567901234,2.28848894945,0.8377986460311274,1.0,nan,0.0
10,4801,0.64,0.197381366457,0.00460829235406335,0.625,1.21802435871,0.046472058028361636,0.735,4.59717068438,0.290912205066203,0.6725,3.32222367686,0.26777549597247574,0.7075,2.86119339142,0.4257382806644366,0.764999999999999,3.04627444364,0.15615349426149966,0.8214326867678121,2.25958114945,0.7119301851283655,0.8103703703703701,3.60004598181,0.40711979599254466,1.0,nan,0.0
10,4805,0.8400000000000001,5.83092059279,0.7373467261458846,0.74,5.25395323171,0.4249480682886152,0.7725000000000001,5.55164978832,0.4850282753129098,0.6975,3.76158705718,0.35667863740473593,0.7675000000000001,2.90147066068,0.6025606458809885,0.9125000000000001,3.30770905972,0.8170703638020552,0.7753024774342231,2.55806947389,0.599887621442576,0.940246913580246,2.30945995247,0.8355280534718885,0.0,nan,0.0
10,4819,0.715,2.06757676513,0.06921472642001306,0.6725,2.87731475126,0.1407331290670653,0.6725,1.96197669192,0.08777292831494897,0.56,0.863845285028,0.039544500998942855,0.6025,1.58964362043,0.18717883926322082,0.7225,1.470105444,0.06219765249734088,0.8751680430190121,1.6987348705,0.8188608594132423,0.884444444444444,3.35987225752,0.6755233387187882,0.0,nan,0.0
10,4977,0.685,0.912631681644,0.026268442837592387,0.725,4.91839936275,0.34842608706999845,0.71,3.51293868159,0.1892510290385075,0.705,3.8563767008,0.3852581222816991,0.64,2.0908841602,0.2560517800222629,0.8500000000000001,5.21637314352,0.5396599178832662,0.7945073938928361,2.46336374724,0.6481802198565555,0.7970370370370371,3.46211176765,0.3599837889082908,1.0,nan,0.0
10,5024,0.7625000000000001,5.16102294217,0.2369847623618816,0.6525000000000001,2.08722365985,0.09125818896692492,0.7000000000000001,3.06651575353,0.15636269528003066,0.495,0.219381892489,0.00787837209946581,0.67,2.48737597111,0.32483188365181914,0.7425,2.13959082316,0.09803527044675353,0.9289802189360471,1.11472710964,0.8942262733432977,0.9032098765432091,3.05494826284,0.735824204782387,1.0,nan,0.0
10,5041,0.47750000000000004,1.98732591009e-05,2.520547436442445e-07,0.454999999999999,0.00409235616779,8.354784861065481e-05,0.41000000000000003,0.000265914452257,4.853387883586495e-06,0.36250000000000004,0.00343205994461,8.408777099277179e-05,0.75,2.9717979686,0.5510721440645278,0.6375000000000001,0.190052624312,0.006397692449435938,0.7061647781832141,2.48954601964,0.4217107848928994,0.8246913580246911,3.68971380881,0.4593940047687102,0.0,nan,0.0
10,5303,0.5,0.000103165651808,1.4010627199108245e-06,0.47250000000000003,0.00893358670471,0.00019249045684842866,0.75,5.12240126032,0.36399343330544237,0.6950000000000001,3.72578064148,0.34731900426069334,0.25,0.0693580856854,0.005150413030809057,0.8600000000000001,5.08437288885,0.5912414112140734,0.865603994622623,1.80619969625,0.8020992977106557,0.78716049382716,3.32998179032,0.32642318463045095,1.0,nan,0.0
10,5309,0.6950000000000001,1.22054211019,0.036875444760258634,0.6900000000000001,3.6196815488,0.1975654442634828,0.6975,2.95716140777,0.14883335496250732,0.585,1.30320788298,0.06640026612336555,0.6950000000000001,2.7595267133,0.3905806132016201,0.7675000000000001,3.15261354476,0.16390200906000146,0.8444785865181481,2.03558361759,0.7614925088470775,0.9041975308641971,3.03704441195,0.738832609367125,0.0,nan,0.0
10,5385,0.6000000000000001,0.036081510953,0.0007065009035642157,0.5875,0.49186986271,0.01595539757983294,0.6075,0.48125589201,0.016714936679722753,0.5075000000000001,0.29540211642,0.011076559525349122,0.7625000000000001,2.92834278512,0.5879839096655419,0.8425,5.25227214788,0.500367816386038,0.9020933358939881,1.39714821511,0.8605206506048195,0.9446913580246911,2.21508079348,0.8455825860981109,0.0,nan,0.0
10,5562,0.8200000000000001,6.80888397541,0.6097711976165825,0.774999999999999,5.21900586434,0.6117566275010339,0.8025,5.2525409048,0.6496485269365584,0.7575000000000001,3.91222885893,0.594000669046027,0.6875,2.68637243242,0.3701532674034994,0.9575,1.62694272784,0.9260734528252912,0.256769733051661,0.101996775385,0.008758180704366765,0.9111111111111111,2.90753629754,0.7593858171630374,0.0,nan,0.0
10,5627,0.66,0.408251978187,0.01044842983582245,0.5225000000000001,0.0644523459467,0.0016387966269326192,0.59,0.305110386715,0.00993172613119958,0.5675,0.983867524615,0.04646700225843957,0.6675,2.4563550042,0.31865210817655065,0.59,0.0479584781085,0.0014280045210637864,0.8681774534280771,1.77740134536,0.8067104467246189,0.7688888888888881,3.03079826854,0.2682165738197258,1.0,nan,0.0
10,5729,0.545,0.00193117629019,3.0503813412257742e-05,0.5225000000000001,0.0644523459467,0.0016387966269326192,0.5,0.0160075408718,0.00037960077161458756,0.41000000000000003,0.0188331787135,0.0005220272196877086,0.5,0.681153743448,0.07730271191827678,0.6375000000000001,0.190052624312,0.006397692449435938,0.696216631457653,2.43028757957,0.3972305037014138,0.826172839506172,3.69530314173,0.4648644750114913,0.0,nan,0.0
10,7055,0.5675,0.00696986071316,0.00011970111215485246,0.47250000000000003,0.00893358670471,0.00019249045684842866,0.54,0.0678053407143,0.001841120313893016,0.464999999999999,0.100531987431,0.003273716032510861,0.8075000000000001,2.51969810187,0.7118776161898808,0.6375000000000001,0.190052624312,0.006397692449435938,0.8713654695602071,1.74158897455,0.8123197805588604,0.7412345679012341,2.49056670677,0.1917080219748018,0.0,nan,0.0
10,7341,0.754999999999999,4.63165273348,0.20025217058730102,0.6125,0.920044587403,0.03317183887197715,0.7000000000000001,3.06651575353,0.15636269528003066,0.6025,1.67284530768,0.09237400736862385,0.5,0.681153743448,0.07730271191827678,0.7675000000000001,3.15261354476,0.16390200906000146,0.8636835029767621,1.82761085004,0.7986099343405102,0.8864197530864191,3.33132117246,0.6821320766852543,0.0,nan,0.0
10,7342,0.56,0.00460486389198,7.68595058049332e-05,0.545,0.139246740342,0.0038364622497324284,0.5875,0.285074338145,0.009194234401962235,0.52,0.391373109478,0.015346565977314031,0.59,1.43736501475,0.16827084135763046,0.847499999999999,5.23449658353,0.5265950588574656,0.8137507201843671,2.32511779145,0.6943170274765765,0.9061728395061721,3.00076802287,0.7447959819664991,1.0,nan,0.0
10,7343,0.715,2.06757676513,0.06921472642001306,0.6875,3.51351219929,0.18864885267411258,0.7075,3.40044817123,0.18060935750365162,0.665,3.16132065313,0.24345561114451658,0.6325000000000001,1.98791574669,0.24075632127496116,0.9125000000000001,3.30770905972,0.8170703638020552,0.8559631265603991,1.9127705929,0.7841703079066966,0.9619753086419751,1.85254714148,0.8807180493656201,0.0,nan,0.0
10,7588,0.6175,0.0791689169922,0.0016714503343607308,0.6725,2.87731475126,0.1407331290670653,0.6950000000000001,2.84913426656,0.14157578178956165,0.845,2.15032918941,0.8688924856275001,0.6025,1.58964362043,0.18717883926322082,0.8150000000000001,4.91600128581,0.35892190479610864,0.8559631265603991,1.9127705929,0.7841703079066966,0.958024691358024,1.93424094119,0.8732382873282669,1.0,nan,0.0
10,7599,0.5675,0.00696986071316,0.00011970111215485246,0.5625,0.24131679759,0.007096466909482096,0.6000000000000001,0.397523938996,0.013427825269509992,0.5325,0.510206957643,0.02095619573860693,0.75,2.9717979686,0.5510721440645278,0.9500000000000001,1.86424465356,0.9129948171354303,0.8646437487996921,1.81691462363,0.8003597560699071,0.9456790123456791,2.19411943542,0.8477599680753665,1.0,nan,0.0
10,7903,0.645,0.238432577982,0.00569504550541916,0.6425000000000001,1.7379694899,0.07216198443679628,0.68,2.23810232209,0.10350969867477629,0.5375,0.564735855533,0.02364182361601763,0.75,2.9717979686,0.5510721440645278,0.64,0.203414345402,0.0068893542781999235,0.8857307470712501,1.57951235805,0.8361742790910418,0.6716049382716051,1.15406545474,0.06682608044182879,1.0,nan,0.0
10,8207,0.6575000000000001,0.374356663627,0.00947068631172123,0.7375,5.21110804835,0.4118655788356148,0.6975,2.95716140777,0.14883335496250732,0.54,0.593573627817,0.025089489067890026,0.6625,2.3928160037,0.3065283987679056,0.7775000000000001,3.57874249547,0.19756123362722022,0.8859612060687531,1.57691609276,0.8365379927505907,0.7046913580246911,1.74459515539,0.11444064324920362,0.0,nan,0.0
10,8290,0.8325,6.27875743412,0.6918839158438894,0.7825000000000001,5.05717664482,0.6503237416886477,0.77,5.53001531962,0.4711747295863054,0.75,3.97163739452,0.5644226582884926,0.8925000000000001,1.31989914274,0.8750595523254298,0.8300000000000001,5.18815710758,0.4349542899725233,0.783022853850585,2.52561593859,0.6195166096118432,0.8898765432098761,3.27918789899,0.6935584273478186,0.0,nan,0.0
10,8961,0.6025,0.0405368602153,0.0008021770457970062,0.6325000000000001,1.42613804071,0.05637376805201033,0.6625,1.62871503005,0.0698535425552139,0.5325,0.510206957643,0.02095619573860693,0.535,0.906851479672,0.10487762996568259,0.9075000000000001,3.51603431383,0.8000107094311977,0.73309007105819,2.59204124159,0.49032401274043214,0.835555555555555,3.71412064135,0.4996472393211809,0.0,nan,0.0
10,9191,0.63,0.133237628194,0.0029733811524668787,0.605,0.769403800958,0.02684912462302315,0.685,2.43376319043,0.11518569383182187,0.5925,1.45598419635,0.07674161877715768,0.5825,1.35124983805,0.15781613098772462,0.6825,0.604748841243,0.022707858617570888,0.8905319761859031,1.52553789884,0.8436282036708882,0.28098765432098705,3.24926801535e-05,7.80048288589015e-07,0.0,nan,0.0
10,9518,0.725,2.61446920916,0.09255736488836552,0.625,1.21802435871,0.046472058028361636,0.7000000000000001,3.06651575353,0.15636269528003066,0.675,3.37336911753,0.27614526716897947,0.75,2.9717979686,0.5510721440645278,0.8500000000000001,5.21637314352,0.5396599178832662,0.8706740925676971,1.74936629447,0.8111129971741826,0.919012345679012,2.75190361674,0.781748803662711,1.0,nan,0.0
10,10630,0.7225,2.47019194074,0.08620255815131603,0.6675,2.67076512944,0.126864837381098,0.7275,4.28853601746,0.25757652289487476,0.7075,3.88357086522,0.3949335283499075,0.58,1.32348108167,0.15447281667557183,0.867499999999999,4.92690401126,0.6288131994781012,0.6800845016324181,2.31379595229,0.35893317927220125,0.7698765432098761,3.04848483282,0.2712187012251945,1.0,nan,0.0
10,10672,0.6425000000000001,0.217072500099,0.005126023328626429,0.535,0.0997602628879,0.0026509881557293027,0.6075,0.48125589201,0.016714936679722753,0.5,0.247588818509,0.009044629860169198,-0.25,8.0060318785e-06,3.142064619656999e-07,0.9275,2.69174921263,0.8620325897819519,0.8137507201843671,2.32511779145,0.6943170274765765,0.72395061728395,2.13313971677,0.1517484913389045,0.0,nan,0.0
10,11039,0.8425,5.66477840922,0.75171788966289,0.7625000000000001,5.37092762387,0.5454105872554552,0.735,4.59717068438,0.290912205066203,0.72,3.98435797487,0.4441704155371409,0.715,2.90847278063,0.4473813496762306,0.8125,4.85196475476,0.3467109270306602,0.7560975609756091,2.60402884163,0.5502379702158148,0.0,2.44661438448e-11,3.9728861545815117e-13,1.0,nan,0.0
10,11140,0.6325000000000001,0.147275289168,0.0033237671424807182,0.5775,0.373783572276,0.011649198781951038,0.6975,2.95716140777,0.14883335496250732,0.55,0.719767524799,0.03164155910533034,0.5275000000000001,0.852076516987,0.09828404364371841,0.7825000000000001,3.78849756038,0.21598103891611725,0.865565584789706,1.80662863625,0.8020299136442617,0.245432098765432,7.491460791e-06,1.6974872216241374e-07,1.0,nan,0.0
10,11230,0.6950000000000001,1.22054211019,0.036875444760258634,0.6725,2.87731475126,0.1407331290670653,0.74,4.78819185629,0.31438130080182913,0.6125,1.90244671355,0.11024107748466015,0.6825,2.63320116931,0.35685295955606683,0.8975000000000001,3.9251965242,0.7627913524235579,0.7756865757633951,2.55663983042,0.6008698977187493,0.8301234567901231,3.70673293707,0.47948745068124327,1.0,nan,0.0
10,11275,0.8775000000000001,3.02967696874,0.9042022428939527,0.7875000000000001,4.92244970888,0.6752813096675363,0.8225,4.54698985159,0.7481844827882178,0.8200000000000001,2.76268198315,0.8074735844899892,0.8250000000000001,2.28479372852,0.753956966760368,0.8775000000000001,4.64926889132,0.676753235851866,0.45938160169003206,0.556919513094,0.06518969980359975,0.8740740740740741,3.4937896718,0.6399618905725775,1.0,nan,0.0
10,12534,0.6525000000000001,0.313670504811,0.007754414320951818,0.6475000000000001,1.90813093439,0.08127340434449773,0.665,1.70818571231,0.07402413034092575,0.5625,0.902710730136,0.0417524579617855,0.6900000000000001,2.71167914053,0.376901016815074,0.735,1.8704187869,0.08301051227589552,0.8021893604762821,2.41297023759,0.6669144367751978,0.895308641975308,3.19201781028,0.7111373378345871,0.0,nan,0.0
10,14112,0.77,5.66336163688,0.277600089401544,0.75,5.36730248406,0.4781335143448381,0.754999999999999,5.26030842188,0.3899591843810674,0.705,3.8563767008,0.3852581222816991,0.715,2.90847278063,0.4473813496762306,0.8174999999999991,4.97502817743,0.3712867583044282,0.777222969080084,2.55072580322,0.6047933989027671,0.869135802469135,3.5474234425,0.6225733592374224,0.0,nan,0.0
10,15812,0.5675,0.00696986071316,0.00011970111215485246,0.5750000000000001,0.348242381252,0.010746978408563902,0.62,0.652956126696,0.023759013330372187,0.5,0.247588818509,0.009044629860169198,0.5475,1.00699150123,0.11682727395586731,0.7125,1.19582679155,0.04890226241510693,0.7657384290378331,2.58727106551,0.575272617198424,0.8222222222222221,3.67883284242,0.45029663238733747,1.0,nan,0.0
10,15877,0.43999999999999906,9.74483147492e-07,1.1126965900279559e-08,0.47000000000000003,0.00801380809293,0.0001713253464998491,0.545,0.0799582730579,0.002209798221291428,0.4325,0.0388267712005,0.0011465517778712724,0.375,0.248701116814,0.023250370946098137,0.764999999999999,3.04627444364,0.15615349426149966,0.9789130017284421,0.686490605029,0.9386059564371219,0.741728395061728,2.50071320244,0.19294043714043219,1.0,nan,0.0
10,15878,0.7025,1.50022206797,0.04705088151496972,0.6975,3.93351211337,0.22589553869422418,0.75,5.12240126032,0.36399343330544237,0.65,2.81381000522,0.1986072404480958,0.6925,2.73607746131,0.38371090609055636,0.8,4.46520980445,0.2883709406834747,0.769541002496639,2.57714419168,0.585092276743167,0.8696296296296291,3.54237042267,0.6243239285046679,0.0,nan,0.0
10,16373,0.65,0.286612274769,0.007004494580641812,0.6925,3.72524593907,0.20674675649592422,0.6925,2.7426196383,0.13458642275455476,0.5975,1.56265051286,0.08428667262654779,0.6675,2.4563550042,0.31865210817655065,0.7000000000000001,0.909600687925,0.03580709213169274,0.880929517956596,1.63367920029,0.828460693974901,0.6641975308641971,1.04016931934,0.058703823258964546,1.0,nan,0.0
10,17703,0.76,4.98648401787,0.22429984146113913,0.635,1.50044589313,0.06003148556615817,0.605,0.451857663802,0.015548864852227014,0.42750000000000005,0.0332125664421,0.0009667793647139202,0.0,0.00165410241961,8.535945269374448e-05,0.595,0.0559048461016,0.0016872019016311386,0.9251008258114071,1.15364130919,0.8898265556417086,0.9827160493827161,1.44457650483,0.9148406321070868,1.0,nan,0.0
10,17743,0.6825,0.846315528201,0.024070599206406095,0.6725,2.87731475126,0.1407331290670653,0.665,1.70818571231,0.07402413034092575,0.6625,3.10548797153,0.23562189274846373,0.5,0.681153743448,0.07730271191827678,0.784999999999999,3.8915455285,0.22558139846076053,0.8367966199347031,2.11414965682,0.7455513198024706,0.8755555555555551,3.47638115321,0.6451250537022486,0.0,nan,0.0
10,17938,0.262499999999999,6.29600835547e-15,4.86562915809124e-17,0.3125,1.1759083614e-06,1.6600365657128326e-08,0.4375,0.00105598546107,2.075208406937675e-05,0.4575,0.0815106003125,0.0025932152413770215,0.5,0.681153743448,0.07730271191827678,0.7125,1.19582679155,0.04890226241510693,0.9558671019781061,0.866429695391,0.9207720341015511,0.908148148148148,2.96389425506,0.7506871020424578,1.0,nan,0.0
10,17979,0.6825,0.846315528201,0.024070599206406095,0.6525000000000001,2.08722365985,0.09125818896692492,0.7325,4.49688956854,0.27954402799949873,0.49,0.193884321405,0.006846295485799787,0.7125,2.89393047757,0.44012808701484957,0.6775,0.535613256926,0.019859978801945774,0.87866333781448,1.65927276256,0.8247294835618861,0.752592592592592,2.72072528191,0.2213102222103136,1.0,nan,0.0
10,18166,0.6625,0.444701267576,0.011514074397252893,0.5875,0.49186986271,0.01595539757983294,0.64,1.02816804885,0.040344780910720836,0.5625,0.902710730136,0.0417524579617855,0.6125,1.71829580331,0.20371404132024876,0.8825000000000001,4.48594172246,0.6995973127955881,0.8275398502016511,2.20387798222,0.7255612501274575,0.997037037037037,1.19067869712,0.9336792051281583,0.0,nan,0.0
10,18246,0.78,6.25171017835,0.3372720423132792,0.784999999999999,4.99236394389,0.6628867526704214,0.7525000000000001,5.19404803145,0.37689008610172087,0.77,3.76706715605,0.6420540582369472,0.774999999999999,2.85147711428,0.6241413061424853,0.8725,4.79696385829,0.6531306854461116,0.9107355483003641,1.30342055443,0.8721884269504718,0.9624691358024691,1.84240502861,0.8816303825563041,1.0,nan,0.0
10,18248,0.7725000000000001,5.8208901908,0.29195664612064987,0.7475,5.3479315796,0.4647382000764243,0.8625,2.62929549731,0.8922773440317058,0.8174999999999991,2.82286383845,0.800491551635685,0.9175000000000001,1.02538296976,0.9042627944231432,0.9075000000000001,3.51603431383,0.8000107094311977,0.9520261186863831,0.899452473838,0.9173809447521085,0.8562962962962961,3.65334023699,0.5762928580289521,0.0,nan,0.0
10,18270,0.764999999999999,5.3325735608,0.2501024665552758,0.6775,3.08770865768,0.15564440237579352,0.7425,4.87823440285,0.3264651531505252,0.6275000000000001,2.26349400778,0.1414669423638436,0.645,2.15934895411,0.2666775074429633,0.7925000000000001,4.18976636929,0.25589798371182415,0.779181870558863,2.54273452511,0.6097822745645936,0.9501234567901231,2.09999447398,0.8573022929818883,1.0,nan,0.0
10,18297,0.7525000000000001,4.45288975825,0.18889643276786477,0.745,5.32250564053,0.4513989028857996,0.745,4.964172791,0.33876905249638456,0.7275,4.01540617065,0.4741836529241711,0.75,2.9717979686,0.5510721440645278,0.8525,5.192187634,0.5526718722079622,0.7647397733819851,2.58960263841,0.5726876487010212,0.853333333333333,3.67055518184,0.5654419550515363,0.0,nan,0.0
10,18311,0.42000000000000004,1.69968666107e-07,1.8423563603637764e-09,0.382499999999999,9.67797137685e-05,1.6139808874728931e-06,0.58,0.231505233441,0.007262961055022138,0.41750000000000004,0.0241115892807,0.0006823347484975988,0.75,2.9717979686,0.5510721440645278,0.8300000000000001,5.18815710758,0.4349542899725233,0.814518916842711,2.31880722113,0.6961007548966314,0.838024691358024,3.71427096209,0.508818506440848,1.0,nan,0.0
10,18312,0.5275000000000001,0.000654750550752,9.72812299788118e-06,0.48250000000000004,0.0136660731687,0.0003039577957906629,0.6525000000000001,1.33663990988,0.05506107976954084,0.48250000000000004,0.160302007247,0.005521441030105826,1.0,0.426305253792,0.9605708051577964,0.9025000000000001,3.72259493427,0.7819129536392069,0.9389667754945261,1.01796084544,0.9048711613718871,0.7891358024691351,3.35826666964,0.33302900833648197,1.0,nan,0.0
10,18319,0.53,0.000767591117575,1.1502534912678938e-05,0.485,0.0151624980894,0.00033996394974712875,0.48250000000000004,0.00792183403369,0.00017770436480462926,0.615,1.96147677996,0.11507086303525968,0.47750000000000004,0.569983822067,0.0632688175976525,0.7525000000000001,2.52756062996,0.12134599574294591,0.9348185135394661,1.05753912551,0.900566613204401,0.8538271604938271,3.6678796893,0.5672539174798492,0.0,nan,0.0
10,18392,0.595,0.0284650242886,0.0005458104234202374,0.5775,0.373783572276,0.011649198781951038,0.5975,0.372472672041,0.012465613453543646,0.52,0.391373109478,0.015346565977314031,0.5775,1.29619210967,0.15119832572636308,0.725,1.54510950393,0.06596613595772086,0.812944113693105,2.33168333794,0.6924389202749155,0.655308641975308,0.913324573404,0.0500296473909546,1.0,nan,0.0
10,18476,0.73,2.91725593063,0.10637899064797801,0.7075,4.33094613164,0.2672440038030283,0.784999999999999,5.55203194974,0.5546152601605812,0.6875,3.60663569013,0.31981177376720216,0.75,2.9717979686,0.5510721440645278,0.8925000000000001,4.1215365381,0.742671420682318,0.8598041098521221,1.87060664115,0.7914363952207275,0.8730864197530861,3.50506192672,0.6365056454509376,1.0,nan,0.0
10,18739,0.754999999999999,4.63165273348,0.20025217058730102,0.6925,3.72524593907,0.20674675649592422,0.745,4.964172791,0.33876905249638456,0.5875,1.35312990771,0.06972047464317253,0.6875,2.68637243242,0.3701532674034994,0.847499999999999,5.23449658353,0.5265950588574656,0.869829076243518,1.75886430346,0.8096307404967414,0.7308641975308641,2.2761649651,0.16699011939703234,0.0,nan,0.0
10,18763,0.29250000000000004,2.5951042354e-13,2.12204179563776e-15,0.29250000000000004,2.88595707206e-07,3.901648807180086e-09,0.5825,0.24832078174,0.007862535033337082,0.5,0.247588818509,0.009044629860169198,-0.25,8.0060318785e-06,3.142064619656999e-07,0.9575,1.62694272784,0.9260734528252912,0.928596120606875,1.11854823391,0.893797374906198,0.955555555555555,1.98574628647,0.8683988608203568,1.0,nan,0.0
10,19718,0.77,5.66336163688,0.277600089401544,0.6925,3.72524593907,0.20674675649592422,0.9225000000000001,0.629579607368,0.9810096274582913,0.635,2.44778888523,0.15913367967154288,0.875,1.55550002864,0.8499303922258661,0.905,3.61966935879,0.7910909605474641,0.640868062223929,1.95752502161,0.27492654010227835,0.8444444444444441,3.70526484919,0.5326415554640314,0.0,nan,0.0
10,19745,0.857499999999999,4.55554823975,0.8285543272849571,0.857499999999999,2.01826592093,0.9222774252945904,0.8925000000000001,1.40101163396,0.9516922545808401,0.625,2.20238963286,0.13588463958708807,-0.25,8.0060318785e-06,3.142064619656999e-07,0.857499999999999,5.12605403398,0.5784772075405482,0.6714038793931241,2.24231269533,0.3391543105263583,0.6167901234567901,0.486864743019,0.023690436279896965,1.0,nan,0.0
10,20639,0.41500000000000004,1.08204318487e-07,1.1581650453408982e-09,0.4425,0.00227620009945,4.476986861840988e-05,0.5275000000000001,0.0442382266638,0.0011500696474218996,0.3375,0.00127288538758,2.936953974778057e-05,0.5825,1.35124983805,0.15781613098772462,0.81,4.78314954788,0.3346660636665817,0.864298060303437,1.82076748684,0.7997310035699121,0.972345679012345,1.64350766597,0.8988381876995463,1.0,nan,0.0
10,25302,0.5625,0.0052949374315,8.921571153683683e-05,0.48750000000000004,0.0168069485485,0.000379893616526987,0.5125000000000001,0.0257500083269,0.0006362560022153521,0.39,0.00946701310173,0.00024872757323493567,0.5,0.681153743448,0.07730271191827678,0.725,1.54510950393,0.06596613595772086,0.7191088918763201,2.55002768437,0.45434850268159227,0.925925925925925,2.61067183927,0.8002883650257726,0.0,nan,0.0
10,27972,0.7775000000000001,6.11591457875,0.3218107388721546,0.7025,4.13615491322,0.24607250939126135,0.7525000000000001,5.19404803145,0.37689008610172087,0.6675,3.2161126618,0.25142762877431135,0.6675,2.4563550042,0.31865210817655065,0.827499999999999,5.15702248798,0.4220215751858646,0.850240061455732,1.97466156714,0.7730457088590953,0.779753086419753,3.21636695178,0.3021703367545262,0.0,nan,0.0
10,28024,0.8500000000000001,5.12855809111,0.7922239085470535,0.899999999999999,0.733219404586,0.9778094484534958,1.0,0.0429332651511,0.9989702933568139,1.0,0.108253848169,0.9964498854388077,0.9175000000000001,1.02538296976,0.9042627944231432,1.0,0.679038267202,0.9727839506350128,0.658382946034184,2.12604285177,0.3107038350611371,0.8562962962962961,3.65334023699,0.5762928580289521,1.0,nan,0.0
10,28466,0.68,0.783953653204,0.022033569908822596,0.68,3.1938586098,0.16349626523999863,0.665,1.70818571231,0.07402413034092575,0.5875,1.35312990771,0.06972047464317253,0.61,1.68563739498,0.19945918839706286,0.9575,1.62694272784,0.9260734528252912,0.7730362972921061,2.5661041693,0.59408134165106,0.9456790123456791,2.19411943542,0.8477599680753665,1.0,nan,0.0
10,28484,0.5675,0.00696986071316,0.00011970111215485246,0.625,1.21802435871,0.046472058028361636,0.6375000000000001,0.973665453685,0.03784297057330376,0.61,1.84401524576,0.10555813055601465,0.605,1.62129071251,0.1911924307355834,0.8600000000000001,5.08437288885,0.5912414112140734,0.8394468984059921,2.087424849,0.7511190845473327,0.9358024691358021,2.40367469967,0.8250542960893468,1.0,nan,0.0
10,28512,0.725,2.61446920916,0.09255736488836552,0.6775,3.08770865768,0.15564440237579352,0.764999999999999,5.46601812645,0.4436733018121094,0.635,2.44778888523,0.15913367967154288,0.827499999999999,2.24927182902,0.7596246269462246,0.7525000000000001,2.52756062996,0.12134599574294591,0.814518916842711,2.31880722113,0.6961007548966314,0.9906172839506171,1.3012567117,0.9256833241635312,0.0,nan,0.0
10,28570,0.47500000000000003,1.64261168426e-05,2.0681159355339936e-07,0.5,0.0277321858017,0.0006531157546858016,0.4625,0.00335641794333,7.086132347775389e-05,0.4325,0.0388267712005,0.0011465517778712724,0.7225,2.94447327754,0.4693371618618457,0.6375000000000001,0.190052624312,0.006397692449435938,0.957787593623967,0.850239019946,0.9224204236780265,0.7214814814814811,2.08231051269,0.14654427037193246,0.0,nan,0.0
10,28894,0.67,0.570839374867,0.01530590722201679,0.62,1.09159290159,0.040702091529413544,0.6475000000000001,1.20588578435,0.04870894136091006,0.459999999999999,0.0874703617476,0.0028043653203097293,0.5,0.681153743448,0.07730271191827678,0.705,1.0167665159,0.040619040259571935,0.9097753024774341,1.31371650728,0.8709318820330202,0.7851851851851851,3.30082289293,0.319874100219371,1.0,nan,0.0
10,29183,0.6475000000000001,0.261573550205,0.006319670160733379,0.635,1.50044589313,0.06003148556615817,0.6900000000000001,2.63778672846,0.12786128172167466,0.5825,1.25432374068,0.06320357024665499,0.5825,1.35124983805,0.15781613098772462,0.8225,5.07721256551,0.3964263946021241,0.8598041098521221,1.87060664115,0.7914363952207275,0.84,3.71294477024,0.5161542397978072,1.0,nan,0.0
10,29184,0.5725,0.00912070846931,0.000159706369943374,0.5700000000000001,0.301498740846,0.009124967419166508,0.62,0.652956126696,0.023759013330372187,0.449999999999999,0.0657009550658,0.0020430314732301875,0.5375,0.92597446002,0.10716857038236838,0.774999999999999,3.47261933683,0.18874690800799065,0.8626848473209141,1.83871369852,0.7967792346069408,0.8222222222222221,3.67883284242,0.45029663238733747,1.0,nan,0.0
10,29229,0.34750000000000003,1.35267306536e-10,1.2375976732007824e-12,0.34750000000000003,1.17700354549e-05,1.800264805688573e-07,0.36750000000000005,2.53006626483e-05,4.1566233384572205e-07,0.3075,0.000354668099853,7.644542097632535e-06,0.4375,0.416773594892,0.04369104335027547,0.7725000000000001,3.36604336618,0.18019851404361914,0.846360668331092,2.01585296066,0.7653051037134795,0.8493827160493821,3.68914329831,0.5509026258323009,0.0,nan,0.0
10,29338,0.6900000000000001,1.0577559721,0.031187300150931983,0.6525000000000001,2.08722365985,0.09125818896692492,0.7000000000000001,3.06651575353,0.15636269528003066,0.62,2.08109952763,0.12517650286074944,-0.25,8.0060318785e-06,3.142064619656999e-07,0.615,0.101122403032,0.0032171040410218107,0.9519877088534661,0.89978699251,0.9173463905087391,0.602962962962962,0.378798583471,0.01773038703046451,1.0,nan,0.0
10,29381,0.67,0.570839374867,0.01530590722201679,0.595,0.59891183879,0.02003528732889074,0.625,0.734311528564,0.027223958803767018,0.55,0.719767524799,0.03164155910533034,0.5325,0.888166227446,0.10263394820126968,0.66,0.345059528457,0.012261867656093384,0.7350105627040521,2.59581070339,0.49530570502518834,0.5051851851851851,0.04498145471,0.0016602829827711079,1.0,nan,0.0
10,29764,0.7225,2.47019194074,0.08620255815131603,0.68,3.1938586098,0.16349626523999863,0.7425,4.87823440285,0.3264651531505252,0.5875,1.35312990771,0.06972047464317253,0.6000000000000001,1.5583724067,0.18324389936167032,0.774999999999999,3.47261933683,0.18874690800799065,0.8482811599769541,1.99554541907,0.7691570595618782,0.829629629629629,3.70558196467,0.4776572461949212,1.0,nan,0.0
10,30094,0.5625,0.0052949374315,8.921571153683683e-05,0.62,1.09159290159,0.040702091529413544,0.675,2.051602897,0.09278938909631392,0.5825,1.25432374068,0.06320357024665499,0.625,1.88548460799,0.22623169226508139,0.63,0.154612860351,0.005109352821487372,0.91937776070674,1.21229637628,0.8830570337225377,0.8212345679012341,3.67393620001,0.4466656098425422,0.0,nan,0.0
10,31557,0.7925000000000001,6.78174582278,0.4190122385128996,0.5575,0.207131658565,0.005977197872595504,0.725,4.18115750098,0.24698902092241296,0.5825,1.25432374068,0.06320357024665499,1.0,0.426305253792,0.9605708051577964,0.9275,2.69174921263,0.8620325897819519,0.7937776070674091,2.46779687641,0.6463808680003149,0.8627160493827161,3.60661875257,0.5996032488265262,1.0,nan,0.0
10,32060,0.55,0.002595390067,4.174410732611331e-05,0.65,1.99659664429,0.08615385538748338,0.65,1.27001005267,0.05180329265149236,0.5625,0.902710730136,0.0417524579617855,0.75,2.9717979686,0.5510721440645278,1.0,0.679038267202,0.9727839506350128,0.8214326867678121,2.25958114945,0.7119301851283655,0.9476543209876541,2.15223668762,0.8520526551495293,1.0,nan,0.0
10,38608,0.67,0.570839374867,0.01530590722201679,0.74,5.25395323171,0.4249480682886152,0.7275,4.28853601746,0.25757652289487476,0.764999999999999,3.83176339258,0.6230534206206713,0.75,2.9717979686,0.5510721440645278,0.7875000000000001,3.99297549354,0.23543741831666704,0.9289802189360471,1.11472710964,0.8942262733432977,0.802469135802469,3.52425368288,0.37896266676432705,0.0,nan,0.0
10,38649,0.78,6.25171017835,0.3372720423132792,0.7525000000000001,5.38052795099,0.4915695907033434,0.7925000000000001,5.46527420877,0.5959704755705553,0.867499999999999,1.62491907212,0.9112709092016177,0.8225,2.31991708785,0.748200990412671,0.7575000000000001,2.73160469333,0.13449156585120195,0.8565776838870751,1.90605501703,0.7853437521679001,0.811851851851851,3.61223868028,0.4124623096778882,0.0,nan,0.0
10,39144,0.63,0.133237628194,0.0029733811524668787,0.5575,0.207131658565,0.005977197872595504,0.6425000000000001,1.08500731022,0.042985758128001504,0.5,0.247588818509,0.009044629860169198,0.6675,2.4563550042,0.31865210817655065,0.655,0.303117786631,0.01064345882636473,0.9097753024774341,1.31371650728,0.8709318820330202,0.6666666666666661,1.07731641775,0.06131783351189611,0.0,nan,0.0
10,39247,0.5525,0.00300208878209,4.872949135045065e-05,0.65,1.99659664429,0.08615385538748338,0.5750000000000001,0.200762019431,0.006183846781600917,0.595,1.5088574526,0.08044747556263829,0.5175000000000001,0.784779346191,0.09010503136435807,0.847499999999999,5.23449658353,0.5265950588574656,0.8508162089494911,1.96848820674,0.7741816274484405,0.9037037037037031,3.04601629438,0.7373306174372656,0.0,nan,0.0
10,39495,0.6900000000000001,1.0577559721,0.031187300150931983,0.7225,4.84566208335,0.3362201144636704,0.764999999999999,5.46601812645,0.4436733018121094,0.5525,0.754088562911,0.03348364497057227,0.66,2.36038743914,0.30058681065731474,0.75,2.42782089307,0.11515211491969464,0.8521605531015941,1.954031351,0.7768182436451623,0.87358024691358,3.49945937889,0.638235159655407,1.0,nan,0.0
10,39581,0.6675,0.525844547085,0.013935693287987586,0.6175,1.03202448131,0.03804807218837309,0.735,4.59717068438,0.290912205066203,0.47000000000000003,0.115243005228,0.0038124337055493434,-0.25,8.0060318785e-06,3.142064619656999e-07,0.9575,1.62694272784,0.9260734528252912,0.8943729594776261,1.48258703591,0.8494052049906402,0.8029629629629621,3.52950778062,0.3807043390282075,1.0,nan,0.0
10,40799,0.6225,0.0978845661585,0.002112627698774194,0.68,3.1938586098,0.16349626523999863,0.735,4.59717068438,0.290912205066203,0.5725,1.06956937648,0.05159871042110964,0.75,2.9717979686,0.5510721440645278,0.9550000000000001,1.70367010701,0.9219106863585678,0.8536969464182831,1.93742336292,0.7798076575564283,0.96395061728395,1.81208006052,0.8843373894535929,1.0,nan,0.0
10,40956,0.72,2.33087942354,0.08020226680755066,0.625,1.21802435871,0.046472058028361636,0.7825000000000001,5.56650026443,0.5407155768276372,0.6575000000000001,2.99105425104,0.22037909763581712,-0.25,8.0060318785e-06,3.142064619656999e-07,0.595,0.0559048461016,0.0016872019016311386,0.988937968119838,0.617992186365,0.9451397559093715,0.6474074074074071,0.809689215614,0.04322833152964845,1.0,nan,0.0
10,41042,0.444999999999999,1.48543229007e-06,1.7190298267149638e-08,0.34750000000000003,1.17700354549e-05,1.800264805688573e-07,0.5425,0.0736624785329,0.002017866426148487,0.515,0.350399453131,0.013493622677876963,-0.25,8.0060318785e-06,3.142064619656999e-07,0.8325,5.21328548912,0.44795735488738386,0.9097753024774341,1.31371650728,0.8709318820330202,0.8207407407407401,3.67137193176,0.44485195033886493,1.0,nan,0.0
10,41069,0.845,5.49170923257,0.7656648451245771,0.8525,2.22106231379,0.9116828303238218,0.827499999999999,4.32682428752,0.7703745011848095,0.8025,3.16982503727,0.7555108146447899,0.7725000000000001,2.86940066577,0.6169899512375685,0.81,4.78314954788,0.3346660636665817,0.6005377376608411,1.55337617218,0.20413684537454918,0.810864197530864,3.60418271071,0.4088986208657721,0.0,nan,0.0
10,41615,0.847499999999999,5.31265221758,0.7791714456394321,0.7425,5.29113582002,0.4381306256631341,0.919999999999999,0.677008300689,0.9793769700217432,0.81,2.99990135408,0.7786524821633958,0.9675,0.601445398927,0.9440453533256605,0.8775000000000001,4.64926889132,0.676753235851866,0.820741309775302,2.2656938176,0.7103658472800509,0.544691358024691,0.114506664395,0.004623698012680139,1.0,nan,0.0
10,41703,0.7875000000000001,6.60247962899,0.3855319716761685,0.735,5.16276849759,0.3988971071576648,0.6925,2.7426196383,0.13458642275455476,0.685,3.563247733,0.3108490548198902,0.6975,2.78198727188,0.39750771571337057,0.77,3.25928717724,0.1719168410858947,0.7849433454964471,2.51634673236,0.6243582082485509,0.7925925925925921,3.40557756223,0.34472042058293484,1.0,nan,0.0
10,41708,0.735,3.23748770558,0.12175903984090287,0.645,1.82190077814,0.07661133745032682,0.6725,1.96197669192,0.08777292831494897,0.51,0.312904264158,0.01183677367339627,0.6775,2.57690583915,0.3438264630121936,0.665,0.392128984437,0.01410259879826791,0.784904935663529,2.51653670307,0.6242615521420287,0.6498765432098761,0.841153412849,0.045266236764175814,1.0,nan,0.0
10,41851,0.635,0.162582561719,0.003710815479036109,0.6000000000000001,0.679996393141,0.023229184391304277,0.6425000000000001,1.08500731022,0.042985758128001504,0.3275,0.000840268830195,1.8943868328637104e-05,-0.25,8.0060318785e-06,3.142064619656999e-07,0.65,0.265824229963,0.009222944480010648,0.9193393508738231,1.21269481784,0.8830104619694401,0.8898765432098761,3.27918789899,0.6935584273478186,1.0,nan,0.0
10,43759,0.75,4.27418793424,0.17798766968224122,0.8174999999999991,3.78016455123,0.8069822724182005,0.8625,2.62929549731,0.8922773440317058,0.7675000000000001,3.80048367737,0.6325941807200502,0.75,2.9717979686,0.5510721440645278,0.6975,0.859538760526,0.03359614753767958,0.934741693873631,1.0582804773,0.9004853449289092,0.7056790123456791,1.763943732,0.11617324859268921,1.0,nan,0.0
10,44059,0.605,0.0454784333818,0.0009095903053510687,0.5125000000000001,0.0447121146177,0.0010983248399585599,0.6575000000000001,1.47752966323,0.06209223871731868,0.5325,0.510206957643,0.02095619573860693,-0.25,8.0060318785e-06,3.142064619656999e-07,0.8225,5.07721256551,0.3964263946021241,0.9020933358939881,1.39714821511,0.8605206506048195,0.9565432098765431,1.96510707609,0.8703498956197052,0.0,nan,0.0
10,44938,0.6425000000000001,0.217072500099,0.005126023328626429,0.6075,0.817364156801,0.028832123356439726,0.75,5.12240126032,0.36399343330544237,0.464999999999999,0.100531987431,0.003273716032510861,0.8125,2.45550033868,0.7243167384914966,0.9275,2.69174921263,0.8620325897819519,0.7176877280583821,2.54436591686,0.4507284892634261,0.834567901234567,3.71349833152,0.49597925291176137,1.0,nan,0.0
10,50703,0.7000000000000001,1.40210022214,0.043424017050761494,0.7125,4.51562299277,0.28936511307361334,0.7325,4.49688956854,0.27954402799949873,0.645,2.69294202928,0.18483965147790948,0.675,2.54769625534,0.3374205706068971,0.74,2.04760952374,0.09280172420738918,0.735394661033224,2.59650516876,0.49630288558638047,0.8562962962962961,3.65334023699,0.5762928580289521,0.0,nan,0.0
10,50830,0.66,0.408251978187,0.01044842983582245,0.5650000000000001,0.260132566762,0.0077230294106249145,0.655,1.40580523331,0.058488605262564275,0.5725,1.06956937648,0.05159871042110964,0.6375000000000001,2.05656011171,0.25086746856633707,0.81,4.78314954788,0.3346660636665817,0.8275398502016511,2.20387798222,0.7255612501274575,0.8967901234567901,3.16720052758,0.7158479229230565,0.0,nan,0.0
10,50921,0.68,0.783953653204,0.022033569908822596,0.5925,0.561346846141,0.018585367151768627,0.64,1.02816804885,0.040344780910720836,0.5975,1.56265051286,0.08428667262654779,0.8325,2.17721548351,0.7706913572333075,0.7025,0.961992598631,0.03814609274192385,0.8290762435183401,2.18940497948,0.7289361780686427,0.9397530864197531,2.31994266513,0.83438499100451,0.0,nan,0.0
10,51734,0.7225,2.47019194074,0.08620255815131603,0.6000000000000001,0.679996393141,0.023229184391304277,0.6825,2.33483204768,0.10922539783323006,0.56,0.863845285028,0.039544500998942855,0.56,1.11890185404,0.1301015094388493,0.7275,1.62267361244,0.06992533368979797,0.9270213174572691,1.13428843057,0.8920235032208885,0.8503703703703701,3.6849676109,0.5545441880499415,0.0,nan,0.0
10,52992,0.705,1.60337406142,0.05092931965802472,0.75,5.36730248406,0.4781335143448381,0.71,3.51293868159,0.1892510290385075,0.6725,3.32222367686,0.26777549597247574,0.6725,2.51783803093,0.33108852227592245,0.8225,5.07721256551,0.3964263946021241,0.748454004225081,2.60814766716,0.5303130138221533,0.928395061728395,2.55937848261,0.8066712209899771,0.0,nan,0.0
10,54491,0.7975000000000001,6.91141982222,0.45326671522172785,0.77,5.29804757721,0.5854540639258453,0.7775000000000001,5.57356177807,0.5128532762418067,0.9450000000000001,0.41561075982,0.9835583374881167,0.705,2.84305877284,0.41860772566324767,0.9025000000000001,3.72259493427,0.7819129536392069,0.8689456500864221,1.76878422724,0.8080725312308532,0.952098765432098,2.05832323853,0.8614092529099528,0.0,nan,0.0
10,54885,0.55,0.002595390067,4.174410732611331e-05,0.585,0.459834062493,0.014766132190219373,0.68,2.23810232209,0.10350969867477629,0.5625,0.902710730136,0.0417524579617855,0.625,1.88548460799,0.22623169226508139,0.8500000000000001,5.21637314352,0.5396599178832662,0.945265988092951,0.95961717017,0.9110986214127743,0.9525925925925921,2.04792595732,0.8624231412367864,1.0,nan,0.0
10,56634,0.845,5.49170923257,0.7656648451245771,0.8525,2.22106231379,0.9116828303238218,0.8300000000000001,4.21219304692,0.7810488372581155,0.7575000000000001,3.91222885893,0.594000669046027,0.764999999999999,2.9155675217,0.5952890749855408,0.9400000000000001,2.2125295471,0.89263997210992,0.429652391012099,0.444789633316,0.05036050992953467,0.8646913580246911,3.58970681658,0.6067109240619273,0.0,nan,0.0
10,56758,0.8225,6.72764669887,0.6266946132222608,0.7725000000000001,5.26150589021,0.5986547594184785,0.77,5.53001531962,0.4711747295863054,0.745,3.99903817907,0.5444918338482474,0.8125,2.45550033868,0.7243167384914966,0.68,0.569273419178,0.021240716190444306,0.73808334933743,2.60080852823,0.5032900830319174,0.7827160493827161,3.26318920916,0.3117701157430389,0.0,nan,0.0
10,56917,0.77,5.66336163688,0.277600089401544,0.72,4.76875222922,0.3242012540488075,0.73,4.39389510539,0.26843001830081015,0.6575000000000001,2.99105425104,0.22037909763581712,0.7325,2.97387101717,0.4989470068799977,0.8300000000000001,5.18815710758,0.4349542899725233,0.869444977914346,1.76317860195,0.8089543350372312,0.829629629629629,3.70558196467,0.4776572461949212,1.0,nan,0.0
10,56975,0.7325,3.07532845478,0.11386883816586202,0.68,3.1938586098,0.16349626523999863,0.6975,2.95716140777,0.14883335496250732,0.7175,3.96902468317,0.43422817410492504,0.6000000000000001,1.5583724067,0.18324389936167032,0.8,4.46520980445,0.2883709406834747,0.9289802189360471,1.11472710964,0.8942262733432977,0.776296296296296,3.15957880883,0.2911495342695898,1.0,nan,0.0
10,67160,0.8500000000000001,5.12855809111,0.7922239085470535,0.8150000000000001,3.89034901697,0.7973938076260323,0.774999999999999,5.56619763554,0.49892707220712873,0.76,3.88768747233,0.6037510478878896,0.68,2.60542221497,0.35030452211949775,0.8625,5.0371616986,0.6038944630746101,0.830036489341271,2.18027052802,0.7310341647900302,0.88,3.42064743259,0.6604537045398853,0.0,nan,0.0
10,67299,0.6825,0.846315528201,0.024070599206406095,0.6775,3.08770865768,0.15564440237579352,0.6775,2.1436664571,0.09803297428323002,0.6625,3.10548797153,0.23562189274846373,0.5,0.681153743448,0.07730271191827678,0.545,0.0108613507778,0.0002859857218087022,0.9328212022277701,1.07691192302,0.89843506529825,0.7091358024691351,1.83225645084,0.12238864534906302,1.0,nan,0.0
10,67423,0.6875,0.983060240294,0.02863718471173832,0.6375000000000001,1.57720433716,0.0638780399221539,0.705,3.28838440845,0.17224843214713287,0.6775,3.4231272207,0.2846411854072648,0.59,1.43736501475,0.16827084135763046,0.6825,0.604748841243,0.022707858617570888,0.9385442673324371,1.02195067465,0.9044402220716419,0.652839506172839,0.880016064896,0.0478158193099865,0.0,nan,0.0
10,67905,0.8,6.95640006482,0.47060432061012547,0.764999999999999,5.35283585211,0.5588165936049908,0.7975000000000001,5.37225761929,0.6230757352714398,0.75,3.97163739452,0.5644226582884926,0.6675,2.4563550042,0.31865210817655065,0.845,5.24648075932,0.5134925516771967,0.786863837142308,2.5066114126,0.6291815569713617,0.8,3.49698440093,0.3702941312082283,1.0,nan,0.0
10,68565,0.7575000000000001,4.80976679413,0.21205415672700492,0.6950000000000001,3.82994509929,0.21619095311863734,0.7175,3.85026758966,0.21686451308401322,0.665,3.16132065313,0.24345561114451658,0.5775,1.29619210967,0.15119832572636308,0.857499999999999,5.12605403398,0.5784772075405482,0.8021893604762821,2.41297023759,0.6669144367751978,0.8958024691358021,3.18379315188,0.7127116141287666,1.0,nan,0.0
10,68688,0.8025,6.9876251163,0.48803725050796837,0.685,3.40699059223,0.179998176581124,0.78,5.57367492331,0.5267888377521864,0.62,2.08109952763,0.12517650286074944,0.79,2.71936612116,0.6659733222293345,0.8075000000000001,4.70980153908,0.32279895699710065,0.8899942385250621,1.53156922074,0.8428062430347887,0.883456790123456,3.3737983759,0.6721980498613109,0.0,nan,0.0
10,69217,0.74,3.57268521329,0.13877885364168527,0.7000000000000001,4.03567442399,0.23585734322620322,0.7675000000000001,5.50142019134,0.4573840000362305,0.6425000000000001,2.6319553909,0.17818346767912197,0.7675000000000001,2.90147066068,0.6025606458809885,0.72,1.3976756636,0.0586134632240118,0.777222969080084,2.55072580322,0.6047933989027671,0.9125925925925921,2.87891661453,0.7636721133948188,0.0,nan,0.0
10,69292,0.8150000000000001,6.93072464301,0.5753991964497013,0.74,5.25395323171,0.4249480682886152,0.76,5.3755388476,0.416558707318299,0.7875000000000001,3.47882186556,0.7055867291452513,0.75,2.9717979686,0.5510721440645278,0.74,2.04760952374,0.09280172420738918,0.751603610524294,2.60743419439,0.5385268901839638,0.75358024691358,2.74032362989,0.22400704326831555,0.0,nan,0.0
10,70225,0.64,0.197381366457,0.00460829235406335,0.58,0.400853987377,0.012617170610957858,0.5925,0.326320280046,0.010720764502037673,0.5375,0.564735855533,0.02364182361601763,-0.25,8.0060318785e-06,3.142064619656999e-07,0.804999999999999,4.63217994789,0.31112061761545506,0.9116573842903781,1.29356675463,0.8733854228258616,0.795555555555555,3.44381979285,0.3548682146983902,1.0,nan,0.0
10,70358,0.48,2.40077331961e-05,3.0675012470492e-07,0.47500000000000003,0.00994944419863,0.00021607332745791848,0.5425,0.0736624785329,0.002017866426148487,0.545,0.654475017221,0.028207802401779038,0.5325,0.888166227446,0.10263394820126968,0.75,2.42782089307,0.11515211491969464,0.9552525446514301,0.871656022014,0.9202379585681554,0.8291358024691351,3.704351431,0.4758276297385988,1.0,nan,0.0
10,70659,0.685,0.912631681644,0.026268442837592387,0.6025,0.723631999538,0.024983280473300114,0.6950000000000001,2.84913426656,0.14157578178956165,0.55,0.719767524799,0.03164155910533034,0.5275000000000001,0.852076516987,0.09828404364371841,0.5650000000000001,0.0215367721861,0.000598939914467602,0.90497407336278,1.36565203164,0.8645000453936088,0.7832098765432091,3.27081883975,0.31338345315232613,1.0,nan,0.0
10,70707,0.7525000000000001,4.45288975825,0.18889643276786477,0.6675,2.67076512944,0.126864837381098,0.67,1.87484014886,0.08297743058339783,0.6425000000000001,2.6319553909,0.17818346767912197,0.7225,2.94447327754,0.4693371618618457,0.8825000000000001,4.48594172246,0.6995973127955881,0.853082389091607,1.94407722461,0.7786149545278018,0.8493827160493821,3.68914329831,0.5509026258323009,1.0,nan,0.0
10,70749,0.39,1.03391659886e-08,1.0412734860605864e-10,0.36,2.55477673262e-05,4.0271023167068257e-07,0.39,9.08899155617e-05,1.5767412215897757e-06,0.365,0.0037761531394,9.309168543504425e-05,0.65,2.22730773569,0.2776444270437087,0.6575000000000001,0.323478335116,0.011426455900573458,0.8905703860188201,1.52510724485,0.8436867910559503,0.8661728395061721,3.57625740484,0.61201912614777,0.0,nan,0.0
10,70793,0.59,0.0223286790338,0.00041938612609264755,0.545,0.139246740342,0.0038364622497324284,0.66,1.55182990824,0.0658784003036619,0.5275000000000001,0.459754514413,0.018532959062106454,0.392499999999999,0.289128001238,0.02794974214239758,0.6125,0.0940630147598,0.0029732190979556983,0.8893028615325521,1.53932950599,0.8417446690334733,0.808395061728395,3.5827807101,0.4000254577373094,0.0,nan,0.0
10,70852,0.705,1.60337406142,0.05092931965802472,0.6900000000000001,3.6196815488,0.1975654442634828,0.6975,2.95716140777,0.14883335496250732,0.595,1.5088574526,0.08044747556263829,0.5925,1.46697687952,0.17190117676988526,0.6975,0.859538760526,0.03359614753767958,0.90013443441521,1.41869423096,0.8577626878218876,0.799012345679012,3.48561728365,0.3668459114796834,0.0,nan,0.0
10,72086,0.545,0.00193117629019,3.0503813412257742e-05,0.5650000000000001,0.260132566762,0.0077230294106249145,0.585,0.26616104224,0.0085054188514683,0.41750000000000004,0.0241115892807,0.0006823347484975988,0.40750000000000003,0.327578350525,0.03257041941814472,0.847499999999999,5.23449658353,0.5265950588574656,0.8713654695602071,1.74158897455,0.8123197805588604,0.515061728395061,0.0573433028104,0.002163379374751409,0.0,nan,0.0
10,74604,0.827499999999999,6.52680375945,0.6598514569397416,0.8300000000000001,3.21438934559,0.8507148770333867,0.9125000000000001,0.836553384383,0.973717702380525,0.9075000000000001,0.868568236877,0.9602351349001846,0.794999999999999,2.66679661403,0.6794403605540511,0.804999999999999,4.63217994789,0.31112061761545506,0.8229690800845011,2.24585293466,0.7153912698482533,0.789629629629629,3.36519800105,0.33468912539969287,0.0,nan,0.0
10,74635,0.675,0.670451292014,0.018403612775164013,0.5575,0.207131658565,0.005977197872595504,0.5375,0.0623611239479,0.0016784956534849436,0.655,2.93263036045,0.2129743395941336,0.382499999999999,0.265471279865,0.025178009272837167,0.605,0.0754885307225,0.002339721466699484,0.8252736700595351,2.22489637156,0.7205429745025196,0.769382716049382,3.03966022172,0.2697154539856394,0.0,nan,0.0
10,74688,0.75,4.27418793424,0.17798766968224122,0.7000000000000001,4.03567442399,0.23585734322620322,0.774999999999999,5.56619763554,0.49892707220712873,0.625,2.20238963286,0.13588463958708807,0.75,2.9717979686,0.5510721440645278,0.5,0.00198988977296,4.653512284895663e-05,0.8560015363933161,1.91235123259,0.7842437690519553,0.580246913580246,0.243932709036,0.010749603430368201,1.0,nan,0.0
10,74696,0.7175,2.19664778847,0.0745439259536258,0.7125,4.51562299277,0.28936511307361334,0.6975,2.95716140777,0.14883335496250732,0.6950000000000001,3.72578064148,0.34731900426069334,0.6675,2.4563550042,0.31865210817655065,0.7825000000000001,3.78849756038,0.21598103891611725,0.8636450931438441,1.82803829186,0.798539727904034,0.892839506172839,3.23240516561,0.703205696173266,1.0,nan,0.0
10,76409,0.5325,0.000898533484129,1.3581154676671075e-05,0.51,0.0407131084718,0.0009916132347063376,0.5775,0.215667480599,0.006704194075848971,0.52,0.391373109478,0.015346565977314031,0.25,0.0693580856854,0.005150413030809057,0.7175,1.32782428804,0.05520712524665131,0.9366621855194931,1.03983791886,0.9025000238528951,0.885432098765432,3.34571203619,0.6788347574960512,0.0,nan,0.0
10,76496,0.8975000000000001,1.76995072371,0.9515692028308173,0.9175000000000001,0.436317214103,0.9878681347081288,0.835,3.97577803256,0.8015223053871879,0.804999999999999,3.11412188384,0.7633659591049229,0.889999999999999,1.35222472311,0.8717194979254463,0.9325000000000001,2.49501513483,0.8749970130622491,0.660072978682542,2.14165527139,0.31431012919842527,0.8044444444444441,3.54486428221,0.3859446900928676,0.0,nan,0.0
10,78211,0.8600000000000001,4.36073792287,0.8396998612186866,0.81,4.10529038381,0.7774013471995034,0.8300000000000001,4.21219304692,0.7810488372581155,0.827499999999999,2.57983995373,0.8275097957558224,0.8025,2.58101160272,0.6991245650399418,0.794999999999999,4.28451679904,0.26649139687245266,0.525676973305166,0.917542776865,0.11309217744502806,0.8740740740740741,3.4937896718,0.6399618905725775,1.0,nan,0.0
10,79262,0.8150000000000001,6.93072464301,0.5753991964497013,0.7275,4.98671311253,0.36080842471289326,0.7575000000000001,5.32089522737,0.40318689973440114,0.827499999999999,2.57983995373,0.8275097957558224,0.66,2.36038743914,0.30058681065731474,0.8400000000000001,5.25184129549,0.4872363768141905,0.786863837142308,2.5066114126,0.6291815569713617,0.897283950617283,3.15883354058,0.7174099085656989,1.0,nan,0.0
10,79313,0.56,0.00460486389198,7.68595058049332e-05,0.515,0.0490591390265,0.0012154637838616548,0.6175,0.615117984678,0.022174304341827728,0.41250000000000003,0.0204633365927,0.0005711223630812535,0.7000000000000001,2.80342068331,0.4044896935694254,0.764999999999999,3.04627444364,0.15615349426149966,0.9217591703476091,1.18771531626,0.8859146911065197,0.7886419753086421,3.35127894421,0.3313723280953781,1.0,nan,0.0
10,79388,0.75,4.27418793424,0.17798766968224122,0.7325,5.10911976417,0.38605616110500596,0.77,5.53001531962,0.4711747295863054,0.715,3.95124374301,0.42432733195361505,0.7925000000000001,2.69357082383,0.6727397014976162,0.725,1.54510950393,0.06596613595772086,0.9097753024774341,1.31371650728,0.8709318820330202,0.8069135802469131,3.5690857109,0.3947277005732758,0.0,nan,0.0
10,80513,0.76,4.98648401787,0.22429984146113913,0.7075,4.33094613164,0.2672440038030283,0.7825000000000001,5.56650026443,0.5407155768276372,0.5975,1.56265051286,0.08428667262654779,0.76,2.93977708142,0.580648478595867,0.8250000000000001,5.11999558932,0.4091740883821763,0.8483195698098711,1.99513754677,0.7692337002950609,0.8207407407407401,3.67137193176,0.44485195033886493,1.0,nan,0.0
10,80619,0.8250000000000001,6.63344114233,0.643398621918009,0.7775000000000001,5.17067934852,0.6247449327579635,0.77,5.53001531962,0.4711747295863054,0.6975,3.76158705718,0.35667863740473593,0.7625000000000001,2.92834278512,0.5879839096655419,0.8150000000000001,4.91600128581,0.35892190479610864,0.869406568081428,1.76360992458,0.8088866033581473,0.9777777777777771,1.53788237203,0.9074776550440375,1.0,nan,0.0
10,80759,0.7825000000000001,6.37859144287,0.3530618603249255,0.6675,2.67076512944,0.126864837381098,0.6675,1.79023351904,0.07839661899452084,0.845,2.15032918941,0.8688924856275001,0.5575,1.09554831525,0.12733354899651603,0.605,0.0754885307225,0.002339721466699484,0.854042634914538,1.93367447352,0.7804767546763882,0.6167901234567901,0.486864743019,0.023690436279896965,0.0,nan,0.0
10,80766,0.7225,2.47019194074,0.08620255815131603,0.645,1.82190077814,0.07661133745032682,0.6975,2.95716140777,0.14883335496250732,0.645,2.69294202928,0.18483965147790948,0.6000000000000001,1.5583724067,0.18324389936167032,0.6375000000000001,0.190052624312,0.006397692449435938,0.8905703860188201,1.52510724485,0.8436867910559503,0.8197530864197531,3.66601241259,0.4412285253558763,1.0,nan,0.0
10,80873,0.7075,1.71163651223,0.055072011085791614,0.735,5.16276849759,0.3988971071576648,0.7775000000000001,5.57356177807,0.5128532762418067,0.705,3.8563767008,0.3852581222816991,0.5,0.681153743448,0.07730271191827678,0.6325000000000001,0.165694205799,0.005509591226755696,0.9597080852698291,0.834263750132,0.9240379258698176,0.8182716049382711,3.65739855958,0.4358036916219523,0.0,nan,0.0
10,84558,0.837499999999999,5.98921726337,0.7225698254518786,0.7925000000000001,4.76823439766,0.6995157445004445,0.7775000000000001,5.57356177807,0.5128532762418067,0.75,3.97163739452,0.5644226582884926,0.6275000000000001,1.91951223704,0.23098790857045293,0.7775000000000001,3.57874249547,0.19756123362722022,0.8444785865181481,2.03558361759,0.7614925088470775,0.8256790123456791,3.69351863846,0.46304007133243263,0.0,nan,0.0
10,104560,0.48,2.40077331961e-05,3.0675012470492e-07,0.4,0.000257862778523,4.502040395887535e-06,0.485,0.00878321603015,0.00019856874446765206,0.40750000000000003,0.0173214903821,0.0004768577565393554,0.515,0.768919841569,0.08816298490789724,0.8500000000000001,5.21637314352,0.5396599178832662,0.850240061455732,1.97466156714,0.7730457088590953,0.9170370370370371,2.79146490973,0.7762738065784172,0.0,nan,0.0
10,104598,0.645,0.238432577982,0.00569504550541916,0.5825,0.429516461362,0.013654795428022294,0.685,2.43376319043,0.11518569383182187,0.515,0.350399453131,0.013493622677876963,0.5,0.681153743448,0.07730271191827678,0.67,0.444832555054,0.016192546435666578,0.8269637027078931,2.20925934829,0.7242899399020641,0.8543209876543211,3.66512649903,0.5690645394857612,0.0,nan,0.0
10,104599,0.595,0.0284650242886,0.0005458104234202374,0.5725,0.324168023037,0.009906764532702499,0.61,0.512220525599,0.01795644969977428,0.47000000000000003,0.115243005228,0.0038124337055493434,-0.25,8.0060318785e-06,3.142064619656999e-07,0.6875,0.681421756586,0.02592002986974628,0.8580756673708471,1.88963550861,0.788186701738798,0.8804938271604931,3.41413825042,0.6621413084971222,1.0,nan,0.0
10,104688,0.73,2.91725593063,0.10637899064797801,0.7275,4.98671311253,0.36080842471289326,0.6625,1.62871503005,0.0698535425552139,0.7225,3.99721473261,0.4541479000731892,0.75,2.9717979686,0.5510721440645278,0.8125,4.85196475476,0.3467109270306602,0.657384290378336,2.11675324331,0.3085852850274,0.743209876543209,2.53109494039,0.19666771356717894,1.0,nan,0.0
10,104824,0.6000000000000001,0.036081510953,0.0007065009035642157,0.6325000000000001,1.42613804071,0.05637376805201033,0.6175,0.615117984678,0.022174304341827728,0.5675,0.983867524615,0.04646700225843957,0.5,0.681153743448,0.07730271191827678,0.875,4.72520702239,0.6650342977167212,0.882081812944113,1.62066903047,0.8303356781676526,0.8222222222222221,3.67883284242,0.45029663238733747,0.0,nan,0.0
10,107778,0.7175,2.19664778847,0.0745439259536258,0.68,3.1938586098,0.16349626523999863,0.7375,4.69438810582,0.30252732833270635,0.6000000000000001,1.61732644248,0.08826146393473837,0.78,2.81199204498,0.6383019670009611,0.685,0.642108718762,0.024266030789723073,0.833877472632994,2.14307825,0.7393374484401909,0.589135802469135,0.290956381736,0.013121775367032818,1.0,nan,0.0
10,107870,0.8225,6.72764669887,0.6266946132222608,0.8125,3.9988282774,0.7875319482936274,0.8150000000000001,4.84879385311,0.7129265236233352,0.735,4.02366523891,0.5043445030212526,0.72,2.93376848812,0.4619890858811059,0.909999999999999,3.41196038378,0.8086707666319775,0.765815248703668,2.58708604459,0.575471363395659,0.90716049382716,2.98240373831,0.7477506468095578,0.0,nan,0.0
10,107898,0.794999999999999,6.85305222757,0.43605837987021895,0.7025,4.13615491322,0.24607250939126135,0.6975,2.95716140777,0.14883335496250732,0.6075,1.78623711973,0.10102045672370344,0.605,1.62129071251,0.1911924307355834,0.6175,0.108660680946,0.003479230146074517,0.9443057422700211,0.968371013053,0.9101729541935406,0.7614814814814811,2.89373208079,0.24626928043399543,1.0,nan,0.0
10,108143,0.6950000000000001,1.22054211019,0.036875444760258634,0.485,0.0151624980894,0.00033996394974712875,0.625,0.734311528564,0.027223958803767018,0.73,4.02070636025,0.48422932301275157,0.5625,1.14274744447,0.13292846833216349,0.7225,1.470105444,0.06219765249734088,0.8767428461686191,1.6809599654,0.8215220378627206,0.8824691358024691,3.38748697971,0.6688591238252484,0.0,nan,0.0
10,108336,0.56,0.00460486389198,7.68595058049332e-05,0.535,0.0997602628879,0.0026509881557293027,0.595,0.348756457986,0.011564349398800008,0.387499999999999,0.00866137164625,0.00022608077398966617,0.41750000000000004,0.355357598933,0.03598359307729388,0.5575,0.0167407605498,0.0004560864013695111,0.8269637027078931,2.20925934829,0.7242899399020641,0.8469135802469131,3.6981981151,0.54178204343679,0.0,nan,0.0
10,108341,0.52,0.000402728666688,5.834472379066655e-06,0.5825,0.429516461362,0.013654795428022294,0.595,0.348756457986,0.011564349398800008,0.52,0.391373109478,0.015346565977314031,0.595,1.49702416176,0.17560608864064023,0.8075000000000001,4.70980153908,0.32279895699710065,0.8097560975609751,2.35701261687,0.6849648352888638,0.9516049382716051,2.0687291465,0.8603902279762052,1.0,nan,0.0
10,108351,0.685,0.912631681644,0.026268442837592387,0.65,1.99659664429,0.08615385538748338,0.615,0.579090437452,0.020681914581594376,0.64,2.57071282848,0.17168008775368784,0.665,2.42482006888,0.3125505369350387,0.6825,0.604748841243,0.022707858617570888,0.839408488573074,2.08781515624,0.7510388994115602,0.598518518518518,0.348483592891,0.016114962754589138,1.0,nan,0.0
10,108388,0.64,0.197381366457,0.00460829235406335,0.5475,0.151020560791,0.00419912379601281,0.5875,0.285074338145,0.009194234401962235,0.6000000000000001,1.61732644248,0.08826146393473837,0.58,1.32348108167,0.15447281667557183,0.6900000000000001,0.722755763403,0.027674823750485772,0.8406376032264261,2.07528311075,0.7535973708345627,0.819259259259259,3.66321754108,0.43941883579614016,1.0,nan,0.0
10,108411,0.6575000000000001,0.374356663627,0.00947068631172123,0.6175,1.03202448131,0.03804807218837309,0.67,1.87484014886,0.08297743058339783,0.7075,3.88357086522,0.3949335283499075,0.515,0.768919841569,0.08816298490789724,0.875,4.72520702239,0.6650342977167212,0.8743230266948331,1.70826742812,0.8174213728326235,0.9303703703703701,2.51809155245,0.811686039982292,1.0,nan,0.0
10,108416,0.8174999999999991,6.87669895178,0.5926613810163155,0.71,4.42469051497,0.2781891059655717,0.804999999999999,5.18319672052,0.6626944747326675,0.74,4.01642440828,0.5244489715906339,0.7125,2.89393047757,0.44012808701484957,0.804999999999999,4.63217994789,0.31112061761545506,0.8364893412713651,2.11722041858,0.7449012147808795,0.807407407407407,3.57372115989,0.3964913594793338,1.0,nan,0.0
10,108417,0.6325000000000001,0.147275289168,0.0033237671424807182,0.5825,0.429516461362,0.013654795428022294,0.5325,0.0526142047276,0.0013916654539725885,0.605,1.7291641749,0.09662635722459408,0.52,0.801015615915,0.09208719561181263,0.8,4.46520980445,0.2883709406834747,0.860149798348377,1.86679079718,0.7920823829643636,0.973333333333333,1.62408487982,0.9004518059683522,1.0,nan,0.0
10,108652,0.6425000000000001,0.217072500099,0.005126023328626429,0.5075000000000001,0.0370378590013,0.0008944895382244641,0.5650000000000001,0.149602433679,0.004442753759022056,0.43999999999999906,0.0488359940961,0.0014740142990310066,0.5625,1.14274744447,0.13292846833216349,0.525,0.00525135924635,0.0001310421459100066,0.945265988092951,0.95961717017,0.9110986214127743,0.5560493827160491,0.147086272139,0.0061025840504376795,0.0,nan,0.0
10,109008,0.5325,0.000898533484129,1.3581154676671075e-05,0.5275000000000001,0.0769648107902,0.0019915205796257694,0.63,0.823648540335,0.03111543190497923,0.5,0.247588818509,0.009044629860169198,0.595,1.49702416176,0.17560608864064023,0.6950000000000001,0.811750763026,0.031507503292286264,0.8137507201843671,2.32511779145,0.6943170274765765,0.6819753086419751,1.3255695459,0.07967161290366764,1.0,nan,0.0
10,109067,0.794999999999999,6.85305222757,0.43605837987021895,0.7625000000000001,5.37092762387,0.5454105872554552,0.7525000000000001,5.19404803145,0.37689008610172087,0.71,3.90847689395,0.4046740697165132,0.75,2.9717979686,0.5510721440645278,0.8,4.46520980445,0.2883709406834747,0.7877856731323211,2.50177457512,0.631490020322107,0.8479012345679011,3.69481407893,0.5454329398080837,1.0,nan,0.0
10,129429,0.5875,0.0197334970476,0.0003668688926253776,0.5775,0.373783572276,0.011649198781951038,0.68,2.23810232209,0.10350969867477629,0.54,0.593573627817,0.025089489067890026,0.76,2.93977708142,0.580648478595867,0.7925000000000001,4.18976636929,0.25589798371182415,0.7937776070674091,2.46779687641,0.6463808680003149,0.8172839506172841,3.65127529745,0.43219444498979664,1.0,nan,0.0
10,129459,0.6925,1.13686879297,0.03392964566004261,0.6725,2.87731475126,0.1407331290670653,0.6875,2.53478875849,0.12139595955759752,0.6375000000000001,2.50929698147,0.16533004789595443,0.605,1.62129071251,0.1911924307355834,0.705,1.0167665159,0.040619040259571935,0.896331860956404,1.46078366703,0.8522880792550667,0.838024691358024,3.71427096209,0.508818506440848,1.0,nan,0.0
10,129490,0.754999999999999,4.63165273348,0.20025217058730102,0.6575000000000001,2.27460803012,0.10215947061080247,0.6975,2.95716140777,0.14883335496250732,0.625,2.20238963286,0.13588463958708807,0.7000000000000001,2.80342068331,0.4044896935694254,0.889999999999999,4.21661971363,0.7322482448479205,0.8252736700595351,2.22489637156,0.7205429745025196,0.9654320987654321,1.78191438749,0.8869995873300014,1.0,nan,0.0
10,129672,0.38,3.87540915553e-09,3.812722681176639e-11,0.485,0.0151624980894,0.00033996394974712875,0.405,0.000204459141122,3.6838139905999178e-06,0.43500000000000005,0.0419390599781,0.001247464585540111,-0.25,8.0060318785e-06,3.142064619656999e-07,0.725,1.54510950393,0.06596613595772086,0.839408488573074,2.08781515624,0.7510388994115602,0.901234567901234,3.09026677524,0.7297547474387076,1.0,nan,0.0
10,129907,0.63,0.133237628194,0.0029733811524668787,0.65,1.99659664429,0.08615385538748338,0.65,1.27001005267,0.05180329265149236,0.54,0.593573627817,0.025089489067890026,0.6075,1.65329525949,0.19528559074496585,0.65,0.265824229963,0.009222944480010648,0.9058959093527941,1.35562413823,0.8657543285839479,0.725432098765432,2.16371854646,0.1549313427400255,0.0,nan,0.0
10,129987,0.6875,0.983060240294,0.02863718471173832,0.6575000000000001,2.27460803012,0.10215947061080247,0.6575000000000001,1.47752966323,0.06209223871731868,0.6575000000000001,2.99105425104,0.22037909763581712,0.5,0.681153743448,0.07730271191827678,0.5625,0.0198145411981,0.0005472780000598039,0.9306702515844051,1.09799901317,0.8960960434705478,0.6869135802469131,1.41191572693,0.08642964385448927,0.0,nan,0.0
10,130043,0.899999999999999,1.64053328798,0.9558309323955396,0.8300000000000001,3.21438934559,0.8507148770333867,0.764999999999999,5.46601812645,0.4436733018121094,0.6950000000000001,3.72578064148,0.34731900426069334,0.804999999999999,2.55073792417,0.7055394162039366,0.865,4.98460463359,0.6164227643069891,0.8598041098521221,1.87060664115,0.7914363952207275,0.942716049382716,2.25702552183,0.841165694209705,0.0,nan,0.0
10,130166,0.9325000000000001,0.51945529567,0.9882831066360664,0.7875000000000001,4.92244970888,0.6752813096675363,0.9325000000000001,0.466125922248,0.9864544589224049,0.875,1.46307551713,0.9228458432648641,0.875,1.55550002864,0.8499303922258661,0.8600000000000001,5.08437288885,0.5912414112140734,0.918225465719224,1.22427631784,0.8816532137580502,0.8681481481481481,3.55731868784,0.6190648214041685,0.0,nan,0.0
10,130586,0.28500000000000003,1.04517364472e-13,8.424197036674622e-16,0.20750000000000002,3.59186008701e-10,4.112103453488291e-12,0.35750000000000004,1.39893294943e-05,2.245298145711349e-07,0.25,2.34237138471e-05,4.4776078501658927e-07,-0.25,8.0060318785e-06,3.142064619656999e-07,0.42750000000000005,7.9712649926e-05,1.5705250520699654e-06,0.892452467831764,1.50403220511,0.846537326676327,0.741728395061728,2.50071320244,0.19294043714043219,0.0,nan,0.0
10,134922,0.725,2.61446920916,0.09255736488836552,0.6925,3.72524593907,0.20674675649592422,0.6775,2.1436664571,0.09803297428323002,0.635,2.44778888523,0.15913367967154288,0.4375,0.416773594892,0.04369104335027547,0.79,4.09248415097,0.24554467488975656,0.857922028039178,1.8913227421,0.7878962497803487,0.679012345679012,1.27517871953,0.07581892047336143,0.0,nan,0.0
10,134923,0.725,2.61446920916,0.09255736488836552,0.6825,3.30036101981,0.17161398942924497,0.7025,3.17699588834,0.16416687233225405,0.68,3.4714141806,0.2932596772749869,0.6725,2.51783803093,0.33108852227592245,0.735,1.8704187869,0.08301051227589552,0.879969272133666,1.64452339077,0.8268867539235617,0.77037037037037,3.05727159845,0.2727262969735317,0.0,nan,0.0
10,135551,0.8250000000000001,6.63344114233,0.643398621918009,0.7575000000000001,5.38828860931,0.5185020672091497,0.7725000000000001,5.55164978832,0.4850282753129098,0.6425000000000001,2.6319553909,0.17818346767912197,0.7825000000000001,2.79049191332,0.6453053104539849,0.774999999999999,3.47261933683,0.18874690800799065,0.823314768580756,2.24273701198,0.7161670970864569,0.7629629629629631,2.92172624915,0.25057706066063257,1.0,nan,0.0
10,135973,0.7925000000000001,6.78174582278,0.4190122385128996,0.8,4.50476023017,0.7343118222666147,0.7825000000000001,5.56650026443,0.5407155768276372,0.745,3.99903817907,0.5444918338482474,0.6675,2.4563550042,0.31865210817655065,0.8975000000000001,3.9251965242,0.7627913524235579,0.849241405799884,1.9853290071,0.7710683718332239,0.9017283950617281,3.08149957039,0.7312786421005174,1.0,nan,0.0
10,136122,0.745,3.91959769543,0.15750546085958478,0.78,5.11667883818,0.6376052953640314,0.745,4.964172791,0.33876905249638456,0.61,1.84401524576,0.10555813055601465,0.5225000000000001,0.817637857388,0.09411043109000264,0.8325,5.21328548912,0.44795735488738386,0.8521605531015941,1.954031351,0.7768182436451623,0.653827160493827,0.893238744974,0.04869148964468833,1.0,nan,0.0
10,136139,0.837499999999999,5.98921726337,0.7225698254518786,0.8025,4.40946319733,0.7454553096439609,0.784999999999999,5.55203194974,0.5546152601605812,0.76,3.88768747233,0.6037510478878896,0.8225,2.31991708785,0.748200990412671,0.845,5.24648075932,0.5134925516771967,0.7495678893796811,2.60805279349,0.5332181539339595,0.9422222222222221,2.26751363357,0.8400485240513051,1.0,nan,0.0
10,136288,0.8125,6.97068469667,0.5580194817576543,0.7375,5.21110804835,0.4118655788356148,0.7925000000000001,5.46527420877,0.5959704755705553,0.6225,2.14156870654,0.13045475792445815,0.7425,2.98113277072,0.5287407277073745,0.827499999999999,5.15702248798,0.4220215751858646,0.852506241597849,1.95030236344,0.7774930854034786,0.93679012345679,2.38277001789,0.8274179744187857,1.0,nan,0.0
10,136820,0.655,0.342874843858,0.008574635396276788,0.6275000000000001,1.28492476509,0.049600230415067954,0.6175,0.615117984678,0.022174304341827728,0.5650000000000001,0.942718706189,0.04405900681992171,0.6025,1.58964362043,0.18717883926322082,0.655,0.303117786631,0.01064345882636473,0.9385442673324371,1.02195067465,0.9044402220716419,0.852345679012345,3.67567241932,0.5618141626485607,1.0,nan,0.0
10,136846,0.7925000000000001,6.78174582278,0.4190122385128996,0.8075000000000001,4.20942334789,0.7670074373691997,0.804999999999999,5.18319672052,0.6626944747326675,0.875,1.46307551713,0.9228458432648641,0.7625000000000001,2.92834278512,0.5879839096655419,0.6525000000000001,0.283918815896,0.009909899038087071,0.7226810063376221,2.5631484916,0.46348140411603816,0.6074074074074071,0.411204541646,0.019485159105783238,0.0,nan,0.0
10,137085,0.875,3.21125019498,0.8964019622162783,0.8400000000000001,2.76133192154,0.8805853195220879,0.8775000000000001,1.96296001214,0.9266073267576718,0.8500000000000001,2.0296053895,0.8793416422381123,0.847499999999999,1.9561474848,0.8016975097316219,0.9400000000000001,2.2125295471,0.89263997210992,0.660418667178797,2.14483141403,0.3150510239390669,0.8148148148148141,3.63464734018,0.4231990925633491,0.0,nan,0.0
10,137869,0.905,1.40149280263,0.9634250251903509,0.875,1.38853038883,0.9518926676625374,0.8700000000000001,2.28492082327,0.9106932404170387,0.8625,1.73706639834,0.9028672693471422,0.8150000000000001,2.42243373831,0.7304142825083191,0.972499999999999,1.21729575953,0.947296610325634,0.0,0.00382067506837,0.00022614474584196242,0.9772839506172831,1.54735989313,0.906715867894869,0.0,nan,0.0
10,138039,0.63,0.133237628194,0.0029733811524668787,0.6975,3.93351211337,0.22589553869422418,0.6375000000000001,0.973665453685,0.03784297057330376,0.6075,1.78623711973,0.10102045672370344,0.655,2.29443366747,0.28894919741176783,0.7325,1.78537062192,0.07844128014474644,0.8560015363933161,1.91235123259,0.7842437690519553,0.716049382716049,1.97129749747,0.1355350478898043,0.0,nan,0.0
10,140859,0.65,0.286612274769,0.007004494580641812,0.5975,0.638442045696,0.021581564064581157,0.6000000000000001,0.397523938996,0.013427825269509992,0.59,1.40406468965,0.07316675970705232,0.4375,0.416773594892,0.04369104335027547,0.59,0.0479584781085,0.0014280045210637864,0.9577491837910501,0.850560726024,0.9223877599612684,0.6948148148148141,1.55584003509,0.09814962203709446,1.0,nan,0.0
10,140984,0.7625000000000001,5.16102294217,0.2369847623618816,0.754999999999999,5.38753899829,0.5050309748061572,0.7425,4.87823440285,0.3264651531505252,0.6925,3.68797425068,0.3380514009305284,0.645,2.15934895411,0.2666775074429633,0.8925000000000001,4.1215365381,0.742671420682318,0.8857307470712501,1.57951235805,0.8361742790910418,0.9160493827160491,2.81109280042,0.7735071027425706,1.0,nan,0.0
10,141053,0.645,0.238432577982,0.00569504550541916,0.65,1.99659664429,0.08615385538748338,0.7025,3.17699588834,0.16416687233225405,0.5,0.247588818509,0.009044629860169198,0.625,1.88548460799,0.22623169226508139,0.7025,0.961992598631,0.03814609274192385,1.0,0.549109567966,0.9515886415228803,0.611358024691358,0.441834365398,0.02116959838464337,1.0,nan,0.0
10,141356,0.8250000000000001,6.63344114233,0.643398621918009,0.794999999999999,4.68442924988,0.7113324591437828,0.8400000000000001,3.73241495651,0.8207950409845082,0.8425,2.21123672471,0.8634405923408883,0.7025,2.8237897766,0.41152393215944694,0.9475,1.9480133148,0.9082299696650882,0.811791818705588,2.3409537425,0.6897467797472989,0.8508641975308641,3.68276158734,0.5563633836823347,1.0,nan,0.0
10,142811,0.595,0.0284650242886,0.0005458104234202374,0.58,0.400853987377,0.012617170610957858,0.675,2.051602897,0.09278938909631392,0.535,0.53695265046,0.022264930951026378,0.635,2.02222521288,0.24576898847408446,0.7825000000000001,3.78849756038,0.21598103891611725,0.8137507201843671,2.32511779145,0.6943170274765765,0.714567901234567,1.9412641093,0.13263686861736962,1.0,nan,0.0
10,142951,0.804999999999999,7.00481265776,0.5055307457794741,0.764999999999999,5.35283585211,0.5588165936049908,0.7375,4.69438810582,0.30252732833270635,0.68,3.4714141806,0.2932596772749869,0.6475000000000001,2.19341170058,0.2721184887456086,0.784999999999999,3.8915455285,0.22558139846076053,0.8876896485500281,1.5574597991,0.8392467827896541,0.929382716049382,2.53876066336,0.8091888249571819,0.0,nan,0.0
10,143324,0.5725,0.00912070846931,0.000159706369943374,0.66,2.37115950378,0.10796630258470884,0.625,0.734311528564,0.027223958803767018,0.59,1.40406468965,0.07316675970705232,0.5750000000000001,1.26938811292,0.1479914519496369,0.6775,0.535613256926,0.019859978801945774,0.8636835029767621,1.82761085004,0.7986099343405102,0.6972839506172831,1.60216732978,0.10204827105952186,1.0,nan,0.0
10,145305,0.7675000000000001,5.5003029721,0.26364444629044237,0.745,5.32250564053,0.4513989028857996,0.6875,2.53478875849,0.12139595955759752,0.6575000000000001,2.99105425104,0.22037909763581712,0.605,1.62129071251,0.1911924307355834,0.725,1.54510950393,0.06596613595772086,0.9097753024774341,1.31371650728,0.8709318820330202,0.7970370370370371,3.46211176765,0.3599837889082908,1.0,nan,0.0
10,145335,0.55,0.002595390067,4.174410732611331e-05,0.5425,0.128278155811,0.0035022191117624734,0.5,0.0160075408718,0.00037960077161458756,0.5875,1.35312990771,0.06972047464317253,0.5225000000000001,0.817637857388,0.09411043109000264,0.8,4.46520980445,0.2883709406834747,0.693796811983867,2.41433631663,0.39136883012741885,0.79753086419753,3.46808361035,0.3616949508615073,0.0,nan,0.0
10,145444,0.8525,4.94038022141,0.804810833144509,0.754999999999999,5.38753899829,0.5050309748061572,0.6925,2.7426196383,0.13458642275455476,0.7975000000000001,3.27797543952,0.7393894069796323,0.725,2.95385376787,0.47671034862542205,0.794999999999999,4.28451679904,0.26649139687245266,0.8017284424812751,2.41618121908,0.6658015144753101,0.861728395061728,3.61463251808,0.5960371744117238,1.0,nan,0.0
10,146557,0.73,2.91725593063,0.10637899064797801,0.72,4.76875222922,0.3242012540488075,0.6825,2.33483204768,0.10922539783323006,0.5700000000000001,1.02615320297,0.048979291892457255,-0.25,8.0060318785e-06,3.142064619656999e-07,0.74,2.04760952374,0.09280172420738918,0.8974841559439211,1.44799485349,0.8539639619942332,0.9002469135802461,3.1076732954,0.7266940221472757,0.0,nan,0.0
10,146877,0.865,3.97072875535,0.8605278057563958,0.715,4.60346214467,0.30076464306901113,0.5625,0.13872520258,0.004082491518976918,0.8400000000000001,2.27241710511,0.8578360745655614,0.8075000000000001,2.51969810187,0.7118776161898808,0.865,4.98460463359,0.6164227643069891,0.5736892644516991,1.29932288375,0.16589253444347335,0.863209876543209,3.6025009299,0.6013832814126099,1.0,nan,0.0
10,146928,0.855,4.74906594143,0.8169231963789096,0.8600000000000001,1.92035816532,0.9272001978289861,0.8174999999999991,4.75247907575,0.7249290701020659,0.8150000000000001,2.88251943229,0.7933597038260263,0.7000000000000001,2.80342068331,0.4044896935694254,0.885,4.3991196739,0.710704305760042,0.837718455924716,2.10490225914,0.7474959607731076,0.803456790123456,3.53469447436,0.38244858927948416,1.0,nan,0.0
10,146993,1.0,0.0217856141377,0.9996141003039731,1.0,0.0176525774369,0.9996403500934427,1.0,0.0429332651511,0.9989702933568139,0.9500000000000001,0.372584503144,0.9855272924896654,0.8125,2.45550033868,0.7243167384914966,0.8,4.46520980445,0.2883709406834747,0.37584021509506405,0.293264447291,0.030752613867033096,0.8528395061728391,3.67315281177,0.5636286906109956,1.0,nan,0.0
10,147026,0.655,0.342874843858,0.008574635396276788,0.615,0.974852687662,0.03553997178683458,0.625,0.734311528564,0.027223958803767018,0.52,0.391373109478,0.015346565977314031,0.5,0.681153743448,0.07730271191827678,0.645,0.232729154673,0.00797822081414649,0.8626848473209141,1.83871369852,0.7967792346069408,0.815802469135802,3.64152364491,0.42679228802257324,1.0,nan,0.0
10,147101,0.865,3.97072875535,0.8605278057563958,0.7225,4.84566208335,0.3362201144636704,0.6825,2.33483204768,0.10922539783323006,0.8600000000000001,1.79428509159,0.8984532307497641,0.625,1.88548460799,0.22623169226508139,0.8525,5.192187634,0.5526718722079622,0.861724601497983,1.8493677622,0.7950085004383456,0.9007407407407401,3.09899151871,0.7282265337564828,0.0,nan,0.0
10,147111,0.735,3.23748770558,0.12175903984090287,0.774999999999999,5.21900586434,0.6117566275010339,0.6225,0.692666725057,0.025440645358627004,0.605,1.7291641749,0.09662635722459408,0.595,1.49702416176,0.17560608864064023,0.837499999999999,5.24518304971,0.4741138000804401,0.9010946802381411,1.40812007448,0.859119904267952,0.852345679012345,3.67567241932,0.5618141626485607,1.0,nan,0.0
10,147193,0.7825000000000001,6.37859144287,0.3530618603249255,0.7825000000000001,5.05717664482,0.6503237416886477,0.7975000000000001,5.37225761929,0.6230757352714398,0.8500000000000001,2.0296053895,0.8793416422381123,0.75,2.9717979686,0.5510721440645278,0.75,2.42782089307,0.11515211491969464,0.752294987516804,2.60709308259,0.5403294961059069,0.6439506172839501,0.767040909654,0.04050358884352172,1.0,nan,0.0
10,819,0.7025,1.50022206797,0.04705088151496972,0.7075,4.33094613164,0.2672440038030283,0.7225,4.07209943075,0.2366721348232897,0.7775000000000001,3.65462065619,0.66989651545465,0.725,2.95385376787,0.47671034862542205,0.8300000000000001,5.18815710758,0.4349542899725233,0.8252736700595351,2.22489637156,0.7205429745025196,0.7214814814814811,2.08231051269,0.14654427037193246,0.0,nan,0.0
10,1942,0.6725,0.618989014963,0.01679251910178335,0.5925,0.561346846141,0.018585367151768627,0.6075,0.48125589201,0.016714936679722753,0.585,1.30320788298,0.06640026612336555,0.715,2.90847278063,0.4473813496762306,0.784999999999999,3.8915455285,0.22558139846076053,0.8467447666602651,2.01180519039,0.766078612320644,0.755061728395061,2.76956164544,0.2280884640526409,0.0,nan,0.0
10,1993,0.7375,3.40340050008,0.1300594059939607,0.7525000000000001,5.38052795099,0.4915695907033434,0.835,3.97577803256,0.8015223053871879,0.63,2.32481108932,0.14720228694623289,0.6625,2.3928160037,0.3065283987679056,0.905,3.61966935879,0.7910909605474641,0.8857307470712501,1.57951235805,0.8361742790910418,0.905679012345679,3.00989441832,0.743311866236322,0.0,nan,0.0
