left,boolean,ranking,id,score,chargeScore,equipmentScore,kinnennScore,roomScore,locationScore,serviceScore,distanceScore,bathScore,mealScore
left,true_positive,0,18246,0.189552633372,0.9107355483,0.785,1,0.78,0.8725,0.7525,0.962469135802,0.77,0.775
left,true_positive,1,147111,0.051618645933,0.901094680238,0.775,1,0.735,0.8375,0.6225,0.852345679012,0.605,0.595
left,true_positive,2,18248,0.0434145334705,0.952026118686,0.7475,0,0.7725,0.9075,0.8625,0.856296296296,0.8175,0.9175
left,true_positive,3,80766,0.0409673815109,0.890570386019,0.645,1,0.7225,0.6375,0.6975,0.81975308642,0.645,0.6
left,true_positive,4,67299,0.0341961287497,0.932821202228,0.6775,1,0.6825,0.545,0.6775,0.709135802469,0.6625,0.5
left,false_positive,5,30094,0.0275015250677,0.919377760707,0.62,0,0.5625,0.63,0.675,0.821234567901,0.5825,0.625
left,false_positive,6,129907,0.0197103649225,0.905895909353,0.65,0,0.63,0.65,0.65,0.725432098765,0.54,0.6075
left,true_positive,7,16373,0.0164149023537,0.880929517957,0.6925,1,0.65,0.7,0.6925,0.664197530864,0.5975,0.6675
left,false_positive,8,8207,0.00885319337964,0.885961206069,0.7375,0,0.6575,0.7775,0.6975,0.704691358025,0.54,0.6625
left,false_positive,9,610,0.00662693045446,0.880929517957,0.6875,0,0.7825,0.9175,0.725,0.89975308642,0.615,0.8225
left,true_positive,10,79313,0.00309818511296,0.921759170348,0.515,1,0.56,0.765,0.6175,0.788641975309,0.4125,0.7
left,false_positive,11,996,0.00253724464532,0.870366813904,0.6,0,0.6375,0.725,0.65,0.839012345679,0.5325,0.625
left,false_positive,12,108652,0.00228609051449,0.945265988093,0.5075,0,0.6425,0.525,0.565,0.556049382716,0.44,0.5625
left,false_positive,13,72086,0.00223752042667,0.87136546956,0.565,0,0.545,0.8475,0.585,0.515061728395,0.4175,0.4075
left,false_positive,14,5627,0.0012430311562,0.868177453428,0.5225,1,0.66,0.59,0.59,0.768888888889,0.5675,0.6675
left,true_positive,15,18312,0.000450415934568,0.938966775495,0.4825,1,0.5275,0.9025,0.6525,0.789135802469,0.4825,1.0
left,true_positive,16,70358,0.000269347483525,0.955252544651,0.475,1,0.48,0.75,0.5425,0.829135802469,0.545,0.5325
left,false_positive,17,18319,0.00018468712051,0.934818513539,0.485,0,0.53,0.7525,0.4825,0.853827160494,0.615,0.4775
left,false_positive,18,9191,0.000133245421913,0.890531976186,0.605,0,0.63,0.6825,0.685,0.280987654321,0.5925,0.5825
left,false_positive,19,146557,8.36922979849e-16,0.897484155944,0.72,0,0.73,0.74,0.6825,0.90024691358,0.57,-0.25
left,false_positive,20,17938,1.51681754735e-17,0.955867101978,0.3125,1,0.2625,0.7125,0.4375,0.908148148148,0.4575,0.5
left,false_positive,21,2605,1.64458114243e-21,0.876742846169,0.3025,1,0.34,0.59,0.34,0.803456790123,0.355,-0.25
left,false_negative,22,141053,0.112127567485,1.0,0.65,1,0.645,0.7025,0.7025,0.611358024691,0.5,0.625
left,true_negative,23,7599,0.000936515043818,0.8646437488,0.5625,1,0.5675,0.95,0.6,0.945679012346,0.5325,0.75
left,true_negative,24,29183,0.000620494977277,0.859804109852,0.635,1,0.6475,0.8225,0.69,0.84,0.5825,0.5825
left,true_negative,25,130043,0.000316585817755,0.859804109852,0.83,0,0.9,0.865,0.765,0.942716049383,0.695,0.805
left,true_negative,26,74688,0.000286848536353,0.856001536393,0.7,1,0.75,0.5,0.775,0.58024691358,0.625,0.75
left,true_negative,27,1511,0.000214772456728,0.863645093144,0.52,1,0.54,0.87,0.6125,0.724444444444,0.5925,0.6075
left,true_negative,28,136288,0.000173271063213,0.852506241598,0.7375,1,0.8125,0.8275,0.7925,0.936790123457,0.6225,0.7425
left,true_negative,29,138039,0.000135183398317,0.856001536393,0.6975,0,0.63,0.7325,0.6375,0.716049382716,0.6075,0.655
left,true_negative,30,80513,8.64862816302e-05,0.84831956981,0.7075,1,0.76,0.825,0.7825,0.820740740741,0.5975,0.76
left,true_negative,31,1501,3.08157724115e-05,0.852160553102,0.505,0,0.6025,0.945,0.6425,0.775308641975,0.4,0.55
left,true_negative,32,108416,1.53678984301e-05,0.836489341271,0.71,1,0.8175,0.805,0.805,0.807407407407,0.74,0.7125
left,true_negative,33,1942,1.43153684774e-05,0.84674476666,0.5925,0,0.6725,0.785,0.6075,0.755061728395,0.585,0.715
left,true_negative,34,28484,1.07031519054e-05,0.839446898406,0.625,1,0.5675,0.86,0.6375,0.935802469136,0.61,0.605
left,true_negative,35,17743,1.00028107393e-06,0.836796619935,0.6725,0,0.6825,0.785,0.665,0.875555555556,0.6625,0.5
left,true_negative,36,32060,7.14750650415e-07,0.821432686768,0.65,1,0.55,1.0,0.65,0.947654320988,0.5625,0.75
left,true_negative,37,18392,6.68347389988e-07,0.812944113693,0.5775,1,0.595,0.725,0.5975,0.655308641975,0.52,0.5775
left,true_negative,38,145444,1.27293252385e-07,0.801728442481,0.755,1,0.8525,0.795,0.6925,0.861728395062,0.7975,0.725
left,true_negative,39,18166,6.24287685826e-08,0.827539850202,0.5875,0,0.6625,0.8825,0.64,0.997037037037,0.5625,0.6125
left,true_negative,40,819,2.9979736411e-08,0.82527367006,0.7075,0,0.7025,0.83,0.7225,0.721481481481,0.7775,0.725
left,true_negative,41,1556,1.55340653391e-08,0.788745918955,0.6625,1,0.705,0.7825,0.675,0.675555555556,0.6525,0.705
left,true_negative,42,568,1.1261173315e-08,0.786863837142,0.685,1,0.6625,0.945,0.7975,0.943209876543,0.865,0.5675
left,true_negative,43,18270,2.89762192616e-09,0.779181870559,0.6775,1,0.765,0.7925,0.7425,0.95012345679,0.6275,0.645
left,true_negative,44,570,2.24628689632e-10,0.765700019205,0.755,1,0.8625,0.8775,0.7825,0.946172839506,0.735,0.8575
left,true_negative,45,136139,7.82274144003e-12,0.74956788938,0.8025,1,0.8375,0.845,0.785,0.942222222222,0.76,0.8225
left,true_negative,46,18311,3.8635468967e-14,0.814518916843,0.3825,1,0.42,0.83,0.58,0.838024691358,0.4175,0.75
left,true_negative,47,388,1.4339873793e-15,0.7138851546,0.7575,1,0.7675,0.915,0.7675,0.851358024691,0.675,0.7825
left,true_negative,48,1770,1.15239170067e-15,0.785327443826,0.5775,0,0.64,0.835,0.6025,0.722962962963,0.5525,0.635
left,true_negative,49,4805,4.28042084917e-18,0.775302477434,0.74,0,0.84,0.9125,0.7725,0.94024691358,0.6975,0.7675
left,true_negative,50,18297,6.57343099372e-21,0.764739773382,0.745,0,0.7525,0.8525,0.745,0.853333333333,0.7275,0.75
left,true_negative,51,10672,1.8135207871e-21,0.813750720184,0.535,0,0.6425,0.9275,0.6075,0.723950617284,0.5,-0.25
left,true_negative,52,104688,5.74733896173e-23,0.657384290378,0.7275,1,0.73,0.8125,0.6625,0.743209876543,0.7225,0.75
left,true_negative,53,56758,3.56459344644e-29,0.738083349337,0.7725,0,0.8225,0.68,0.77,0.782716049383,0.745,0.8125
left,true_negative,54,136846,1.0250709867e-34,0.722681006338,0.8075,0,0.7925,0.6525,0.805,0.607407407407,0.875,0.7625
left,true_negative,55,5729,1.26933111797e-45,0.696216631458,0.5225,0,0.545,0.6375,0.5,0.826172839506,0.41,0.5
left,true_negative,56,78211,1.84565272015e-47,0.525676973305,0.81,1,0.86,0.795,0.83,0.874074074074,0.8275,0.8025
left,true_negative,57,509,2.31324028399e-53,0.679277895141,0.6375,0,0.695,0.92,0.695,0.912592592593,0.5125,0.8225
left,true_negative,58,658,4.56556311475e-65,0.656270405224,0.54,0,0.59,0.665,0.5775,0.656790123457,0.4775,0.63
left,true_negative,59,659,2.20781055911e-150,0.531745726906,0.5925,0,0.645,0.65,0.6125,0.622222222222,0.4775,0.62
left,true_negative,60,1357,0.0,0.283887075091,0.78,0,0.8075,0.835,0.8025,0.608395061728,0.72,0.76
