left,boolean,ranking,id,score,chargeScore,bathScore,roomScore,equipmentScore,serviceScore,distanceScore,mealScore,locationScore,kinnennScore
left,true_positive,0,130043,0.00347076341176,0.859804109852,0.695,0.9,0.83,0.765,0.942716049383,0.805,0.865,1
left,false_positive,1,74604,0.00126095219367,0.822969080085,0.9075,0.8275,0.83,0.9125,0.78962962963,0.795,0.805,1
left,true_positive,2,80619,0.000364252548652,0.869406568081,0.6975,0.825,0.7775,0.77,0.977777777778,0.7625,0.815,0
left,true_positive,3,108416,3.37834911197e-05,0.836489341271,0.74,0.8175,0.71,0.805,0.807407407407,0.7125,0.805,0
left,true_positive,4,27972,2.91730002785e-05,0.850240061456,0.6675,0.7775,0.7025,0.7525,0.77975308642,0.6675,0.8275,1
left,false_positive,5,10630,9.79144755776e-08,0.680084501632,0.7075,0.7225,0.6675,0.7275,0.76987654321,0.58,0.8675,0
left,false_positive,6,41615,2.551638158e-08,0.820741309775,0.81,0.8475,0.7425,0.92,0.544691358025,0.9675,0.8775,0
left,false_negative,7,130166,0.0310468405202,0.918225465719,0.875,0.9325,0.7875,0.9325,0.868148148148,0.875,0.86,1
left,true_negative,8,839,0.000222981730574,0.782024198195,0.7275,0.845,0.7875,0.815,1.0,0.735,0.925,0
left,false_negative,9,1993,0.00012538660859,0.885730747071,0.63,0.7375,0.7525,0.835,0.905679012346,0.6625,0.905,1
left,true_negative,10,18297,7.57855368518e-05,0.764739773382,0.7275,0.7525,0.745,0.745,0.853333333333,0.75,0.8525,1
left,true_negative,11,610,6.11533794686e-05,0.880929517957,0.615,0.7825,0.6875,0.725,0.89975308642,0.8225,0.9175,1
left,true_negative,12,68688,5.74764320838e-05,0.889994238525,0.62,0.8025,0.685,0.78,0.883456790123,0.79,0.8075,1
left,true_negative,13,136288,2.46272134136e-05,0.852506241598,0.6225,0.8125,0.7375,0.7925,0.936790123457,0.7425,0.8275,0
left,true_negative,14,109067,1.99224369462e-05,0.787785673132,0.71,0.795,0.7625,0.7525,0.847901234568,0.75,0.8,0
left,true_negative,15,716,1.03803357765e-05,0.794507393893,0.645,0.8325,0.715,0.7225,0.819259259259,0.8025,0.735,1
left,true_negative,16,15878,3.25965061649e-06,0.769541002497,0.65,0.7025,0.6975,0.75,0.86962962963,0.6925,0.8,1
left,false_negative,17,2876,2.79299375201e-06,0.602458229307,0.89,0.8175,0.795,0.84,0.886913580247,0.6075,0.955,1
left,true_negative,18,129490,2.17380498062e-06,0.82527367006,0.625,0.755,0.6575,0.6975,0.965432098765,0.7,0.89,0
left,true_negative,19,864,3.75267425213e-07,0.87136546956,0.5625,0.71,0.6375,0.69,0.89975308642,0.75,0.92,1
left,true_negative,20,147193,3.07029461602e-07,0.752294987517,0.85,0.7825,0.7825,0.7975,0.643950617284,0.75,0.75,0
left,true_negative,21,147111,2.67581805224e-07,0.901094680238,0.605,0.735,0.775,0.6225,0.852345679012,0.595,0.8375,0
left,true_negative,22,11230,2.4250635144e-07,0.775686575763,0.6125,0.695,0.6725,0.74,0.83012345679,0.6825,0.8975,0
left,true_negative,23,17743,9.49852681751e-08,0.836796619935,0.6625,0.6825,0.6725,0.665,0.875555555556,0.5,0.785,1
left,true_negative,24,129459,7.63627246374e-08,0.896331860956,0.6375,0.6925,0.6725,0.6875,0.838024691358,0.605,0.705,0
left,true_negative,25,2877,6.11230271771e-08,0.748454004225,0.635,0.6725,0.75,0.635,0.845432098765,0.6875,0.8075,0
left,true_negative,26,4778,4.49893623219e-08,0.594814672556,0.6575,0.775,0.7125,0.6875,0.941234567901,0.7875,0.94,0
left,true_negative,27,630,2.80253813479e-08,0.940503168811,0.5575,0.74,0.6375,0.68,0.762962962963,0.7725,0.6875,1
left,true_negative,28,78211,1.04844120249e-08,0.525676973305,0.8275,0.86,0.81,0.83,0.874074074074,0.8025,0.795,0
left,true_negative,29,29183,7.70238305397e-09,0.859804109852,0.5825,0.6475,0.635,0.69,0.84,0.5825,0.8225,0
left,false_negative,30,138039,5.95938530336e-09,0.856001536393,0.6075,0.63,0.6975,0.6375,0.716049382716,0.655,0.7325,1
left,true_negative,31,12534,4.32164384545e-09,0.802189360476,0.5625,0.6525,0.6475,0.665,0.895308641975,0.69,0.735,1
left,true_negative,32,50830,2.0472688895e-09,0.827539850202,0.5725,0.66,0.565,0.655,0.896790123457,0.6375,0.81,1
left,true_negative,33,1942,1.98284956042e-09,0.84674476666,0.585,0.6725,0.5925,0.6075,0.755061728395,0.715,0.785,1
left,true_negative,34,5024,1.18372441069e-09,0.928980218936,0.495,0.7625,0.6525,0.7,0.903209876543,0.67,0.7425,0
left,true_negative,35,129987,6.22450043341e-10,0.930670251584,0.6575,0.6875,0.6575,0.6575,0.686913580247,0.5,0.5625,1
left,true_negative,36,129907,1.0000682991e-10,0.905895909353,0.54,0.63,0.65,0.65,0.725432098765,0.6075,0.65,1
left,true_negative,37,8961,8.57332169717e-11,0.733090071058,0.5325,0.6025,0.6325,0.6625,0.835555555556,0.535,0.9075,1
left,true_negative,38,7903,6.6656981091e-11,0.885730747071,0.5375,0.645,0.6425,0.68,0.671604938272,0.75,0.64,0
left,true_negative,39,1770,3.87541695466e-11,0.785327443826,0.5525,0.64,0.5775,0.6025,0.722962962963,0.635,0.835,1
left,true_negative,40,39247,1.42320198043e-11,0.850816208949,0.595,0.5525,0.65,0.575,0.903703703704,0.5175,0.8475,1
left,true_negative,41,74688,1.28936868634e-11,0.856001536393,0.625,0.75,0.7,0.775,0.58024691358,0.75,0.5,0
left,true_negative,42,7599,1.2498920921e-11,0.8646437488,0.5325,0.5675,0.5625,0.6,0.945679012346,0.75,0.95,0
left,true_negative,43,108388,8.1939911164e-12,0.840637603226,0.6,0.64,0.5475,0.5875,0.819259259259,0.58,0.69,0
left,true_negative,44,44938,7.61294777466e-12,0.717687728058,0.465,0.6425,0.6075,0.75,0.834567901235,0.8125,0.9275,0
left,true_negative,45,142811,6.30144558905e-12,0.813750720184,0.535,0.595,0.58,0.675,0.714567901235,0.635,0.7825,0
left,true_negative,46,39144,7.26645838691e-13,0.909775302477,0.5,0.63,0.5575,0.6425,0.666666666667,0.6675,0.655,1
left,true_negative,47,5627,4.47017143768e-13,0.868177453428,0.5675,0.66,0.5225,0.59,0.768888888889,0.6675,0.59,0
left,true_negative,48,1511,7.62976206081e-14,0.863645093144,0.5925,0.54,0.52,0.6125,0.724444444444,0.6075,0.87,0
left,true_negative,49,18392,7.17419558039e-14,0.812944113693,0.52,0.595,0.5775,0.5975,0.655308641975,0.5775,0.725,0
left,true_negative,50,1404,5.79650964697e-16,0.413174572691,0.77,0.7875,0.6725,0.6725,0.575802469136,0.75,0.75,1
left,true_negative,51,658,3.75189225728e-16,0.656270405224,0.4775,0.59,0.54,0.5775,0.656790123457,0.63,0.665,1
left,true_negative,52,79313,4.44203299541e-17,0.921759170348,0.4125,0.56,0.515,0.6175,0.788641975309,0.7,0.765,0
left,true_negative,53,5729,2.59728422895e-20,0.696216631458,0.41,0.545,0.5225,0.5,0.826172839506,0.5,0.6375,1
left,true_negative,54,28570,5.03922339141e-23,0.957787593624,0.4325,0.475,0.5,0.4625,0.721481481481,0.7225,0.6375,1
left,true_negative,55,2465,1.84517399194e-36,0.937007874016,0.555,0.6675,0.7775,0.7225,0.815308641975,-0.25,0.7225,0
left,true_negative,56,40956,4.44980073736e-37,0.98893796812,0.6575,0.72,0.625,0.7825,0.647407407407,-0.25,0.595,0
left,true_negative,57,29338,7.4063942705e-38,0.951987708853,0.62,0.69,0.6525,0.7,0.602962962963,-0.25,0.615,0
left,true_negative,58,70225,5.48711886435e-39,0.91165738429,0.5375,0.64,0.58,0.5925,0.795555555556,-0.25,0.805,0
left,true_negative,59,70749,4.97384701136e-42,0.890570386019,0.365,0.39,0.36,0.39,0.866172839506,0.65,0.6575,1
left,true_negative,60,137869,1.59577685343e-48,0.0,0.8625,0.905,0.875,0.87,0.977283950617,0.815,0.9725,1
left,true_negative,61,2605,9.23937923496e-83,0.876742846169,0.355,0.34,0.3025,0.34,0.803456790123,-0.25,0.59,0
