left,boolean,ranking,id,score,distanceScore,chargeScore,serviceScore,mealScore,equipmentScore,roomScore,bathScore,kinnennScore,locationScore
left,3,0,1993,0.0223139002128,0.905679012346,0.885730747071,0.835,0.6625,0.7525,0.7375,0.63,1,0.905
left,0,1,38649,0.0102051379945,0.811851851852,0.856577683887,0.7925,0.8225,0.7525,0.78,0.8675,1,0.7575
left,0,2,1680,0.00351083862184,0.875061728395,0.897484155944,0.7925,0.785,0.695,0.7275,0.6975,0,0.87
left,0,3,18476,0.00264834042408,0.873086419753,0.859804109852,0.785,0.75,0.7075,0.73,0.6875,0,0.8925
left,0,4,74696,0.000684108185198,0.892839506173,0.863645093144,0.6975,0.6675,0.7125,0.7175,0.695,0,0.7825
left,0,5,2876,0.000574821526579,0.886913580247,0.602458229307,0.84,0.6075,0.795,0.8175,0.89,1,0.955
left,0,6,51734,0.000296547164768,0.85037037037,0.927021317457,0.6825,0.56,0.6,0.7225,0.56,1,0.7275
left,0,7,18739,0.000233507777642,0.730864197531,0.869829076244,0.745,0.6875,0.6925,0.755,0.5875,1,0.8475
left,0,8,145305,0.000126335250743,0.797037037037,0.909775302477,0.6875,0.605,0.745,0.7675,0.6575,0,0.725
left,0,9,2335,9.99615312148e-05,0.884444444444,0.905934319186,0.675,0.75,0.5825,0.64,0.485,1,0.69
left,0,10,4801,9.283179036e-05,0.81037037037,0.821432686768,0.735,0.7075,0.625,0.64,0.6725,0,0.765
left,0,11,129459,6.31860564572e-05,0.838024691358,0.896331860956,0.6875,0.605,0.6725,0.6925,0.6375,0,0.705
left,0,12,43759,2.33827487887e-05,0.705679012346,0.934741693874,0.8625,0.75,0.8175,0.75,0.7675,0,0.6975
left,0,13,104598,1.57766054266e-05,0.854320987654,0.826963702708,0.685,0.5,0.5825,0.645,0.515,1,0.67
left,0,14,138039,8.89963321733e-06,0.716049382716,0.856001536393,0.6375,0.655,0.6975,0.63,0.6075,1,0.7325
left,0,15,192,5.65115655042e-06,0.755061728395,0.821394276935,0.66,0.6675,0.63,0.6775,0.5325,0,0.745
left,0,16,107898,5.63814955618e-06,0.761481481481,0.94430574227,0.6975,0.605,0.7025,0.795,0.6075,0,0.6175
left,0,17,136820,5.55037514482e-06,0.852345679012,0.938544267332,0.6175,0.6025,0.6275,0.655,0.565,0,0.655
left,0,18,1501,8.45162001347e-07,0.775308641975,0.852160553102,0.6425,0.55,0.505,0.6025,0.4,1,0.945
left,0,19,108388,7.41117964573e-07,0.819259259259,0.840637603226,0.5875,0.58,0.5475,0.64,0.6,0,0.69
left,0,20,5303,3.20322733859e-07,0.787160493827,0.865603994623,0.75,0.25,0.4725,0.5,0.695,0,0.86
left,0,21,70659,1.78849925636e-07,0.783209876543,0.904974073363,0.695,0.5275,0.6025,0.685,0.55,0,0.565
left,0,22,5627,8.38592639818e-08,0.768888888889,0.868177453428,0.59,0.6675,0.5225,0.66,0.5675,0,0.59
left,0,23,70358,9.05497767083e-09,0.829135802469,0.955252544651,0.5425,0.5325,0.475,0.48,0.545,0,0.75
left,3,24,29229,1.96493686776e-12,0.849382716049,0.846360668331,0.3675,0.4375,0.3475,0.3475,0.3075,1,0.7725
left,1,25,130043,0.056733745272,0.942716049383,0.859804109852,0.765,0.805,0.83,0.9,0.695,1,0.865
left,1,26,142951,0.0138176866694,0.929382716049,0.88768964855,0.7375,0.6475,0.765,0.805,0.68,1,0.785
left,2,27,1356,0.00190799233725,0.831604938272,0.704513155368,0.7575,0.79,0.775,0.8125,0.73,1,0.925
left,2,28,76496,0.00167357945961,0.804444444444,0.660072978683,0.835,0.89,0.9175,0.8975,0.805,1,0.9325
left,2,29,1764,0.000964890677284,0.880987654321,0.73074707125,0.7075,0.7725,0.67,0.7425,0.645,1,0.8575
left,2,30,767,0.000929310486221,0.900740740741,0.759938544267,0.695,0.7325,0.6625,0.7,0.5975,1,0.8725
left,2,31,79262,0.000910052354954,0.897283950617,0.786863837142,0.7575,0.66,0.7275,0.815,0.8275,0,0.84
left,2,32,145444,0.000746143364435,0.861728395062,0.801728442481,0.6925,0.725,0.755,0.8525,0.7975,0,0.795
left,2,33,67905,0.00045515300839,0.8,0.786863837142,0.7975,0.6675,0.765,0.8,0.75,0,0.845
left,1,34,40799,0.000428318166157,0.963950617284,0.853696946418,0.735,0.75,0.68,0.6225,0.5725,0,0.955
left,1,35,50921,0.00035141768913,0.93975308642,0.829076243518,0.64,0.8325,0.5925,0.68,0.5975,1,0.7025
left,2,36,1386,0.00023796984352,0.866666666667,0.694680238141,0.6975,0.5825,0.7025,0.7425,0.6525,1,0.86
left,2,37,41703,0.000122528163778,0.792592592593,0.784943345496,0.6925,0.6975,0.735,0.7875,0.685,0,0.77
left,2,38,2877,4.31495396701e-05,0.845432098765,0.748454004225,0.635,0.6875,0.75,0.6725,0.635,0,0.8075
left,1,39,1667,2.91387567833e-05,0.902222222222,0.660072978683,0.68,0.75,0.6625,0.6175,0.49,1,0.8
left,1,40,7599,1.0055086506e-05,0.945679012346,0.8646437488,0.6,0.75,0.5625,0.5675,0.5325,0,0.95
left,2,41,129429,9.83037320514e-06,0.817283950617,0.793777607067,0.68,0.76,0.5775,0.5875,0.54,0,0.7925
left,2,42,104688,7.81092694771e-06,0.743209876543,0.657384290378,0.6625,0.75,0.7275,0.73,0.7225,0,0.8125
left,2,43,1770,2.70320417075e-06,0.722962962963,0.785327443826,0.6025,0.635,0.5775,0.64,0.5525,1,0.835
left,1,44,44059,1.52668865362e-06,0.956543209877,0.902093335894,0.6575,-0.25,0.5125,0.605,0.5325,1,0.8225
left,1,45,108341,9.7618295321e-07,0.951604938272,0.809756097561,0.595,0.595,0.5825,0.52,0.52,0,0.8075
left,1,46,134922,5.33395767312e-07,0.679012345679,0.857922028039,0.6775,0.4375,0.6925,0.725,0.635,1,0.79
left,2,47,15812,3.8963669673e-07,0.822222222222,0.765738429038,0.62,0.5475,0.575,0.5675,0.5,0,0.7125
left,1,48,17703,9.95968340773e-08,0.982716049383,0.925100825811,0.605,0.0,0.635,0.76,0.4275,0,0.595
left,2,49,129987,9.0050538407e-08,0.686913580247,0.930670251584,0.6575,0.5,0.6575,0.6875,0.6575,1,0.5625
left,1,50,67423,7.80025941356e-08,0.652839506173,0.938544267332,0.705,0.59,0.6375,0.6875,0.6775,1,0.6825
left,1,51,16373,6.12033086865e-08,0.664197530864,0.880929517957,0.6925,0.6675,0.6925,0.65,0.5975,0,0.7
left,1,52,1630,5.51629067338e-09,0.633580246914,0.88861148454,0.6525,0.8525,0.6325,0.6825,0.6075,1,0.64
left,1,53,104560,5.14456746757e-09,0.917037037037,0.850240061456,0.485,0.515,0.4,0.48,0.4075,1,0.85
left,1,54,5562,1.79578925475e-09,0.911111111111,0.256769733052,0.8025,0.6875,0.775,0.82,0.7575,1,0.9575
left,1,55,19745,7.9897076766e-11,0.616790123457,0.671403879393,0.8925,-0.25,0.8575,0.8575,0.625,0,0.8575
left,1,56,29338,1.67616529102e-12,0.602962962963,0.951987708853,0.7,-0.25,0.6525,0.69,0.62,0,0.615
left,1,57,74688,1.77672881437e-13,0.58024691358,0.856001536393,0.775,0.75,0.7,0.75,0.625,0,0.5
left,1,58,72086,1.88143855089e-21,0.515061728395,0.87136546956,0.585,0.4075,0.565,0.545,0.4175,1,0.8475
left,1,59,137869,9.17814906857e-30,0.977283950617,0.0,0.87,0.815,0.875,0.905,0.8625,1,0.9725
left,1,60,11140,2.92941218656e-78,0.245432098765,0.86556558479,0.6975,0.5275,0.5775,0.6325,0.55,0,0.7825
