left,boolean,ranking,id,score,mealScore,locationScore,roomScore,serviceScore,equipmentScore,distanceScore,bathScore,kinnennScore
left,0,0,1119,0.17437161975,0.5,0.7325,0.58,0.6,0.545,0.887407407407,0.5075,1
left,0,1,1927,0.171644077421,0.5,0.84,0.5775,0.66,0.5775,0.817283950617,0.52,1
left,0,2,1186,0.151440709884,0.575,0.67,0.6625,0.7225,0.6175,0.712592592593,0.65,1
left,0,3,136122,0.0600821776164,0.5225,0.8325,0.745,0.745,0.78,0.653827160494,0.61,0
left,3,4,15877,0.0109175762126,0.375,0.765,0.44,0.545,0.47,0.741728395062,0.4325,0
left,0,5,29229,0.00946153123926,0.4375,0.7725,0.3475,0.3675,0.3475,0.849382716049,0.3075,1
left,1,6,137869,inf,0.815,0.9725,0.905,0.87,0.875,0.977283950617,0.8625,1
left,1,7,14112,0.556549746338,0.715,0.8175,0.77,0.755,0.75,0.869135802469,0.705,1
left,1,8,130166,0.555180322011,0.875,0.86,0.9325,0.9325,0.7875,0.868148148148,0.875,1
left,2,9,67160,0.5436336249,0.68,0.8625,0.85,0.775,0.815,0.88,0.76,1
left,2,10,68688,0.527283820629,0.79,0.8075,0.8025,0.78,0.685,0.883456790123,0.62,1
left,2,11,19718,0.521962912853,0.875,0.905,0.77,0.9225,0.6925,0.844444444444,0.635,1
left,1,12,767,0.456912342609,0.7325,0.8725,0.7,0.695,0.6625,0.900740740741,0.5975,1
left,2,13,76496,0.445714524109,0.89,0.9325,0.8975,0.835,0.9175,0.804444444444,0.805,1
left,2,14,147101,0.43286808598,0.625,0.8525,0.865,0.6825,0.7225,0.900740740741,0.86,1
left,2,15,1386,0.335984344402,0.5825,0.86,0.7425,0.6975,0.7025,0.866666666667,0.6525,1
left,1,16,50703,0.321004488668,0.675,0.74,0.7,0.7325,0.7125,0.856296296296,0.645,1
left,2,17,134923,0.305065395659,0.6725,0.735,0.725,0.7025,0.6825,0.77037037037,0.68,1
left,2,18,4819,0.272037422077,0.6025,0.7225,0.715,0.6725,0.6725,0.884444444444,0.56,1
left,2,19,18739,0.270125151594,0.6875,0.8475,0.755,0.745,0.6925,0.730864197531,0.5875,1
left,2,20,819,0.251748973684,0.725,0.83,0.7025,0.7225,0.7075,0.721481481481,0.7775,1
left,2,21,11275,0.233009708738,0.825,0.8775,0.8775,0.8225,0.7875,0.874074074074,0.82,0
left,2,22,18476,0.233009708738,0.75,0.8925,0.73,0.785,0.7075,0.873086419753,0.6875,0
left,2,23,135973,0.233009708738,0.6675,0.8975,0.7925,0.7825,0.8,0.901728395062,0.745,0
left,1,24,136139,0.233009708738,0.8225,0.845,0.8375,0.785,0.8025,0.942222222222,0.76,0
left,2,25,8207,0.221320745295,0.6625,0.7775,0.6575,0.6975,0.7375,0.704691358025,0.54,1
left,2,26,509,0.216555047488,0.8225,0.92,0.695,0.695,0.6375,0.912592592593,0.5125,1
left,1,27,70852,0.211344602321,0.5925,0.6975,0.705,0.6975,0.69,0.799012345679,0.595,1
left,1,28,28466,0.202330662503,0.61,0.9575,0.68,0.665,0.68,0.945679012346,0.5875,0
left,2,29,146928,0.19862071297,0.7,0.885,0.855,0.8175,0.86,0.803456790123,0.815,0
left,1,30,67905,0.194076841262,0.6675,0.845,0.8,0.7975,0.765,0.8,0.75,0
left,1,31,630,0.189071061129,0.7725,0.6875,0.74,0.68,0.6375,0.762962962963,0.5575,1
left,2,32,4801,0.166238300348,0.7075,0.765,0.64,0.735,0.625,0.81037037037,0.6725,0
left,2,33,40799,0.140050679747,0.75,0.955,0.6225,0.735,0.68,0.963950617284,0.5725,0
left,1,34,31557,0.115620091353,1.0,0.9275,0.7925,0.725,0.5575,0.862716049383,0.5825,0
left,2,35,2958,0.110940181379,0.6825,0.8775,0.5325,0.65,0.59,0.97975308642,0.7475,1
left,2,36,108388,0.101397254213,0.58,0.69,0.64,0.5875,0.5475,0.819259259259,0.6,0
left,1,37,136846,0.0904949422455,0.7625,0.6525,0.7925,0.805,0.8075,0.607407407407,0.875,1
left,1,38,5024,0.0869981779089,0.67,0.7425,0.7625,0.7,0.6525,0.903209876543,0.495,0
left,1,39,1404,0.076862746129,0.75,0.75,0.7875,0.6725,0.6725,0.575802469136,0.77,1
left,2,40,146877,0.0744114779514,0.8075,0.865,0.865,0.5625,0.715,0.863209876543,0.84,0
left,1,41,15812,0.0723169879303,0.5475,0.7125,0.5675,0.62,0.575,0.822222222222,0.5,0
left,2,42,7599,0.0723169879303,0.75,0.95,0.5675,0.6,0.5625,0.945679012346,0.5325,0
left,1,43,41708,0.0580399449991,0.6775,0.665,0.735,0.6725,0.645,0.64987654321,0.51,0
left,2,44,1511,0.0487754197994,0.6075,0.87,0.54,0.6125,0.52,0.724444444444,0.5925,0
left,1,45,1500,0.0457039313855,0.6875,0.9375,0.5825,0.73,0.5675,0.885925925926,0.3875,1
left,2,46,109008,0.0435550284457,0.595,0.695,0.5325,0.63,0.5275,0.681975308642,0.5,0
left,2,47,398,0.0431219077718,0.8475,0.61,0.6325,0.66,0.635,0.72049382716,0.545,1
left,2,48,223,0.0370357647742,0.5825,0.605,0.605,0.6775,0.6375,0.81037037037,0.5575,1
left,2,49,108341,0.0359282982777,0.595,0.8075,0.52,0.595,0.5825,0.951604938272,0.52,0
left,1,50,5041,0.0231568458972,0.75,0.6375,0.4775,0.41,0.455,0.824691358025,0.3625,1
left,2,51,5627,0.0113127657658,0.6675,0.59,0.66,0.59,0.5225,0.768888888889,0.5675,0
left,1,52,140859,0.0113127657658,0.4375,0.59,0.65,0.6,0.5975,0.694814814815,0.59,0
left,1,53,17703,0.00964975102349,0.0,0.595,0.76,0.605,0.635,0.982716049383,0.4275,0
left,2,54,108336,0.00566400108776,0.4175,0.5575,0.56,0.595,0.535,0.846913580247,0.3875,1
left,1,55,39581,0.00485436893418,-0.25,0.9575,0.6675,0.735,0.6175,0.802962962963,0.47,0
left,1,56,29338,0.00485436893418,-0.25,0.615,0.69,0.7,0.6525,0.602962962963,0.62,0
left,1,57,2465,0.00485436893418,-0.25,0.7225,0.6675,0.7225,0.7775,0.815308641975,0.555,0
left,1,58,41042,0.00434777489465,-0.25,0.8325,0.445,0.5425,0.3475,0.820740740741,0.515,0
left,1,59,70659,0.00324849784548,0.5275,0.565,0.685,0.695,0.6025,0.783209876543,0.55,0
left,1,60,67299,0.000881525083351,0.5,0.545,0.6825,0.6775,0.6775,0.709135802469,0.6625,0
left,2,61,74688,1.48448376437e-05,0.75,0.5,0.75,0.775,0.7,0.58024691358,0.625,0
