left,boolean,ranking,id,score,mealScore,chargeScore,serviceScore,locationScore,equipmentScore,roomScore,bathScore,distanceScore,kinnennScore
left,true_positive,0,137085,0.377653872571,0.8475,0.660418667179,0.8775,0.94,0.84,0.875,0.85,0.814814814815,1
left,true_positive,1,41069,0.281924567401,0.7725,0.600537737661,0.8275,0.81,0.8525,0.845,0.8025,0.810864197531,1
left,false_positive,2,509,0.120030266646,0.8225,0.679277895141,0.695,0.92,0.6375,0.695,0.5125,0.912592592593,1
left,true_positive,3,78211,0.0919528454347,0.8025,0.525676973305,0.83,0.795,0.81,0.86,0.8275,0.874074074074,0
left,true_positive,4,1404,0.0151851331575,0.75,0.413174572691,0.6725,0.75,0.6725,0.7875,0.77,0.575802469136,1
left,true_negative,5,18297,0.318529693202,0.75,0.764739773382,0.745,0.8525,0.745,0.7525,0.7275,0.853333333333,1
left,true_negative,6,74604,0.258879032557,0.795,0.822969080085,0.9125,0.805,0.83,0.8275,0.9075,0.78962962963,1
left,true_negative,7,610,0.242092020847,0.8225,0.880929517957,0.725,0.9175,0.6875,0.7825,0.615,0.89975308642,1
left,false_negative,8,18246,0.216567026483,0.775,0.9107355483,0.7525,0.8725,0.785,0.78,0.77,0.962469135802,0
left,true_negative,9,839,0.165021793003,0.735,0.782024198195,0.815,0.925,0.7875,0.845,0.7275,1.0,0
left,true_negative,10,54491,0.163997455958,0.705,0.868945650086,0.7775,0.9025,0.77,0.7975,0.945,0.952098765432,1
left,true_negative,11,15878,0.131712379654,0.6925,0.769541002497,0.75,0.8,0.6975,0.7025,0.65,0.86962962963,1
left,true_negative,12,5309,0.128040100819,0.695,0.844478586518,0.6975,0.7675,0.69,0.695,0.585,0.904197530864,1
left,true_negative,13,109067,0.126368537089,0.75,0.787785673132,0.7525,0.8,0.7625,0.795,0.71,0.847901234568,0
left,true_negative,14,108416,0.125372839555,0.7125,0.836489341271,0.805,0.805,0.71,0.8175,0.74,0.807407407407,0
left,true_negative,15,716,0.119536745987,0.8025,0.794507393893,0.7225,0.735,0.715,0.8325,0.645,0.819259259259,1
left,true_negative,16,129490,0.105416102079,0.7,0.82527367006,0.6975,0.89,0.6575,0.755,0.625,0.965432098765,0
left,true_negative,17,12534,0.0877029315364,0.69,0.802189360476,0.665,0.735,0.6475,0.6525,0.5625,0.895308641975,1
left,true_negative,18,2877,0.0852384769898,0.6875,0.748454004225,0.635,0.8075,0.75,0.6725,0.635,0.845432098765,0
left,true_negative,19,11230,0.0804682302831,0.6825,0.775686575763,0.74,0.8975,0.6725,0.695,0.6125,0.83012345679,0
left,true_negative,20,1993,0.0728003850117,0.6625,0.885730747071,0.835,0.905,0.7525,0.7375,0.63,0.905679012346,1
left,false_negative,21,5385,0.0656719679797,0.7625,0.902093335894,0.6075,0.8425,0.5875,0.6,0.5075,0.944691358025,1
left,true_negative,22,142951,0.0520641512184,0.6475,0.88768964855,0.7375,0.785,0.765,0.805,0.68,0.929382716049,1
left,false_negative,23,630,0.0494810904184,0.7725,0.940503168811,0.68,0.6875,0.6375,0.74,0.5575,0.762962962963,1
left,true_negative,24,50830,0.040990786402,0.6375,0.827539850202,0.655,0.81,0.565,0.66,0.5725,0.896790123457,1
left,true_negative,25,1770,0.0373078188642,0.635,0.785327443826,0.6025,0.835,0.5775,0.64,0.5525,0.722962962963,1
left,true_negative,26,142811,0.0321570758916,0.635,0.813750720184,0.675,0.7825,0.58,0.595,0.535,0.714567901235,0
left,true_negative,27,996,0.0298463515454,0.625,0.870366813904,0.65,0.725,0.6,0.6375,0.5325,0.839012345679,1
left,true_negative,28,29764,0.0133917870571,0.6,0.848281159977,0.7425,0.775,0.68,0.7225,0.5875,0.82962962963,0
left,false_negative,29,56975,0.0133917870571,0.6,0.928980218936,0.6975,0.8,0.68,0.7325,0.7175,0.776296296296,0
left,true_negative,30,658,0.0121515420992,0.63,0.656270405224,0.5775,0.665,0.54,0.59,0.4775,0.656790123457,1
left,true_negative,31,1386,0.00864747877653,0.5825,0.694680238141,0.6975,0.86,0.7025,0.7425,0.6525,0.866666666667,1
left,true_negative,32,29183,0.00804553889143,0.5825,0.859804109852,0.69,0.8225,0.635,0.6475,0.5825,0.84,0
left,true_negative,33,147193,0.00690556011274,0.75,0.752294987517,0.7975,0.75,0.7825,0.7825,0.85,0.643950617284,0
left,true_negative,34,18392,0.00688980515279,0.5775,0.812944113693,0.5975,0.725,0.5775,0.595,0.52,0.655308641975,0
left,true_negative,35,7055,0.00631015946747,0.8075,0.87136546956,0.54,0.6375,0.4725,0.5675,0.465,0.741234567901,1
left,true_negative,36,80766,0.00591919217654,0.6,0.890570386019,0.6975,0.6375,0.645,0.7225,0.645,0.81975308642,0
left,true_negative,37,51734,0.00404253110531,0.56,0.927021317457,0.6825,0.7275,0.6,0.7225,0.56,0.85037037037,1
left,true_negative,38,107898,0.00286105371854,0.605,0.94430574227,0.6975,0.6175,0.7025,0.795,0.6075,0.761481481481,0
left,true_negative,39,80759,0.00176058517922,0.5575,0.854042634915,0.6675,0.605,0.6675,0.7825,0.845,0.616790123457,1
left,true_negative,40,29184,0.00171215612512,0.5375,0.862684847321,0.62,0.775,0.57,0.5725,0.45,0.822222222222,0
left,true_negative,41,8961,0.00158607748951,0.535,0.733090071058,0.6625,0.9075,0.6325,0.6025,0.5325,0.835555555556,1
left,true_negative,42,70358,0.00141035594306,0.5325,0.955252544651,0.5425,0.75,0.475,0.48,0.545,0.829135802469,0
left,true_negative,43,136122,0.000944050810662,0.5225,0.852160553102,0.745,0.8325,0.78,0.745,0.61,0.653827160494,0
left,true_negative,44,104560,0.000690528749599,0.515,0.850240061456,0.485,0.85,0.4,0.48,0.4075,0.917037037037,1
left,true_negative,45,7341,0.0003597184372,0.5,0.863683502977,0.7,0.7675,0.6125,0.755,0.6025,0.886419753086,1
left,true_negative,46,80873,0.00035969266466,0.5,0.95970808527,0.7775,0.6325,0.735,0.7075,0.705,0.818271604938,1
left,true_negative,47,70659,0.00021563250332,0.5275,0.904974073363,0.695,0.565,0.6025,0.685,0.55,0.783209876543,0
left,true_negative,48,18319,0.00012324636715,0.4775,0.934818513539,0.4825,0.7525,0.485,0.53,0.615,0.853827160494,1
left,true_negative,49,41615,0.000100178462233,0.9675,0.820741309775,0.92,0.8775,0.7425,0.8475,0.81,0.544691358025,0
left,true_negative,50,134922,1.45759896791e-05,0.4375,0.857922028039,0.6775,0.79,0.6925,0.725,0.635,0.679012345679,1
left,true_negative,51,74688,2.49975010318e-06,0.75,0.856001536393,0.775,0.5,0.7,0.75,0.625,0.58024691358,0
left,true_negative,52,9191,1.77657929524e-06,0.5825,0.890531976186,0.685,0.6825,0.605,0.63,0.5925,0.280987654321,1
left,true_negative,53,11140,1.42467800998e-17,0.5275,0.86556558479,0.6975,0.7825,0.5775,0.6325,0.55,0.245432098765,0
left,true_negative,54,146557,2.33587949755e-44,-0.25,0.897484155944,0.6825,0.74,0.72,0.73,0.57,0.90024691358,1
left,true_negative,55,2465,2.33587949755e-44,-0.25,0.937007874016,0.7225,0.7225,0.7775,0.6675,0.555,0.815308641975,0
left,true_negative,56,41851,2.33541926625e-44,-0.25,0.919339350874,0.6425,0.65,0.6,0.635,0.3275,0.88987654321,0
left,true_negative,57,41042,2.33379314493e-44,-0.25,0.909775302477,0.5425,0.8325,0.3475,0.445,0.515,0.820740740741,0
left,true_negative,58,129672,2.32129034103e-44,-0.25,0.839408488573,0.405,0.725,0.485,0.38,0.435,0.901234567901,0
left,true_negative,59,2605,1.13660331441e-44,-0.25,0.876742846169,0.34,0.59,0.3025,0.34,0.355,0.803456790123,0
