left,cluster,weight,roomScore,mealScore,serviceScore,bathScore,equipmentScore,distanceScore,locationScore,chargeScore,kinnennScore,copula
left,0,0.543859649122807,"{'cv_num': 3, 'search_list': array([ 0.1       ,  0.001     ,  0.00109142,  0.00118285,  0.00127427,
        0.00139078,  0.00150728,  0.00162378,  0.00177223,  0.00192068,
        0.00206914,  0.00225831,  0.00244748,  0.00263665,  0.00287771,
        0.00311876,  0.00335982,  0.00366699,  0.00397416,  0.00428133,
        0.00467275,  0.00506417,  0.00545559,  0.00595437,  0.00645315,
        0.00695193,  0.00758751,  0.00822309,  0.00885867,  0.00966857,
        0.01047848,  0.01128838,  0.01232042,  0.01335246,  0.0143845 ,
        0.0156996 ,  0.0170147 ,  0.01832981,  0.02000561,  0.02168141,
        0.02335721,  0.02549265,  0.02762808,  0.02976351,  0.03248464,
        0.03520577,  0.0379269 ,  0.04139437,  0.04486184,  0.0483293 ,
        0.05274781,  0.05716631,  0.06158482,  0.06721521,  0.07284561,
        0.078476  ,  0.08565066,  0.09282533,  0.04180399,  0.04427979]), 'bw': 0.078475997035146114, 'best_bw': 0.078475997035146114, 'kernel': 'gaussian', 'score_type': 'roomScore'}","{'cv_num': 3, 'search_list': array([ 0.1       ,  0.001     ,  0.00109142,  0.00118285,  0.00127427,
        0.00139078,  0.00150728,  0.00162378,  0.00177223,  0.00192068,
        0.00206914,  0.00225831,  0.00244748,  0.00263665,  0.00287771,
        0.00311876,  0.00335982,  0.00366699,  0.00397416,  0.00428133,
        0.00467275,  0.00506417,  0.00545559,  0.00595437,  0.00645315,
        0.00695193,  0.00758751,  0.00822309,  0.00885867,  0.00966857,
        0.01047848,  0.01128838,  0.01232042,  0.01335246,  0.0143845 ,
        0.0156996 ,  0.0170147 ,  0.01832981,  0.02000561,  0.02168141,
        0.02335721,  0.02549265,  0.02762808,  0.02976351,  0.03248464,
        0.03520577,  0.0379269 ,  0.04139437,  0.04486184,  0.0483293 ,
        0.05274781,  0.05716631,  0.06158482,  0.06721521,  0.07284561,
        0.078476  ,  0.08565066,  0.09282533,  0.04836576,  0.05123017]), 'bw': 0.037926901907322501, 'best_bw': 0.037926901907322501, 'kernel': 'gaussian', 'score_type': 'mealScore'}","{'cv_num': 3, 'search_list': array([ 0.1       ,  0.001     ,  0.00109142,  0.00118285,  0.00127427,
        0.00139078,  0.00150728,  0.00162378,  0.00177223,  0.00192068,
        0.00206914,  0.00225831,  0.00244748,  0.00263665,  0.00287771,
        0.00311876,  0.00335982,  0.00366699,  0.00397416,  0.00428133,
        0.00467275,  0.00506417,  0.00545559,  0.00595437,  0.00645315,
        0.00695193,  0.00758751,  0.00822309,  0.00885867,  0.00966857,
        0.01047848,  0.01128838,  0.01232042,  0.01335246,  0.0143845 ,
        0.0156996 ,  0.0170147 ,  0.01832981,  0.02000561,  0.02168141,
        0.02335721,  0.02549265,  0.02762808,  0.02976351,  0.03248464,
        0.03520577,  0.0379269 ,  0.04139437,  0.04486184,  0.0483293 ,
        0.05274781,  0.05716631,  0.06158482,  0.06721521,  0.07284561,
        0.078476  ,  0.08565066,  0.09282533,  0.04186378,  0.04434312]), 'bw': 0.057166314866307577, 'best_bw': 0.057166314866307577, 'kernel': 'gaussian', 'score_type': 'serviceScore'}","{'cv_num': 3, 'search_list': array([ 0.1       ,  0.001     ,  0.00109142,  0.00118285,  0.00127427,
        0.00139078,  0.00150728,  0.00162378,  0.00177223,  0.00192068,
        0.00206914,  0.00225831,  0.00244748,  0.00263665,  0.00287771,
        0.00311876,  0.00335982,  0.00366699,  0.00397416,  0.00428133,
        0.00467275,  0.00506417,  0.00545559,  0.00595437,  0.00645315,
        0.00695193,  0.00758751,  0.00822309,  0.00885867,  0.00966857,
        0.01047848,  0.01128838,  0.01232042,  0.01335246,  0.0143845 ,
        0.0156996 ,  0.0170147 ,  0.01832981,  0.02000561,  0.02168141,
        0.02335721,  0.02549265,  0.02762808,  0.02976351,  0.03248464,
        0.03520577,  0.0379269 ,  0.04139437,  0.04486184,  0.0483293 ,
        0.05274781,  0.05716631,  0.06158482,  0.06721521,  0.07284561,
        0.078476  ,  0.08565066,  0.09282533,  0.05258401,  0.05569823]), 'bw': 0.078475997035146114, 'best_bw': 0.078475997035146114, 'kernel': 'gaussian', 'score_type': 'bathScore'}","{'cv_num': 3, 'search_list': array([ 0.1       ,  0.001     ,  0.00109142,  0.00118285,  0.00127427,
        0.00139078,  0.00150728,  0.00162378,  0.00177223,  0.00192068,
        0.00206914,  0.00225831,  0.00244748,  0.00263665,  0.00287771,
        0.00311876,  0.00335982,  0.00366699,  0.00397416,  0.00428133,
        0.00467275,  0.00506417,  0.00545559,  0.00595437,  0.00645315,
        0.00695193,  0.00758751,  0.00822309,  0.00885867,  0.00966857,
        0.01047848,  0.01128838,  0.01232042,  0.01335246,  0.0143845 ,
        0.0156996 ,  0.0170147 ,  0.01832981,  0.02000561,  0.02168141,
        0.02335721,  0.02549265,  0.02762808,  0.02976351,  0.03248464,
        0.03520577,  0.0379269 ,  0.04139437,  0.04486184,  0.0483293 ,
        0.05274781,  0.05716631,  0.06158482,  0.06721521,  0.07284561,
        0.078476  ,  0.08565066,  0.09282533,  0.04476171,  0.04741267]), 'bw': 0.067215213082783776, 'best_bw': 0.067215213082783776, 'kernel': 'gaussian', 'score_type': 'equipmentScore'}","{'cv_num': 3, 'search_list': array([ 0.1       ,  0.001     ,  0.00109142,  0.00118285,  0.00127427,
        0.00139078,  0.00150728,  0.00162378,  0.00177223,  0.00192068,
        0.00206914,  0.00225831,  0.00244748,  0.00263665,  0.00287771,
        0.00311876,  0.00335982,  0.00366699,  0.00397416,  0.00428133,
        0.00467275,  0.00506417,  0.00545559,  0.00595437,  0.00645315,
        0.00695193,  0.00758751,  0.00822309,  0.00885867,  0.00966857,
        0.01047848,  0.01128838,  0.01232042,  0.01335246,  0.0143845 ,
        0.0156996 ,  0.0170147 ,  0.01832981,  0.02000561,  0.02168141,
        0.02335721,  0.02549265,  0.02762808,  0.02976351,  0.03248464,
        0.03520577,  0.0379269 ,  0.04139437,  0.04486184,  0.0483293 ,
        0.05274781,  0.05716631,  0.06158482,  0.06721521,  0.07284561,
        0.078476  ,  0.08565066,  0.09282533,  0.05489234,  0.05814328]), 'bw': 0.037926901907322501, 'best_bw': 0.037926901907322501, 'kernel': 'gaussian', 'score_type': 'distanceScore'}","{'cv_num': 3, 'search_list': array([ 0.1       ,  0.001     ,  0.00109142,  0.00118285,  0.00127427,
        0.00139078,  0.00150728,  0.00162378,  0.00177223,  0.00192068,
        0.00206914,  0.00225831,  0.00244748,  0.00263665,  0.00287771,
        0.00311876,  0.00335982,  0.00366699,  0.00397416,  0.00428133,
        0.00467275,  0.00506417,  0.00545559,  0.00595437,  0.00645315,
        0.00695193,  0.00758751,  0.00822309,  0.00885867,  0.00966857,
        0.01047848,  0.01128838,  0.01232042,  0.01335246,  0.0143845 ,
        0.0156996 ,  0.0170147 ,  0.01832981,  0.02000561,  0.02168141,
        0.02335721,  0.02549265,  0.02762808,  0.02976351,  0.03248464,
        0.03520577,  0.0379269 ,  0.04139437,  0.04486184,  0.0483293 ,
        0.05274781,  0.05716631,  0.06158482,  0.06721521,  0.07284561,
        0.078476  ,  0.08565066,  0.09282533,  0.04486795,  0.0475252 ]), 'bw': 0.067215213082783776, 'best_bw': 0.067215213082783776, 'kernel': 'gaussian', 'score_type': 'locationScore'}","{'cv_num': 3, 'search_list': array([ 0.1       ,  0.001     ,  0.00109142,  0.00118285,  0.00127427,
        0.00139078,  0.00150728,  0.00162378,  0.00177223,  0.00192068,
        0.00206914,  0.00225831,  0.00244748,  0.00263665,  0.00287771,
        0.00311876,  0.00335982,  0.00366699,  0.00397416,  0.00428133,
        0.00467275,  0.00506417,  0.00545559,  0.00595437,  0.00645315,
        0.00695193,  0.00758751,  0.00822309,  0.00885867,  0.00966857,
        0.01047848,  0.01128838,  0.01232042,  0.01335246,  0.0143845 ,
        0.0156996 ,  0.0170147 ,  0.01832981,  0.02000561,  0.02168141,
        0.02335721,  0.02549265,  0.02762808,  0.02976351,  0.03248464,
        0.03520577,  0.0379269 ,  0.04139437,  0.04486184,  0.0483293 ,
        0.05274781,  0.05716631,  0.06158482,  0.06721521,  0.07284561,
        0.078476  ,  0.08565066,  0.09282533,  0.07048585,  0.0746603 ]), 'bw': 0.052747808626012548, 'best_bw': 0.052747808626012548, 'kernel': 'gaussian', 'score_type': 'chargeScore'}","{'cv_num': 3, 'search_list': array([ 0.1]), 'bw': 0.10000000000000001, 'best_bw': 0.10000000000000001, 'kernel': 'tophat', 'score_type': 'kinnennScore'}","{'trained_param': 999.999908745801, 'dimension': 9}"
,1,0.45614035087719296,"{'cv_num': 3, 'search_list': array([ 0.1       ,  0.001     ,  0.00109142,  0.00118285,  0.00127427,
        0.00139078,  0.00150728,  0.00162378,  0.00177223,  0.00192068,
        0.00206914,  0.00225831,  0.00244748,  0.00263665,  0.00287771,
        0.00311876,  0.00335982,  0.00366699,  0.00397416,  0.00428133,
        0.00467275,  0.00506417,  0.00545559,  0.00595437,  0.00645315,
        0.00695193,  0.00758751,  0.00822309,  0.00885867,  0.00966857,
        0.01047848,  0.01128838,  0.01232042,  0.01335246,  0.0143845 ,
        0.0156996 ,  0.0170147 ,  0.01832981,  0.02000561,  0.02168141,
        0.02335721,  0.02549265,  0.02762808,  0.02976351,  0.03248464,
        0.03520577,  0.0379269 ,  0.04139437,  0.04486184,  0.0483293 ,
        0.05274781,  0.05716631,  0.06158482,  0.06721521,  0.07284561,
        0.078476  ,  0.08565066,  0.09282533,  0.04297779,  0.0455231 ]), 'bw': 0.067215213082783776, 'best_bw': 0.067215213082783776, 'kernel': 'gaussian', 'score_type': 'roomScore'}","{'cv_num': 3, 'search_list': array([ 0.1       ,  0.001     ,  0.00109142,  0.00118285,  0.00127427,
        0.00139078,  0.00150728,  0.00162378,  0.00177223,  0.00192068,
        0.00206914,  0.00225831,  0.00244748,  0.00263665,  0.00287771,
        0.00311876,  0.00335982,  0.00366699,  0.00397416,  0.00428133,
        0.00467275,  0.00506417,  0.00545559,  0.00595437,  0.00645315,
        0.00695193,  0.00758751,  0.00822309,  0.00885867,  0.00966857,
        0.01047848,  0.01128838,  0.01232042,  0.01335246,  0.0143845 ,
        0.0156996 ,  0.0170147 ,  0.01832981,  0.02000561,  0.02168141,
        0.02335721,  0.02549265,  0.02762808,  0.02976351,  0.03248464,
        0.03520577,  0.0379269 ,  0.04139437,  0.04486184,  0.0483293 ,
        0.05274781,  0.05716631,  0.06158482,  0.06721521,  0.07284561,
        0.078476  ,  0.08565066,  0.09282533,  0.03980586,  0.04216332]), 'bw': 0.037926901907322501, 'best_bw': 0.037926901907322501, 'kernel': 'gaussian', 'score_type': 'mealScore'}","{'cv_num': 3, 'search_list': array([ 0.1       ,  0.001     ,  0.00109142,  0.00118285,  0.00127427,
        0.00139078,  0.00150728,  0.00162378,  0.00177223,  0.00192068,
        0.00206914,  0.00225831,  0.00244748,  0.00263665,  0.00287771,
        0.00311876,  0.00335982,  0.00366699,  0.00397416,  0.00428133,
        0.00467275,  0.00506417,  0.00545559,  0.00595437,  0.00645315,
        0.00695193,  0.00758751,  0.00822309,  0.00885867,  0.00966857,
        0.01047848,  0.01128838,  0.01232042,  0.01335246,  0.0143845 ,
        0.0156996 ,  0.0170147 ,  0.01832981,  0.02000561,  0.02168141,
        0.02335721,  0.02549265,  0.02762808,  0.02976351,  0.03248464,
        0.03520577,  0.0379269 ,  0.04139437,  0.04486184,  0.0483293 ,
        0.05274781,  0.05716631,  0.06158482,  0.06721521,  0.07284561,
        0.078476  ,  0.08565066,  0.09282533,  0.03751412,  0.03973585]), 'bw': 0.061584821106602607, 'best_bw': 0.061584821106602607, 'kernel': 'gaussian', 'score_type': 'serviceScore'}","{'cv_num': 3, 'search_list': array([ 0.1       ,  0.001     ,  0.00109142,  0.00118285,  0.00127427,
        0.00139078,  0.00150728,  0.00162378,  0.00177223,  0.00192068,
        0.00206914,  0.00225831,  0.00244748,  0.00263665,  0.00287771,
        0.00311876,  0.00335982,  0.00366699,  0.00397416,  0.00428133,
        0.00467275,  0.00506417,  0.00545559,  0.00595437,  0.00645315,
        0.00695193,  0.00758751,  0.00822309,  0.00885867,  0.00966857,
        0.01047848,  0.01128838,  0.01232042,  0.01335246,  0.0143845 ,
        0.0156996 ,  0.0170147 ,  0.01832981,  0.02000561,  0.02168141,
        0.02335721,  0.02549265,  0.02762808,  0.02976351,  0.03248464,
        0.03520577,  0.0379269 ,  0.04139437,  0.04486184,  0.0483293 ,
        0.05274781,  0.05716631,  0.06158482,  0.06721521,  0.07284561,
        0.078476  ,  0.08565066,  0.09282533,  0.057082  ,  0.06046262]), 'bw': 0.078475997035146114, 'best_bw': 0.078475997035146114, 'kernel': 'gaussian', 'score_type': 'bathScore'}","{'cv_num': 3, 'search_list': array([ 0.1       ,  0.001     ,  0.00109142,  0.00118285,  0.00127427,
        0.00139078,  0.00150728,  0.00162378,  0.00177223,  0.00192068,
        0.00206914,  0.00225831,  0.00244748,  0.00263665,  0.00287771,
        0.00311876,  0.00335982,  0.00366699,  0.00397416,  0.00428133,
        0.00467275,  0.00506417,  0.00545559,  0.00595437,  0.00645315,
        0.00695193,  0.00758751,  0.00822309,  0.00885867,  0.00966857,
        0.01047848,  0.01128838,  0.01232042,  0.01335246,  0.0143845 ,
        0.0156996 ,  0.0170147 ,  0.01832981,  0.02000561,  0.02168141,
        0.02335721,  0.02549265,  0.02762808,  0.02976351,  0.03248464,
        0.03520577,  0.0379269 ,  0.04139437,  0.04486184,  0.0483293 ,
        0.05274781,  0.05716631,  0.06158482,  0.06721521,  0.07284561,
        0.078476  ,  0.08565066,  0.09282533,  0.04236626,  0.04487535]), 'bw': 0.067215213082783776, 'best_bw': 0.067215213082783776, 'kernel': 'gaussian', 'score_type': 'equipmentScore'}","{'cv_num': 3, 'search_list': array([ 0.1       ,  0.001     ,  0.00109142,  0.00118285,  0.00127427,
        0.00139078,  0.00150728,  0.00162378,  0.00177223,  0.00192068,
        0.00206914,  0.00225831,  0.00244748,  0.00263665,  0.00287771,
        0.00311876,  0.00335982,  0.00366699,  0.00397416,  0.00428133,
        0.00467275,  0.00506417,  0.00545559,  0.00595437,  0.00645315,
        0.00695193,  0.00758751,  0.00822309,  0.00885867,  0.00966857,
        0.01047848,  0.01128838,  0.01232042,  0.01335246,  0.0143845 ,
        0.0156996 ,  0.0170147 ,  0.01832981,  0.02000561,  0.02168141,
        0.02335721,  0.02549265,  0.02762808,  0.02976351,  0.03248464,
        0.03520577,  0.0379269 ,  0.04139437,  0.04486184,  0.0483293 ,
        0.05274781,  0.05716631,  0.06158482,  0.06721521,  0.07284561,
        0.078476  ,  0.08565066,  0.09282533,  0.0446908 ,  0.04733756]), 'bw': 0.057166314866307577, 'best_bw': 0.057166314866307577, 'kernel': 'gaussian', 'score_type': 'distanceScore'}","{'cv_num': 3, 'search_list': array([ 0.1       ,  0.001     ,  0.00109142,  0.00118285,  0.00127427,
        0.00139078,  0.00150728,  0.00162378,  0.00177223,  0.00192068,
        0.00206914,  0.00225831,  0.00244748,  0.00263665,  0.00287771,
        0.00311876,  0.00335982,  0.00366699,  0.00397416,  0.00428133,
        0.00467275,  0.00506417,  0.00545559,  0.00595437,  0.00645315,
        0.00695193,  0.00758751,  0.00822309,  0.00885867,  0.00966857,
        0.01047848,  0.01128838,  0.01232042,  0.01335246,  0.0143845 ,
        0.0156996 ,  0.0170147 ,  0.01832981,  0.02000561,  0.02168141,
        0.02335721,  0.02549265,  0.02762808,  0.02976351,  0.03248464,
        0.03520577,  0.0379269 ,  0.04139437,  0.04486184,  0.0483293 ,
        0.05274781,  0.05716631,  0.06158482,  0.06721521,  0.07284561,
        0.078476  ,  0.08565066,  0.09282533,  0.04732082,  0.05012334]), 'bw': 0.032484643579982951, 'best_bw': 0.032484643579982951, 'kernel': 'gaussian', 'score_type': 'locationScore'}","{'cv_num': 3, 'search_list': array([ 0.1       ,  0.001     ,  0.00109142,  0.00118285,  0.00127427,
        0.00139078,  0.00150728,  0.00162378,  0.00177223,  0.00192068,
        0.00206914,  0.00225831,  0.00244748,  0.00263665,  0.00287771,
        0.00311876,  0.00335982,  0.00366699,  0.00397416,  0.00428133,
        0.00467275,  0.00506417,  0.00545559,  0.00595437,  0.00645315,
        0.00695193,  0.00758751,  0.00822309,  0.00885867,  0.00966857,
        0.01047848,  0.01128838,  0.01232042,  0.01335246,  0.0143845 ,
        0.0156996 ,  0.0170147 ,  0.01832981,  0.02000561,  0.02168141,
        0.02335721,  0.02549265,  0.02762808,  0.02976351,  0.03248464,
        0.03520577,  0.0379269 ,  0.04139437,  0.04486184,  0.0483293 ,
        0.05274781,  0.05716631,  0.06158482,  0.06721521,  0.07284561,
        0.078476  ,  0.08565066,  0.09282533,  0.0656204 ,  0.06950669]), 'bw': 0.072845605058964952, 'best_bw': 0.072845605058964952, 'kernel': 'gaussian', 'score_type': 'chargeScore'}","{'cv_num': 3, 'search_list': array([ 0.1]), 'bw': 0.10000000000000001, 'best_bw': 0.10000000000000001, 'kernel': 'tophat', 'score_type': 'kinnennScore'}","{'trained_param': 999.99988996843, 'dimension': 9}"
