left,boolean,ranking,id,score,distanceScore,chargeScore,serviceScore,mealScore,equipmentScore,roomScore,bathScore,kinnennScore,locationScore
left,3,0,1993,0.501710293887,0.905679012346,0.885730747071,0.835,0.6625,0.7525,0.7375,0.63,1,0.905
left,0,1,38649,0.390010648379,0.811851851852,0.856577683887,0.7925,0.8225,0.7525,0.78,0.8675,1,0.7575
left,0,2,51734,0.277492591157,0.85037037037,0.927021317457,0.6825,0.56,0.6,0.7225,0.56,1,0.7275
left,0,3,18476,0.223684210526,0.873086419753,0.859804109852,0.785,0.75,0.7075,0.73,0.6875,0,0.8925
left,0,4,1680,0.223684210526,0.875061728395,0.897484155944,0.7925,0.785,0.695,0.7275,0.6975,0,0.87
left,0,5,74696,0.18897580349,0.892839506173,0.863645093144,0.6975,0.6675,0.7125,0.7175,0.695,0,0.7825
left,0,6,104598,0.182034080422,0.854320987654,0.826963702708,0.685,0.5,0.5825,0.645,0.515,1,0.67
left,0,7,2335,0.176057423373,0.884444444444,0.905934319186,0.675,0.75,0.5825,0.64,0.485,1,0.69
left,0,8,4801,0.153345926387,0.81037037037,0.821432686768,0.735,0.7075,0.625,0.64,0.6725,0,0.765
left,0,9,145305,0.11494739896,0.797037037037,0.909775302477,0.6875,0.605,0.745,0.7675,0.6575,0,0.725
left,0,10,18739,0.111442615452,0.730864197531,0.869829076244,0.745,0.6875,0.6925,0.755,0.5875,1,0.8475
left,0,11,129459,0.0943362232416,0.838024691358,0.896331860956,0.6875,0.605,0.6725,0.6925,0.6375,0,0.705
left,0,12,192,0.093316131165,0.755061728395,0.821394276935,0.66,0.6675,0.63,0.6775,0.5325,0,0.745
left,0,13,138039,0.0709347114311,0.716049382716,0.856001536393,0.6375,0.655,0.6975,0.63,0.6075,1,0.7325
left,0,14,2876,0.0663161329751,0.886913580247,0.602458229307,0.84,0.6075,0.795,0.8175,0.89,1,0.955
left,0,15,1501,0.0584599711634,0.775308641975,0.852160553102,0.6425,0.55,0.505,0.6025,0.4,1,0.945
left,0,16,136820,0.0534735127,0.852345679012,0.938544267332,0.6175,0.6025,0.6275,0.655,0.565,0,0.655
left,0,17,108388,0.0390404468047,0.819259259259,0.840637603226,0.5875,0.58,0.5475,0.64,0.6,0,0.69
left,0,18,5303,0.0370454139196,0.787160493827,0.865603994623,0.75,0.25,0.4725,0.5,0.695,0,0.86
left,0,19,43759,0.0328421803266,0.705679012346,0.934741693874,0.8625,0.75,0.8175,0.75,0.7675,0,0.6975
left,0,20,107898,0.0318128148579,0.761481481481,0.94430574227,0.6975,0.605,0.7025,0.795,0.6075,0,0.6175
left,0,21,5627,0.02045112958,0.768888888889,0.868177453428,0.59,0.6675,0.5225,0.66,0.5675,0,0.59
left,0,22,70659,0.0130316058612,0.783209876543,0.904974073363,0.695,0.5275,0.6025,0.685,0.55,0,0.565
left,0,23,70358,0.00652774113115,0.829135802469,0.955252544651,0.5425,0.5325,0.475,0.48,0.545,0,0.75
left,3,24,29229,0.00648449738195,0.849382716049,0.846360668331,0.3675,0.4375,0.3475,0.3475,0.3075,1,0.7725
left,1,25,130043,0.531342880848,0.942716049383,0.859804109852,0.765,0.805,0.83,0.9,0.695,1,0.865
left,1,26,142951,0.456408182621,0.929382716049,0.88768964855,0.7375,0.6475,0.765,0.805,0.68,1,0.785
left,1,27,50921,0.261947695871,0.93975308642,0.829076243518,0.64,0.8325,0.5925,0.68,0.5975,1,0.7025
left,2,28,767,0.221428055778,0.900740740741,0.759938544267,0.695,0.7325,0.6625,0.7,0.5975,1,0.8725
left,2,29,1764,0.17071114299,0.880987654321,0.73074707125,0.7075,0.7725,0.67,0.7425,0.645,1,0.8575
left,2,30,145444,0.15231605752,0.861728395062,0.801728442481,0.6925,0.725,0.755,0.8525,0.7975,0,0.795
left,2,31,1356,0.137447085444,0.831604938272,0.704513155368,0.7575,0.79,0.775,0.8125,0.73,1,0.925
left,1,32,40799,0.133667072374,0.963950617284,0.853696946418,0.735,0.75,0.68,0.6225,0.5725,0,0.955
left,2,33,67905,0.13202386151,0.8,0.786863837142,0.7975,0.6675,0.765,0.8,0.75,0,0.845
left,2,34,79262,0.13202386151,0.897283950617,0.786863837142,0.7575,0.66,0.7275,0.815,0.8275,0,0.84
left,2,35,41703,0.129632517377,0.792592592593,0.784943345496,0.6925,0.6975,0.735,0.7875,0.685,0,0.77
left,2,36,1386,0.127129958475,0.866666666667,0.694680238141,0.6975,0.5825,0.7025,0.7425,0.6525,1,0.86
left,2,37,129429,0.0985649997513,0.817283950617,0.793777607067,0.68,0.76,0.5775,0.5875,0.54,0,0.7925
left,2,38,76496,0.0977275837835,0.804444444444,0.660072978683,0.835,0.89,0.9175,0.8975,0.805,1,0.9325
left,1,39,1667,0.0977275837835,0.902222222222,0.660072978683,0.68,0.75,0.6625,0.6175,0.49,1,0.8
left,2,40,2877,0.093732158259,0.845432098765,0.748454004225,0.635,0.6875,0.75,0.6725,0.635,0,0.8075
left,2,41,1770,0.0890662862351,0.722962962963,0.785327443826,0.6025,0.635,0.5775,0.64,0.5525,1,0.835
left,2,42,15812,0.0813750537364,0.822222222222,0.765738429038,0.62,0.5475,0.575,0.5675,0.5,0,0.7125
left,1,43,7599,0.0551078112052,0.945679012346,0.8646437488,0.6,0.75,0.5625,0.5675,0.5325,0,0.95
left,2,44,104688,0.0531708592641,0.743209876543,0.657384290378,0.6625,0.75,0.7275,0.73,0.7225,0,0.8125
left,1,45,108341,0.0481794439795,0.951604938272,0.809756097561,0.595,0.595,0.5825,0.52,0.52,0,0.8075
left,1,46,44059,0.0350877196135,0.956543209877,0.902093335894,0.6575,-0.25,0.5125,0.605,0.5325,1,0.8225
left,1,47,17703,0.0222517693427,0.982716049383,0.925100825811,0.605,0.0,0.635,0.76,0.4275,0,0.595
left,1,48,104560,0.0202748273868,0.917037037037,0.850240061456,0.485,0.515,0.4,0.48,0.4075,1,0.85
left,1,49,134922,0.0156075964673,0.679012345679,0.857922028039,0.6775,0.4375,0.6925,0.725,0.635,1,0.79
left,2,50,129987,0.0151248312757,0.686913580247,0.930670251584,0.6575,0.5,0.6575,0.6875,0.6575,1,0.5625
left,1,51,16373,0.00816810493181,0.664197530864,0.880929517957,0.6925,0.6675,0.6925,0.65,0.5975,0,0.7
left,1,52,67423,0.00487363422692,0.652839506173,0.938544267332,0.705,0.59,0.6375,0.6875,0.6775,1,0.6825
left,1,53,1630,0.00170819999163,0.633580246914,0.88861148454,0.6525,0.8525,0.6325,0.6825,0.6075,1,0.64
left,1,54,19745,0.000571044576904,0.616790123457,0.671403879393,0.8925,-0.25,0.8575,0.8575,0.625,0,0.8575
left,1,55,29338,0.000202073787134,0.602962962963,0.951987708853,0.7,-0.25,0.6525,0.69,0.62,0,0.615
left,1,56,5562,0.000106579546468,0.911111111111,0.256769733052,0.8025,0.6875,0.775,0.82,0.7575,1,0.9575
left,1,57,74688,2.76800719146e-05,0.58024691358,0.856001536393,0.775,0.75,0.7,0.75,0.625,0,0.5
left,1,58,72086,1.19946393446e-08,0.515061728395,0.87136546956,0.585,0.4075,0.565,0.545,0.4175,1,0.8475
left,1,59,137869,4.55746107918e-15,0.977283950617,0.0,0.87,0.815,0.875,0.905,0.8625,1,0.9725
left,1,60,11140,1.18415846646e-37,0.245432098765,0.86556558479,0.6975,0.5275,0.5775,0.6325,0.55,0,0.7825
