user,id,mealScore,mealScore_pdf,mealScore_cdf,equipmentScore,equipmentScore_pdf,equipmentScore_cdf,serviceScore,serviceScore_pdf,serviceScore_cdf,roomScore,roomScore_pdf,roomScore_cdf,bathScore,bathScore_pdf,bathScore_cdf,chargeScore,chargeScore_pdf,chargeScore_cdf,locationScore,locationScore_pdf,locationScore_cdf,distanceScore,distanceScore_pdf,distanceScore_cdf
8,101,0.6975,4.06087217668,0.19338781366936403,0.655,1.25086510474,0.03131443732646833,0.73,3.84444686486,0.14847348951439246,0.6000000000000001,0.14734393173,0.0036323677843275288,0.625,1.63828450308,0.08608690732296169,0.9297100057614741,1.41476514886,0.941570967888642,0.9400000000000001,3.21951791118,0.8420629171417375,0.9797530864197531,1.72569661308,0.9311705233841034
8,192,0.6675,2.50463333572,0.09510606316190112,0.63,0.499415936709,0.010485104944636817,0.66,0.573826156545,0.012985208997893054,0.6775,1.34672184721,0.049687970555000655,0.5325,0.274249325006,0.009569631904885835,0.8213942769348951,3.99833378242,0.6239632123454022,0.745,1.39024946409,0.04767710732498229,0.755061728395061,1.65816065732,0.060375336107543115
8,223,0.5825,0.219584378623,0.005490131926577131,0.6375000000000001,0.672939611153,0.014856252035771905,0.6775,1.06190590438,0.026971780318432552,0.605,0.176099188752,0.0044391699293202785,0.5575,0.491376546633,0.018935928881979494,0.8713654695602071,3.16640957759,0.8085335874986733,0.605,0.00736856056455,0.00013316358582032332,0.8103703703703701,4.03305770875,0.21568677555015192
8,388,0.7825000000000001,5.22994486274,0.6439357621725571,0.7575000000000001,6.0973936047,0.4440970747164055,0.7675000000000001,5.88056939986,0.3341460955442813,0.7675000000000001,4.12305966739,0.3016839804437865,0.675,2.86209123072,0.1982894842647589,0.713885154599577,1.73376369107,0.28887291860825226,0.915,4.28732342378,0.7480089190294279,0.851358024691358,5.30167209142,0.41101489080284204
8,398,0.847499999999999,2.3171758325,0.891450045277135,0.635,0.610588236329,0.013252814967434143,0.66,0.573826156545,0.012985208997893054,0.6325000000000001,0.430086405142,0.012357329373339913,0.545,0.370567693107,0.01357587092616865,0.8828884194353751,2.8265155789,0.8430892464694507,0.61,0.00952237519356,0.00017517911463296723,0.720493827160493,0.702240853277,0.021174924822152014
8,462,0.7075,4.55613598193,0.236508204842158,0.7975000000000001,5.14766344969,0.6744737682043074,0.8300000000000001,5.26108142823,0.7110465659492282,0.68,1.41828730631,0.05314381273101063,0.64,1.99355466395,0.11329576710419116,0.965469560207413,0.651766648995,0.9773928284337812,0.79,3.22396025037,0.1491021380986049,0.810864197530864,4.05421333348,0.21768363597084814
8,509,0.8225,3.45682820068,0.8196606496744088,0.6375000000000001,0.672939611153,0.014856252035771905,0.6950000000000001,1.78851723741,0.051553431558398324,0.6950000000000001,1.88588939574,0.07784927159771916,0.5125000000000001,0.162889154485,0.005277237494227586,0.6792778951411561,1.02722507581,0.24209574780017992,0.919999999999999,4.08435793812,0.7689417389905713,0.9125925925925921,4.43835530141,0.7259432400405496
8,568,0.5675,0.124022772708,0.002973683469204554,0.685,2.8329650764,0.09086906319460691,0.7975000000000001,6.28189065042,0.5200841622482307,0.6625,0.962031638492,0.032470711635691714,0.865,2.29779383377,0.8667127856094555,0.786863837142308,3.68656122319,0.48918682751015735,0.9450000000000001,3.00075124634,0.8576127806507354,0.9432098765432091,3.16733847362,0.8428281731141807
8,570,0.857499999999999,1.92720005353,0.9126336105013737,0.754999999999999,6.09178496552,0.4288586130671388,0.7825000000000001,6.25681627081,0.4255987366164273,0.8625,5.25398826812,0.7883385290792341,0.735,3.95188544552,0.4071988211534779,0.765700019204916,3.19345166985,0.4160893660267976,0.8775000000000001,5.34675157735,0.5642438334344827,0.946172839506172,3.03994121932,0.8520239721381943
8,610,0.8225,3.45682820068,0.8196606496744088,0.6875,2.99105307559,0.0981485739087964,0.725,3.52393726671,0.1300529232662716,0.7825000000000001,4.43327752573,0.3658718636949095,0.615,1.41718562009,0.0708217760676192,0.880929517956596,2.88617953618,0.8374938437518953,0.9175000000000001,4.18692564194,0.7586022124722839,0.899753086419753,4.87254959529,0.6660684942286005
8,630,0.7725000000000001,5.51748530463,0.5901166806795624,0.6375000000000001,0.672939611153,0.014856252035771905,0.68,1.15059841259,0.029736371143642786,0.74,3.41256146365,0.19747500534920182,0.5575,0.491376546633,0.018935928881979494,0.9405031688112151,1.14482316044,0.9553548642030543,0.6875,0.262403029394,0.00663518880659606,0.7629629629629631,1.95319182751,0.0746251156119897
8,658,0.63,1.0293682368,0.031277092065627995,0.54,0.00301566976233,3.924814384696284e-05,0.5775,0.00869468604952,0.00012760426097626492,0.59,0.101647749535,0.002399506692640312,0.47750000000000004,0.0582118018907,0.0016727570472552498,0.656270405223737,0.747791966704,0.2219494070409805,0.665,0.113770197491,0.0025991414646724122,0.65679012345679,0.0799446401829,0.0018366198142047358
8,659,0.62,0.771467108471,0.022319296829172264,0.5925,0.0837935734796,0.0014063926920425266,0.6125,0.0667601887262,0.0011552231624000924,0.645,0.614535190439,0.01883426892970986,0.47750000000000004,0.0582118018907,0.0016727570472552498,0.531745726906087,0.522276497479,0.15395650626790228,0.65,0.0615221748413,0.0013194615175357578,0.622222222222222,0.0181736870021,0.0003712058983882458
8,716,0.8025,4.41784615235,0.7408317608713122,0.715,4.74068216448,0.2047993081727281,0.7225,3.36457745752,0.12144249634362053,0.8325,5.70099633188,0.61868579225643,0.645,2.11649401717,0.12357019425125339,0.7945073938928361,3.81649997256,0.5178812856374383,0.735,1.09152497724,0.035307681787529105,0.819259259259259,4.39918467785,0.2531879506495248
8,767,0.7325,5.4924825295,0.3632608981003239,0.6625,1.57951136795,0.041897543318834135,0.6950000000000001,1.78851723741,0.051553431558398324,0.7000000000000001,2.05360348061,0.08769606103793973,0.5975,1.06964398406,0.049140626432172506,0.7599385442673321,3.03529576041,0.3981425857783333,0.8725,5.40097954266,0.5373644035277207,0.9007407407407401,4.84268399785,0.6708661944742395
8,839,0.735,5.55217564932,0.377068225821543,0.7875000000000001,5.52483305663,0.6210617521891665,0.8150000000000001,5.88662932673,0.6271713509489604,0.845,5.77240899305,0.6907141245553277,0.7275,3.87124831995,0.37784960970564546,0.782024198194737,3.58934598018,0.47157608234343,0.925,3.87386172223,0.7888399489494917,1.0,1.12295425842,0.9597290031751731
8,858,0.5675,0.124022772708,0.002973683469204554,0.635,0.610588236329,0.013252814967434143,0.61,0.0584574651936,0.000998905160302021,0.65,0.702779391614,0.022123966091847042,0.5525,0.439920170623,0.01660947712270775,0.7714614941425001,3.34338272709,0.43492477237137184,0.6475000000000001,0.0552816143535,0.0011735801953559313,0.631604938271604,0.0277212099447,0.0005836338063645895
8,864,0.75,5.75046576545,0.462189405117015,0.6375000000000001,0.672939611153,0.014856252035771905,0.6900000000000001,1.55579419588,0.04320087201091861,0.71,2.39970383057,0.10995381984119891,0.5625,0.547210455399,0.021530539606975454,0.8713654695602071,3.16640957759,0.8085335874986733,0.919999999999999,4.08435793812,0.7689417389905713,0.899753086419753,4.87254959529,0.6660684942286005
8,922,0.4525,0.000770529067631,1.5744493504885056e-05,0.595,0.0958354005823,0.001630632939830081,0.605,0.0445578007908,0.0007427699168894473,0.5750000000000001,0.056141669872,0.0012454464310397901,0.454999999999999,0.027754963949,0.0007427878815081952,0.9174188592279621,1.75833672167,0.9221058931356896,0.6825,0.219888526495,0.005432077730976185,0.5837037037037031,0.00275676799088,5.022062700654658e-05
8,930,0.7125,4.78440289562,0.25986612377270873,0.75,6.05153509701,0.3984840313176756,0.78,6.21792976779,0.4100032514909908,0.7925000000000001,4.65098996686,0.4112726682449314,0.685,3.0982061647,0.22810137900584695,0.56024582293067,0.508404235732,0.16864304193073767,0.885,5.22122231301,0.6039059567126661,0.750123456790123,1.48759554624,0.05261257488998242
