left,boolean,ranking,id,score,mealScore,roomScore,kinnennScore,locationScore,serviceScore,distanceScore,equipmentScore,bathScore
left,0,0,130043,0.478765349796,0.805,0.9,1,0.865,0.765,0.942716049383,0.83,0.695
left,0,1,68688,0.361603318101,0.79,0.8025,1,0.8075,0.78,0.883456790123,0.685,0.62
left,0,2,67160,0.356974758655,0.68,0.85,1,0.8625,0.775,0.88,0.815,0.76
left,0,3,610,0.347505385661,0.8225,0.7825,1,0.9175,0.725,0.89975308642,0.6875,0.615
left,0,4,27972,0.204889707563,0.6675,0.7775,1,0.8275,0.7525,0.77975308642,0.7025,0.6675
left,0,5,1799,0.159796921719,0.825,0.885,1,0.8,0.81,0.761481481481,0.84,0.85
left,0,6,79388,0.140542096971,0.7925,0.75,1,0.725,0.77,0.806913580247,0.7325,0.715
left,0,7,69217,0.125913823446,0.7675,0.74,1,0.72,0.7675,0.912592592593,0.7,0.6425
left,0,8,56758,0.0435053756862,0.8125,0.8225,1,0.68,0.77,0.782716049383,0.7725,0.745
left,0,9,28024,0.041602452066,0.9175,0.85,0,1.0,1.0,0.856296296296,0.9,1.0
left,0,10,388,0.0307757254066,0.7825,0.7675,0,0.915,0.7675,0.851358024691,0.7575,0.675
left,0,11,4778,0.0208000850847,0.7875,0.775,0,0.94,0.6875,0.941234567901,0.7125,0.6575
left,3,12,136288,0.0190577216228,0.7425,0.8125,0,0.8275,0.7925,0.936790123457,0.7375,0.6225
left,3,13,79262,0.0169517124011,0.66,0.815,0,0.84,0.7575,0.897283950617,0.7275,0.8275
left,3,14,140984,0.014440728016,0.645,0.7625,0,0.8925,0.7425,0.916049382716,0.755,0.6925
left,0,15,1357,0.0142247264242,0.76,0.8075,1,0.835,0.8025,0.608395061728,0.78,0.72
left,3,16,9518,0.0100964813136,0.75,0.725,0,0.85,0.7,0.919012345679,0.625,0.675
left,3,17,147193,0.000961831203834,0.75,0.7825,0,0.75,0.7975,0.643950617284,0.7825,0.85
left,3,18,41708,0.000884003618434,0.6775,0.735,0,0.665,0.6725,0.64987654321,0.645,0.51
left,2,19,15878,0.315579734633,0.6925,0.7025,1,0.8,0.75,0.86962962963,0.6975,0.65
left,2,20,767,0.297290649687,0.7325,0.7,1,0.8725,0.695,0.900740740741,0.6625,0.5975
left,2,21,38608,0.219893209742,0.75,0.67,1,0.7875,0.7275,0.802469135802,0.74,0.765
left,2,22,996,0.125057918882,0.625,0.6375,1,0.725,0.65,0.839012345679,0.6,0.5325
left,2,23,819,0.0867202980028,0.725,0.7025,1,0.83,0.7225,0.721481481481,0.7075,0.7775
left,2,24,509,0.0863590496793,0.8225,0.695,1,0.92,0.695,0.912592592593,0.6375,0.5125
left,2,25,1186,0.0323716982904,0.575,0.6625,1,0.67,0.7225,0.712592592593,0.6175,0.65
left,1,26,129907,0.0179087096077,0.6075,0.63,1,0.65,0.65,0.725432098765,0.65,0.54
left,1,27,858,0.0165713968649,0.5675,0.65,1,0.6475,0.61,0.631604938272,0.635,0.5525
left,1,28,17743,0.0131947803912,0.5,0.6825,1,0.785,0.665,0.875555555556,0.6725,0.6625
left,1,29,104598,0.0131796136336,0.5,0.645,1,0.67,0.685,0.854320987654,0.5825,0.515
left,1,30,658,0.012289928378,0.63,0.59,1,0.665,0.5775,0.656790123457,0.54,0.4775
left,1,31,39247,0.011429040806,0.5175,0.5525,1,0.8475,0.575,0.903703703704,0.65,0.595
left,1,32,29764,0.00804876014733,0.6,0.7225,0,0.775,0.7425,0.82962962963,0.68,0.5875
left,1,33,29183,0.00604867094323,0.5825,0.6475,0,0.8225,0.69,0.84,0.635,0.5825
left,1,34,7588,0.0049209939777,0.6025,0.6175,0,0.815,0.695,0.958024691358,0.6725,0.845
left,1,35,129429,0.00296287494136,0.76,0.5875,0,0.7925,0.68,0.817283950617,0.5775,0.54
left,1,36,28484,0.00203660530029,0.605,0.5675,0,0.86,0.6375,0.935802469136,0.625,0.61
left,1,37,16373,0.00171970187151,0.6675,0.65,0,0.7,0.6925,0.664197530864,0.6925,0.5975
left,1,38,32060,0.00142895989953,0.75,0.55,0,1.0,0.65,0.947654320988,0.65,0.5625
left,1,39,134922,0.00135864863733,0.4375,0.725,1,0.79,0.6775,0.679012345679,0.6925,0.635
left,1,40,108411,0.0013187242322,0.515,0.6575,0,0.875,0.67,0.93037037037,0.6175,0.7075
left,1,41,1511,0.00113578665709,0.6075,0.54,0,0.87,0.6125,0.724444444444,0.52,0.5925
left,1,42,145335,0.000972701446927,0.5225,0.55,1,0.8,0.5,0.797530864198,0.5425,0.5875
left,1,43,108341,0.000732079396667,0.595,0.52,0,0.8075,0.595,0.951604938272,0.5825,0.52
left,1,44,18312,0.000541693204434,1.0,0.5275,0,0.9025,0.6525,0.789135802469,0.4825,0.4825
left,1,45,995,0.000507488809018,0.7875,0.5325,0,0.65,0.5775,0.766419753086,0.51,0.52
left,1,46,25302,0.000492824379255,0.5,0.5625,1,0.725,0.5125,0.925925925926,0.4875,0.39
left,1,47,129987,0.000199798267281,0.5,0.6875,1,0.5625,0.6575,0.686913580247,0.6575,0.6575
left,1,48,28570,0.000173331461772,0.7225,0.475,1,0.6375,0.4625,0.721481481481,0.5,0.4325
left,1,49,922,7.06384985429e-05,0.4525,0.575,0,0.6825,0.605,0.583703703704,0.595,0.455
left,1,50,20639,1.59495646503e-05,0.5825,0.415,0,0.81,0.5275,0.972345679012,0.4425,0.3375
left,1,51,18311,8.02218087836e-06,0.75,0.42,0,0.83,0.58,0.838024691358,0.3825,0.4175
left,1,52,1997,1.12592072037e-06,0.7775,0.685,0,0.67,0.69,0.493827160494,0.6625,0.59
left,1,53,76409,6.32765952357e-09,0.25,0.5325,1,0.7175,0.5775,0.885432098765,0.51,0.52
left,1,54,146557,1.4399190494e-39,-0.25,0.73,1,0.74,0.6825,0.90024691358,0.72,0.57
left,1,55,10672,1.43991895406e-39,-0.25,0.6425,1,0.9275,0.6075,0.723950617284,0.535,0.5
left,1,56,29338,8.0086563592e-40,-0.25,0.69,0,0.615,0.7,0.602962962963,0.6525,0.62
left,1,57,40956,4.66534919846e-40,-0.25,0.72,0,0.595,0.7825,0.647407407407,0.625,0.6575
left,1,58,41042,5.62258457046e-41,-0.25,0.445,0,0.8325,0.5425,0.820740740741,0.3475,0.515
left,1,59,18763,2.5479518509e-44,-0.25,0.2925,0,0.9575,0.5825,0.955555555556,0.2925,0.5
left,1,60,130586,1.52007846737e-53,-0.25,0.285,1,0.4275,0.3575,0.741728395062,0.2075,0.25
